-26.48724,-18.208485,seed0000.png
34.507862,12.541747,seed0001.png
-0.43259272,22.271858,seed0002.png
3.660979,20.22598,seed0003.png
-13.335416,-20.136578,seed0004.png
-17.4389,-15.246555,seed0005.png
16.027641,-32.009262,seed0006.png
-11.273326,-24.024815,seed0007.png
38.12505,11.385081,seed0008.png
-21.746046,-16.383024,seed0009.png
-26.58395,-10.520709,seed0010.png
36.0736,14.8034525,seed0011.png
20.997486,18.429258,seed0012.png
24.366081,21.082617,seed0013.png
24.594208,7.5325465,seed0014.png
21.286503,10.70591,seed0015.png
14.882778,-36.296165,seed0016.png
-9.92704,11.910976,seed0017.png
-18.979351,9.835304,seed0018.png
-2.6879432,-13.078705,seed0019.png
29.554562,9.397678,seed0020.png
-15.348145,-10.462129,seed0021.png
-27.526876,19.030289,seed0022.png
33.94432,13.946016,seed0023.png
15.465866,-2.405721,seed0024.png
18.790203,22.811628,seed0025.png
-34.113518,-4.767385,seed0026.png
-20.875494,-20.080124,seed0027.png
-21.907124,16.860996,seed0028.png
8.771182,-20.974653,seed0029.png
28.205067,4.662402,seed0030.png
8.422204,10.302455,seed0031.png
-14.223487,-21.863424,seed0032.png
21.886902,17.834648,seed0033.png
-19.509914,-18.502777,seed0034.png
-33.232983,20.27018,seed0035.png
26.292109,19.345427,seed0036.png
13.663251,-23.488043,seed0037.png
-32.970337,26.008404,seed0038.png
20.831394,-1.5790567,seed0039.png
1.9310504,23.719692,seed0040.png
8.438489,0.010707393,seed0041.png
-1.3275827,-10.843689,seed0042.png
3.1966474,-28.265978,seed0043.png
15.5572815,-33.029907,seed0044.png
-15.172191,-0.32365307,seed0045.png
-21.430185,-23.202936,seed0046.png
-20.384722,-21.902317,seed0047.png
20.42888,-0.62487626,seed0048.png
23.297907,20.18724,seed0049.png
36.336624,26.590424,seed0050.png
33.40511,8.962416,seed0051.png
5.0886593,-1.4556915,seed0052.png
-9.457917,-26.412315,seed0053.png
-14.530005,-30.868687,seed0054.png
34.03458,26.799587,seed0055.png
-32.801636,26.5375,seed0056.png
18.962189,-12.33521,seed0057.png
3.7533836,-31.038815,seed0058.png
-29.522957,9.018107,seed0059.png
-10.876438,-17.456427,seed0060.png
-19.673433,-0.9246861,seed0061.png
-26.648693,-18.32684,seed0062.png
17.339325,-7.731308,seed0063.png
14.1717,13.820652,seed0064.png
29.810432,26.3422,seed0065.png
10.556742,2.1919048,seed0066.png
1.3236516,12.11499,seed0067.png
39.70831,23.736168,seed0068.png
36.631794,13.978577,seed0069.png
41.184258,20.340115,seed0070.png
28.295673,19.17881,seed0071.png
5.606406,-26.295485,seed0072.png
15.681869,19.784557,seed0073.png
1.0264236,0.30302063,seed0074.png
11.192855,27.83298,seed0075.png
14.604368,-2.6983197,seed0076.png
-33.607708,0.59427357,seed0077.png
2.566307,7.507212,seed0078.png
36.274345,18.270424,seed0079.png
-30.21063,3.8558102,seed0080.png
3.887509,9.522871,seed0081.png
-24.570814,-3.022829,seed0082.png
-22.049192,-3.7780979,seed0083.png
-20.857624,-23.571886,seed0084.png
-6.110327,-18.89741,seed0085.png
-32.656475,23.553082,seed0086.png
7.160384,-37.42648,seed0087.png
21.49981,7.30167,seed0088.png
18.784874,25.907995,seed0089.png
-0.337742,24.444414,seed0090.png
11.93556,20.26011,seed0091.png
-35.691692,25.698076,seed0092.png
16.856808,27.174726,seed0093.png
-34.162106,-6.2978477,seed0094.png
-12.923671,-15.98273,seed0095.png
29.749441,-1.2885526,seed0096.png
-12.082709,-30.486351,seed0097.png
-27.920132,-9.195771,seed0098.png
5.843101,-35.028282,seed0099.png
-24.231703,13.04695,seed0100.png
-15.923109,-29.82292,seed0101.png
-19.327482,7.7484426,seed0102.png
-25.221628,-9.213331,seed0103.png
-7.5191126,-7.079271,seed0104.png
7.6959405,-27.631165,seed0105.png
-36.388214,16.17678,seed0106.png
-8.956204,-23.162659,seed0107.png
-21.473581,-22.680582,seed0108.png
-17.001942,-29.526953,seed0109.png
-30.629873,6.315409,seed0110.png
40.38218,13.235479,seed0111.png
32.92376,20.79868,seed0112.png
10.557626,-41.073902,seed0113.png
-21.934488,-1.6206422,seed0114.png
-23.042133,13.075625,seed0115.png
9.160725,23.346338,seed0116.png
27.72801,11.331106,seed0117.png
-19.977417,5.5947485,seed0118.png
-30.108208,5.2350736,seed0119.png
-14.486293,-11.695933,seed0120.png
-22.344002,-16.938322,seed0121.png
25.739449,12.10181,seed0122.png
7.526832,5.38163,seed0123.png
33.617367,16.771118,seed0124.png
-8.419542,0.6845097,seed0125.png
21.916697,12.989978,seed0126.png
-1.6524752,21.527433,seed0127.png
14.904512,-39.661522,seed0128.png
4.089508,0.5810425,seed0129.png
27.218714,27.647635,seed0130.png
5.6917987,-26.696407,seed0131.png
24.575445,22.761414,seed0132.png
-32.115643,14.3221855,seed0133.png
7.654682,8.602952,seed0134.png
36.950497,5.11879,seed0135.png
24.532951,7.2293196,seed0136.png
2.1728888,18.572716,seed0137.png
-19.984293,7.677439,seed0138.png
16.003553,8.665226,seed0139.png
14.589766,-9.11379,seed0140.png
32.85868,4.8498645,seed0141.png
-28.64863,7.7050223,seed0142.png
23.046974,-2.767639,seed0143.png
8.345372,10.338241,seed0144.png
-8.737363,-12.916447,seed0145.png
34.850357,23.95651,seed0146.png
-4.593952,22.506582,seed0147.png
-24.501537,-2.7534647,seed0148.png
15.375546,26.992414,seed0149.png
-34.386074,-7.529374,seed0150.png
-0.8730798,23.391804,seed0151.png
39.02424,23.63643,seed0152.png
17.258509,-1.8234016,seed0153.png
31.986122,16.967308,seed0154.png
-0.527741,25.034243,seed0155.png
-19.196754,-16.402,seed0156.png
-25.013971,16.397812,seed0157.png
22.835005,27.193466,seed0158.png
10.463907,7.616025,seed0159.png
26.005245,2.3660905,seed0160.png
0.3697939,10.95189,seed0161.png
-33.26842,26.806204,seed0162.png
13.278295,-36.71679,seed0163.png
-2.5388963,-17.439152,seed0164.png
-33.1633,-6.037386,seed0165.png
-6.7000475,-3.352894,seed0166.png
14.682379,0.89782625,seed0167.png
38.583904,10.1418085,seed0168.png
6.601489,-24.921064,seed0169.png
-28.919554,0.76015675,seed0170.png
-23.650145,15.038604,seed0171.png
-23.401297,15.456747,seed0172.png
-31.488216,9.832931,seed0173.png
32.23459,14.487056,seed0174.png
6.7883377,-6.653444,seed0175.png
0.5223014,-12.556499,seed0176.png
11.083502,1.1549954,seed0177.png
-24.784355,-2.009461,seed0178.png
37.146603,8.189056,seed0179.png
0.6155662,13.084915,seed0180.png
-32.607212,2.1693516,seed0181.png
6.0225616,-31.446299,seed0182.png
15.809258,8.019428,seed0183.png
-32.78259,16.840666,seed0184.png
11.910208,12.7059555,seed0185.png
32.373688,17.265936,seed0186.png
-13.336877,-4.969474,seed0187.png
11.774189,9.523942,seed0188.png
9.105676,6.0788894,seed0189.png
-29.28923,16.473753,seed0190.png
36.437477,19.361095,seed0191.png
-28.045685,20.372946,seed0192.png
5.6218567,15.602661,seed0193.png
16.15708,16.62816,seed0194.png
-31.44814,-10.58518,seed0195.png
-35.56958,9.063135,seed0196.png
-2.226579,-4.6502423,seed0197.png
-28.003204,17.741318,seed0198.png
-28.362597,6.4637837,seed0199.png
0.6122423,12.021481,seed0200.png
-32.425316,22.819532,seed0201.png
-32.54926,-7.8287354,seed0202.png
-32.271812,24.294096,seed0203.png
28.902637,8.3781395,seed0204.png
-18.004017,-15.700049,seed0205.png
0.22939913,-24.642462,seed0206.png
15.277323,-33.604942,seed0207.png
11.224389,-36.098015,seed0208.png
20.78848,27.398169,seed0209.png
-17.192152,-27.66503,seed0210.png
33.970123,4.632522,seed0211.png
0.2488611,-1.8912613,seed0212.png
27.097773,17.980015,seed0213.png
15.620857,9.039826,seed0214.png
-29.705194,-6.1269355,seed0215.png
10.229621,2.3067265,seed0216.png
11.333668,-37.359455,seed0217.png
-17.076971,-17.823921,seed0218.png
37.91628,11.273033,seed0219.png
16.518597,17.068436,seed0220.png
5.181267,-27.17122,seed0221.png
-28.740343,6.9012675,seed0222.png
10.000363,-38.563446,seed0223.png
6.8351874,9.618732,seed0224.png
-31.31238,20.70435,seed0225.png
-5.0300612,-7.8940463,seed0226.png
-11.014458,-7.3956165,seed0227.png
10.767222,-5.615492,seed0228.png
-22.549608,-12.046126,seed0229.png
33.328823,10.465835,seed0230.png
27.066652,-3.4713693,seed0231.png
21.83612,1.8094155,seed0232.png
-26.134977,-9.719185,seed0233.png
14.858344,18.900774,seed0234.png
-22.541397,4.333108,seed0235.png
-18.908926,-16.12645,seed0236.png
-15.846593,-26.454071,seed0237.png
19.53357,-4.9854856,seed0238.png
18.511765,-2.5879884,seed0239.png
32.77271,2.6851544,seed0240.png
-5.769899,-11.796531,seed0241.png
26.723755,20.32776,seed0242.png
-28.68193,-2.0273128,seed0243.png
-0.51204693,-16.764963,seed0244.png
16.530048,7.4771914,seed0245.png
9.072375,5.2310014,seed0246.png
-26.031471,-16.11382,seed0247.png
5.3224483,5.5015545,seed0248.png
-23.469671,-22.801895,seed0249.png
-13.382046,-28.816696,seed0250.png
18.376936,9.171892,seed0251.png
-34.150127,-6.705788,seed0252.png
7.739175,-26.04968,seed0253.png
33.992104,25.580536,seed0254.png
-30.41971,9.392486,seed0255.png
20.420584,26.064444,seed0256.png
0.85202324,16.01034,seed0257.png
-26.147415,3.764692,seed0258.png
-16.361425,-19.44853,seed0259.png
7.84386,4.6483464,seed0260.png
20.102291,-7.7678022,seed0261.png
-18.619871,-10.27191,seed0262.png
-31.455383,25.581577,seed0263.png
9.452754,8.919399,seed0264.png
28.69361,18.959663,seed0265.png
-31.883541,14.030018,seed0266.png
39.813053,22.879938,seed0267.png
9.81327,8.797092,seed0268.png
33.21795,15.20607,seed0269.png
12.64588,13.736855,seed0270.png
19.154259,0.22621152,seed0271.png
2.562046,-33.43878,seed0272.png
-19.582766,-26.977257,seed0273.png
9.8476925,-1.4774075,seed0274.png
-3.2845056,12.41334,seed0275.png
20.025219,-1.237963,seed0276.png
-19.195372,-11.342772,seed0277.png
-2.7523763,12.782455,seed0278.png
-23.974682,2.3219774,seed0279.png
-30.775934,13.660982,seed0280.png
22.57916,16.623796,seed0281.png
24.654676,13.626907,seed0282.png
1.6443036,2.1005561,seed0283.png
6.089125,-38.458282,seed0284.png
-12.539935,-0.26705146,seed0285.png
12.812261,-3.0684733,seed0286.png
-13.122041,-19.33132,seed0287.png
7.4508033,-28.559881,seed0288.png
25.691319,21.153095,seed0289.png
-15.055632,-9.37671,seed0290.png
-27.486214,0.7675514,seed0291.png
-11.214413,-5.427534,seed0292.png
-21.508352,-8.260964,seed0293.png
-10.975133,3.7451465,seed0294.png
6.357756,-4.7965283,seed0295.png
15.511397,7.110774,seed0296.png
-8.990819,-6.6281133,seed0297.png
3.3539548,2.8374853,seed0298.png
-35.372597,27.004707,seed0299.png
32.44902,28.060266,seed0300.png
12.079117,-9.803176,seed0301.png
-5.3827295,-4.287146,seed0302.png
-15.37872,5.6963654,seed0303.png
7.9933076,-31.072123,seed0304.png
-10.980697,-14.347367,seed0305.png
-34.257244,-4.5874734,seed0306.png
-30.730337,11.207345,seed0307.png
15.577229,-35.688766,seed0308.png
-6.043487,-16.79136,seed0309.png
-31.54405,-11.363876,seed0310.png
-16.546988,-32.02975,seed0311.png
-0.69686687,-17.020548,seed0312.png
-3.5457613,-18.693363,seed0313.png
34.167652,10.949378,seed0314.png
38.241234,14.941472,seed0315.png
17.25933,-6.273503,seed0316.png
17.700747,-3.3224654,seed0317.png
-15.398451,-2.0041277,seed0318.png
-17.900742,-26.102444,seed0319.png
-20.797478,0.42641544,seed0320.png
-32.271626,19.082773,seed0321.png
27.829777,26.61526,seed0322.png
34.35822,19.161236,seed0323.png
16.870283,6.157681,seed0324.png
-31.849651,18.945097,seed0325.png
-15.978589,-25.883463,seed0326.png
-32.831787,-7.4609013,seed0327.png
29.645887,12.406711,seed0328.png
-24.897964,-3.7461107,seed0329.png
7.314513,14.176302,seed0330.png
-2.1402547,-16.002308,seed0331.png
35.717113,19.521723,seed0332.png
-35.512787,-4.192616,seed0333.png
6.0857162,-32.129364,seed0334.png
-32.589428,-6.9636397,seed0335.png
-22.982012,5.329414,seed0336.png
-24.30443,5.8184257,seed0337.png
-22.369322,-26.282516,seed0338.png
20.223307,0.29531655,seed0339.png
-5.662416,-1.671983,seed0340.png
37.989517,16.66895,seed0341.png
-36.551792,8.79712,seed0342.png
14.7342825,14.161886,seed0343.png
-7.27195,-17.882092,seed0344.png
-24.692942,12.186132,seed0345.png
33.449966,25.622713,seed0346.png
-2.5567873,18.579176,seed0347.png
20.573925,4.303655,seed0348.png
-12.3927355,-13.6912155,seed0349.png
-17.992168,-16.272728,seed0350.png
3.343726,14.5284605,seed0351.png
0.85711163,-2.7331822,seed0352.png
5.9430614,18.143604,seed0353.png
-30.149458,11.99459,seed0354.png
-18.55922,6.871032,seed0355.png
-25.57178,7.15885,seed0356.png
-25.436274,14.527719,seed0357.png
-12.215974,-12.334152,seed0358.png
-29.8805,-21.086308,seed0359.png
7.2183385,11.104341,seed0360.png
-38.11684,15.173212,seed0361.png
-30.193937,-14.349484,seed0362.png
-17.177551,-29.889923,seed0363.png
33.01041,14.961567,seed0364.png
-12.672837,-26.15483,seed0365.png
22.691221,-1.3351812,seed0366.png
-20.779718,3.509863,seed0367.png
-16.337885,-14.783244,seed0368.png
-23.7159,16.501612,seed0369.png
-29.340397,-8.689824,seed0370.png
-1.9707484,20.702095,seed0371.png
14.360916,23.199152,seed0372.png
4.172346,-28.774752,seed0373.png
39.238525,16.796963,seed0374.png
21.23531,23.396822,seed0375.png
14.095168,-31.970922,seed0376.png
11.557229,3.4704432,seed0377.png
-13.743849,-19.212534,seed0378.png
-13.533806,-22.317884,seed0379.png
-8.539873,-24.917135,seed0380.png
-27.974047,-1.9469697,seed0381.png
-19.218468,-6.962717,seed0382.png
4.314275,-1.3535324,seed0383.png
14.342687,13.246859,seed0384.png
-24.452282,6.6580143,seed0385.png
34.139725,27.03554,seed0386.png
3.9277666,11.389719,seed0387.png
20.186699,-0.7661652,seed0388.png
-21.50338,1.015646,seed0389.png
37.12688,12.273924,seed0390.png
-23.70473,-13.943684,seed0391.png
-19.531427,8.960682,seed0392.png
19.033714,-1.6001188,seed0393.png
-33.605404,16.501411,seed0394.png
-14.107054,-24.39523,seed0395.png
17.02564,16.933167,seed0396.png
6.378639,-23.292196,seed0397.png
-30.71181,-10.964216,seed0398.png
17.392902,-7.273935,seed0399.png
-1.3944117,24.697348,seed0400.png
41.778538,21.508366,seed0401.png
39.73474,10.287033,seed0402.png
28.703442,2.6478963,seed0403.png
23.440477,1.8199904,seed0404.png
-21.584044,11.854105,seed0405.png
5.898658,13.713824,seed0406.png
-23.005657,-4.858299,seed0407.png
10.920758,4.252619,seed0408.png
-19.522282,-13.04181,seed0409.png
-26.176035,15.602715,seed0410.png
37.167225,18.630821,seed0411.png
11.70886,15.668168,seed0412.png
-17.226048,2.150609,seed0413.png
7.2599473,8.226645,seed0414.png
15.425468,20.585123,seed0415.png
15.042088,-2.784422,seed0416.png
-20.23003,14.007849,seed0417.png
5.501099,-23.584196,seed0418.png
-15.22095,6.2576604,seed0419.png
12.705092,-2.5180953,seed0420.png
-21.902906,7.921259,seed0421.png
-2.1391332,-16.047987,seed0422.png
-27.81416,-13.741176,seed0423.png
29.963017,14.905187,seed0424.png
26.170807,-7.8470626,seed0425.png
24.883972,13.562657,seed0426.png
-9.598514,-25.038599,seed0427.png
-14.957256,-20.985857,seed0428.png
-16.207743,-21.032999,seed0429.png
-18.251041,-4.3306403,seed0430.png
22.839607,-2.5982702,seed0431.png
17.089382,13.7687845,seed0432.png
7.7500625,-26.667866,seed0433.png
0.47846663,23.640434,seed0434.png
-21.02319,-16.870382,seed0435.png
26.211031,18.044079,seed0436.png
-1.7937915,-8.149587,seed0437.png
-19.51371,13.142499,seed0438.png
4.3358164,9.849721,seed0439.png
-26.54426,-0.5098625,seed0440.png
-28.052252,11.524591,seed0441.png
-17.042871,-23.539211,seed0442.png
33.088264,26.024708,seed0443.png
-28.11826,15.0313015,seed0444.png
-1.5971979,5.5167,seed0445.png
28.959661,1.0765812,seed0446.png
-11.2204275,-26.581787,seed0447.png
-3.5756533,-12.427809,seed0448.png
-18.220266,-26.741179,seed0449.png
-34.140053,24.36523,seed0450.png
-24.512955,-11.039561,seed0451.png
32.738247,4.1296635,seed0452.png
-16.286766,-4.9199276,seed0453.png
29.84374,12.566882,seed0454.png
11.997365,7.789698,seed0455.png
-33.32327,-1.6311394,seed0456.png
-13.147661,1.4287461,seed0457.png
-25.430971,-22.008171,seed0458.png
-14.198505,-18.04312,seed0459.png
-27.76559,-5.0498633,seed0460.png
8.108182,15.199562,seed0461.png
-17.298903,-23.930502,seed0462.png
-34.54506,20.852283,seed0463.png
-1.6954387,24.625835,seed0464.png
-9.492278,-21.871372,seed0465.png
-23.166727,2.7509558,seed0466.png
14.884857,-9.036355,seed0467.png
-11.832773,-12.298527,seed0468.png
-20.85134,-2.0081322,seed0469.png
16.229916,22.19772,seed0470.png
13.901127,-21.701633,seed0471.png
-2.6903996,6.405587,seed0472.png
24.8422,10.268531,seed0473.png
-28.581291,0.9547756,seed0474.png
-20.390717,-8.292129,seed0475.png
-18.090385,-5.3113694,seed0476.png
-15.17104,-32.022217,seed0477.png
-14.387552,-18.362125,seed0478.png
-27.699924,9.9709425,seed0479.png
12.608154,5.2439704,seed0480.png
-34.213627,-5.693023,seed0481.png
-29.102406,9.58317,seed0482.png
-22.56121,11.84076,seed0483.png
-31.759212,1.5283197,seed0484.png
5.4558144,-37.07029,seed0485.png
3.4576218,-28.810446,seed0486.png
-2.3624384,-13.734594,seed0487.png
-26.882559,-0.6707099,seed0488.png
-21.605375,18.597837,seed0489.png
8.820826,-37.937523,seed0490.png
9.128935,29.68868,seed0491.png
-16.518267,-28.045116,seed0492.png
12.660701,-34.439457,seed0493.png
0.47174725,-16.581757,seed0494.png
13.781098,25.285156,seed0495.png
18.854614,-2.0774379,seed0496.png
-17.78627,-13.010739,seed0497.png
-28.227425,-6.4503474,seed0498.png
-28.585997,7.7098684,seed0499.png
21.622444,1.8946346,seed0500.png
-1.4520671,-16.717518,seed0501.png
-7.5365343,-13.614871,seed0502.png
11.502398,-0.54775417,seed0503.png
-6.2388015,-4.8431067,seed0504.png
18.396158,19.231672,seed0505.png
25.960102,-1.3819475,seed0506.png
28.930714,1.0972432,seed0507.png
-14.899424,-2.4973357,seed0508.png
37.74831,12.632826,seed0509.png
13.170952,0.9285122,seed0510.png
21.368294,-7.942968,seed0511.png
22.105503,21.211544,seed0512.png
-35.500538,22.137291,seed0513.png
-19.79008,8.4753475,seed0514.png
17.334438,-6.6109214,seed0515.png
-8.483959,10.630265,seed0516.png
-14.266546,-22.249456,seed0517.png
23.747814,14.556807,seed0518.png
-29.296116,-19.41911,seed0519.png
-13.716704,-27.485216,seed0520.png
-18.184208,-6.559862,seed0521.png
-23.69704,-6.2289405,seed0522.png
-2.435984,11.160033,seed0523.png
-15.83373,-19.162855,seed0524.png
-22.986816,-9.96305,seed0525.png
-19.28118,-30.191198,seed0526.png
-26.98247,-14.896574,seed0527.png
7.3922153,9.444056,seed0528.png
10.356906,-30.139183,seed0529.png
21.635216,6.9410763,seed0530.png
17.0119,18.977362,seed0531.png
-25.270653,-17.310398,seed0532.png
-21.511787,19.92029,seed0533.png
-27.588816,-4.9539695,seed0534.png
-29.516047,2.5477016,seed0535.png
-24.98556,18.015867,seed0536.png
14.491674,2.0715897,seed0537.png
-27.182262,9.682748,seed0538.png
-34.947933,-3.609204,seed0539.png
-21.940367,-10.059322,seed0540.png
-12.209684,-15.78343,seed0541.png
-18.852745,-8.0967045,seed0542.png
-31.098953,-6.7758827,seed0543.png
-7.470416,-16.72959,seed0544.png
37.98184,22.423136,seed0545.png
30.407194,12.713731,seed0546.png
-29.01774,0.6011139,seed0547.png
17.404036,28.18183,seed0548.png
-33.182117,12.8761835,seed0549.png
10.777026,-33.176025,seed0550.png
38.063885,22.713715,seed0551.png
-4.0522504,-10.745986,seed0552.png
-27.007456,14.589512,seed0553.png
13.238027,8.306516,seed0554.png
-25.367384,-13.387976,seed0555.png
-28.726297,20.033178,seed0556.png
-16.249872,1.250118,seed0557.png
-6.4019675,-27.661434,seed0558.png
1.44047,24.566298,seed0559.png
5.287043,2.0915873,seed0560.png
-3.7531843,7.172691,seed0561.png
22.538641,24.119125,seed0562.png
-34.27885,5.4217563,seed0563.png
28.965908,14.262506,seed0564.png
-37.148952,5.7896476,seed0565.png
3.2799952,-5.356091,seed0566.png
-9.167212,-5.2205625,seed0567.png
35.29691,21.287159,seed0568.png
7.8977666,-9.791111,seed0569.png
-6.8010025,-14.165283,seed0570.png
-9.804825,-4.8882775,seed0571.png
16.310823,-33.89588,seed0572.png
24.776197,5.4334307,seed0573.png
6.143162,-5.35846,seed0574.png
-20.1438,-20.171867,seed0575.png
-11.702478,1.475962,seed0576.png
-25.223642,6.900487,seed0577.png
-18.314163,-20.425478,seed0578.png
25.96175,11.171011,seed0579.png
-33.722195,1.9454898,seed0580.png
-28.478292,-16.060844,seed0581.png
-12.987553,-10.874684,seed0582.png
6.022674,5.033923,seed0583.png
12.047528,-31.49131,seed0584.png
-8.811233,-23.256306,seed0585.png
14.893417,27.02575,seed0586.png
-15.553439,-12.5386715,seed0587.png
-20.49147,0.96007985,seed0588.png
-0.9904292,22.225622,seed0589.png
34.865196,17.536703,seed0590.png
41.969788,21.913233,seed0591.png
13.297592,-11.530565,seed0592.png
17.558674,13.534991,seed0593.png
34.71683,21.40638,seed0594.png
25.737288,-1.6394044,seed0595.png
-9.007764,-4.2529616,seed0596.png
-0.8247087,-14.354175,seed0597.png
-24.60559,9.630656,seed0598.png
3.967789,6.0269027,seed0599.png
-24.54803,11.5920105,seed0600.png
-0.352896,13.731191,seed0601.png
-24.502579,-4.7474575,seed0602.png
-15.806494,-15.671434,seed0603.png
-7.920255,5.608556,seed0604.png
9.870852,19.83609,seed0605.png
-16.1219,-0.7467048,seed0606.png
40.060745,19.36741,seed0607.png
18.336246,23.672,seed0608.png
14.312016,18.911562,seed0609.png
-7.5133862,-25.710821,seed0610.png
15.124152,-4.75913,seed0611.png
7.912916,-0.027643545,seed0612.png
10.764951,6.9038363,seed0613.png
-27.479755,18.602983,seed0614.png
10.829807,-9.515378,seed0615.png
-29.11063,0.66490227,seed0616.png
-12.777344,-14.536919,seed0617.png
-30.396292,18.033041,seed0618.png
16.224058,-37.51973,seed0619.png
30.277151,5.4458117,seed0620.png
-19.751717,-6.2947745,seed0621.png
14.592008,-31.426407,seed0622.png
36.988987,14.507716,seed0623.png
-17.88417,5.074403,seed0624.png
-12.894155,2.8200195,seed0625.png
10.943586,-41.677345,seed0626.png
-25.035324,5.0675673,seed0627.png
24.905642,-5.628873,seed0628.png
-14.2920265,-5.877728,seed0629.png
-17.8878,-27.449558,seed0630.png
10.858669,11.200477,seed0631.png
-16.120197,-30.404558,seed0632.png
-10.515028,-7.391501,seed0633.png
21.736557,11.859103,seed0634.png
5.695612,-41.728912,seed0635.png
3.5438647,-7.137984,seed0636.png
-20.88435,-23.742374,seed0637.png
12.715188,-41.64939,seed0638.png
16.602486,6.2361135,seed0639.png
26.453955,-7.3578196,seed0640.png
-19.15161,-5.665503,seed0641.png
5.251711,-27.00483,seed0642.png
-22.556906,-0.7600542,seed0643.png
3.0796936,-0.33829767,seed0644.png
7.771593,-28.509638,seed0645.png
1.2894028,2.4463027,seed0646.png
9.661514,-38.25324,seed0647.png
-26.894789,7.5871887,seed0648.png
24.571312,17.269001,seed0649.png
2.6430752,-29.244047,seed0650.png
12.683624,18.986113,seed0651.png
19.598759,12.212386,seed0652.png
25.389576,3.9343257,seed0653.png
4.014949,24.470165,seed0654.png
-13.560211,-2.8599346,seed0655.png
7.250024,-37.21252,seed0656.png
-7.8780904,-17.800077,seed0657.png
3.743378,14.765178,seed0658.png
6.643438,-31.662416,seed0659.png
15.783146,-0.36431044,seed0660.png
-22.315775,-9.820183,seed0661.png
8.33744,-31.497135,seed0662.png
28.408108,9.385742,seed0663.png
38.149857,17.414787,seed0664.png
-30.52724,-9.85676,seed0665.png
22.74039,20.373484,seed0666.png
-17.185995,-26.848288,seed0667.png
24.21545,16.167757,seed0668.png
3.9352422,20.6473,seed0669.png
-1.92418,-12.627515,seed0670.png
-31.238367,-7.650577,seed0671.png
-17.925413,-17.465042,seed0672.png
20.943396,22.597286,seed0673.png
-19.191183,-10.755801,seed0674.png
-6.1716127,12.914146,seed0675.png
-26.410961,-10.172451,seed0676.png
28.677773,4.6576614,seed0677.png
-35.550808,-5.366789,seed0678.png
-18.600328,-9.720913,seed0679.png
-25.200317,5.2487555,seed0680.png
-14.140157,-9.142531,seed0681.png
36.232914,22.054789,seed0682.png
26.19712,1.9614483,seed0683.png
-0.07272101,22.928833,seed0684.png
-26.643845,15.731979,seed0685.png
36.87323,19.752466,seed0686.png
-10.074598,-9.151303,seed0687.png
-9.351465,-23.93593,seed0688.png
-28.089146,15.3887615,seed0689.png
6.1385117,9.533077,seed0690.png
15.577656,1.9882032,seed0691.png
-30.182886,-11.908689,seed0692.png
-8.7212,-20.247444,seed0693.png
15.090102,-1.7650297,seed0694.png
-10.672974,-14.453877,seed0695.png
-27.1945,-2.5094733,seed0696.png
9.493828,-34.12635,seed0697.png
-16.02457,-17.55048,seed0698.png
23.434175,9.645187,seed0699.png
3.921923,18.56935,seed0700.png
-16.670294,-28.666765,seed0701.png
-23.603754,-9.691156,seed0702.png
0.41105485,21.104412,seed0703.png
-8.709441,-13.185644,seed0704.png
-23.597515,-24.220089,seed0705.png
12.331719,-42.597836,seed0706.png
27.000204,14.580602,seed0707.png
15.192779,26.437056,seed0708.png
6.5401516,24.915276,seed0709.png
38.243763,24.920275,seed0710.png
3.1408052,14.528482,seed0711.png
16.072012,26.012197,seed0712.png
-18.217745,-23.955183,seed0713.png
10.037253,21.424974,seed0714.png
-26.04196,-10.564466,seed0715.png
40.13707,17.111208,seed0716.png
5.414666,-26.52214,seed0717.png
35.42225,18.214394,seed0718.png
2.6964567,-14.728375,seed0719.png
-31.027235,9.489615,seed0720.png
-20.738436,-2.7747118,seed0721.png
-20.751823,-10.091509,seed0722.png
-22.360708,16.128626,seed0723.png
-32.597126,23.725117,seed0724.png
10.514454,25.86535,seed0725.png
-30.378355,-13.0632515,seed0726.png
15.055716,1.3497893,seed0727.png
23.217882,23.244133,seed0728.png
-5.5211244,-16.969728,seed0729.png
8.7319565,21.082531,seed0730.png
14.225174,13.351815,seed0731.png
-13.333858,2.9482718,seed0732.png
20.046726,24.578646,seed0733.png
15.603272,20.752256,seed0734.png
5.26403,-36.8247,seed0735.png
23.369114,10.32126,seed0736.png
-19.250013,-13.6737175,seed0737.png
14.634798,-39.71754,seed0738.png
-35.102455,11.986258,seed0739.png
31.655836,14.710051,seed0740.png
6.5337577,17.636396,seed0741.png
2.396197,-27.787922,seed0742.png
16.888084,9.719308,seed0743.png
16.331898,16.528717,seed0744.png
17.877678,18.965836,seed0745.png
1.8972541,22.034576,seed0746.png
2.4259088,-0.8255796,seed0747.png
14.771488,21.748526,seed0748.png
34.01882,11.453393,seed0749.png
-12.582425,3.5083997,seed0750.png
18.978765,6.5121207,seed0751.png
-3.304636,-21.654953,seed0752.png
-5.275963,-22.0502,seed0753.png
-19.45469,-21.091742,seed0754.png
5.287518,-10.35681,seed0755.png
19.601252,-5.486684,seed0756.png
-15.396733,-32.217678,seed0757.png
-23.001543,-3.1102135,seed0758.png
8.423209,-1.1640743,seed0759.png
-33.520084,23.103537,seed0760.png
-32.672916,7.10515,seed0761.png
-4.6047845,11.990239,seed0762.png
33.883194,12.925437,seed0763.png
39.403088,20.567648,seed0764.png
9.305193,11.15299,seed0765.png
18.846338,14.755895,seed0766.png
7.165209,20.39702,seed0767.png
10.39472,-8.234295,seed0768.png
24.084717,16.445568,seed0769.png
8.07139,12.961651,seed0770.png
8.756145,-39.160725,seed0771.png
-21.55445,-21.532667,seed0772.png
3.0846262,4.2359643,seed0773.png
-13.7936945,-2.3329175,seed0774.png
-6.2118897,-6.8106575,seed0775.png
3.0858757,6.5119634,seed0776.png
38.428467,24.232922,seed0777.png
24.147192,4.4190683,seed0778.png
19.85204,-3.9060848,seed0779.png
33.130978,21.28252,seed0780.png
7.0308642,-21.537792,seed0781.png
-3.9443047,-25.422455,seed0782.png
-15.491898,2.7504148,seed0783.png
-25.849068,-2.6469448,seed0784.png
9.782956,29.894743,seed0785.png
-1.1767061,13.521614,seed0786.png
0.057423357,3.699663,seed0787.png
-24.878933,-16.677107,seed0788.png
-8.286659,-24.58376,seed0789.png
-23.823969,14.412296,seed0790.png
-19.584513,-5.6737103,seed0791.png
40.324425,15.973054,seed0792.png
13.055358,19.080769,seed0793.png
-25.606134,-15.807554,seed0794.png
-11.633105,-19.114122,seed0795.png
-20.803389,-4.08914,seed0796.png
-25.389084,-21.183111,seed0797.png
28.845594,24.375221,seed0798.png
29.965359,28.557877,seed0799.png
-23.375286,6.6796255,seed0800.png
-16.57972,-32.559097,seed0801.png
38.357773,21.052809,seed0802.png
-23.896074,11.2347765,seed0803.png
16.295414,-0.7518442,seed0804.png
12.006551,-43.148415,seed0805.png
0.4685494,3.1115792,seed0806.png
6.424435,1.050145,seed0807.png
-2.516601,-12.572285,seed0808.png
-21.6697,-1.4719139,seed0809.png
14.920259,-3.9209492,seed0810.png
8.855814,5.33098,seed0811.png
16.410738,8.907798,seed0812.png
18.58459,10.9831085,seed0813.png
-8.676223,2.017343,seed0814.png
28.081373,13.229003,seed0815.png
-27.260927,-2.5276213,seed0816.png
-17.324911,-20.219212,seed0817.png
-25.372648,19.887339,seed0818.png
-8.490637,-28.45516,seed0819.png
35.982372,9.0479145,seed0820.png
-25.059061,-4.584104,seed0821.png
10.690351,23.556961,seed0822.png
-5.671922,-17.792303,seed0823.png
12.233031,-36.91679,seed0824.png
-26.984737,6.5710025,seed0825.png
30.720772,7.007107,seed0826.png
13.891978,15.745285,seed0827.png
-11.34344,-20.568241,seed0828.png
-15.332454,-2.5077562,seed0829.png
22.720718,14.202765,seed0830.png
15.222976,-8.69236,seed0831.png
-22.758396,3.5217326,seed0832.png
-20.84307,-9.1519785,seed0833.png
-24.362055,-10.460369,seed0834.png
6.674894,-27.628258,seed0835.png
19.141731,2.4683864,seed0836.png
30.07334,22.87895,seed0837.png
-19.464249,2.242633,seed0838.png
13.928502,24.348131,seed0839.png
32.76622,0.84243125,seed0840.png
-15.744146,-6.216836,seed0841.png
11.238243,-31.412699,seed0842.png
-12.062395,-14.209165,seed0843.png
33.455105,14.830194,seed0844.png
9.878589,-10.561359,seed0845.png
-1.64013,0.874333,seed0846.png
-27.681906,-1.845039,seed0847.png
-12.014155,-21.57287,seed0848.png
-17.456892,-3.459332,seed0849.png
-31.38214,0.8943388,seed0850.png
24.208244,25.352114,seed0851.png
16.983572,-34.001804,seed0852.png
12.796689,8.96777,seed0853.png
3.968209,11.68259,seed0854.png
-28.944807,-3.4024346,seed0855.png
-35.60785,12.088322,seed0856.png
-32.701942,-8.037155,seed0857.png
-19.362755,12.165922,seed0858.png
14.392586,23.383234,seed0859.png
19.810543,13.018468,seed0860.png
5.9909616,8.053692,seed0861.png
0.861203,19.42652,seed0862.png
-15.7997875,-9.281557,seed0863.png
18.922201,22.58121,seed0864.png
9.693836,-33.060753,seed0865.png
4.280012,25.780483,seed0866.png
-13.471813,-15.669082,seed0867.png
-25.699322,-15.150161,seed0868.png
-28.864473,-2.1231995,seed0869.png
-37.54276,13.468593,seed0870.png
4.9156218,10.821771,seed0871.png
-33.815083,17.931538,seed0872.png
23.537752,9.943629,seed0873.png
25.146173,22.613691,seed0874.png
-21.811571,-4.7576146,seed0875.png
7.3219447,-3.4610596,seed0876.png
-23.986197,2.1860783,seed0877.png
7.4120293,-12.268095,seed0878.png
20.168474,26.609879,seed0879.png
-11.903328,-24.600788,seed0880.png
7.6764874,25.063202,seed0881.png
-24.218103,3.8963292,seed0882.png
7.6280637,-29.47298,seed0883.png
28.305838,3.060775,seed0884.png
4.5882154,-30.907568,seed0885.png
-21.130564,-8.464404,seed0886.png
37.824875,20.331776,seed0887.png
24.426008,8.967198,seed0888.png
-33.86734,7.006408,seed0889.png
8.687312,-22.666065,seed0890.png
35.15312,10.226969,seed0891.png
-30.404037,-8.050801,seed0892.png
37.64684,21.3587,seed0893.png
30.019028,23.443571,seed0894.png
30.353516,30.055792,seed0895.png
25.560331,17.859901,seed0896.png
-13.008009,-0.43971226,seed0897.png
-10.663089,-15.373285,seed0898.png
-2.0565684,-16.625273,seed0899.png
11.70219,2.1590123,seed0900.png
-32.12946,26.654203,seed0901.png
-32.15477,18.711527,seed0902.png
20.692883,2.5098703,seed0903.png
-21.253387,-6.397545,seed0904.png
32.273323,29.308731,seed0905.png
15.41231,-6.708895,seed0906.png
11.009469,-41.609417,seed0907.png
12.853589,9.957313,seed0908.png
4.8936143,11.033162,seed0909.png
9.369381,-30.228546,seed0910.png
-26.84743,6.431995,seed0911.png
-24.25744,-16.376022,seed0912.png
12.793107,-29.933186,seed0913.png
31.723024,1.981767,seed0914.png
6.8212614,20.87284,seed0915.png
35.560333,24.867584,seed0916.png
-16.209179,-24.265265,seed0917.png
32.582443,4.694535,seed0918.png
23.501017,18.81537,seed0919.png
5.522888,-28.881348,seed0920.png
-9.990709,-12.783925,seed0921.png
-17.119617,0.9184757,seed0922.png
23.363636,25.157495,seed0923.png
-19.317217,-0.77884394,seed0924.png
-16.520475,-14.809587,seed0925.png
-29.251444,22.456692,seed0926.png
4.306385,11.768348,seed0927.png
-22.78174,9.463787,seed0928.png
15.84696,-31.534903,seed0929.png
-19.225557,12.845403,seed0930.png
11.672902,2.6952667,seed0931.png
-17.359707,-23.500954,seed0932.png
32.196815,13.130111,seed0933.png
-8.116367,9.156823,seed0934.png
8.636947,5.3249354,seed0935.png
-28.431065,-9.675272,seed0936.png
-31.312914,-12.099301,seed0937.png
-15.608304,-29.365915,seed0938.png
-24.578485,14.714208,seed0939.png
19.250721,-6.782599,seed0940.png
1.0026466,-16.925005,seed0941.png
-24.673302,-17.925053,seed0942.png
28.786299,11.749816,seed0943.png
-17.837622,3.392054,seed0944.png
-25.63118,6.81872,seed0945.png
9.390707,-38.583565,seed0946.png
31.471573,4.325303,seed0947.png
7.3652205,19.384857,seed0948.png
-14.799086,-25.687164,seed0949.png
-29.815004,6.531222,seed0950.png
15.408065,-4.7866,seed0951.png
10.104211,-40.7755,seed0952.png
12.736691,6.5499034,seed0953.png
-31.490294,14.647235,seed0954.png
-17.27848,9.542706,seed0955.png
-29.463299,-22.704477,seed0956.png
1.5355211,25.406828,seed0957.png
7.044279,-32.27419,seed0958.png
26.463392,18.291822,seed0959.png
-9.744709,-8.182215,seed0960.png
22.04433,26.375786,seed0961.png
17.726116,-7.277249,seed0962.png
-10.006315,-24.641851,seed0963.png
-19.561157,8.0240345,seed0964.png
-29.514982,16.561949,seed0965.png
-16.401957,-16.093584,seed0966.png
17.417315,-7.771726,seed0967.png
-9.188665,-17.332903,seed0968.png
-7.7617965,0.89592546,seed0969.png
-17.486004,-29.724373,seed0970.png
6.3378835,4.9525657,seed0971.png
-2.7619133,-5.989697,seed0972.png
-17.269548,11.765172,seed0973.png
12.0805,-39.396038,seed0974.png
6.9233828,12.094233,seed0975.png
20.36061,21.398075,seed0976.png
8.299306,-41.66917,seed0977.png
11.341546,23.031942,seed0978.png
-4.4803214,20.508614,seed0979.png
-28.430496,-12.2291565,seed0980.png
-24.568136,-6.7900405,seed0981.png
6.638155,-27.65482,seed0982.png
-21.619225,6.6220794,seed0983.png
9.365515,21.871252,seed0984.png
-26.033457,-9.67986,seed0985.png
11.519839,-4.0350266,seed0986.png
5.9416804,-27.573267,seed0987.png
33.811928,23.056374,seed0988.png
-34.404266,24.024061,seed0989.png
9.7497635,-28.461994,seed0990.png
-1.2468555,-16.713581,seed0991.png
-26.133736,10.403816,seed0992.png
29.360529,27.201052,seed0993.png
-20.209146,-22.063375,seed0994.png
32.68232,17.69226,seed0995.png
-29.521238,-1.9765245,seed0996.png
-36.08717,16.818699,seed0997.png
26.507608,8.977907,seed0998.png
-15.999679,-22.834097,seed0999.png
7.889108,2.5508044,seed1000.png
-12.69903,-25.739374,seed10000.png
15.108068,8.267348,seed100000.png
-4.647666,-9.392518,seed10001.png
18.370129,16.868954,seed10002.png
30.666317,27.671034,seed10003.png
-16.598705,10.627063,seed10004.png
14.645899,-37.155422,seed10005.png
28.458609,6.684662,seed10006.png
-32.71903,21.13948,seed10007.png
21.910072,26.061153,seed10008.png
-11.891386,-26.927584,seed10009.png
35.847603,26.393768,seed1001.png
-34.506664,7.820384,seed10010.png
5.650222,23.361364,seed10011.png
15.471946,-30.17428,seed10012.png
34.391518,0.41507772,seed10013.png
38.830124,14.133941,seed10014.png
-15.067834,-31.506327,seed10015.png
-21.379406,-5.9140835,seed10016.png
15.32781,-6.852741,seed10017.png
21.642431,12.666319,seed10018.png
-28.695269,-17.126669,seed10019.png
-14.799189,-19.453344,seed1002.png
12.981976,-30.39486,seed10020.png
5.463826,-26.66801,seed10021.png
0.40303823,-16.879591,seed10022.png
22.596184,10.598046,seed10023.png
-20.637629,-7.606194,seed10024.png
-21.277142,-10.025388,seed10025.png
-35.787674,8.38139,seed10026.png
25.177055,21.611824,seed10027.png
-4.2029214,-16.59505,seed10028.png
-13.204534,-23.685371,seed10029.png
-20.500618,-14.284241,seed1003.png
8.9309025,-6.84168,seed10030.png
8.262024,-32.443695,seed10031.png
10.749174,13.783211,seed10032.png
24.21485,8.378316,seed10033.png
18.419914,-2.2949195,seed10034.png
28.088877,25.16708,seed10035.png
16.626846,3.2120323,seed10036.png
-4.9495463,-8.459,seed10037.png
20.744314,15.778673,seed10038.png
-6.67005,-12.970168,seed10039.png
-32.163315,13.030174,seed1004.png
-7.575125,14.493633,seed10040.png
9.454558,14.222166,seed10041.png
11.384676,19.569561,seed10042.png
-7.9776773,-19.214676,seed10043.png
33.25351,26.98261,seed10044.png
16.459625,-35.12336,seed10045.png
1.2761303,17.19641,seed10046.png
18.638649,6.040931,seed10047.png
-20.05712,11.765502,seed10048.png
4.3911767,16.432997,seed10049.png
-23.48171,17.085873,seed1005.png
30.403103,9.946847,seed10050.png
14.6311035,-4.5209417,seed10051.png
-29.150522,-16.928299,seed10052.png
-7.646619,-28.793009,seed10053.png
-26.598392,-18.459959,seed10054.png
24.937616,13.14815,seed10055.png
-13.405088,-24.267715,seed10056.png
4.045476,-33.32297,seed10057.png
5.258733,-30.064285,seed10058.png
-13.9044,-16.47333,seed10059.png
14.065346,-35.42983,seed1006.png
-2.8646655,-13.424226,seed10060.png
-13.06663,-29.022974,seed10061.png
-16.913788,-26.233616,seed10062.png
-18.956808,4.6376557,seed10063.png
19.05335,-7.8329196,seed10064.png
33.808723,6.1113505,seed10065.png
14.166783,-31.328588,seed10066.png
5.282248,3.1276474,seed10067.png
-14.437035,-18.911936,seed10068.png
7.8191404,10.683054,seed10069.png
3.5771244,-7.9299703,seed1007.png
-12.468132,-4.862092,seed10070.png
-0.84459233,-14.7557535,seed10071.png
-21.3711,6.5627794,seed10072.png
-14.39059,-27.423147,seed10073.png
-12.359778,-28.889265,seed10074.png
-18.620007,-21.558437,seed10075.png
-27.575256,11.020314,seed10076.png
25.969471,8.250707,seed10077.png
17.33215,20.428547,seed10078.png
23.011911,13.920418,seed10079.png
4.1867824,-13.615873,seed1008.png
-7.4391885,-18.694191,seed10080.png
-16.54757,-13.402521,seed10081.png
10.662249,22.27348,seed10082.png
16.643948,21.23572,seed10083.png
3.3773875,-21.680777,seed10084.png
26.411982,26.13914,seed10085.png
-9.3683815,-0.65073174,seed10086.png
34.47017,2.4319189,seed10087.png
27.755991,12.350812,seed10088.png
-15.7204485,-2.011736,seed10089.png
29.894955,6.1430497,seed1009.png
-2.7596219,1.9738384,seed10090.png
-22.27268,-8.247704,seed10091.png
-28.382874,3.089936,seed10092.png
-9.471526,-10.430836,seed10093.png
38.382664,13.889143,seed10094.png
23.51021,11.160218,seed10095.png
9.258848,-32.487568,seed10096.png
18.893314,5.4113674,seed10097.png
15.558978,10.082913,seed10098.png
-15.242042,9.029826,seed10099.png
-24.076595,15.429564,seed1010.png
-28.936878,-10.083993,seed10100.png
7.896946,-33.781757,seed10101.png
-23.380104,-8.468871,seed10102.png
6.3209734,-26.859022,seed10103.png
18.780376,14.249667,seed10104.png
12.954706,8.82476,seed10105.png
-27.67312,10.887977,seed10106.png
-7.7895503,14.749919,seed10107.png
20.22791,19.418161,seed10108.png
-19.42276,-17.69464,seed10109.png
22.02483,13.428102,seed1011.png
-33.506237,11.996267,seed10110.png
-11.534933,-15.61776,seed10111.png
16.678383,12.958041,seed10112.png
14.432821,-34.28451,seed10113.png
29.792318,10.471937,seed10114.png
-20.674734,9.178617,seed10115.png
-8.033023,-25.982964,seed10116.png
27.971653,28.887768,seed10117.png
8.100778,-4.565266,seed10118.png
-11.927867,3.2475512,seed10119.png
5.704387,-30.877333,seed1012.png
6.27112,-26.706709,seed10120.png
29.740726,29.190847,seed10121.png
-34.74264,25.000872,seed10122.png
5.99125,-27.842392,seed10123.png
13.105178,-34.735107,seed10124.png
4.5908413,7.4312754,seed10125.png
-2.3800764,-12.146207,seed10126.png
-32.912045,10.40526,seed10127.png
-22.279493,10.445716,seed10128.png
-10.519333,-11.446379,seed10129.png
-8.014056,-11.264382,seed1013.png
9.477555,6.084386,seed10130.png
23.40491,1.556711,seed10131.png
-13.280409,-20.216799,seed10132.png
-26.350466,-5.1422906,seed10133.png
-28.059753,13.783334,seed10134.png
-12.026567,-19.420307,seed10135.png
31.306768,2.8277607,seed10136.png
-15.602219,-28.031897,seed10137.png
-28.771935,5.154893,seed10138.png
20.155825,12.588096,seed10139.png
21.393972,-1.1158168,seed1014.png
-20.99276,1.9685661,seed10140.png
20.355816,-0.98913944,seed10141.png
-17.585478,-19.013483,seed10142.png
19.58299,20.599174,seed10143.png
24.075937,11.64544,seed10144.png
8.618863,6.42598,seed10145.png
15.542717,-37.33146,seed10146.png
23.127258,12.267239,seed10147.png
-15.623194,5.887902,seed10148.png
18.19948,7.992172,seed10149.png
-35.083595,15.271926,seed1015.png
21.220337,-1.6441195,seed10150.png
19.695482,23.732437,seed10151.png
28.192568,1.8915324,seed10152.png
15.722525,19.713951,seed10153.png
2.8626065,23.5633,seed10154.png
-21.201519,-5.331072,seed10155.png
2.7912872,-16.128046,seed10156.png
17.683887,15.528431,seed10157.png
20.57843,24.653948,seed10158.png
7.685103,-30.510899,seed10159.png
-24.46379,13.677248,seed1016.png
31.364855,11.171974,seed10160.png
13.582495,19.494059,seed10161.png
22.961842,10.624452,seed10162.png
3.9987624,4.7996025,seed10163.png
7.998745,-38.719223,seed10164.png
-17.047703,-20.043243,seed10165.png
-34.267212,-4.338596,seed10166.png
-12.334162,-13.3662,seed10167.png
2.8031294,21.669985,seed10168.png
13.274664,0.8747378,seed10169.png
-12.72261,-9.572723,seed1017.png
-12.528724,-11.333317,seed10170.png
6.2763667,-3.2791333,seed10171.png
-2.4740288,-12.76848,seed10172.png
-20.459553,-24.829304,seed10173.png
-10.511482,-15.580846,seed10174.png
38.732857,22.613832,seed10175.png
1.1672726,23.073345,seed10176.png
11.282537,-32.80782,seed10177.png
-21.667362,-11.494295,seed10178.png
10.475643,-22.46078,seed10179.png
-35.58993,8.51537,seed1018.png
-15.049255,-28.402044,seed10180.png
21.690456,24.30544,seed10181.png
-9.679896,2.467103,seed10182.png
-32.414574,16.397808,seed10183.png
9.261537,-8.459035,seed10184.png
17.292328,-9.227483,seed10185.png
19.06182,19.1381,seed10186.png
5.6003814,6.762181,seed10187.png
-0.38647825,-7.2368264,seed10188.png
10.468249,-40.255875,seed10189.png
-6.476698,9.683945,seed1019.png
11.84767,-3.2476714,seed10190.png
-6.0005245,0.27895212,seed10191.png
10.533372,11.93172,seed10192.png
1.7631568,-0.90302235,seed10193.png
-29.095182,1.6199324,seed10194.png
20.471176,23.031603,seed10195.png
-20.88186,-7.9507523,seed10196.png
17.052277,-36.903263,seed10197.png
-29.41755,-2.8101141,seed10198.png
17.784863,7.9880714,seed10199.png
15.366972,-37.252094,seed1020.png
-13.138962,-23.146814,seed10200.png
-12.073078,-26.160498,seed10201.png
-14.766361,-1.314919,seed10202.png
16.93861,12.067396,seed10203.png
-14.411932,-8.163665,seed10204.png
12.651133,7.765888,seed10205.png
-17.34962,4.2695765,seed10206.png
18.301939,-1.9250602,seed10207.png
-14.912155,-3.3438241,seed10208.png
12.998215,19.38264,seed10209.png
-20.062246,-28.68115,seed1021.png
-30.559845,18.171331,seed10210.png
17.996017,-7.9778833,seed10211.png
-15.644397,-3.1996763,seed10212.png
36.11253,22.307968,seed10213.png
-25.034353,-15.039957,seed10214.png
-27.933458,-0.35989398,seed10215.png
39.735184,23.156958,seed10216.png
-8.714063,9.982277,seed10217.png
17.28533,20.424877,seed10218.png
22.21212,8.96913,seed10219.png
-28.35324,-13.592499,seed1022.png
-12.714865,-24.787315,seed10220.png
17.963078,8.745293,seed10221.png
18.013071,22.319046,seed10222.png
-10.42991,-26.738983,seed10223.png
-10.741489,-18.05334,seed10224.png
-4.941216,13.024683,seed10225.png
-28.10077,16.669586,seed10226.png
-28.69312,-12.054588,seed10227.png
-28.155907,9.980415,seed10228.png
-29.913536,-9.820004,seed10229.png
-18.082901,-3.081278,seed1023.png
-29.7987,1.8825854,seed10230.png
9.975382,-39.558605,seed10231.png
-22.783237,-25.324427,seed10232.png
-30.84255,25.933878,seed10233.png
-15.702337,2.828875,seed10234.png
37.3918,21.214619,seed10235.png
20.40355,7.262002,seed10236.png
-30.244085,15.786616,seed10237.png
-17.077887,-9.7757,seed10238.png
-12.207411,-0.13410854,seed10239.png
13.6780815,-3.5747159,seed1024.png
12.864007,-1.7005148,seed10240.png
19.545734,8.901665,seed10241.png
-31.526081,0.76143456,seed10242.png
8.9595175,-43.874454,seed10243.png
22.021557,20.549305,seed10244.png
4.1117954,-32.56092,seed10245.png
39.311943,22.059204,seed10246.png
-11.170429,-25.83477,seed10247.png
13.64278,17.793976,seed10248.png
-27.048386,6.6149964,seed10249.png
-37.42533,8.1681385,seed1025.png
33.318428,22.09284,seed10250.png
-9.075548,-15.003013,seed10251.png
35.058235,27.052416,seed10252.png
-30.429663,-5.040258,seed10253.png
12.074881,-0.9523591,seed10254.png
-28.39721,17.292595,seed10255.png
22.537018,12.151116,seed10256.png
12.440128,-32.891468,seed10257.png
5.8255687,-39.05906,seed10258.png
-28.269989,18.451855,seed10259.png
-23.431305,2.8519068,seed1026.png
-14.476053,-1.9999949,seed10260.png
24.822311,-4.3259683,seed10261.png
-31.831757,-11.162047,seed10262.png
-11.051455,11.077918,seed10263.png
8.910335,-1.7932951,seed10264.png
-20.546196,-16.463528,seed10265.png
-31.537737,20.220907,seed10266.png
-14.709684,-31.760515,seed10267.png
-18.363039,-0.7616062,seed10268.png
29.665459,30.183157,seed10269.png
31.170319,27.450333,seed1027.png
-32.50202,20.194584,seed10270.png
18.576923,6.9907894,seed10271.png
-18.728083,5.835649,seed10272.png
23.241571,-1.1390113,seed10273.png
1.0167155,22.565748,seed10274.png
-17.57979,-22.004942,seed10275.png
14.397227,-31.749832,seed10276.png
34.77449,17.995619,seed10277.png
21.694094,16.216993,seed10278.png
-16.649872,-11.471923,seed10279.png
-20.55122,15.421861,seed1028.png
-16.330381,-7.9539948,seed10280.png
6.97371,-28.47211,seed10281.png
26.388973,8.250764,seed10282.png
-3.7587674,-13.091085,seed10283.png
-27.729383,4.602078,seed10284.png
-18.698812,-27.915018,seed10285.png
31.551687,3.2841568,seed10286.png
-35.95909,17.492,seed10287.png
-25.366673,-20.34487,seed10288.png
13.19896,-33.192486,seed10289.png
-6.1124954,-25.198812,seed1029.png
-2.6201086,-20.790411,seed10290.png
14.072025,-40.456932,seed10291.png
12.464258,0.34439206,seed10292.png
-18.363583,-18.664368,seed10293.png
10.881204,14.728248,seed10294.png
-0.9191683,3.0921693,seed10295.png
12.272281,-22.714094,seed10296.png
-22.175966,16.158958,seed10297.png
-29.061077,-13.737679,seed10298.png
15.709709,-34.54215,seed10299.png
9.917137,3.6618912,seed1030.png
35.481285,15.187013,seed10300.png
-0.6025268,-7.193194,seed10301.png
24.705996,-5.839243,seed10302.png
-0.16710567,-17.652279,seed10303.png
28.301073,15.94149,seed10304.png
-27.476484,-2.5302103,seed10305.png
12.882419,-30.90458,seed10306.png
-37.789948,14.601184,seed10307.png
-16.853388,-32.16949,seed10308.png
-17.058405,-30.224367,seed10309.png
5.8407702,19.843378,seed1031.png
-10.729127,-24.202831,seed10310.png
-28.594555,6.17027,seed10311.png
7.765104,6.287322,seed10312.png
38.870323,22.18179,seed10313.png
-30.593626,-3.8145828,seed10314.png
20.242334,21.56741,seed10315.png
-11.016627,-27.444258,seed10316.png
16.451271,21.856873,seed10317.png
13.320883,-29.90303,seed10318.png
31.557508,28.232723,seed10319.png
-12.012275,4.80239,seed1032.png
-29.60225,-5.554016,seed10320.png
12.304276,-41.05685,seed10321.png
-17.466564,-9.237659,seed10322.png
14.709957,16.99435,seed10323.png
-24.290539,13.580564,seed10324.png
26.864538,6.691288,seed10325.png
2.6682541,16.432629,seed10326.png
-23.130556,-21.031404,seed10327.png
37.165504,12.230539,seed10328.png
3.5851316,-29.724472,seed10329.png
20.203905,-4.523515,seed1033.png
-15.976328,-8.4296875,seed10330.png
-30.935778,19.373539,seed10331.png
-17.75929,-20.821678,seed10332.png
-16.54721,-24.810238,seed10333.png
-18.84673,-24.975279,seed10334.png
-24.439083,0.53412914,seed10335.png
32.45878,7.4837513,seed10336.png
7.049399,-31.09063,seed10337.png
15.218731,20.002275,seed10338.png
21.525427,10.733706,seed10339.png
1.3984363,19.38947,seed1034.png
-12.8202305,-3.4741697,seed10340.png
-18.339628,2.1752412,seed10341.png
-17.136213,-12.994311,seed10342.png
18.950945,-1.2173485,seed10343.png
23.788736,9.550805,seed10344.png
21.65137,28.122078,seed10345.png
10.964115,28.348093,seed10346.png
-17.196756,-12.04191,seed10347.png
15.932937,23.552347,seed10348.png
14.371028,-7.0760427,seed10349.png
12.038192,2.633547,seed1035.png
5.9621778,-1.8869655,seed10350.png
30.700157,27.506798,seed10351.png
7.8218193,14.268888,seed10352.png
16.345877,16.608112,seed10353.png
-30.51631,19.97874,seed10354.png
-0.066144936,16.335562,seed10355.png
-34.667393,-5.811955,seed10356.png
-23.927898,-1.2929292,seed10357.png
3.9317234,-33.072407,seed10358.png
-21.910799,20.024668,seed10359.png
-27.52893,11.425788,seed1036.png
-29.990868,-17.171814,seed10360.png
-27.456045,0.06266634,seed10361.png
-14.7905245,-21.687504,seed10362.png
13.181151,-41.46741,seed10363.png
29.56171,23.994108,seed10364.png
-30.442017,24.571238,seed10365.png
8.002974,-2.8882914,seed10366.png
34.823917,14.086885,seed10367.png
-19.795788,-9.598059,seed10368.png
27.659489,15.902426,seed10369.png
-12.281865,-10.967937,seed1037.png
-25.18462,-24.945107,seed10370.png
14.166305,-39.409042,seed10371.png
-14.99945,5.2332373,seed10372.png
37.188694,7.6010113,seed10373.png
-16.987482,-10.3582325,seed10374.png
-25.212746,10.772323,seed10375.png
9.583938,13.707599,seed10376.png
25.746115,6.045604,seed10377.png
2.2746146,10.734119,seed10378.png
-19.941448,7.302991,seed10379.png
-25.812164,0.22208232,seed1038.png
27.152842,12.755477,seed10380.png
-31.20497,-3.64674,seed10381.png
11.958185,-33.544376,seed10382.png
32.730152,16.59919,seed10383.png
37.13082,5.010379,seed10384.png
-19.376625,-17.53732,seed10385.png
-19.503267,-9.783294,seed10386.png
-17.961985,-8.427866,seed10387.png
22.073503,6.851039,seed10388.png
9.317812,-28.63007,seed10389.png
0.096371025,13.267098,seed1039.png
10.6873,-26.185862,seed10390.png
-21.293718,16.9271,seed10391.png
26.932562,11.572782,seed10392.png
-15.540108,-15.540123,seed10393.png
12.828115,2.7186031,seed10394.png
15.560966,-7.4454465,seed10395.png
5.230145,-23.83,seed10396.png
-0.94978154,-15.165582,seed10397.png
10.723522,-27.886898,seed10398.png
12.014981,-11.5269165,seed10399.png
-20.539074,-18.077414,seed1040.png
-6.931162,-4.534818,seed10400.png
-1.4967046,20.272882,seed10401.png
-16.462143,-2.826058,seed10402.png
15.316494,0.42573962,seed10403.png
7.2090454,-35.744015,seed10404.png
21.66318,18.00855,seed10405.png
-19.709743,-25.212421,seed10406.png
-20.258022,-8.984069,seed10407.png
11.2934065,-29.223886,seed10408.png
-9.697106,-12.07145,seed10409.png
6.0429688,-7.845396,seed1041.png
8.442195,-34.74871,seed10410.png
9.300336,-36.822716,seed10411.png
13.759015,-0.5015059,seed10412.png
16.473177,-0.7259146,seed10413.png
7.7608814,-24.201044,seed10414.png
14.91134,0.67632663,seed10415.png
15.714638,-31.098959,seed10416.png
-30.631784,-7.931741,seed10417.png
-21.169016,-14.124001,seed10418.png
18.918789,25.770344,seed10419.png
-10.045994,-26.05485,seed1042.png
0.56347984,-13.712253,seed10420.png
6.22276,-26.57334,seed10421.png
16.037296,8.55636,seed10422.png
13.401521,-31.98885,seed10423.png
-31.971655,-12.719255,seed10424.png
-14.575904,7.3506894,seed10425.png
-0.16925271,-1.6529424,seed10426.png
-5.1285577,-21.57748,seed10427.png
30.150717,1.8411808,seed10428.png
-18.918882,-10.322562,seed10429.png
25.367096,8.8121605,seed1043.png
-36.656902,0.48525667,seed10430.png
12.699718,-5.019847,seed10431.png
-9.960755,-6.1118097,seed10432.png
-15.340302,-22.569214,seed10433.png
-21.63787,-4.6133513,seed10434.png
-22.882484,-6.742034,seed10435.png
6.3601904,-4.284951,seed10436.png
-21.727207,-20.278564,seed10437.png
13.805845,-0.10148917,seed10438.png
14.047668,-37.01103,seed10439.png
20.41186,25.74868,seed1044.png
-29.420961,16.36213,seed10440.png
-25.73478,-10.411419,seed10441.png
-13.25487,-23.237041,seed10442.png
-20.934835,-4.9544597,seed10443.png
35.655148,13.888054,seed10444.png
14.405535,-30.503464,seed10445.png
16.119982,-33.977848,seed10446.png
-21.056364,1.7626437,seed10447.png
-11.379345,-1.9219218,seed10448.png
14.585414,-36.658306,seed10449.png
-23.135489,-22.509745,seed1045.png
-14.31767,8.321954,seed10450.png
-3.0326364,-2.5537813,seed10451.png
-17.224117,-4.27065,seed10452.png
0.4615338,-14.421332,seed10453.png
30.07721,7.7810225,seed10454.png
25.791124,27.883348,seed10455.png
16.282001,-35.602154,seed10456.png
27.636953,-4.0591817,seed10457.png
15.959699,0.18311903,seed10458.png
9.714134,-32.468136,seed10459.png
-15.854408,-17.111132,seed1046.png
-18.751213,-1.6251737,seed10460.png
5.3295364,-27.919024,seed10461.png
5.867878,-32.732,seed10462.png
-2.5932944,-21.963085,seed10463.png
-3.452227,-9.739685,seed10464.png
13.3392935,27.498491,seed10465.png
-19.727995,-25.52339,seed10466.png
-30.312449,19.284946,seed10467.png
11.738718,18.977438,seed10468.png
-22.65989,-2.627669,seed10469.png
-18.109383,-26.454742,seed1047.png
7.115995,-13.844014,seed10470.png
-21.90666,2.061724,seed10471.png
15.575781,27.3845,seed10472.png
18.05316,11.739358,seed10473.png
-13.31448,-30.264772,seed10474.png
-26.017836,-8.870561,seed10475.png
12.552735,-31.133934,seed10476.png
-17.728891,-23.078913,seed10477.png
-3.2435632,-14.210947,seed10478.png
-34.651318,-11.649542,seed10479.png
31.147669,10.05204,seed1048.png
-25.08584,15.31681,seed10480.png
-37.2458,20.421568,seed10481.png
3.7233078,-29.521252,seed10482.png
-2.4601028,-13.141725,seed10483.png
23.854645,22.768179,seed10484.png
11.365708,-2.9184859,seed10485.png
-25.245413,-19.415495,seed10486.png
-10.2147875,-4.4269466,seed10487.png
28.062452,25.120613,seed10488.png
-14.064234,-24.307825,seed10489.png
-35.67677,19.441034,seed1049.png
29.040731,3.5253441,seed10490.png
11.791635,-8.68075,seed10491.png
30.349579,9.982609,seed10492.png
22.480114,2.104502,seed10493.png
-20.940374,3.2200313,seed10494.png
33.53305,22.76442,seed10495.png
-33.572857,21.998592,seed10496.png
-9.053171,1.1490752,seed10497.png
-14.29168,-28.96582,seed10498.png
-3.3912299,-0.71618336,seed10499.png
-20.85306,-10.49983,seed1050.png
14.991621,26.71852,seed10500.png
11.344732,-6.0990114,seed10501.png
9.002547,-33.83877,seed10502.png
-16.9663,-24.65525,seed10503.png
15.536849,-35.757324,seed10504.png
19.085556,25.53992,seed10505.png
-4.3676844,-3.962402,seed10506.png
-20.788795,-21.169651,seed10507.png
16.011871,5.397457,seed10508.png
11.809491,-33.635326,seed10509.png
-16.339266,-9.884336,seed1051.png
9.844259,29.268867,seed10510.png
-26.197937,-16.78735,seed10511.png
6.919154,-43.97843,seed10512.png
-1.2412816,3.0479834,seed10513.png
2.385125,-8.0611725,seed10514.png
11.970363,3.883515,seed10515.png
40.666412,22.841211,seed10516.png
-35.632397,10.417193,seed10517.png
21.916908,13.7865305,seed10518.png
20.754807,4.794006,seed10519.png
-16.861044,-17.168545,seed1052.png
14.900706,-34.309372,seed10520.png
-18.686234,2.524689,seed10521.png
-20.28341,-15.632254,seed10522.png
-12.747359,2.3912287,seed10523.png
22.381853,12.0529375,seed10524.png
3.876924,16.728674,seed10525.png
21.880985,-7.77122,seed10526.png
-32.749973,20.87795,seed10527.png
1.8086241,-1.2564336,seed10528.png
-19.852116,-8.6507635,seed10529.png
-29.38452,2.8715758,seed1053.png
-13.724659,-19.871674,seed10530.png
27.906431,-2.4942338,seed10531.png
14.709604,-34.45678,seed10532.png
35.298393,10.229921,seed10533.png
-18.906322,-29.096146,seed10534.png
25.192898,20.465868,seed10535.png
15.947916,-36.42071,seed10536.png
15.04521,-31.799704,seed10537.png
32.45951,11.757134,seed10538.png
37.494564,23.371323,seed10539.png
10.540574,-38.305717,seed1054.png
14.967423,-32.345478,seed10540.png
7.0259337,-2.3107107,seed10541.png
-20.129986,-19.806904,seed10542.png
15.191102,-32.42795,seed10543.png
14.4365635,-9.209345,seed10544.png
-9.540363,-21.287945,seed10545.png
-2.529242,-18.422127,seed10546.png
10.982986,24.57173,seed10547.png
25.33637,16.075663,seed10548.png
30.656183,18.563797,seed10549.png
1.2200987,23.778452,seed1055.png
-18.431639,-7.84927,seed10550.png
-34.644615,6.3423247,seed10551.png
12.654534,-36.36973,seed10552.png
-15.288891,-3.9031358,seed10553.png
-14.328937,2.3940067,seed10554.png
-33.06262,8.045217,seed10555.png
-34.461422,-3.5706441,seed10556.png
-28.446669,16.297153,seed10557.png
-15.641553,-8.581105,seed10558.png
-20.18253,-18.534433,seed10559.png
34.252937,25.338484,seed1056.png
-24.294939,-2.153539,seed10560.png
12.260232,-31.760489,seed10561.png
12.781835,-12.660518,seed10562.png
-3.803694,-11.95362,seed10563.png
5.7539296,10.167092,seed10564.png
-18.79853,-19.345236,seed10565.png
-20.150698,1.4802408,seed10566.png
4.595824,-4.5050726,seed10567.png
-32.19407,-7.117149,seed10568.png
17.261284,19.411718,seed10569.png
0.11907769,16.684525,seed1057.png
23.112738,16.610237,seed10570.png
-20.912191,14.856572,seed10571.png
33.02868,14.299699,seed10572.png
-17.07241,-21.323868,seed10573.png
-21.030766,4.2647705,seed10574.png
19.002678,18.76268,seed10575.png
-19.301214,-9.42292,seed10576.png
5.860763,15.933801,seed10577.png
-14.449305,-21.84763,seed10578.png
35.07287,18.340418,seed10579.png
16.002542,11.238952,seed1058.png
3.8507128,-31.81043,seed10580.png
5.7056828,-32.227562,seed10581.png
-19.2419,-10.044129,seed10582.png
19.21929,-7.3483877,seed10583.png
-26.629047,-11.915732,seed10584.png
-31.643366,22.14736,seed10585.png
23.118116,18.023775,seed10586.png
14.648658,22.478172,seed10587.png
8.722908,14.809806,seed10588.png
13.726695,10.024758,seed10589.png
-16.887465,-21.482084,seed1059.png
34.221794,18.649166,seed10590.png
28.641874,5.8948865,seed10591.png
-17.255589,-5.558697,seed10592.png
-24.903454,11.574863,seed10593.png
-19.526045,5.0703144,seed10594.png
-4.7810693,-19.02731,seed10595.png
-21.01236,1.3483653,seed10596.png
34.274582,25.675999,seed10597.png
-33.27751,23.291199,seed10598.png
9.721208,6.9834466,seed10599.png
-20.729532,5.4316473,seed1060.png
13.941747,-37.498074,seed10600.png
24.493116,6.181423,seed10601.png
34.64274,7.913783,seed10602.png
-28.41501,-14.286629,seed10603.png
23.51111,17.411055,seed10604.png
-13.127844,-9.531592,seed10605.png
-26.233707,2.6859908,seed10606.png
-24.534124,-21.124327,seed10607.png
14.787206,12.721126,seed10608.png
29.513683,19.652061,seed10609.png
31.500767,26.968422,seed1061.png
1.7306793,16.235626,seed10610.png
33.434364,25.332003,seed10611.png
37.11276,6.3347654,seed10612.png
-14.290763,-4.868543,seed10613.png
-30.733084,26.548342,seed10614.png
12.276231,-3.0290067,seed10615.png
-10.764605,-24.561455,seed10616.png
-14.992491,-30.608438,seed10617.png
38.87478,11.946428,seed10618.png
-23.440468,11.264187,seed10619.png
11.356487,25.386522,seed1062.png
-37.155357,13.966074,seed10620.png
20.50693,16.630348,seed10621.png
-23.792015,6.824964,seed10622.png
10.809153,13.490835,seed10623.png
-4.6885924,15.6637535,seed10624.png
-23.645424,-12.366458,seed10625.png
-33.537796,12.183205,seed10626.png
12.261749,27.847069,seed10627.png
-23.751133,-23.269508,seed10628.png
23.929995,10.778507,seed10629.png
-31.442324,19.507738,seed1063.png
-22.999195,4.0274963,seed10630.png
-3.2028403,-11.9531145,seed10631.png
-19.854298,-18.575056,seed10632.png
19.154957,12.822753,seed10633.png
-4.979652,21.210873,seed10634.png
-0.8085107,15.921898,seed10635.png
-15.149479,9.274627,seed10636.png
-17.797335,-16.732407,seed10637.png
15.155672,-8.315371,seed10638.png
7.7731543,-26.567003,seed10639.png
-31.04874,-1.7406414,seed1064.png
23.904284,23.760286,seed10640.png
-24.912148,11.589042,seed10641.png
4.351543,-34.582176,seed10642.png
14.916038,-34.29871,seed10643.png
-14.117303,-9.87227,seed10644.png
29.634647,29.25835,seed10645.png
-21.309952,-25.061666,seed10646.png
-21.431892,13.850131,seed10647.png
-10.238671,-6.074393,seed10648.png
-28.449825,20.560688,seed10649.png
-16.460163,-20.11783,seed1065.png
23.088747,19.422503,seed10650.png
-30.909697,12.985692,seed10651.png
21.470978,14.978027,seed10652.png
15.523726,-30.979809,seed10653.png
12.011431,-26.775232,seed10654.png
-4.4336905,11.929146,seed10655.png
6.064183,-28.488562,seed10656.png
-10.32477,-21.660372,seed10657.png
34.186565,25.743608,seed10658.png
-20.53168,4.0579066,seed10659.png
20.14799,-1.0501467,seed1066.png
-18.999214,-4.161923,seed10660.png
-21.269846,3.4894962,seed10661.png
21.927124,23.761497,seed10662.png
-11.379255,-15.363675,seed10663.png
30.800377,7.841093,seed10664.png
-35.790554,4.6656737,seed10665.png
38.036953,8.848676,seed10666.png
-26.522985,-15.31748,seed10667.png
30.309746,26.640894,seed10668.png
3.3816407,2.7023375,seed10669.png
-28.146627,-21.263266,seed1067.png
11.390321,-9.012962,seed10670.png
3.7233496,-22.943026,seed10671.png
34.606735,15.708957,seed10672.png
19.133474,0.2503349,seed10673.png
0.25403297,-13.199755,seed10674.png
7.4477997,6.193457,seed10675.png
31.213814,11.2094,seed10676.png
25.696165,-3.829913,seed10677.png
-8.907851,2.2020843,seed10678.png
12.736398,-29.377363,seed10679.png
10.0678215,-27.17027,seed1068.png
20.397165,21.32476,seed10680.png
-12.156347,-29.57139,seed10681.png
2.7205517,-21.235489,seed10682.png
0.16267197,-24.530325,seed10683.png
18.500118,18.02215,seed10684.png
39.151684,24.065386,seed10685.png
38.004795,7.5508595,seed10686.png
6.1590967,10.416723,seed10687.png
9.079663,-5.3528438,seed10688.png
-12.303743,0.29318422,seed10689.png
-16.00448,-29.574696,seed1069.png
27.865324,15.676307,seed10690.png
-28.190184,14.299501,seed10691.png
-3.2166986,-3.1087842,seed10692.png
6.0796504,10.466221,seed10693.png
-16.554174,-20.302975,seed10694.png
-31.234999,-17.570478,seed10695.png
-5.9189,19.050663,seed10696.png
26.983747,13.947131,seed10697.png
39.901405,21.698267,seed10698.png
18.056257,18.26486,seed10699.png
14.442023,-33.4403,seed1070.png
27.925392,27.162262,seed10700.png
29.941427,24.795603,seed10701.png
38.88788,14.726465,seed10702.png
12.072683,-37.29738,seed10703.png
9.762645,11.68451,seed10704.png
0.67697495,19.448147,seed10705.png
20.783245,20.062332,seed10706.png
-16.694624,-3.886893,seed10707.png
27.420017,14.572168,seed10708.png
-27.304842,-12.68242,seed10709.png
-27.64479,-13.464524,seed1071.png
15.966166,-0.6261129,seed10710.png
-32.52083,16.066715,seed10711.png
-14.877381,-2.646299,seed10712.png
21.03819,15.578356,seed10713.png
-14.400097,-13.324621,seed10714.png
4.263017,-6.4832907,seed10715.png
-0.303314,15.0412445,seed10716.png
-10.6458025,-9.987891,seed10717.png
21.727865,16.673662,seed10718.png
41.95126,21.366856,seed10719.png
-16.279718,1.9706179,seed1072.png
-33.009556,-16.21883,seed10720.png
-24.489592,-19.605324,seed10721.png
8.589969,20.803541,seed10722.png
-0.7619872,-1.1191281,seed10723.png
-13.819647,-29.408169,seed10724.png
8.825296,5.364258,seed10725.png
5.4518156,-20.585148,seed10726.png
-34.766064,22.289482,seed10727.png
-11.365952,5.8316565,seed10728.png
-16.497482,-8.414632,seed10729.png
-27.483465,13.753277,seed1073.png
14.996988,4.182874,seed10730.png
-22.407814,-21.036247,seed10731.png
29.27066,22.232069,seed10732.png
0.13443045,-18.412674,seed10733.png
10.508981,-40.406105,seed10734.png
-34.950954,21.574774,seed10735.png
15.771945,27.870533,seed10736.png
15.139297,-31.729055,seed10737.png
13.851782,-4.44377,seed10738.png
-4.777506,3.2059345,seed10739.png
19.118938,19.034801,seed1074.png
-28.578772,-1.2311711,seed10740.png
-27.56194,1.9794341,seed10741.png
13.257913,14.601652,seed10742.png
32.820766,15.250368,seed10743.png
18.417068,3.378675,seed10744.png
-14.751085,-0.28628692,seed10745.png
-28.724281,-11.919575,seed10746.png
-36.492702,23.136066,seed10747.png
17.515022,-2.6415756,seed10748.png
36.74863,22.415958,seed10749.png
-0.69271857,21.975801,seed1075.png
-3.2281394,-14.173499,seed10750.png
20.883278,2.3487537,seed10751.png
36.841347,9.270794,seed10752.png
-13.345018,-4.5443544,seed10753.png
-1.9097266,-11.571667,seed10754.png
-19.953375,-19.591934,seed10755.png
18.64582,-7.3335075,seed10756.png
24.480028,17.132187,seed10757.png
-19.009348,1.7809583,seed10758.png
26.944635,4.8380804,seed10759.png
23.011555,17.723957,seed1076.png
13.925837,-30.514496,seed10760.png
17.110111,22.630627,seed10761.png
-17.529202,-22.468266,seed10762.png
-30.31068,-8.63032,seed10763.png
26.073336,12.409758,seed10764.png
-23.935766,10.095268,seed10765.png
39.057396,13.625316,seed10766.png
-33.91186,17.500612,seed10767.png
23.046438,23.887037,seed10768.png
31.45006,26.937721,seed10769.png
-13.883359,-11.670037,seed1077.png
13.093773,25.013739,seed10770.png
15.223983,-38.328224,seed10771.png
29.437801,8.229941,seed10772.png
-15.766453,-30.650284,seed10773.png
11.628695,-38.259193,seed10774.png
-30.183361,-3.9743824,seed10775.png
30.34992,7.027819,seed10776.png
6.0633245,-5.5754805,seed10777.png
14.785915,17.510117,seed10778.png
-33.94249,20.951042,seed10779.png
-14.309499,-4.6498284,seed1078.png
-1.4554657,-12.262786,seed10780.png
-28.76262,-15.045723,seed10781.png
-15.728533,-26.913471,seed10782.png
40.473255,22.25236,seed10783.png
-22.119556,0.766931,seed10784.png
8.863272,-41.351353,seed10785.png
-33.373642,16.712908,seed10786.png
12.61586,-40.87683,seed10787.png
5.0305486,4.7904534,seed10788.png
21.841644,22.50739,seed10789.png
3.8141763,23.388891,seed1079.png
16.281763,2.148958,seed10790.png
11.498342,3.3415082,seed10791.png
15.128805,7.2601867,seed10792.png
-31.59188,9.379243,seed10793.png
8.531144,8.596922,seed10794.png
28.626926,6.9775095,seed10795.png
-34.44221,4.007681,seed10796.png
23.427992,21.091454,seed10797.png
7.8706675,-7.524911,seed10798.png
15.676881,-35.19283,seed10799.png
-16.85269,-10.940202,seed1080.png
-25.117676,-15.928568,seed10800.png
-19.163803,6.8407197,seed10801.png
7.723411,-37.890244,seed10802.png
-25.330835,7.1787987,seed10803.png
5.3556104,-32.34555,seed10804.png
-30.433455,16.857973,seed10805.png
-1.8323683,-5.97722,seed10806.png
7.9699397,3.4164581,seed10807.png
20.671093,21.329346,seed10808.png
8.535239,29.319649,seed10809.png
-20.346853,11.950261,seed1081.png
6.915316,-33.048176,seed10810.png
3.683753,-34.28276,seed10811.png
30.011005,9.602921,seed10812.png
-2.3616874,24.207392,seed10813.png
-27.081963,-16.675293,seed10814.png
11.356413,-38.385433,seed10815.png
17.848785,25.266918,seed10816.png
-36.095013,16.152927,seed10817.png
19.048174,17.94401,seed10818.png
4.9805098,-35.460155,seed10819.png
-20.419909,-2.638142,seed1082.png
-7.742056,-16.389732,seed10820.png
-24.180567,-12.921135,seed10821.png
-23.557835,4.824425,seed10822.png
7.1039906,0.68301904,seed10823.png
6.055872,15.550785,seed10824.png
-7.168102,-12.917814,seed10825.png
-1.6931558,-2.18129,seed10826.png
-18.618515,-23.532154,seed10827.png
-33.080723,7.7796855,seed10828.png
1.4665128,25.597734,seed10829.png
20.153406,12.328103,seed1083.png
-30.486097,21.850561,seed10830.png
-35.015533,16.806879,seed10831.png
-15.649283,-7.141308,seed10832.png
-11.521973,-21.561766,seed10833.png
-23.26901,8.308755,seed10834.png
40.443554,19.164572,seed10835.png
-17.013481,0.5994057,seed10836.png
20.981144,5.3505387,seed10837.png
-29.146574,-9.946649,seed10838.png
38.72606,11.572503,seed10839.png
3.6714752,-28.139032,seed1084.png
10.120074,7.9812913,seed10840.png
15.449958,12.255853,seed10841.png
-21.306782,-21.39368,seed10842.png
23.40925,12.593943,seed10843.png
34.523983,28.034239,seed10844.png
37.925816,9.993918,seed10845.png
38.988537,19.946789,seed10846.png
6.1599936,-32.076736,seed10847.png
4.3466063,5.763208,seed10848.png
-30.69691,20.825438,seed10849.png
-25.303352,-15.7808895,seed1085.png
-1.6385969,21.710087,seed10850.png
-35.522663,24.203753,seed10851.png
-27.15567,7.198801,seed10852.png
19.785124,24.865553,seed10853.png
-29.328268,8.987015,seed10854.png
17.633133,-3.157748,seed10855.png
-20.929224,9.728597,seed10856.png
20.217873,23.9022,seed10857.png
14.547991,-36.6033,seed10858.png
-21.256124,19.94921,seed10859.png
23.23469,17.097107,seed1086.png
-34.996544,26.567123,seed10860.png
-24.836517,-12.99141,seed10861.png
4.507502,-35.67703,seed10862.png
-31.745317,-5.410359,seed10863.png
-22.343878,-15.046545,seed10864.png
11.942642,-42.306347,seed10865.png
-0.14124732,21.1359,seed10866.png
36.179565,12.625499,seed10867.png
-34.817814,19.147463,seed10868.png
-17.651714,3.7892697,seed10869.png
14.103754,29.408445,seed1087.png
-13.72607,-12.951927,seed10870.png
7.623243,-40.294582,seed10871.png
-25.033228,-13.15845,seed10872.png
10.923679,-28.273443,seed10873.png
-24.10631,-14.69222,seed10874.png
8.319014,22.147598,seed10875.png
5.213899,12.090888,seed10876.png
-36.087914,19.447319,seed10877.png
-11.234044,-19.218601,seed10878.png
30.352348,28.836962,seed10879.png
-31.306314,-4.324462,seed1088.png
17.075293,-2.5429184,seed10880.png
-17.125128,-17.678925,seed10881.png
-32.731483,25.909103,seed10882.png
-12.996308,11.762572,seed10883.png
-24.71939,-5.054856,seed10884.png
-32.924828,20.024311,seed10885.png
5.1107883,-6.218441,seed10886.png
28.918394,21.50573,seed10887.png
16.75091,27.926634,seed10888.png
34.095596,8.753018,seed10889.png
6.1155457,-32.65845,seed1089.png
-31.281336,14.290147,seed10890.png
31.9872,6.385018,seed10891.png
39.75142,25.937687,seed10892.png
-15.812667,2.4883423,seed10893.png
-28.345257,6.3889794,seed10894.png
-15.981262,-29.666656,seed10895.png
-34.835793,14.21361,seed10896.png
-22.984327,-6.808473,seed10897.png
11.52101,10.09602,seed10898.png
-21.554342,7.796591,seed10899.png
35.253517,18.015997,seed1090.png
-30.42629,-7.991607,seed10900.png
-34.444286,27.012182,seed10901.png
31.676132,5.3782597,seed10902.png
11.349507,-42.870747,seed10903.png
27.308117,6.46545,seed10904.png
13.049067,19.148788,seed10905.png
-29.642117,2.1406944,seed10906.png
26.63469,14.780744,seed10907.png
4.0846915,23.83055,seed10908.png
-11.438839,-16.597559,seed10909.png
33.842422,14.969077,seed1091.png
3.175457,20.650162,seed10910.png
-13.829086,-6.686161,seed10911.png
-5.3809395,-23.872648,seed10912.png
-1.2131644,-3.602024,seed10913.png
-16.89433,3.3605661,seed10914.png
5.458413,-27.476883,seed10915.png
2.7512877,20.403326,seed10916.png
2.862,-13.143864,seed10917.png
10.786221,-25.092932,seed10918.png
-23.061258,-28.070177,seed10919.png
-1.5134172,-17.71402,seed1092.png
-32.412365,14.840692,seed10920.png
3.2490404,-24.685295,seed10921.png
-10.534952,-26.64996,seed10922.png
31.129591,4.7840123,seed10923.png
-29.048622,13.538184,seed10924.png
39.55624,21.823153,seed10925.png
12.343806,12.623991,seed10926.png
-32.39993,9.174929,seed10927.png
14.009228,-7.7184744,seed10928.png
-7.3669186,-26.291405,seed10929.png
21.556543,-0.7227882,seed1093.png
37.26925,22.613096,seed10930.png
-2.2308216,4.7863817,seed10931.png
-3.466995,22.922441,seed10932.png
27.25588,12.121085,seed10933.png
-8.595935,-10.873378,seed10934.png
15.67006,24.300943,seed10935.png
4.4956365,6.1750083,seed10936.png
35.264126,8.927655,seed10937.png
-30.15472,14.504748,seed10938.png
13.279806,-21.798147,seed10939.png
2.763346,-1.2167395,seed1094.png
18.249025,8.252743,seed10940.png
30.460556,7.88609,seed10941.png
24.29728,1.105361,seed10942.png
5.8104706,9.453196,seed10943.png
-3.8604186,-20.178658,seed10944.png
8.800308,7.657812,seed10945.png
-12.212997,-8.48512,seed10946.png
-5.2986174,-15.599747,seed10947.png
-21.092453,-6.2150044,seed10948.png
-25.52128,16.876951,seed10949.png
26.456234,7.3738513,seed1095.png
-25.505795,-6.175631,seed10950.png
28.583214,16.823753,seed10951.png
-21.634586,9.92669,seed10952.png
9.940161,16.094284,seed10953.png
11.635639,-22.801039,seed10954.png
8.1351185,1.3339151,seed10955.png
-22.599052,19.709091,seed10956.png
-31.59821,-10.297223,seed10957.png
2.889605,25.966448,seed10958.png
-17.29299,-20.936897,seed10959.png
35.372234,10.1082735,seed1096.png
-14.922287,-11.730193,seed10960.png
0.46861786,20.563923,seed10961.png
-29.596766,14.573945,seed10962.png
21.593063,0.84601927,seed10963.png
16.956785,10.104089,seed10964.png
-16.096153,-12.748746,seed10965.png
12.257542,-22.438412,seed10966.png
-6.0355735,2.169747,seed10967.png
-15.398616,-17.29334,seed10968.png
11.496916,-36.64987,seed10969.png
38.18094,23.222836,seed1097.png
-20.38629,-2.8819165,seed10970.png
-19.090929,-13.431201,seed10971.png
-22.651585,-7.1974106,seed10972.png
29.59966,8.077274,seed10973.png
15.282354,-3.3624918,seed10974.png
15.078916,12.672207,seed10975.png
-33.105755,13.052535,seed10976.png
-17.036106,-3.694327,seed10977.png
-27.188763,-10.559231,seed10978.png
-4.3457155,-5.404122,seed10979.png
11.845702,-25.26565,seed1098.png
3.6372967,-30.430164,seed10980.png
33.568108,27.372969,seed10981.png
-21.62613,-4.353755,seed10982.png
25.100983,7.265397,seed10983.png
-12.93679,-9.547053,seed10984.png
-11.635704,-25.513384,seed10985.png
16.830978,-35.400192,seed10986.png
33.538902,5.77595,seed10987.png
24.89714,-0.9929364,seed10988.png
28.177479,18.098415,seed10989.png
-33.26648,26.462133,seed1099.png
-0.93106955,22.836258,seed10990.png
-14.606359,-20.47835,seed10991.png
16.627016,2.9694438,seed10992.png
-26.53084,-5.026877,seed10993.png
14.801213,-36.31735,seed10994.png
-19.557596,-26.798925,seed10995.png
8.581078,25.368055,seed10996.png
-32.78092,-1.1131917,seed10997.png
-13.594077,-22.289572,seed10998.png
-19.981243,5.4623375,seed10999.png
-25.089539,19.437088,seed1100.png
17.00754,17.262774,seed11000.png
-27.868673,14.227818,seed11001.png
-28.925753,2.5988512,seed11002.png
7.218661,11.071344,seed11003.png
36.353058,19.048023,seed11004.png
11.413696,-34.466145,seed11005.png
-11.58167,-28.026604,seed11006.png
23.769741,21.940027,seed11007.png
-21.071701,-14.215033,seed11008.png
-3.232141,16.36999,seed11009.png
-32.028435,-11.375338,seed1101.png
-19.567438,-22.173199,seed11010.png
-17.67259,-14.125563,seed11011.png
-16.92975,-28.765755,seed11012.png
-16.542875,-0.028082475,seed11013.png
8.821964,4.447687,seed11014.png
-18.7532,-25.121346,seed11015.png
31.034472,14.487806,seed11016.png
-27.753342,-15.370005,seed11017.png
-30.792477,13.125025,seed11018.png
15.844887,-36.551544,seed11019.png
-25.74496,-10.776133,seed1102.png
-23.32716,-13.373678,seed11020.png
22.892437,0.6511948,seed11021.png
-28.232904,-3.4435532,seed11022.png
-16.618465,-30.878252,seed11023.png
-16.785917,4.51694,seed11024.png
-34.60732,19.74746,seed11025.png
8.671392,23.80742,seed11026.png
14.367372,25.703526,seed11027.png
-8.580724,-18.475506,seed11028.png
12.605449,-4.486816,seed11029.png
-30.403612,5.240991,seed1103.png
11.2783165,28.478645,seed11030.png
29.236183,27.937304,seed11031.png
-22.829245,-27.79482,seed11032.png
7.2399096,-31.525116,seed11033.png
21.23724,-5.9158525,seed11034.png
-30.984037,10.675505,seed11035.png
33.803867,12.907707,seed11036.png
7.026192,-28.212687,seed11037.png
32.830788,5.6380496,seed11038.png
-8.3805,0.37647837,seed11039.png
-22.488438,2.3606112,seed1104.png
13.941933,-33.983463,seed11040.png
12.070226,-25.815632,seed11041.png
-19.985554,16.998686,seed11042.png
4.0154157,3.5879517,seed11043.png
-26.626045,-0.41464335,seed11044.png
-24.835705,5.232978,seed11045.png
9.503871,-39.792995,seed11046.png
-27.975122,10.868486,seed11047.png
-36.69122,-1.5614158,seed11048.png
-8.550067,-26.085398,seed11049.png
9.8914795,1.0810337,seed1105.png
25.49104,22.102747,seed11050.png
13.81202,-0.5590584,seed11051.png
32.796894,18.637337,seed11052.png
-20.911648,17.07068,seed11053.png
4.6367507,15.869228,seed11054.png
13.333598,-0.7444043,seed11055.png
-32.680897,-14.555762,seed11056.png
-15.899392,6.3407593,seed11057.png
9.352465,-32.739063,seed11058.png
17.210875,10.58362,seed11059.png
-33.32018,21.659616,seed1106.png
10.106783,6.55075,seed11060.png
21.801264,-5.1407413,seed11061.png
12.534547,-39.794308,seed11062.png
21.629065,-1.981181,seed11063.png
-0.0065076738,24.433327,seed11064.png
-16.780012,2.1662965,seed11065.png
32.37654,28.837053,seed11066.png
-20.887012,-16.805334,seed11067.png
-10.058426,-28.877594,seed11068.png
16.733414,26.538218,seed11069.png
-24.712399,-18.137245,seed1107.png
12.599746,-8.413676,seed11070.png
11.943238,-7.202618,seed11071.png
2.2422109,22.514761,seed11072.png
21.030748,-1.164652,seed11073.png
-28.775785,15.140785,seed11074.png
0.32600015,-18.575909,seed11075.png
20.142,9.974835,seed11076.png
12.8896,-13.923015,seed11077.png
17.519371,9.820793,seed11078.png
-20.425001,-20.46969,seed11079.png
-28.658577,-18.692017,seed1108.png
23.93729,18.398554,seed11080.png
28.197617,14.174063,seed11081.png
-24.321514,15.34257,seed11082.png
-31.471947,-6.1135736,seed11083.png
-18.352167,1.9269909,seed11084.png
12.996554,18.330889,seed11085.png
-20.074045,-22.204838,seed11086.png
-31.08362,21.314018,seed11087.png
11.284355,-27.961805,seed11088.png
1.4326818,18.047018,seed11089.png
19.068378,17.617056,seed1109.png
-24.819584,7.625725,seed11090.png
10.383005,-24.79317,seed11091.png
21.474018,-9.274823,seed11092.png
-6.136211,-13.215946,seed11093.png
-2.3924277,-16.123207,seed11094.png
2.0472608,9.953154,seed11095.png
9.60092,-37.431263,seed11096.png
16.869143,-4.556995,seed11097.png
23.179264,-8.44841,seed11098.png
6.531746,8.71031,seed11099.png
-34.35066,18.884787,seed1110.png
15.738969,-36.014503,seed11100.png
22.520126,6.724302,seed11101.png
-16.490576,1.4822425,seed11102.png
19.846165,17.779894,seed11103.png
-14.753696,-8.32182,seed11104.png
-22.466015,-4.39743,seed11105.png
-25.459562,-8.615214,seed11106.png
-6.3931527,-5.9366403,seed11107.png
-32.904655,-8.992809,seed11108.png
26.20256,21.819366,seed11109.png
-23.725557,-5.4036245,seed1111.png
-31.496065,10.581557,seed11110.png
4.6559796,-9.559943,seed11111.png
18.414396,-3.3820393,seed11112.png
20.59953,18.708706,seed11113.png
-28.2526,-16.274841,seed11114.png
20.955097,-4.2571282,seed11115.png
35.16725,12.133495,seed11116.png
10.162948,-36.579006,seed11117.png
4.7176523,3.1197693,seed11118.png
12.588713,2.6626008,seed11119.png
10.97839,17.32325,seed1112.png
13.439455,-30.974789,seed11120.png
35.836853,24.582258,seed11121.png
8.117227,-41.332,seed11122.png
6.612584,19.208334,seed11123.png
36.421368,18.165981,seed11124.png
8.591482,13.762716,seed11125.png
-0.083808735,20.378813,seed11126.png
-24.112997,-1.1259174,seed11127.png
21.22109,17.19576,seed11128.png
16.308712,-35.12455,seed11129.png
31.800701,25.008993,seed1113.png
20.137623,-6.3628893,seed11130.png
28.139091,14.647683,seed11131.png
-24.007788,-23.545143,seed11132.png
13.12728,-31.78598,seed11133.png
-29.68848,-0.118587375,seed11134.png
8.118508,-3.8144736,seed11135.png
-26.952564,10.51832,seed11136.png
20.898045,0.7555221,seed11137.png
2.929426,-25.384258,seed11138.png
30.332235,9.650369,seed11139.png
-13.751335,-18.7994,seed1114.png
20.778057,18.13103,seed11140.png
11.447926,-6.2774763,seed11141.png
24.667768,14.470285,seed11142.png
5.032293,7.472195,seed11143.png
32.78641,7.790598,seed11144.png
20.176771,19.89479,seed11145.png
13.051738,-31.716057,seed11146.png
0.27293584,16.281725,seed11147.png
14.58907,-32.76691,seed11148.png
12.252242,-6.2574778,seed11149.png
-21.225105,-27.237709,seed1115.png
6.4814086,-6.9983163,seed11150.png
11.592115,-6.527874,seed11151.png
19.35037,11.837448,seed11152.png
8.349078,-1.6247935,seed11153.png
-19.810343,-18.179106,seed11154.png
0.85546595,-8.061606,seed11155.png
-10.507415,-14.6412735,seed11156.png
-10.556195,-18.78919,seed11157.png
36.43544,26.065676,seed11158.png
-34.92717,8.522576,seed11159.png
16.253227,-35.474804,seed1116.png
-28.65769,6.2453766,seed11160.png
29.088003,14.412067,seed11161.png
37.42433,19.884798,seed11162.png
12.199133,-36.67748,seed11163.png
26.736687,10.4305,seed11164.png
-21.58633,-17.05745,seed11165.png
-19.973368,-7.4523034,seed11166.png
-7.6872463,-2.5675733,seed11167.png
-12.955076,3.6859763,seed11168.png
9.034685,-41.0711,seed11169.png
-23.407335,-1.9677352,seed1117.png
-15.315692,-31.549852,seed11170.png
29.854156,1.4525379,seed11171.png
14.057551,14.056376,seed11172.png
-7.0703735,8.6135645,seed11173.png
9.5875435,3.8389978,seed11174.png
-12.608527,6.981742,seed11175.png
14.336581,10.620698,seed11176.png
-34.223667,15.769031,seed11177.png
6.1487727,4.254367,seed11178.png
29.661753,27.013966,seed11179.png
9.875155,-4.9292984,seed1118.png
5.843539,4.2363,seed11180.png
36.79014,26.368982,seed11181.png
-24.119934,-27.065823,seed11182.png
5.2788625,13.940923,seed11183.png
16.036303,2.3832145,seed11184.png
-31.07229,17.496052,seed11185.png
5.061982,8.758158,seed11186.png
40.077675,17.699968,seed11187.png
10.995269,12.116941,seed11188.png
-30.851408,19.44537,seed11189.png
11.08385,26.393219,seed1119.png
-11.152046,-25.597317,seed11190.png
17.455238,19.782978,seed11191.png
22.326708,16.166271,seed11192.png
6.4332514,10.531234,seed11193.png
40.46034,16.324375,seed11194.png
-10.142789,-24.59513,seed11195.png
-25.328016,13.265294,seed11196.png
14.381049,25.076912,seed11197.png
-23.229517,-21.690086,seed11198.png
8.400752,14.895082,seed11199.png
7.793231,-37.39758,seed1120.png
12.82911,-36.20004,seed11200.png
21.910599,14.869698,seed11201.png
-34.959328,27.852404,seed11202.png
11.277323,1.3696638,seed11203.png
1.7123294,24.150446,seed11204.png
22.25127,11.30993,seed11205.png
37.71664,18.60237,seed11206.png
8.445583,4.057495,seed11207.png
-0.804248,23.932707,seed11208.png
28.64809,27.113874,seed11209.png
15.253703,12.8629675,seed1121.png
19.316002,10.996433,seed11210.png
-14.260015,3.0076518,seed11211.png
9.069481,13.723326,seed11212.png
-25.681232,-25.98001,seed11213.png
5.9913793,-8.251144,seed11214.png
-30.423733,19.378448,seed11215.png
-33.495132,19.86768,seed11216.png
13.380486,27.658827,seed11217.png
27.595388,4.640366,seed11218.png
-16.210693,-16.647675,seed11219.png
14.072081,22.485868,seed1122.png
-8.691008,11.563635,seed11220.png
12.762352,-35.137295,seed11221.png
37.22954,18.638351,seed11222.png
14.438084,-29.736486,seed11223.png
-29.864202,11.708166,seed11224.png
2.9170365,18.630377,seed11225.png
-31.378428,22.306477,seed11226.png
-14.769321,-8.843366,seed11227.png
-35.636646,6.6683364,seed11228.png
-31.431992,14.2978115,seed11229.png
-10.636508,-27.726765,seed1123.png
-15.947913,-0.7812339,seed11230.png
-0.6543931,-6.5237455,seed11231.png
-38.331715,21.513025,seed11232.png
-29.786604,-4.6758604,seed11233.png
-32.964855,1.3450551,seed11234.png
16.944069,-35.692127,seed11235.png
-32.45952,19.236012,seed11236.png
-19.365763,-11.176544,seed11237.png
1.2655696,13.040724,seed11238.png
12.99884,21.289656,seed11239.png
-29.202751,-8.543122,seed1124.png
-32.39851,20.233143,seed11240.png
-22.18111,-3.5131214,seed11241.png
11.92276,-43.055378,seed11242.png
-20.31861,-27.21891,seed11243.png
-8.347279,-7.809939,seed11244.png
15.049521,22.33621,seed11245.png
-11.769206,-26.19072,seed11246.png
-26.28418,-4.744823,seed11247.png
-7.196793,-24.435541,seed11248.png
14.275831,-3.6413198,seed11249.png
-21.514353,20.048998,seed1125.png
25.02706,14.195082,seed11250.png
-24.452942,0.1804586,seed11251.png
37.77388,23.960323,seed11252.png
-21.535788,-3.1645122,seed11253.png
19.630064,3.8028471,seed11254.png
-15.374427,0.29189205,seed11255.png
14.80031,19.1714,seed11256.png
-0.95724463,-17.755646,seed11257.png
-13.096207,-26.734478,seed11258.png
-24.043144,0.74825853,seed11259.png
6.0475173,-28.489454,seed1126.png
13.400827,20.651814,seed11260.png
-19.687712,-23.50718,seed11261.png
34.11256,17.924711,seed11262.png
-19.383112,-18.099089,seed11263.png
-25.522297,-26.831646,seed11264.png
-26.278994,-15.304483,seed11265.png
-35.778427,17.887072,seed11266.png
-19.4818,-20.09493,seed11267.png
-10.867086,0.69094795,seed11268.png
-1.410605,-16.088503,seed11269.png
14.67952,20.51333,seed1127.png
-24.29882,-18.309015,seed11270.png
-30.283463,6.876856,seed11271.png
-26.342276,9.601036,seed11272.png
-0.101421356,22.238863,seed11273.png
4.0635796,24.423712,seed11274.png
4.9974732,2.7704227,seed11275.png
-37.203827,20.220636,seed11276.png
5.4934764,2.3421028,seed11277.png
2.5033882,8.111125,seed11278.png
-18.962645,-18.191647,seed11279.png
-31.621424,25.081347,seed1128.png
15.430041,25.818071,seed11280.png
14.219087,28.093061,seed11281.png
-31.86593,4.993945,seed11282.png
-22.280333,6.1560254,seed11283.png
17.689642,18.907032,seed11284.png
-18.325592,-13.132618,seed11285.png
16.10356,-32.18135,seed11286.png
-19.47423,-7.500915,seed11287.png
-18.713097,-12.983554,seed11288.png
17.63139,15.379897,seed11289.png
-35.01976,-7.4521313,seed1129.png
-30.084274,2.2277648,seed11290.png
-6.1837487,4.6210127,seed11291.png
12.246507,14.980714,seed11292.png
9.8689575,26.242373,seed11293.png
-8.59127,-17.739443,seed11294.png
-19.161098,11.992499,seed11295.png
-9.353537,-25.226086,seed11296.png
36.45638,8.645025,seed11297.png
-9.63007,-22.242584,seed11298.png
-22.92775,20.987993,seed11299.png
15.112823,-36.25292,seed1130.png
-8.513727,-25.4654,seed11300.png
-36.836037,2.2718744,seed11301.png
31.878078,2.0430288,seed11302.png
7.4318943,-2.9346225,seed11303.png
8.763854,-6.5435886,seed11304.png
12.620074,-30.604357,seed11305.png
9.637388,-7.6192102,seed11306.png
10.554754,24.052326,seed11307.png
-13.57959,-26.262701,seed11308.png
5.389602,-35.233936,seed11309.png
-18.858505,-1.8537942,seed1131.png
-33.191837,16.451664,seed11310.png
-34.90719,10.922151,seed11311.png
-26.13806,-24.288294,seed11312.png
15.670211,-35.48629,seed11313.png
-14.024379,3.796971,seed11314.png
23.629354,18.677647,seed11315.png
-4.559414,-15.009565,seed11316.png
13.662767,11.1468725,seed11317.png
-24.658043,11.3338785,seed11318.png
-22.617476,-22.99679,seed11319.png
10.676699,11.824134,seed1132.png
15.342425,-32.844315,seed11320.png
17.382185,21.424885,seed11321.png
13.083901,27.241539,seed11322.png
7.0233183,12.218131,seed11323.png
-13.629947,-13.441035,seed11324.png
-33.46823,22.973547,seed11325.png
10.178538,-30.51309,seed11326.png
-37.396427,13.999289,seed11327.png
14.094996,-6.794867,seed11328.png
5.4526916,21.728172,seed11329.png
29.555809,12.854725,seed1133.png
-11.331391,-7.321752,seed11330.png
14.825836,1.3554307,seed11331.png
-15.155759,-22.348204,seed11332.png
25.96765,25.386364,seed11333.png
-7.388673,10.827752,seed11334.png
1.1530606,2.2379122,seed11335.png
5.226548,-31.715128,seed11336.png
27.096006,-4.357719,seed11337.png
26.611818,8.731996,seed11338.png
-23.294548,7.038352,seed11339.png
10.1736,-27.800892,seed1134.png
11.509148,-26.291708,seed11340.png
-14.978772,-15.032948,seed11341.png
14.355985,24.093973,seed11342.png
11.690936,0.89801097,seed11343.png
-23.645327,-13.781827,seed11344.png
24.74858,10.86334,seed11345.png
33.202522,29.322903,seed11346.png
0.46279764,-17.000961,seed11347.png
9.179786,21.123959,seed11348.png
-14.650478,-30.523043,seed11349.png
-23.000525,-7.9450808,seed1135.png
-29.52344,2.1970224,seed11350.png
-32.41963,21.23301,seed11351.png
-18.95072,-21.067575,seed11352.png
10.063077,-37.74034,seed11353.png
7.0912695,17.635712,seed11354.png
-29.2504,8.865264,seed11355.png
-14.209838,-12.110483,seed11356.png
-21.575653,-26.284899,seed11357.png
-28.964054,16.775547,seed11358.png
9.01847,-42.591396,seed11359.png
-10.808238,-8.3495035,seed1136.png
33.374054,25.545887,seed11360.png
-24.75184,15.919395,seed11361.png
-0.21901965,-17.467802,seed11362.png
2.39528,2.536646,seed11363.png
27.474337,8.913322,seed11364.png
-17.237362,-10.174479,seed11365.png
-24.240873,-19.415209,seed11366.png
-19.67038,-18.977642,seed11367.png
-23.27069,-1.440443,seed11368.png
-28.775995,11.569204,seed11369.png
34.86122,6.913691,seed1137.png
19.833961,0.87872446,seed11370.png
33.284298,22.304667,seed11371.png
-28.7364,-6.4839406,seed11372.png
-22.524893,8.164796,seed11373.png
19.459293,21.287775,seed11374.png
19.845913,9.304355,seed11375.png
-18.349821,-16.342579,seed11376.png
10.246074,-35.872932,seed11377.png
14.997489,28.68385,seed11378.png
-20.214289,-18.494362,seed11379.png
12.754705,-41.165127,seed1138.png
-23.457064,-9.296729,seed11380.png
16.590466,-2.85529,seed11381.png
12.645721,23.589384,seed11382.png
-15.459335,-7.1451964,seed11383.png
21.456306,-1.3374428,seed11384.png
-12.258198,-14.928366,seed11385.png
-16.310276,-26.863989,seed11386.png
31.627205,8.775963,seed11387.png
37.18201,7.0301437,seed11388.png
18.84032,-8.1767235,seed11389.png
0.8212915,22.632023,seed1139.png
-25.198082,-21.880783,seed11390.png
-12.467246,-4.432717,seed11391.png
18.485271,10.228534,seed11392.png
33.90713,25.312222,seed11393.png
-13.599002,-26.931238,seed11394.png
-8.76072,-18.37373,seed11395.png
-18.44474,8.297393,seed11396.png
-10.595511,-0.5151836,seed11397.png
-19.081923,9.823753,seed11398.png
-31.62701,-7.613711,seed11399.png
11.801193,-21.42613,seed1140.png
-8.0362425,-10.53907,seed11400.png
-10.272496,-2.188933,seed11401.png
16.682993,20.791546,seed11402.png
-18.086708,-9.655471,seed11403.png
-11.458636,-4.146166,seed11404.png
-7.569464,11.515242,seed11405.png
35.199665,21.102411,seed11406.png
0.46716362,8.097841,seed11407.png
-2.5999978,-8.092252,seed11408.png
-33.611095,11.099025,seed11409.png
7.311728,5.857598,seed1141.png
-11.442919,0.57764626,seed11410.png
13.40815,-2.7066104,seed11411.png
31.565004,13.777235,seed11412.png
39.666058,23.035824,seed11413.png
-9.689016,-4.146192,seed11414.png
-32.625267,18.187933,seed11415.png
33.90249,4.8793716,seed11416.png
-8.46617,-4.782845,seed11417.png
11.549677,22.118155,seed11418.png
-12.559054,-19.653902,seed11419.png
11.2384,-3.7225904,seed1142.png
7.7760005,17.207792,seed11420.png
-37.15721,14.164031,seed11421.png
-0.98198557,24.526045,seed11422.png
12.59668,11.501174,seed11423.png
-7.9552665,-3.9374683,seed11424.png
3.5341485,-35.968136,seed11425.png
26.113792,0.7359085,seed11426.png
-18.07241,-0.06424007,seed11427.png
11.223075,26.67652,seed11428.png
-24.839193,-16.390081,seed11429.png
17.97605,9.297509,seed1143.png
30.549532,4.5021873,seed11430.png
-27.337868,-10.848172,seed11431.png
3.562523,-30.89555,seed11432.png
16.805492,-35.490185,seed11433.png
-5.7913394,0.100701995,seed11434.png
-22.450336,-25.536987,seed11435.png
-21.494581,19.417994,seed11436.png
10.903655,-2.8230848,seed11437.png
-33.81528,-10.443932,seed11438.png
8.163638,-41.46788,seed11439.png
23.545502,24.412558,seed1144.png
16.791664,8.483581,seed11440.png
8.869271,-41.179443,seed11441.png
26.821373,15.858265,seed11442.png
31.64982,27.059744,seed11443.png
-21.822742,18.54008,seed11444.png
15.940883,-36.890095,seed11445.png
20.742393,0.29584858,seed11446.png
-18.890291,10.003208,seed11447.png
12.809242,14.054498,seed11448.png
12.478167,18.29833,seed11449.png
-0.7750092,22.586712,seed1145.png
-19.916458,-29.47418,seed11450.png
39.792698,19.400393,seed11451.png
-16.117731,-5.649512,seed11452.png
38.993988,15.600402,seed11453.png
-29.114214,15.580511,seed11454.png
-18.225235,-18.414095,seed11455.png
16.501654,1.6339747,seed11456.png
-20.954388,-1.6725643,seed11457.png
12.872476,27.177324,seed11458.png
18.88924,19.698412,seed11459.png
-18.353283,-30.303406,seed1146.png
-27.117464,-4.1427455,seed11460.png
-26.89877,-2.6002822,seed11461.png
10.226029,-23.785736,seed11462.png
23.338512,22.175947,seed11463.png
-1.4377608,-14.888706,seed11464.png
-22.596342,14.581002,seed11465.png
3.9725697,-6.1461782,seed11466.png
-22.62761,6.1013427,seed11467.png
23.423237,21.90318,seed11468.png
29.404816,28.528612,seed11469.png
-19.312916,6.5396433,seed1147.png
36.88603,4.9585934,seed11470.png
8.9458475,-6.088279,seed11471.png
33.873135,19.556854,seed11472.png
3.0802567,25.671267,seed11473.png
-3.949719,-14.606457,seed11474.png
-19.80596,-22.749098,seed11475.png
29.23011,11.030146,seed11476.png
32.20217,25.293411,seed11477.png
-22.916323,-17.378738,seed11478.png
-32.200634,16.047049,seed11479.png
13.216642,-38.842266,seed1148.png
13.151266,-38.874775,seed11480.png
-19.980661,-18.027716,seed11481.png
-12.890942,1.0805783,seed11482.png
35.105503,21.072512,seed11483.png
-26.365469,5.542513,seed11484.png
10.444545,-36.6341,seed11485.png
-21.510191,11.309254,seed11486.png
5.9463363,-35.500053,seed11487.png
-7.105699,-2.0650795,seed11488.png
-26.974241,-6.776607,seed11489.png
4.639102,-4.0177045,seed1149.png
3.9552093,18.550823,seed11490.png
-23.73755,13.681002,seed11491.png
-21.584694,15.676283,seed11492.png
-27.087929,-19.196112,seed11493.png
-31.26384,14.763726,seed11494.png
-3.8506413,-17.569017,seed11495.png
9.529129,-4.2521033,seed11496.png
4.6643243,-22.671131,seed11497.png
-33.719746,19.182419,seed11498.png
11.53949,-6.9008155,seed11499.png
-6.7899303,-2.9767852,seed1150.png
3.8865871,7.090913,seed11500.png
-20.979195,3.6638055,seed11501.png
-27.602297,-12.591972,seed11502.png
2.0655513,-8.205681,seed11503.png
33.20967,6.144008,seed11504.png
17.18314,8.391492,seed11505.png
-7.601137,-13.565869,seed11506.png
15.813307,-34.864014,seed11507.png
9.703279,5.0904155,seed11508.png
-17.515854,4.651986,seed11509.png
-23.482668,5.293715,seed1151.png
-32.77646,24.517323,seed11510.png
25.139864,16.267254,seed11511.png
-0.9755901,15.243353,seed11512.png
26.308521,14.133413,seed11513.png
41.49559,15.994436,seed11514.png
-16.145569,-17.481333,seed11515.png
26.648058,27.481918,seed11516.png
38.0667,22.340706,seed11517.png
19.528946,18.081827,seed11518.png
-31.403816,18.251015,seed11519.png
9.851195,19.905449,seed1152.png
-27.890314,4.8144555,seed11520.png
-11.863263,-1.0203642,seed11521.png
-16.402521,-7.4326262,seed11522.png
-6.970632,-23.143322,seed11523.png
38.305588,13.800143,seed11524.png
22.313011,20.307478,seed11525.png
-19.732124,12.999714,seed11526.png
30.5687,1.9827769,seed11527.png
-3.192496,-23.339397,seed11528.png
-36.38572,26.134956,seed11529.png
10.491033,-1.1362883,seed1153.png
-24.422752,4.4332895,seed11530.png
37.020023,21.531422,seed11531.png
-28.682968,-3.7172449,seed11532.png
31.803972,18.621613,seed11533.png
-22.048574,-21.30428,seed11534.png
-18.2554,-14.201246,seed11535.png
28.804117,20.30378,seed11536.png
-11.780709,5.562031,seed11537.png
-14.045797,-4.746956,seed11538.png
-15.549229,-2.4891193,seed11539.png
30.475836,26.559334,seed1154.png
-13.926673,-26.743841,seed11540.png
34.065086,6.053213,seed11541.png
9.906904,-35.893833,seed11542.png
-31.888933,23.35414,seed11543.png
-9.7109165,-7.155269,seed11544.png
5.4018884,-36.492035,seed11545.png
-31.129671,1.6844127,seed11546.png
3.4073808,14.215067,seed11547.png
9.430081,-23.32334,seed11548.png
-7.3264313,-0.14597654,seed11549.png
18.185116,-1.1102647,seed1155.png
-4.6400967,-17.60954,seed11550.png
10.374137,3.7554314,seed11551.png
35.80984,21.592749,seed11552.png
-6.626152,6.5593166,seed11553.png
-25.333849,15.068457,seed11554.png
19.674189,11.663532,seed11555.png
5.921896,-39.952076,seed11556.png
34.60812,24.540945,seed11557.png
16.331282,-1.3508598,seed11558.png
15.893283,-5.4672456,seed11559.png
-31.244263,18.316952,seed1156.png
33.79356,21.747086,seed11560.png
-18.123243,-31.17576,seed11561.png
3.4415474,12.024791,seed11562.png
27.559418,16.97758,seed11563.png
-33.158886,23.308632,seed11564.png
29.617798,30.529894,seed11565.png
17.021957,21.69493,seed11566.png
19.641132,24.824799,seed11567.png
-2.5980668,-26.228222,seed11568.png
6.97875,7.7532587,seed11569.png
15.080948,-31.665792,seed1157.png
20.026543,-8.925134,seed11570.png
5.5910964,-26.599485,seed11571.png
-1.7088622,7.7707677,seed11572.png
-17.343235,-16.864403,seed11573.png
-17.44521,-4.956198,seed11574.png
26.026255,9.896316,seed11575.png
-18.468336,-11.569478,seed11576.png
-26.49174,9.971337,seed11577.png
10.939868,28.023138,seed11578.png
-27.38612,-10.410434,seed11579.png
-29.055605,8.559724,seed1158.png
0.32692966,-11.421924,seed11580.png
-0.79735047,-3.0535781,seed11581.png
-19.303694,-11.55082,seed11582.png
11.765151,-41.762783,seed11583.png
-36.04668,11.633178,seed11584.png
-21.643667,2.7862937,seed11585.png
13.199147,1.5218899,seed11586.png
3.3063257,-34.29025,seed11587.png
-21.618948,18.446005,seed11588.png
-33.18776,27.09454,seed11589.png
-21.761303,14.400028,seed1159.png
-11.024025,-25.791914,seed11590.png
11.824771,-38.5375,seed11591.png
-19.37348,-14.788235,seed11592.png
12.90604,16.314478,seed11593.png
20.872791,18.899353,seed11594.png
27.378633,-3.1585848,seed11595.png
13.059739,5.871473,seed11596.png
-20.27755,-12.968544,seed11597.png
-17.741518,-17.903006,seed11598.png
-11.328933,-15.060241,seed11599.png
-22.958187,-16.291939,seed1160.png
-18.05706,-0.67295736,seed11600.png
-20.469475,2.2165236,seed11601.png
-29.929487,2.1530776,seed11602.png
1.433383,-2.2001863,seed11603.png
-28.50716,-3.3388734,seed11604.png
9.0196705,12.537217,seed11605.png
27.749315,15.717596,seed11606.png
-12.198522,-14.884278,seed11607.png
2.9822643,-32.070602,seed11608.png
13.919614,-1.5165302,seed11609.png
-33.889023,15.697874,seed1161.png
-30.793047,7.4393535,seed11610.png
29.052717,18.850084,seed11611.png
11.583944,29.345896,seed11612.png
1.4288301,-26.969128,seed11613.png
-23.992504,-9.497661,seed11614.png
-1.2817231,17.294863,seed11615.png
12.017561,-38.323414,seed11616.png
-4.975273,-6.2481246,seed11617.png
-13.580944,-29.307558,seed11618.png
4.865687,-29.767643,seed11619.png
17.870377,-1.1223606,seed1162.png
-10.566293,-23.916758,seed11620.png
9.618119,7.6886835,seed11621.png
11.847234,12.592437,seed11622.png
6.5201197,16.433075,seed11623.png
32.31243,9.275853,seed11624.png
-11.636742,-16.49135,seed11625.png
-23.311398,-25.06323,seed11626.png
9.120232,11.945744,seed11627.png
32.78135,26.815987,seed11628.png
-16.551542,-1.4430615,seed11629.png
38.45879,6.3527236,seed1163.png
37.505894,5.0860023,seed11630.png
7.6380386,-34.125496,seed11631.png
11.72584,21.37266,seed11632.png
-1.9918321,5.1809464,seed11633.png
11.580699,-23.672611,seed11634.png
-23.096972,9.997414,seed11635.png
-14.52011,1.6876593,seed11636.png
7.1665735,1.3509542,seed11637.png
24.611002,-1.6938486,seed11638.png
-22.618341,-11.456002,seed11639.png
-33.365757,-0.37038502,seed1164.png
10.330981,8.117101,seed11640.png
-12.31014,-25.418768,seed11641.png
34.348965,26.906929,seed11642.png
5.0955877,12.985479,seed11643.png
-9.725997,-24.996365,seed11644.png
39.222893,21.57718,seed11645.png
23.137535,21.980343,seed11646.png
17.002201,-0.09876972,seed11647.png
24.232683,13.365172,seed11648.png
16.481411,5.40895,seed11649.png
-11.747596,8.6124,seed1165.png
9.775824,-2.8183317,seed11650.png
33.547844,25.373053,seed11651.png
0.22489291,-4.62424,seed11652.png
-2.9714837,23.507015,seed11653.png
-18.955265,-25.972271,seed11654.png
8.416198,-9.66737,seed11655.png
19.145487,6.715844,seed11656.png
8.593478,-39.28815,seed11657.png
-26.18977,-22.398594,seed11658.png
-1.1658142,24.539207,seed11659.png
-31.76842,14.175005,seed1166.png
34.373856,23.098104,seed11660.png
-33.585476,15.939069,seed11661.png
19.205448,23.676186,seed11662.png
6.635328,-36.52893,seed11663.png
3.6576335,-27.1811,seed11664.png
29.22017,11.477561,seed11665.png
-20.87151,-4.340826,seed11666.png
21.44571,-5.734468,seed11667.png
-13.000791,-10.152486,seed11668.png
-11.740771,-20.92796,seed11669.png
12.317866,-24.109076,seed1167.png
20.999985,2.0086875,seed11670.png
10.489463,19.1797,seed11671.png
37.334373,11.622361,seed11672.png
5.5615816,13.346608,seed11673.png
14.425931,26.945227,seed11674.png
-23.153782,-5.8175817,seed11675.png
5.2510977,8.388174,seed11676.png
-26.870964,-4.2270293,seed11677.png
20.162628,23.860655,seed11678.png
15.659513,-5.0949087,seed11679.png
15.457007,15.957389,seed1168.png
-20.04649,2.4272685,seed11680.png
33.666256,8.732481,seed11681.png
6.0702457,10.031503,seed11682.png
32.749424,25.711517,seed11683.png
30.067741,14.850048,seed11684.png
34.75675,6.2255507,seed11685.png
18.382729,11.282269,seed11686.png
8.679384,-28.44548,seed11687.png
-4.2438617,-5.636653,seed11688.png
38.15201,22.802896,seed11689.png
-21.822702,2.1958077,seed1169.png
-14.588999,-32.67049,seed11690.png
-6.1282988,-5.996449,seed11691.png
24.183964,2.4358068,seed11692.png
-32.102238,23.651554,seed11693.png
40.11948,22.725674,seed11694.png
-13.942381,-25.849777,seed11695.png
-26.30879,-2.6861336,seed11696.png
14.451175,-5.2372904,seed11697.png
6.7442207,2.8227353,seed11698.png
-13.850734,4.537748,seed11699.png
-26.687544,10.961589,seed1170.png
26.898418,27.435144,seed11700.png
26.087408,8.187657,seed11701.png
29.452705,26.6078,seed11702.png
-10.10739,2.4421933,seed11703.png
37.24521,18.496832,seed11704.png
1.6209488,13.1744,seed11705.png
5.4688325,0.25200543,seed11706.png
5.898341,-26.760038,seed11707.png
26.826153,16.372797,seed11708.png
-27.873411,-9.964798,seed11709.png
11.32273,-33.224693,seed1171.png
34.57118,3.6721604,seed11710.png
37.04165,9.974516,seed11711.png
13.924083,-28.542896,seed11712.png
23.831991,21.417559,seed11713.png
-19.153732,-18.21557,seed11714.png
-19.442575,-20.959206,seed11715.png
31.832027,10.205587,seed11716.png
14.063486,19.589062,seed11717.png
-27.137184,2.126128,seed11718.png
-26.883474,5.33789,seed11719.png
32.298702,10.70449,seed1172.png
-15.029722,-6.083239,seed11720.png
-28.528555,-12.774366,seed11721.png
38.05802,18.78151,seed11722.png
5.1762414,-37.73781,seed11723.png
-14.773878,-29.712778,seed11724.png
12.82494,-31.675005,seed11725.png
9.1827965,29.552979,seed11726.png
-15.746475,-2.5867774,seed11727.png
2.6597252,18.020735,seed11728.png
40.067966,20.230091,seed11729.png
24.732832,1.35959,seed1173.png
32.430374,12.406396,seed11730.png
-24.91521,-9.888572,seed11731.png
10.249564,23.300365,seed11732.png
-3.635508,-11.753898,seed11733.png
6.2196527,21.150263,seed11734.png
14.367543,-33.51202,seed11735.png
-15.280853,-15.160198,seed11736.png
-30.524664,-8.639484,seed11737.png
-16.284082,-11.685245,seed11738.png
-23.82709,9.6071005,seed11739.png
-27.576963,-17.5332,seed1174.png
0.45128277,18.19209,seed11740.png
1.2020265,17.431734,seed11741.png
-12.316599,-9.872915,seed11742.png
-13.018547,-24.7269,seed11743.png
-15.860694,6.461996,seed11744.png
-27.32929,12.932342,seed11745.png
-32.977524,4.970969,seed11746.png
1.8041933,4.225517,seed11747.png
-9.493357,4.7549806,seed11748.png
-21.262293,7.12664,seed11749.png
9.363241,6.2597404,seed1175.png
36.05454,23.275635,seed11750.png
-8.126339,-17.09329,seed11751.png
-12.02797,-21.829023,seed11752.png
27.216164,15.963585,seed11753.png
-19.18398,-18.116972,seed11754.png
-16.215271,4.539106,seed11755.png
12.350877,-10.225422,seed11756.png
-1.768878,-15.068437,seed11757.png
-13.391305,-26.770546,seed11758.png
24.529535,15.24478,seed11759.png
14.603841,-4.784741,seed1176.png
13.999802,10.7154455,seed11760.png
-19.746653,-16.504951,seed11761.png
-4.6172895,-14.344974,seed11762.png
35.03613,8.383862,seed11763.png
20.802183,1.2292557,seed11764.png
-28.209604,9.234316,seed11765.png
-17.103395,-7.582564,seed11766.png
-21.647411,-24.368675,seed11767.png
-8.625133,-14.299694,seed11768.png
2.35779,18.58897,seed11769.png
-15.361693,3.4183807,seed1177.png
-17.80117,-20.732513,seed11770.png
7.9792075,10.661849,seed11771.png
-22.840452,-16.058603,seed11772.png
18.466942,-2.9797547,seed11773.png
-25.857693,-0.03317253,seed11774.png
13.447911,3.5989156,seed11775.png
7.8244934,-15.371854,seed11776.png
-14.954492,-0.19063327,seed11777.png
-24.300997,12.387866,seed11778.png
15.556746,20.667046,seed11779.png
8.471168,8.267121,seed1178.png
12.229884,-33.96977,seed11780.png
26.275122,21.756708,seed11781.png
-32.559284,21.94415,seed11782.png
21.943556,14.890826,seed11783.png
3.390036,-5.7071257,seed11784.png
34.320427,11.544292,seed11785.png
-23.168205,-15.832839,seed11786.png
38.574463,19.12702,seed11787.png
-23.02897,0.1840539,seed11788.png
19.823854,26.554527,seed11789.png
-14.3155775,-24.027954,seed1179.png
-19.573956,7.7513957,seed11790.png
26.57359,17.62468,seed11791.png
32.15383,26.85805,seed11792.png
15.690815,-9.948186,seed11793.png
32.514065,7.7605658,seed11794.png
-19.821482,-16.187971,seed11795.png
-17.449078,5.443751,seed11796.png
7.057741,-26.082802,seed11797.png
35.713364,13.512604,seed11798.png
-15.719243,-2.5508387,seed11799.png
6.5759373,-33.563313,seed1180.png
-34.16814,22.390596,seed11800.png
31.598892,13.033937,seed11801.png
17.21267,17.71227,seed11802.png
9.100868,-7.950063,seed11803.png
25.478577,6.7505627,seed11804.png
-12.243887,6.7698298,seed11805.png
21.655148,0.61379033,seed11806.png
7.3683305,13.613674,seed11807.png
14.216451,4.295097,seed11808.png
-17.136578,-1.8211908,seed11809.png
-18.815683,-17.33949,seed1181.png
8.185515,1.3080972,seed11810.png
-17.344797,4.9337664,seed11811.png
-24.248926,2.670848,seed11812.png
-20.201687,-13.106049,seed11813.png
34.165684,14.494253,seed11814.png
12.879159,2.5463672,seed11815.png
26.817448,9.648078,seed11816.png
6.1349654,-34.047997,seed11817.png
12.071232,27.077133,seed11818.png
-37.22235,23.949385,seed11819.png
-1.1728722,-11.124684,seed1182.png
-33.62064,7.6768045,seed11820.png
-23.207031,-13.460914,seed11821.png
2.9535456,-33.2073,seed11822.png
-19.452606,11.547689,seed11823.png
22.855707,13.989111,seed11824.png
-20.527872,-16.614668,seed11825.png
7.879542,21.307636,seed11826.png
3.9766636,-33.253017,seed11827.png
-18.147934,-11.505549,seed11828.png
-20.748976,-13.792145,seed11829.png
22.082747,-4.9867973,seed1183.png
15.853439,13.089576,seed11830.png
6.8091846,-40.22159,seed11831.png
-12.226158,-5.0607166,seed11832.png
29.490274,10.70492,seed11833.png
-22.056131,12.136468,seed11834.png
-11.248609,-10.879993,seed11835.png
19.026133,20.081703,seed11836.png
-11.992978,6.4267306,seed11837.png
-24.12593,-4.8865886,seed11838.png
-4.6215453,-5.3378606,seed11839.png
28.683989,16.941298,seed1184.png
40.395153,22.253044,seed11840.png
-10.815606,10.065878,seed11841.png
-21.661066,10.075529,seed11842.png
15.151449,2.3066661,seed11843.png
29.627848,-2.654087,seed11844.png
6.5982356,8.966453,seed11845.png
31.026423,-0.99087864,seed11846.png
-36.935646,8.392828,seed11847.png
-5.001148,-6.829227,seed11848.png
-25.606071,1.2153955,seed11849.png
6.0584073,-38.491734,seed1185.png
3.7364485,-25.697086,seed11850.png
6.7693825,-4.072319,seed11851.png
19.813797,4.5110373,seed11852.png
0.2503364,18.425709,seed11853.png
-28.659777,-6.6609836,seed11854.png
6.175436,-6.157089,seed11855.png
8.704114,-33.63615,seed11856.png
20.494328,24.65395,seed11857.png
-18.543228,-25.197418,seed11858.png
-29.634565,8.105898,seed11859.png
10.993203,-37.960896,seed1186.png
10.145275,22.830399,seed11860.png
37.93952,15.18877,seed11861.png
-4.6430717,-4.240128,seed11862.png
-2.9196336,-22.387718,seed11863.png
7.1403666,21.718056,seed11864.png
-10.0033455,-13.734038,seed11865.png
14.634587,25.107494,seed11866.png
-0.38372916,-13.579864,seed11867.png
-34.5573,27.702913,seed11868.png
12.546636,-29.944849,seed11869.png
-17.775473,-28.839706,seed1187.png
-3.4112284,-11.278292,seed11870.png
23.718721,4.30896,seed11871.png
-4.8469663,16.098194,seed11872.png
-20.685514,10.545065,seed11873.png
17.47031,28.359835,seed11874.png
19.31869,25.317425,seed11875.png
-12.230707,-6.644422,seed11876.png
7.0708747,5.952627,seed11877.png
11.219582,-1.5030807,seed11878.png
-24.795376,15.842338,seed11879.png
3.9422257,-26.605776,seed1188.png
11.350813,-42.203316,seed11880.png
-9.772269,-27.016098,seed11881.png
5.035221,24.740795,seed11882.png
-32.63554,10.398245,seed11883.png
20.73073,22.776346,seed11884.png
5.283139,1.0608655,seed11885.png
-16.247362,-9.662859,seed11886.png
-27.856476,-8.337935,seed11887.png
-12.347153,-16.349014,seed11888.png
35.557163,16.490492,seed11889.png
16.306065,18.944574,seed1189.png
8.934411,-34.91068,seed11890.png
-17.28511,-17.839132,seed11891.png
-13.299067,-0.5416056,seed11892.png
23.32272,11.294784,seed11893.png
-16.98026,-30.713017,seed11894.png
-10.7295,-14.384052,seed11895.png
-31.551443,17.934319,seed11896.png
20.463873,23.511448,seed11897.png
-26.233015,18.80199,seed11898.png
32.339752,24.135532,seed11899.png
-1.7528119,-8.720772,seed1190.png
10.175106,-25.454157,seed11900.png
-7.556373,-18.003458,seed11901.png
-1.2558395,-11.250234,seed11902.png
0.6901467,21.676235,seed11903.png
40.077305,16.949005,seed11904.png
-24.54607,-16.587854,seed11905.png
31.772892,19.791508,seed11906.png
3.0208879,8.498138,seed11907.png
39.462616,24.462536,seed11908.png
4.7892904,6.303482,seed11909.png
-7.8948326,-11.261375,seed1191.png
-16.73993,7.819889,seed11910.png
2.2025843,-6.009866,seed11911.png
-34.69252,28.00458,seed11912.png
6.4848914,-39.753838,seed11913.png
22.608755,6.694798,seed11914.png
13.532841,-4.865067,seed11915.png
24.07193,16.756777,seed11916.png
27.33033,15.439234,seed11917.png
3.6629083,-1.7851236,seed11918.png
7.0149546,-6.8279576,seed11919.png
-20.392267,-4.4340105,seed1192.png
-35.187283,27.327917,seed11920.png
15.689765,-2.3410842,seed11921.png
7.344405,6.497319,seed11922.png
11.146941,-1.9234365,seed11923.png
-17.626091,-16.138794,seed11924.png
13.448495,-40.437702,seed11925.png
-30.35303,3.3132067,seed11926.png
-22.858967,18.659878,seed11927.png
-35.38332,-5.3933477,seed11928.png
-28.253944,12.316841,seed11929.png
20.415424,16.937624,seed1193.png
29.103123,8.555693,seed11930.png
14.491769,26.804394,seed11931.png
15.635763,2.3768566,seed11932.png
9.854549,12.429716,seed11933.png
30.217903,28.282204,seed11934.png
8.378252,19.004366,seed11935.png
25.96794,19.207783,seed11936.png
-31.542961,-0.6665739,seed11937.png
-1.6503016,15.983819,seed11938.png
38.365936,15.358593,seed11939.png
37.08729,16.186644,seed1194.png
29.567955,6.828391,seed11940.png
-32.671223,25.259535,seed11941.png
31.294178,29.625526,seed11942.png
14.753459,12.349476,seed11943.png
-22.133469,12.182057,seed11944.png
-33.729794,-8.098729,seed11945.png
-13.281661,-5.681977,seed11946.png
25.176392,2.063886,seed11947.png
2.6229088,15.462819,seed11948.png
0.6521505,-13.838353,seed11949.png
-11.994847,-11.556191,seed1195.png
30.9726,13.952819,seed11950.png
19.956972,-2.0426445,seed11951.png
-17.52464,-14.787459,seed11952.png
28.09776,7.3308825,seed11953.png
26.864035,8.275098,seed11954.png
-9.285215,-16.413282,seed11955.png
10.888669,17.415821,seed11956.png
26.753546,5.8651505,seed11957.png
15.694106,-9.342403,seed11958.png
-20.154139,-10.3025875,seed11959.png
0.119515084,-17.510376,seed1196.png
-33.18756,-18.289175,seed11960.png
14.680735,-31.800825,seed11961.png
29.43657,28.483606,seed11962.png
4.7150674,-7.4850726,seed11963.png
-13.4815235,-16.70222,seed11964.png
-15.130152,-1.2037488,seed11965.png
24.493402,-1.1487085,seed11966.png
26.515127,10.43663,seed11967.png
-35.10411,-5.5164633,seed11968.png
-21.050884,-0.89558,seed11969.png
15.378449,-2.741639,seed1197.png
34.205513,23.20642,seed11970.png
12.349231,-25.79139,seed11971.png
-23.268055,-5.7473345,seed11972.png
11.119696,-23.107168,seed11973.png
5.4546967,-5.364778,seed11974.png
13.870826,-29.748674,seed11975.png
24.6126,10.221111,seed11976.png
29.064554,3.5378342,seed11977.png
31.955544,25.12258,seed11978.png
3.6851802,-13.883573,seed11979.png
-31.787186,3.2635896,seed1198.png
-37.561897,13.247953,seed11980.png
-20.722427,-27.165842,seed11981.png
41.62983,17.831705,seed11982.png
13.444444,-3.5468144,seed11983.png
-16.507439,-5.210843,seed11984.png
7.718213,-1.0395709,seed11985.png
-7.938514,-21.770523,seed11986.png
21.953526,-4.003019,seed11987.png
-22.316034,15.497976,seed11988.png
-21.947659,-17.983877,seed11989.png
-17.408438,4.645469,seed1199.png
10.999835,-33.209354,seed11990.png
-7.8810306,-7.632608,seed11991.png
-25.931358,3.5815628,seed11992.png
-34.438595,26.07722,seed11993.png
-19.039879,4.3825192,seed11994.png
15.532304,-2.440535,seed11995.png
5.6081886,-39.07769,seed11996.png
-16.762224,-20.604609,seed11997.png
25.073547,4.011294,seed11998.png
-27.813215,-11.53872,seed11999.png
-18.141893,-16.810686,seed1200.png
-28.837097,8.78056,seed12000.png
-25.295181,4.17799,seed12001.png
15.57997,-33.841515,seed12002.png
-6.7730803,-24.294277,seed12003.png
-13.204663,-28.560904,seed12004.png
-29.75491,14.823925,seed12005.png
-26.079472,14.821997,seed12006.png
-4.341393,-23.940187,seed12007.png
10.801893,-26.218939,seed12008.png
-25.586792,-10.511431,seed12009.png
-10.381827,9.919609,seed1201.png
18.521023,-4.648042,seed12010.png
12.313494,-39.23237,seed12011.png
9.756789,8.268056,seed12012.png
-30.315437,14.684537,seed12013.png
-15.802777,-13.204214,seed12014.png
-30.460436,21.978817,seed12015.png
24.281725,-1.0058118,seed12016.png
24.065088,8.763328,seed12017.png
-17.194897,-26.481203,seed12018.png
-10.701826,-7.7752714,seed12019.png
-28.070143,13.488749,seed1202.png
20.436445,22.6223,seed12020.png
-27.093344,-16.443247,seed12021.png
21.952982,24.50603,seed12022.png
-17.975044,1.8477495,seed12023.png
-16.87471,-14.187836,seed12024.png
-39.181217,21.70047,seed12025.png
-30.018959,-5.5364957,seed12026.png
-30.175114,13.293842,seed12027.png
-18.31906,-2.451353,seed12028.png
-22.144552,-17.967684,seed12029.png
-7.7897553,-9.127932,seed1203.png
-28.704512,13.012814,seed12030.png
29.620316,28.699745,seed12031.png
33.985874,17.20671,seed12032.png
19.98909,20.739395,seed12033.png
-18.544277,-21.32003,seed12034.png
-12.013911,9.625895,seed12035.png
-26.663189,6.7446413,seed12036.png
8.36639,12.011169,seed12037.png
2.042001,5.7269807,seed12038.png
-16.844019,-29.273094,seed12039.png
34.161415,13.11979,seed1204.png
13.007999,-2.776754,seed12040.png
11.171618,4.7541666,seed12041.png
-30.93002,14.050805,seed12042.png
-14.606309,-17.532452,seed12043.png
-16.865513,6.541673,seed12044.png
10.762592,13.110938,seed12045.png
10.420752,-29.26068,seed12046.png
4.3561053,-36.59342,seed12047.png
38.980778,15.94386,seed12048.png
-21.69731,-15.751272,seed12049.png
3.722191,-30.45334,seed1205.png
-15.800739,-24.112421,seed12050.png
30.093302,17.535307,seed12051.png
14.834681,-9.826857,seed12052.png
11.422737,19.717749,seed12053.png
-25.896166,0.81723404,seed12054.png
15.628034,27.712156,seed12055.png
-2.0614023,-10.969268,seed12056.png
27.06379,12.617418,seed12057.png
-30.597345,15.593272,seed12058.png
23.284725,-3.2695947,seed12059.png
27.209646,25.373869,seed1206.png
-22.20439,17.532347,seed12060.png
-35.72417,22.859074,seed12061.png
-26.128294,-14.575074,seed12062.png
-13.950491,-21.69155,seed12063.png
3.4758904,17.114784,seed12064.png
8.732494,-5.5887094,seed12065.png
26.163921,13.846975,seed12066.png
-26.148933,16.286242,seed12067.png
-30.768219,5.720017,seed12068.png
22.31073,16.584162,seed12069.png
-10.369676,-29.50144,seed1207.png
-23.52105,-0.5709078,seed12070.png
7.8307333,-28.134409,seed12071.png
-16.925869,-30.171225,seed12072.png
1.8072139,23.987604,seed12073.png
22.00996,7.122615,seed12074.png
31.029442,-0.75609434,seed12075.png
12.600579,-42.75224,seed12076.png
21.636528,23.30905,seed12077.png
9.333833,-4.953823,seed12078.png
-0.25037768,24.02809,seed12079.png
-10.200297,-20.108103,seed1208.png
2.1585078,13.382831,seed12080.png
-21.072718,-27.76122,seed12081.png
13.317821,25.462315,seed12082.png
6.6349034,-8.179575,seed12083.png
-14.313935,-3.666758,seed12084.png
15.410294,25.532679,seed12085.png
-25.20148,-9.692242,seed12086.png
0.9473619,-13.968888,seed12087.png
27.367302,5.220706,seed12088.png
-27.042929,-12.295522,seed12089.png
29.891136,26.007288,seed1209.png
11.147149,1.5450027,seed12090.png
26.209044,-3.9615307,seed12091.png
-33.542305,22.445375,seed12092.png
11.685433,-38.898342,seed12093.png
20.662079,22.077148,seed12094.png
-4.165858,-5.25625,seed12095.png
8.821403,-3.9822993,seed12096.png
4.4533057,-27.558228,seed12097.png
-27.499414,10.302819,seed12098.png
-14.868656,-27.062708,seed12099.png
-8.16351,-27.799849,seed1210.png
2.7922049,-28.974129,seed12100.png
-1.1790828,15.034696,seed12101.png
-19.589003,-15.443329,seed12102.png
11.453615,-9.066143,seed12103.png
27.522379,18.816946,seed12104.png
9.786554,-42.24246,seed12105.png
-33.371346,20.359377,seed12106.png
11.681995,-23.82073,seed12107.png
27.170826,10.4580555,seed12108.png
-17.42173,-25.348516,seed12109.png
8.48224,14.781696,seed1211.png
35.235996,8.095431,seed12110.png
13.875499,-32.67153,seed12111.png
-18.228207,-20.09811,seed12112.png
-3.7031524,-3.7784495,seed12113.png
-34.666794,20.641333,seed12114.png
-32.6291,17.379692,seed12115.png
13.971543,-2.5046809,seed12116.png
22.025599,-6.5666275,seed12117.png
-22.395084,3.395904,seed12118.png
-3.459726,-15.25006,seed12119.png
19.697868,18.208885,seed1212.png
-28.923618,-8.7925625,seed12120.png
0.13485175,11.176925,seed12121.png
13.0649185,-36.02069,seed12122.png
1.8714231,13.084076,seed12123.png
-21.365274,13.239582,seed12124.png
-31.718632,10.65973,seed12125.png
-22.462626,-24.72693,seed12126.png
-28.594982,-12.586161,seed12127.png
11.699539,27.842735,seed12128.png
-15.006611,13.46842,seed12129.png
9.227623,-38.67535,seed1213.png
-0.16100773,19.45574,seed12130.png
-24.230448,7.1010075,seed12131.png
-13.85944,4.650641,seed12132.png
7.956449,23.536007,seed12133.png
25.226109,16.740822,seed12134.png
15.3034725,15.697314,seed12135.png
13.901918,-39.58877,seed12136.png
-9.03315,-4.126142,seed12137.png
16.844145,22.8316,seed12138.png
-33.220398,22.731565,seed12139.png
7.174475,20.906277,seed1214.png
-11.445105,-20.197971,seed12140.png
-15.836279,-24.260454,seed12141.png
-22.376112,14.407235,seed12142.png
-27.605341,13.700775,seed12143.png
14.822233,-32.66844,seed12144.png
-4.483818,-1.8032424,seed12145.png
18.609514,14.119716,seed12146.png
14.305701,16.00736,seed12147.png
-6.639287,13.236916,seed12148.png
-1.3525791,-13.2777,seed12149.png
-26.062777,-7.246804,seed1215.png
-24.113228,6.547097,seed12150.png
3.337885,-19.57163,seed12151.png
-34.651546,23.897257,seed12152.png
15.281004,22.151627,seed12153.png
25.73352,8.425716,seed12154.png
4.1762276,7.553203,seed12155.png
-18.389658,1.5143958,seed12156.png
-14.929029,-4.4847393,seed12157.png
-30.177338,15.409955,seed12158.png
11.852743,-9.473765,seed12159.png
22.211176,3.9057572,seed1216.png
8.657894,-41.173225,seed12160.png
9.4295025,-9.5835905,seed12161.png
-8.501595,-10.534191,seed12162.png
-0.5954737,4.6747985,seed12163.png
14.805657,-32.030514,seed12164.png
-17.416525,-9.59982,seed12165.png
21.638388,20.969376,seed12166.png
-5.734151,-8.639675,seed12167.png
-30.698853,24.809765,seed12168.png
1.7550762,15.822784,seed12169.png
31.9008,5.9712996,seed1217.png
-33.523506,26.968643,seed12170.png
-9.535662,-13.254553,seed12171.png
-36.586666,20.754341,seed12172.png
-1.4157625,22.000998,seed12173.png
9.697924,25.183924,seed12174.png
4.2501235,-26.647339,seed12175.png
15.634953,13.400782,seed12176.png
12.000817,-32.99059,seed12177.png
-1.6546146,-12.851439,seed12178.png
22.43973,18.261938,seed12179.png
-27.785406,20.92947,seed1218.png
33.523945,14.2352,seed12180.png
19.209026,-5.9478054,seed12181.png
19.682457,23.026505,seed12182.png
-24.893969,4.4052463,seed12183.png
30.582008,6.915529,seed12184.png
-22.38325,-14.730734,seed12185.png
13.048191,28.260239,seed12186.png
11.885736,18.296143,seed12187.png
6.677578,-40.27225,seed12188.png
28.44427,16.253183,seed12189.png
17.907915,-4.8225875,seed1219.png
-19.933523,3.2792711,seed12190.png
11.425413,27.940536,seed12191.png
18.358717,20.304707,seed12192.png
36.59772,23.616447,seed12193.png
26.000149,10.687261,seed12194.png
30.069792,15.881632,seed12195.png
34.225163,27.848866,seed12196.png
-15.752882,-19.625652,seed12197.png
9.127262,-36.34788,seed12198.png
-8.135283,-6.871318,seed12199.png
-26.071047,12.151417,seed1220.png
10.283266,-36.606434,seed12200.png
-19.724234,6.431278,seed12201.png
-29.254807,16.199442,seed12202.png
8.1022625,-37.509388,seed12203.png
-31.925655,1.7714275,seed12204.png
37.220505,25.019445,seed12205.png
7.4912353,-3.2914162,seed12206.png
5.5201464,22.409155,seed12207.png
29.992537,15.320152,seed12208.png
-18.116045,10.640829,seed12209.png
-26.655365,-18.334538,seed1221.png
34.66327,26.604408,seed12210.png
-15.722973,-28.88717,seed12211.png
4.78097,-35.019054,seed12212.png
-32.349583,2.2695024,seed12213.png
-5.460582,2.404021,seed12214.png
17.768087,0.69703615,seed12215.png
30.125008,12.159974,seed12216.png
7.777406,-28.066776,seed12217.png
0.11496419,-31.352795,seed12218.png
-14.618227,-4.798739,seed12219.png
-26.13856,-9.685459,seed1222.png
5.028079,4.4686236,seed12220.png
-22.912,6.499608,seed12221.png
26.777483,19.259493,seed12222.png
9.536618,10.816939,seed12223.png
11.937227,8.845439,seed12224.png
3.3293831,22.509718,seed12225.png
9.883785,2.4486313,seed12226.png
-31.104374,-2.9405663,seed12227.png
-33.596596,23.08642,seed12228.png
-30.32865,24.443264,seed12229.png
12.822022,-41.768066,seed1223.png
-18.882566,9.412024,seed12230.png
13.6977005,-40.265984,seed12231.png
13.671168,2.5721517,seed12232.png
19.94686,7.177217,seed12233.png
15.27632,-35.727245,seed12234.png
-16.865673,-28.399813,seed12235.png
-34.758305,19.772947,seed12236.png
-20.963139,4.837538,seed12237.png
-32.945126,5.8770833,seed12238.png
-33.036278,24.573565,seed12239.png
-16.509138,-28.520039,seed1224.png
16.266829,14.193064,seed12240.png
-25.483131,14.827976,seed12241.png
-16.455847,-8.869409,seed12242.png
-33.645084,3.7146642,seed12243.png
-13.241074,-31.91065,seed12244.png
9.640205,20.447536,seed12245.png
-23.245628,13.679573,seed12246.png
-29.655127,8.612553,seed12247.png
13.589094,-23.096209,seed12248.png
-19.861132,-7.085394,seed12249.png
-8.852165,-25.451351,seed1225.png
34.82024,12.256399,seed12250.png
12.954396,-36.05279,seed12251.png
-13.263094,-12.143607,seed12252.png
19.181875,-8.411808,seed12253.png
0.42845762,-18.893953,seed12254.png
11.1597185,-34.567284,seed12255.png
-31.52188,9.132178,seed12256.png
9.845242,-6.706917,seed12257.png
26.653774,25.36224,seed12258.png
-9.909914,-15.8761,seed12259.png
-22.273352,-14.220369,seed1226.png
-9.655437,-0.75670147,seed12260.png
8.043145,-28.544657,seed12261.png
-7.382266,-9.001502,seed12262.png
-19.533064,-20.531805,seed12263.png
-21.33656,-2.3151746,seed12264.png
-7.7613015,-4.2711043,seed12265.png
5.342966,2.659021,seed12266.png
31.20802,13.33664,seed12267.png
-27.051184,-16.498419,seed12268.png
-18.54503,17.74718,seed12269.png
-20.659092,16.977894,seed1227.png
-19.234854,-25.522955,seed12270.png
-32.049423,22.9285,seed12271.png
15.046565,10.537847,seed12272.png
-1.1515322,21.515379,seed12273.png
1.2035261,-0.17936377,seed12274.png
-30.816889,20.040733,seed12275.png
26.883741,17.481958,seed12276.png
9.466246,8.111464,seed12277.png
31.79214,2.735174,seed12278.png
-22.079672,19.646132,seed12279.png
-5.2725763,-14.152346,seed1228.png
-3.30448,4.376601,seed12280.png
-11.559042,-25.535168,seed12281.png
15.588903,3.4287167,seed12282.png
30.40221,11.978228,seed12283.png
19.173796,6.3016768,seed12284.png
9.462187,-44.07431,seed12285.png
35.447407,16.588085,seed12286.png
-18.059183,-13.095716,seed12287.png
-22.286537,20.161146,seed12288.png
-12.165297,-0.271639,seed12289.png
10.8625345,25.668865,seed1229.png
23.956877,21.700537,seed12290.png
-36.841022,11.755102,seed12291.png
0.8611065,22.326347,seed12292.png
19.13639,2.2120602,seed12293.png
19.465277,-2.786271,seed12294.png
-29.486008,11.114981,seed12295.png
-25.500034,-9.293697,seed12296.png
30.254343,15.269459,seed12297.png
-18.776058,-23.53485,seed12298.png
3.7057066,-3.2676756,seed12299.png
25.634619,8.112648,seed1230.png
19.926891,-3.269787,seed12300.png
-16.70575,-4.886604,seed12301.png
10.248899,3.4574487,seed12302.png
-18.247112,-12.887159,seed12303.png
31.840765,5.1710353,seed12304.png
-32.492817,0.05137285,seed12305.png
28.803436,28.921371,seed12306.png
-12.700456,-10.452466,seed12307.png
-31.587536,23.610073,seed12308.png
-10.142973,-21.496067,seed12309.png
-18.969694,-27.374624,seed1231.png
11.002311,21.628996,seed12310.png
-32.420498,4.094974,seed12311.png
-2.5206888,-11.957615,seed12312.png
-31.247517,17.944532,seed12313.png
5.0556836,5.4269724,seed12314.png
7.18953,18.670454,seed12315.png
21.258932,9.229451,seed12316.png
27.875534,26.07598,seed12317.png
4.9999995,-2.7279665,seed12318.png
3.0093007,0.5895275,seed12319.png
12.753665,-3.6390607,seed1232.png
-25.247442,3.44036,seed12320.png
10.2301235,5.7867465,seed12321.png
-7.1145654,2.6749914,seed12322.png
-30.061272,4.0334735,seed12323.png
-15.435222,-32.132694,seed12324.png
22.281471,13.866306,seed12325.png
-1.361252,-15.532844,seed12326.png
-22.044388,8.945988,seed12327.png
-28.508305,-12.122737,seed12328.png
36.86917,16.132282,seed12329.png
0.102865964,13.888273,seed1233.png
25.383783,-2.3780594,seed12330.png
1.4225999,9.042874,seed12331.png
-25.177801,9.926099,seed12332.png
20.028778,21.472256,seed12333.png
6.5328145,23.357613,seed12334.png
-20.414812,-15.527101,seed12335.png
36.35979,18.632227,seed12336.png
3.0444655,-4.9491806,seed12337.png
12.6382885,-5.3884935,seed12338.png
14.406752,-1.9168029,seed12339.png
24.755388,13.646556,seed1234.png
10.759067,0.6332574,seed12340.png
-30.82331,24.537233,seed12341.png
7.4756913,14.815169,seed12342.png
15.991751,10.888346,seed12343.png
-9.739553,9.899062,seed12344.png
16.030027,3.2697713,seed12345.png
25.939114,15.083936,seed12346.png
7.9190664,2.1742926,seed12347.png
-30.559963,18.356136,seed12348.png
26.877777,22.095343,seed12349.png
-30.950151,4.857567,seed1235.png
16.877848,24.124773,seed12350.png
-18.98604,-26.196774,seed12351.png
7.741626,-40.505165,seed12352.png
-7.6867685,-14.963124,seed12353.png
-12.27378,-10.231079,seed12354.png
-12.671077,-6.704393,seed12355.png
-2.6096292,-3.1916862,seed12356.png
10.820237,24.506487,seed12357.png
9.758514,19.864489,seed12358.png
14.260327,-32.05658,seed12359.png
-30.046728,16.213753,seed1236.png
-22.053104,15.253038,seed12360.png
-14.169472,-2.464184,seed12361.png
-34.760452,16.871077,seed12362.png
-0.74584866,24.816235,seed12363.png
6.19519,-32.30249,seed12364.png
25.489124,12.598924,seed12365.png
-5.283865,-24.817778,seed12366.png
-32.212345,8.501366,seed12367.png
-13.983496,-15.731639,seed12368.png
33.740013,4.512303,seed12369.png
-25.435629,10.86007,seed1237.png
6.320019,22.956175,seed12370.png
1.4995946,-9.506033,seed12371.png
-27.687836,-11.484196,seed12372.png
-14.510631,-11.482272,seed12373.png
-17.522863,1.6746783,seed12374.png
19.025106,7.293793,seed12375.png
-11.152611,6.3500285,seed12376.png
37.68102,11.3557825,seed12377.png
34.892254,7.467818,seed12378.png
-29.571112,-12.534233,seed12379.png
-30.129845,13.679121,seed1238.png
18.70422,7.492043,seed12380.png
-36.505703,14.6785,seed12381.png
-18.76061,-22.878073,seed12382.png
-21.391273,18.06212,seed12383.png
19.678432,-1.9928708,seed12384.png
16.08457,-2.8909872,seed12385.png
-3.5621655,-16.97086,seed12386.png
-19.844715,-17.684782,seed12387.png
-2.696943,-20.549875,seed12388.png
17.2286,4.5781403,seed12389.png
13.626468,-38.799675,seed1239.png
3.1039515,1.9165524,seed12390.png
-33.145992,-11.590378,seed12391.png
31.03206,23.367716,seed12392.png
-0.33249933,26.07385,seed12393.png
15.225006,-1.14992,seed12394.png
-32.85436,24.071228,seed12395.png
15.64066,24.32207,seed12396.png
8.832679,15.124603,seed12397.png
11.729482,26.693726,seed12398.png
11.215305,-33.490543,seed12399.png
-20.522558,11.477404,seed1240.png
-0.27731425,23.253853,seed12400.png
17.74953,21.688578,seed12401.png
-21.59115,-12.340781,seed12402.png
22.877417,20.709066,seed12403.png
-11.196856,-0.7043543,seed12404.png
-18.99916,19.834858,seed12405.png
11.863323,10.150925,seed12406.png
1.5842829,-24.427433,seed12407.png
-3.5919843,3.8656414,seed12408.png
-13.508976,-14.469396,seed12409.png
-18.816673,-10.5275,seed1241.png
11.275679,-8.184529,seed12410.png
14.472703,3.2082405,seed12411.png
-1.1827978,23.405142,seed12412.png
-14.680436,-0.31649202,seed12413.png
27.809464,-0.12595749,seed12414.png
-25.598686,-5.4946227,seed12415.png
-6.960985,-2.775633,seed12416.png
33.89948,25.359,seed12417.png
28.134367,2.1983206,seed12418.png
-27.224377,1.535086,seed12419.png
10.387754,13.269117,seed1242.png
-15.899692,-8.2080765,seed12420.png
-28.182852,-16.497284,seed12421.png
20.641006,18.144903,seed12422.png
34.961086,17.41732,seed12423.png
23.053104,-7.508718,seed12424.png
14.529758,-35.453766,seed12425.png
19.36418,-2.9194136,seed12426.png
-33.98519,9.88616,seed12427.png
-3.2785888,-2.9884048,seed12428.png
7.1500993,-19.540314,seed12429.png
-6.031487,-2.6352503,seed1243.png
-27.324602,18.865158,seed12430.png
-20.111197,-17.106747,seed12431.png
-31.752558,3.6903453,seed12432.png
26.147003,-1.3632905,seed12433.png
23.964014,20.697334,seed12434.png
-23.836416,-3.1796048,seed12435.png
40.676952,18.018204,seed12436.png
-33.46943,21.798225,seed12437.png
16.516178,20.998526,seed12438.png
-14.548199,-17.531975,seed12439.png
-18.700317,13.121624,seed1244.png
-4.667067,12.564466,seed12440.png
30.691456,25.927809,seed12441.png
18.601732,-1.2292075,seed12442.png
-16.036348,-18.473583,seed12443.png
-22.087763,-23.431667,seed12444.png
14.873387,24.269573,seed12445.png
-1.5682282,-5.296482,seed12446.png
27.74361,19.052965,seed12447.png
-19.019537,-3.630385,seed12448.png
-23.624659,-14.187299,seed12449.png
-9.473059,-16.423231,seed1245.png
-2.543377,-3.2779093,seed12450.png
-0.5970236,18.39187,seed12451.png
-29.974789,14.295512,seed12452.png
10.163965,22.98961,seed12453.png
-13.484418,-10.182737,seed12454.png
21.440908,17.07355,seed12455.png
-20.89539,-16.42723,seed12456.png
-13.553536,2.9810102,seed12457.png
-29.537216,4.736824,seed12458.png
13.513951,-27.49238,seed12459.png
12.453116,19.539074,seed1246.png
28.811325,24.408249,seed12460.png
38.802845,12.463981,seed12461.png
-34.42201,26.87879,seed12462.png
-17.693148,2.474121,seed12463.png
-19.96643,-6.0668077,seed12464.png
32.211704,22.402187,seed12465.png
-23.263065,4.957201,seed12466.png
4.743941,4.3652515,seed12467.png
-36.34133,10.3625765,seed12468.png
25.31414,18.758904,seed12469.png
13.105591,-4.0417385,seed1247.png
-29.348455,-2.370553,seed12470.png
20.287075,18.892344,seed12471.png
9.37575,-33.867847,seed12472.png
17.989359,13.891102,seed12473.png
18.743618,24.93476,seed12474.png
33.727432,4.9418397,seed12475.png
9.860413,28.291046,seed12476.png
26.414045,14.157551,seed12477.png
29.87751,27.799742,seed12478.png
19.979551,-7.693292,seed12479.png
29.733147,-0.16313092,seed1248.png
-5.0758014,-12.216301,seed12480.png
33.877342,10.820264,seed12481.png
-12.92766,-2.4690723,seed12482.png
0.27687004,-1.2181417,seed12483.png
34.662476,27.12515,seed12484.png
-35.154984,20.172894,seed12485.png
-19.796131,-12.770607,seed12486.png
2.3359616,-0.91343087,seed12487.png
-11.10799,-0.7383922,seed12488.png
5.6149974,7.996451,seed12489.png
21.786207,13.135216,seed1249.png
-23.31594,-24.621145,seed12490.png
-23.085932,-19.2318,seed12491.png
26.014324,10.040156,seed12492.png
10.482398,9.7148,seed12493.png
7.7441864,1.1319896,seed12494.png
10.961627,-29.294851,seed12495.png
-17.482504,-26.86409,seed12496.png
18.20486,-3.217173,seed12497.png
-31.584707,6.2368956,seed12498.png
8.64637,-31.648323,seed12499.png
3.9535005,16.851946,seed1250.png
19.952454,0.27102414,seed12500.png
36.9065,19.559923,seed12501.png
10.11642,-1.5859799,seed12502.png
35.633648,22.102373,seed12503.png
33.192486,22.616045,seed12504.png
-10.216825,7.1755753,seed12505.png
18.005363,26.403437,seed12506.png
32.0167,5.120938,seed12507.png
-14.490049,-17.84639,seed12508.png
-26.924349,-8.565803,seed12509.png
30.47365,12.02147,seed1251.png
29.725208,-2.8484786,seed12510.png
11.005804,-26.00374,seed12511.png
13.745208,-38.505756,seed12512.png
29.816628,14.251905,seed12513.png
-21.741314,-27.097675,seed12514.png
-8.064498,-4.4273157,seed12515.png
35.951,10.472566,seed12516.png
-15.044331,-32.459538,seed12517.png
12.852626,25.159323,seed12518.png
-24.189545,-20.452354,seed12519.png
22.667091,0.5226797,seed1252.png
-22.751312,6.1898136,seed12520.png
-21.583397,12.881762,seed12521.png
-33.250336,21.705288,seed12522.png
-21.672812,-12.824442,seed12523.png
39.056118,22.117891,seed12524.png
-22.465578,-14.732795,seed12525.png
16.37366,-32.07003,seed12526.png
16.328056,19.762009,seed12527.png
26.683372,-2.2771802,seed12528.png
-25.115364,7.0236025,seed12529.png
-34.166935,19.008942,seed1253.png
4.065356,18.426092,seed12530.png
-8.994396,6.9544554,seed12531.png
-31.747938,11.021806,seed12532.png
22.252983,11.238807,seed12533.png
3.4390867,-11.330387,seed12534.png
15.479712,-32.313618,seed12535.png
-24.41056,2.794617,seed12536.png
-9.603768,-13.382636,seed12537.png
19.859598,21.253208,seed12538.png
23.755566,4.7198873,seed12539.png
35.851177,13.082265,seed1254.png
25.82826,8.176275,seed12540.png
-23.921492,-28.035376,seed12541.png
-21.696697,-11.492944,seed12542.png
9.054487,-28.536812,seed12543.png
16.545883,24.375002,seed12544.png
31.225794,6.026488,seed12545.png
-28.924952,-11.385369,seed12546.png
16.965698,17.878557,seed12547.png
3.9353485,0.97463614,seed12548.png
16.524572,-38.63469,seed12549.png
-10.512488,6.6980057,seed1255.png
1.0890939,23.149332,seed12550.png
28.788658,19.642675,seed12551.png
-21.42914,11.661411,seed12552.png
-24.617104,-26.859829,seed12553.png
-6.8180594,-23.49524,seed12554.png
-7.846927,-25.07337,seed12555.png
-7.5387993,-5.613447,seed12556.png
7.0181127,15.402703,seed12557.png
11.676793,19.01087,seed12558.png
-31.781881,26.230595,seed12559.png
7.207231,16.7935,seed1256.png
-27.918556,9.662317,seed12560.png
-17.827217,-17.148426,seed12561.png
-15.788877,-19.769503,seed12562.png
-17.598183,-25.186117,seed12563.png
-22.150759,0.12407818,seed12564.png
-19.298002,-29.402647,seed12565.png
16.423641,-9.141518,seed12566.png
10.268782,-28.452326,seed12567.png
12.260496,-28.841244,seed12568.png
37.518013,10.817845,seed12569.png
-16.443409,-21.846867,seed1257.png
-7.925683,1.0255497,seed12570.png
-18.905483,-13.09364,seed12571.png
13.245708,4.772127,seed12572.png
15.99576,29.235579,seed12573.png
7.213634,22.37468,seed12574.png
-30.836483,-15.531447,seed12575.png
3.6987207,20.005465,seed12576.png
28.716146,15.736583,seed12577.png
20.35878,2.7651567,seed12578.png
15.240854,7.9128885,seed12579.png
13.842497,18.420877,seed1258.png
-12.654848,-10.6642065,seed12580.png
-35.815155,25.95366,seed12581.png
-5.0780287,-6.1557264,seed12582.png
-16.496878,-4.299384,seed12583.png
27.116352,8.932845,seed12584.png
-2.5254958,15.3787365,seed12585.png
25.576782,-6.6485963,seed12586.png
29.8941,13.078499,seed12587.png
16.425611,-33.439243,seed12588.png
1.014559,16.992128,seed12589.png
3.2970765,10.779816,seed1259.png
-0.8782696,-13.359255,seed12590.png
6.892572,9.31962,seed12591.png
-26.170849,-5.818126,seed12592.png
-9.47231,-13.674411,seed12593.png
9.47734,-39.703968,seed12594.png
-13.697666,-20.425076,seed12595.png
-20.093906,4.230116,seed12596.png
14.858576,-32.22617,seed12597.png
19.452785,-2.9497445,seed12598.png
10.14559,-3.3165195,seed12599.png
12.600855,-4.384646,seed1260.png
-21.724718,7.7596555,seed12600.png
39.460316,21.447142,seed12601.png
-15.823425,0.4098073,seed12602.png
16.424814,-33.89278,seed12603.png
-8.220935,-15.078428,seed12604.png
-14.192393,-20.027279,seed12605.png
25.649614,7.6397576,seed12606.png
33.0608,6.3884277,seed12607.png
-10.946219,-8.1796255,seed12608.png
-0.76125616,16.513252,seed12609.png
17.852592,0.9742209,seed1261.png
11.809816,27.54567,seed12610.png
-24.859552,-22.41259,seed12611.png
-7.401896,-10.377036,seed12612.png
-19.893358,-30.616816,seed12613.png
8.177712,12.179492,seed12614.png
10.467482,8.3009,seed12615.png
28.791645,11.843073,seed12616.png
-12.822885,-6.8710775,seed12617.png
30.141302,14.823132,seed12618.png
31.089203,6.587432,seed12619.png
-14.238401,-27.610533,seed1262.png
-23.644884,-17.731962,seed12620.png
38.464203,23.334234,seed12621.png
-32.07255,5.258831,seed12622.png
15.474224,-33.796204,seed12623.png
21.602137,15.344675,seed12624.png
34.50277,18.166294,seed12625.png
-30.02688,16.892385,seed12626.png
-36.428837,22.123537,seed12627.png
29.19703,19.896212,seed12628.png
-1.8882655,-16.534403,seed12629.png
20.414387,18.051695,seed1263.png
38.231667,20.534994,seed12630.png
20.512165,16.319813,seed12631.png
28.316238,18.29008,seed12632.png
-24.876503,-23.100117,seed12633.png
-7.377375,-13.747987,seed12634.png
-8.98439,2.048678,seed12635.png
38.994926,15.709487,seed12636.png
-7.9446173,-15.840546,seed12637.png
5.6291227,-37.872955,seed12638.png
5.0421143,-38.36555,seed12639.png
-9.649474,-12.266144,seed1264.png
5.8374386,8.982031,seed12640.png
-23.320847,-5.074684,seed12641.png
10.011979,21.879921,seed12642.png
18.630219,19.517458,seed12643.png
24.106335,-6.222275,seed12644.png
-11.040704,-14.167045,seed12645.png
28.421309,24.448015,seed12646.png
14.273526,29.255892,seed12647.png
-26.534767,11.231577,seed12648.png
-14.79413,-9.306131,seed12649.png
-28.396534,-19.579218,seed1265.png
3.6055222,-29.416851,seed12650.png
23.01256,10.283049,seed12651.png
28.713501,24.909384,seed12652.png
6.200222,17.896708,seed12653.png
20.313108,21.751167,seed12654.png
25.25435,11.13845,seed12655.png
-8.652428,-28.699783,seed12656.png
11.610751,8.911835,seed12657.png
-34.2521,10.495467,seed12658.png
18.639837,18.965467,seed12659.png
22.227367,7.5673933,seed1266.png
12.604365,-2.5927727,seed12660.png
0.32905173,15.129433,seed12661.png
21.252811,-8.788222,seed12662.png
-19.787722,0.043639608,seed12663.png
-30.874681,-2.415453,seed12664.png
1.0476829,-5.5837336,seed12665.png
26.813969,17.367176,seed12666.png
-21.782572,15.704676,seed12667.png
-29.194208,-13.862568,seed12668.png
-21.232534,-27.566147,seed12669.png
-35.300888,26.353996,seed1267.png
0.035120834,23.00149,seed12670.png
3.471633,11.765784,seed12671.png
-8.411507,-10.451689,seed12672.png
17.273691,21.707975,seed12673.png
-26.789083,17.994638,seed12674.png
18.143389,3.6804028,seed12675.png
-25.717335,-0.8316034,seed12676.png
14.299602,12.569138,seed12677.png
10.287465,-3.1520574,seed12678.png
24.783693,8.704073,seed12679.png
-16.55339,2.526345,seed1268.png
2.4690588,4.6087193,seed12680.png
25.38718,17.813353,seed12681.png
25.297457,8.67071,seed12682.png
-21.818916,13.13027,seed12683.png
-23.56468,-4.6946435,seed12684.png
-26.137135,-0.8139785,seed12685.png
-26.859018,11.157799,seed12686.png
13.422797,-29.927217,seed12687.png
-5.2925224,-12.694277,seed12688.png
20.918102,26.040272,seed12689.png
8.640035,-40.68368,seed1269.png
14.156116,-26.480404,seed12690.png
11.507753,-4.4676867,seed12691.png
15.800776,-1.7765713,seed12692.png
17.345774,2.4368982,seed12693.png
6.941277,12.087433,seed12694.png
38.13297,25.161694,seed12695.png
-33.65141,6.164606,seed12696.png
-37.343304,21.818617,seed12697.png
-27.465857,7.2274866,seed12698.png
19.59718,-9.474506,seed12699.png
-33.71625,8.065351,seed1270.png
-31.694443,6.357346,seed12700.png
36.46574,9.351555,seed12701.png
12.522979,-29.790768,seed12702.png
26.867905,28.56182,seed12703.png
-9.256795,-16.978765,seed12704.png
-18.835836,16.882715,seed12705.png
1.5909557,-3.095177,seed12706.png
-11.989819,-21.927845,seed12707.png
-10.162249,-13.918627,seed12708.png
-34.073555,-9.840132,seed12709.png
-16.701954,-18.784399,seed1271.png
-25.761036,9.749599,seed12710.png
-22.99063,16.095228,seed12711.png
0.36730486,19.02409,seed12712.png
-33.981396,20.687418,seed12713.png
23.746273,9.471457,seed12714.png
-23.34226,-4.0929375,seed12715.png
-26.087303,7.487151,seed12716.png
31.818113,26.759504,seed12717.png
1.9598191,13.615909,seed12718.png
24.538132,-5.3871284,seed12719.png
31.368958,17.61017,seed1272.png
40.042294,14.391822,seed12720.png
-18.945333,-25.738825,seed12721.png
12.375493,-36.694218,seed12722.png
21.231047,23.692484,seed12723.png
-0.33303007,17.44901,seed12724.png
14.179594,-3.0036864,seed12725.png
-32.81159,23.686375,seed12726.png
25.335087,18.814846,seed12727.png
-23.19062,4.116583,seed12728.png
-35.985188,11.345358,seed12729.png
3.1250067,-24.717161,seed1273.png
-21.768337,-26.633062,seed12730.png
34.07769,11.67942,seed12731.png
10.090384,-7.3236256,seed12732.png
-21.79269,11.157708,seed12733.png
16.537422,7.333403,seed12734.png
-21.31602,19.982777,seed12735.png
-17.97229,-4.333398,seed12736.png
14.16316,-22.623732,seed12737.png
5.8448863,-34.388115,seed12738.png
36.903244,18.18002,seed12739.png
8.876439,-25.960056,seed1274.png
-17.33789,-15.934036,seed12740.png
-22.40368,9.468629,seed12741.png
24.804821,11.01113,seed12742.png
34.669086,9.633088,seed12743.png
11.797598,-6.0429125,seed12744.png
-27.098112,-11.441255,seed12745.png
32.30643,21.568459,seed12746.png
15.476824,-6.528082,seed12747.png
-23.069887,-17.267296,seed12748.png
14.6367445,1.7982342,seed12749.png
4.8673067,7.730958,seed1275.png
-31.132082,-5.167214,seed12750.png
36.860905,20.294477,seed12751.png
-22.992563,-9.956538,seed12752.png
8.76224,-34.41992,seed12753.png
7.438899,-4.648165,seed12754.png
11.151649,29.01474,seed12755.png
-33.897278,22.101025,seed12756.png
-27.15539,-1.3733624,seed12757.png
22.06059,16.388569,seed12758.png
12.822209,-25.886717,seed12759.png
5.95931,-36.01744,seed1276.png
-32.18078,-9.514999,seed12760.png
9.096101,16.346684,seed12761.png
2.4080088,-31.623318,seed12762.png
-21.551401,-18.546383,seed12763.png
1.5466777,1.3718408,seed12764.png
4.8971763,8.259959,seed12765.png
16.424212,26.66246,seed12766.png
0.16214901,15.200978,seed12767.png
-28.278194,-5.929641,seed12768.png
5.2434626,0.5454419,seed12769.png
7.2788982,-26.725506,seed1277.png
-5.7703614,-16.136438,seed12770.png
11.654439,6.9943695,seed12771.png
30.213915,7.1609936,seed12772.png
-20.107561,-3.9501104,seed12773.png
-37.173645,-6.418578,seed12774.png
-28.997622,23.497145,seed12775.png
16.527899,6.3088,seed12776.png
11.47643,-43.36044,seed12777.png
-13.806933,-16.033457,seed12778.png
-15.838708,-26.997618,seed12779.png
37.229576,18.567575,seed1278.png
-15.780537,-11.762221,seed12780.png
-32.734444,10.689366,seed12781.png
7.8772254,-1.00029,seed12782.png
9.293473,-12.434035,seed12783.png
15.671578,-35.34671,seed12784.png
14.166152,-39.60986,seed12785.png
16.785814,24.111319,seed12786.png
-31.505627,-9.8457,seed12787.png
-23.516209,-2.1496608,seed12788.png
29.465405,4.957989,seed12789.png
2.3474414,1.6409293,seed1279.png
-32.768005,-5.3843346,seed12790.png
37.717155,20.877619,seed12791.png
-7.653229,-6.607689,seed12792.png
21.36703,6.5304146,seed12793.png
-35.408897,11.887327,seed12794.png
11.576424,-1.2247667,seed12795.png
-33.138638,5.0007977,seed12796.png
12.421867,-10.233967,seed12797.png
-13.506916,1.732795,seed12798.png
6.4266047,16.413963,seed12799.png
-34.32009,7.140656,seed1280.png
-13.016357,-6.3907585,seed12800.png
-16.833467,-32.072617,seed12801.png
22.437004,-8.105315,seed12802.png
-24.162395,-19.6022,seed12803.png
-18.648296,-24.382425,seed12804.png
-32.16284,20.237219,seed12805.png
0.75249505,24.67487,seed12806.png
-32.70745,13.924583,seed12807.png
-11.966908,7.9089217,seed12808.png
31.237316,-0.6514391,seed12809.png
-34.878876,-8.839189,seed1281.png
-14.19751,-20.937632,seed12810.png
7.626826,-31.70925,seed12811.png
36.85838,23.772367,seed12812.png
-22.341427,1.5014744,seed12813.png
-14.989644,-20.54617,seed12814.png
17.029085,23.373613,seed12815.png
20.783226,13.493827,seed12816.png
-23.048662,-0.93984187,seed12817.png
2.1097507,5.974027,seed12818.png
-21.106195,13.69541,seed12819.png
1.8702352,-30.432821,seed1282.png
29.122715,16.852142,seed12820.png
-16.360655,-29.678488,seed12821.png
9.6423025,-36.28201,seed12822.png
20.181068,-4.755553,seed12823.png
-18.25404,-14.31053,seed12824.png
-23.150028,5.142671,seed12825.png
-32.22577,15.948912,seed12826.png
18.483095,27.736834,seed12827.png
13.130654,28.485445,seed12828.png
5.467761,21.514114,seed12829.png
-19.42944,-7.2645535,seed1283.png
-30.052881,24.613077,seed12830.png
23.353334,18.484625,seed12831.png
-24.314344,9.713647,seed12832.png
33.425022,27.67687,seed12833.png
-24.80437,-21.431559,seed12834.png
-12.953558,-29.542189,seed12835.png
40.09271,19.920742,seed12836.png
-0.11982037,9.989866,seed12837.png
-9.706073,-10.053943,seed12838.png
-1.8886096,24.637478,seed12839.png
-30.515028,22.874311,seed1284.png
-18.435223,-20.54425,seed12840.png
32.275246,9.867837,seed12841.png
3.7026942,6.075456,seed12842.png
30.5931,14.591573,seed12843.png
-11.349074,-3.220151,seed12844.png
-14.365076,2.9424887,seed12845.png
-18.42463,-17.22103,seed12846.png
-32.4897,-3.1806674,seed12847.png
3.6804025,19.691639,seed12848.png
-33.202194,23.624868,seed12849.png
14.425741,25.395283,seed1285.png
7.977161,10.965878,seed12850.png
-24.521427,-13.736815,seed12851.png
-7.9537673,-23.030308,seed12852.png
-16.0367,8.718042,seed12853.png
10.035532,22.95181,seed12854.png
6.214745,16.986364,seed12855.png
7.381519,-30.763605,seed12856.png
20.438007,6.5591817,seed12857.png
18.710848,8.390525,seed12858.png
27.913269,-0.7353377,seed12859.png
21.234869,2.1061523,seed1286.png
8.886196,15.320935,seed12860.png
-14.558433,-11.44211,seed12861.png
-16.582403,-27.071648,seed12862.png
-30.954391,-5.130401,seed12863.png
-29.946222,8.9676895,seed12864.png
-27.336117,3.755123,seed12865.png
-18.54569,-30.355034,seed12866.png
-19.4571,8.344528,seed12867.png
25.470154,4.6890903,seed12868.png
4.6503353,5.9819646,seed12869.png
39.285297,18.718733,seed1287.png
8.152881,11.466411,seed12870.png
34.338882,10.450962,seed12871.png
-12.58262,-26.428638,seed12872.png
31.451302,28.952389,seed12873.png
10.248576,-2.9131439,seed12874.png
30.802263,6.856319,seed12875.png
39.879597,20.231146,seed12876.png
22.488035,-3.980609,seed12877.png
5.994537,-25.035896,seed12878.png
31.593363,17.891935,seed12879.png
-7.3988056,-2.6921074,seed1288.png
-13.005872,-29.656273,seed12880.png
-0.8668688,-12.145255,seed12881.png
-36.55175,17.97931,seed12882.png
9.086665,1.9780256,seed12883.png
-23.442692,2.496616,seed12884.png
0.9572734,19.03309,seed12885.png
25.288015,21.735964,seed12886.png
2.813505,-30.308304,seed12887.png
5.4678335,11.226841,seed12888.png
-17.464622,-21.578295,seed12889.png
-30.992727,24.96973,seed1289.png
8.921137,-4.969788,seed12890.png
-0.52921134,-17.141314,seed12891.png
11.988714,-40.349594,seed12892.png
21.427137,-1.6497508,seed12893.png
-13.800035,-27.643066,seed12894.png
-35.745144,8.326542,seed12895.png
-3.6878364,1.8618857,seed12896.png
-17.595757,-24.068132,seed12897.png
-17.003193,-3.005498,seed12898.png
5.121445,-31.773964,seed12899.png
13.9681015,6.4353366,seed1290.png
1.5642391,17.729008,seed12900.png
27.752913,17.989315,seed12901.png
36.84663,22.14648,seed12902.png
26.28447,3.0975103,seed12903.png
38.29029,22.765493,seed12904.png
6.47174,-8.999379,seed12905.png
-7.344487,-25.3369,seed12906.png
-13.709403,-12.633903,seed12907.png
39.379604,12.993255,seed12908.png
4.8766265,20.814667,seed12909.png
-26.001604,12.083633,seed1291.png
-26.48755,-25.257978,seed12910.png
27.715054,27.846424,seed12911.png
-24.953074,-8.490858,seed12912.png
-9.921665,3.9174006,seed12913.png
-12.246064,-29.576796,seed12914.png
-30.138039,-6.1580043,seed12915.png
16.27941,-32.785313,seed12916.png
-5.8821244,-19.825228,seed12917.png
-33.873928,7.4979806,seed12918.png
1.2018037,11.714362,seed12919.png
39.748833,18.374151,seed1292.png
21.045597,-2.9510622,seed12920.png
-28.246721,13.641952,seed12921.png
21.756382,15.803775,seed12922.png
-0.3952283,17.163301,seed12923.png
13.841102,-37.658573,seed12924.png
28.367136,11.724742,seed12925.png
-28.485373,6.8081374,seed12926.png
-13.4737835,-24.345793,seed12927.png
-18.969435,7.013851,seed12928.png
0.09305243,-0.0111108655,seed12929.png
15.6163,-0.93453485,seed1293.png
17.550478,7.393801,seed12930.png
-32.65709,23.398643,seed12931.png
-24.771896,-18.174156,seed12932.png
10.054188,6.500981,seed12933.png
-23.998093,-13.106928,seed12934.png
7.8805118,20.584389,seed12935.png
1.4833853,0.026071593,seed12936.png
8.96313,-30.346628,seed12937.png
38.772728,11.498481,seed12938.png
-3.1816971,-6.2747436,seed12939.png
-4.639296,-4.1671185,seed1294.png
-5.1773334,14.707244,seed12940.png
-0.85808057,-12.984953,seed12941.png
24.018623,24.263494,seed12942.png
-14.784758,-11.539847,seed12943.png
-4.713437,-18.628,seed12944.png
-0.61559397,-13.630216,seed12945.png
24.861464,22.745588,seed12946.png
-13.667917,-12.5261135,seed12947.png
20.359219,20.330254,seed12948.png
11.830543,-5.085707,seed12949.png
22.749636,1.7521045,seed1295.png
36.183167,25.716976,seed12950.png
12.320503,-5.243245,seed12951.png
-24.654078,3.8215828,seed12952.png
-33.098633,24.069433,seed12953.png
-22.85231,-18.552814,seed12954.png
15.448148,-33.424393,seed12955.png
35.018013,18.671202,seed12956.png
-33.44692,-6.1358886,seed12957.png
-22.609068,-18.269289,seed12958.png
-14.30585,-27.722284,seed12959.png
-2.4833968,-1.3253772,seed1296.png
-27.797243,2.061298,seed12960.png
10.445568,-41.588768,seed12961.png
35.998524,22.682165,seed12962.png
9.945958,-24.71378,seed12963.png
16.77863,6.5776644,seed12964.png
9.732526,-3.2254448,seed12965.png
1.7555408,18.296995,seed12966.png
-10.674451,-6.7264366,seed12967.png
24.764433,13.707431,seed12968.png
20.826775,-9.081766,seed12969.png
4.283767,16.35309,seed1297.png
-0.37769186,12.508625,seed12970.png
16.292917,-34.2291,seed12971.png
-19.818459,-27.978445,seed12972.png
-24.354357,-11.373512,seed12973.png
32.3892,7.976417,seed12974.png
-17.21696,-29.29041,seed12975.png
-17.28154,-0.4427903,seed12976.png
3.8650737,-16.708652,seed12977.png
15.669336,-4.4445434,seed12978.png
7.770012,-41.18946,seed12979.png
36.06251,18.455397,seed1298.png
26.590816,16.310295,seed12980.png
-25.911392,16.708649,seed12981.png
-30.85687,6.580157,seed12982.png
24.134497,1.8293433,seed12983.png
-24.469099,-15.051543,seed12984.png
9.5041065,-6.05479,seed12985.png
-19.258162,-13.7479725,seed12986.png
-12.243089,0.80661744,seed12987.png
17.066706,-35.927094,seed12988.png
9.465465,-3.6702416,seed12989.png
-24.57569,-5.187988,seed1299.png
-33.492393,-3.8477418,seed12990.png
0.8629793,16.126657,seed12991.png
-23.122559,-7.4055443,seed12992.png
-24.433964,3.6042142,seed12993.png
-14.777711,-1.8738575,seed12994.png
-10.88219,-27.643505,seed12995.png
-22.490337,-6.812239,seed12996.png
9.420011,2.7624407,seed12997.png
-12.610984,-26.121092,seed12998.png
-13.495879,-15.170427,seed12999.png
6.8404465,-1.2055396,seed1300.png
-18.89482,-13.796465,seed13000.png
-10.796792,-23.665953,seed13001.png
20.95446,-1.2037865,seed13002.png
12.273911,-36.405468,seed13003.png
22.579731,15.397253,seed13004.png
27.833593,15.056717,seed13005.png
2.982393,20.788544,seed13006.png
30.241558,2.9305708,seed13007.png
-21.031052,-22.606804,seed13008.png
-1.5461475,25.262691,seed13009.png
-18.763586,-20.19797,seed1301.png
-20.71905,-25.170582,seed13010.png
-11.707626,-4.3054585,seed13011.png
-16.741695,16.41089,seed13012.png
36.509804,10.223566,seed13013.png
-17.656916,-28.359976,seed13014.png
1.3346691,22.14508,seed13015.png
11.265989,11.362055,seed13016.png
-25.642363,7.3168344,seed13017.png
31.099699,23.188288,seed13018.png
10.5103,-44.15368,seed13019.png
9.504712,-17.346193,seed1302.png
-16.314262,10.084452,seed13020.png
25.124031,5.577282,seed13021.png
8.522523,-42.788612,seed13022.png
-18.378975,1.8296646,seed13023.png
-22.182755,-27.842075,seed13024.png
29.724277,19.002796,seed13025.png
31.787107,23.096941,seed13026.png
31.971064,28.919699,seed13027.png
38.777317,4.8974376,seed13028.png
-25.66579,-19.623343,seed13029.png
35.051994,21.797752,seed1303.png
-10.34022,-19.65838,seed13030.png
1.5948497,16.390917,seed13031.png
-5.2677054,-19.024118,seed13032.png
-0.68312484,-16.340206,seed13033.png
-3.8691866,0.34819692,seed13034.png
30.550184,4.3489347,seed13035.png
-25.10856,13.998545,seed13036.png
-25.999535,16.849712,seed13037.png
1.4367265,-13.447929,seed13038.png
-23.10805,-11.392437,seed13039.png
-22.214684,18.16813,seed1304.png
24.887346,2.2781768,seed13040.png
16.700367,26.392464,seed13041.png
33.94936,8.445978,seed13042.png
-22.369713,11.096035,seed13043.png
7.988352,19.675348,seed13044.png
-18.54775,3.3848512,seed13045.png
14.358377,-3.2749915,seed13046.png
9.649644,4.536061,seed13047.png
-25.076502,-0.7441692,seed13048.png
22.92344,-5.640371,seed13049.png
-23.53553,3.5460784,seed1305.png
32.127014,6.190661,seed13050.png
3.142446,14.1369505,seed13051.png
-3.6169415,7.6944284,seed13052.png
14.579216,-38.506058,seed13053.png
13.076931,-2.4784396,seed13054.png
-8.420075,-10.810268,seed13055.png
-30.264145,18.028145,seed13056.png
-18.627312,-18.967678,seed13057.png
5.3701134,-4.459254,seed13058.png
-12.598063,-13.812744,seed13059.png
1.6655259,3.499477,seed1306.png
-19.2408,-0.5256855,seed13060.png
3.3759706,22.974882,seed13061.png
-28.933987,16.095297,seed13062.png
-29.870604,22.660603,seed13063.png
-17.822481,4.7438593,seed13064.png
19.71394,-0.02865483,seed13065.png
8.378627,9.584656,seed13066.png
-19.455175,-19.066044,seed13067.png
-3.565379,11.02261,seed13068.png
3.8990312,7.4799647,seed13069.png
15.624109,14.055513,seed1307.png
12.426087,17.059643,seed13070.png
-25.304169,10.281883,seed13071.png
14.418858,-32.330162,seed13072.png
-19.628035,7.6501775,seed13073.png
21.960665,8.266527,seed13074.png
35.54177,12.857259,seed13075.png
-34.634903,8.805692,seed13076.png
16.374943,-33.942734,seed13077.png
-24.221382,-8.440713,seed13078.png
0.9306616,17.282679,seed13079.png
9.952109,3.8111122,seed1308.png
-8.713274,1.4456168,seed13080.png
10.479882,7.26679,seed13081.png
-2.351987,-12.016717,seed13082.png
-1.9774469,-22.826925,seed13083.png
-2.6237104,0.99422747,seed13084.png
25.151182,-3.1838577,seed13085.png
-18.507027,-17.59172,seed13086.png
5.4975486,4.240553,seed13087.png
20.557854,-9.391838,seed13088.png
-5.3427577,18.137177,seed13089.png
-34.060596,21.585333,seed1309.png
13.9369755,-37.899105,seed13090.png
23.20352,17.408754,seed13091.png
3.4599257,22.72198,seed13092.png
17.113438,28.947977,seed13093.png
-7.1040926,-8.750751,seed13094.png
-33.139095,20.527473,seed13095.png
-20.22767,8.905835,seed13096.png
-33.024178,12.165506,seed13097.png
13.560736,-31.232363,seed13098.png
-16.782986,-5.7536783,seed13099.png
-0.9464013,24.050625,seed1310.png
30.875238,3.7415388,seed13100.png
-11.306599,-25.056208,seed13101.png
30.922844,5.568013,seed13102.png
-10.984107,-0.5752383,seed13103.png
-16.96114,-10.707331,seed13104.png
-13.779021,-16.477705,seed13105.png
7.666101,-4.357197,seed13106.png
25.719574,13.011178,seed13107.png
4.355041,-28.661112,seed13108.png
-31.726465,1.9442036,seed13109.png
3.2765446,-37.734497,seed1311.png
16.212032,-2.0342498,seed13110.png
36.076744,24.073114,seed13111.png
9.728366,-4.2934427,seed13112.png
16.931002,-36.23705,seed13113.png
-32.661007,-7.768273,seed13114.png
-12.258648,-4.0228624,seed13115.png
7.3145976,23.316792,seed13116.png
-18.605278,-20.130661,seed13117.png
7.9553566,-2.477497,seed13118.png
-23.53007,14.53039,seed13119.png
-22.268053,-16.440372,seed1312.png
-24.497118,3.2372866,seed13120.png
-20.624126,-22.033804,seed13121.png
-18.458178,-17.80117,seed13122.png
-26.523964,12.073672,seed13123.png
-35.044548,-1.4495989,seed13124.png
25.639292,19.392313,seed13125.png
0.0930223,-17.099583,seed13126.png
21.72608,20.484491,seed13127.png
-34.579372,8.766509,seed13128.png
15.227233,23.725702,seed13129.png
32.321896,8.822935,seed1313.png
-30.277052,-6.9937453,seed13130.png
15.362655,6.181519,seed13131.png
-34.24822,23.534986,seed13132.png
24.280087,14.936624,seed13133.png
-13.429276,-11.214884,seed13134.png
6.2428703,-2.2616963,seed13135.png
16.181269,-9.733153,seed13136.png
-24.230877,0.52341723,seed13137.png
-20.534515,-25.519016,seed13138.png
-31.123095,0.45945254,seed13139.png
-7.1609163,-1.8386203,seed1314.png
-7.921846,-18.023678,seed13140.png
-18.249092,-27.425863,seed13141.png
36.92922,7.454379,seed13142.png
10.148411,15.778067,seed13143.png
-27.032902,-12.873058,seed13144.png
-13.610726,0.07195794,seed13145.png
-33.03371,23.32036,seed13146.png
19.831772,24.956226,seed13147.png
-20.48048,5.077969,seed13148.png
29.53193,20.257431,seed13149.png
-25.330166,8.80335,seed1315.png
7.116073,-32.57152,seed13150.png
-34.409256,10.784223,seed13151.png
39.846367,15.692954,seed13152.png
27.60997,11.91502,seed13153.png
23.461119,0.36209145,seed13154.png
-0.007899323,-13.890752,seed13155.png
-16.358706,-26.49298,seed13156.png
-18.710932,2.3762605,seed13157.png
36.099808,20.905298,seed13158.png
42.262924,20.1369,seed13159.png
-9.32451,13.41615,seed1316.png
-18.381348,-27.32631,seed13160.png
20.472004,9.156192,seed13161.png
40.637474,18.35275,seed13162.png
32.279198,25.152367,seed13163.png
7.274836,14.892101,seed13164.png
-12.69847,-21.405262,seed13165.png
24.644484,18.070108,seed13166.png
5.958896,7.161849,seed13167.png
10.209532,-4.4005237,seed13168.png
8.642002,29.379074,seed13169.png
3.6675324,7.886707,seed1317.png
17.6614,21.248629,seed13170.png
22.948498,0.31861869,seed13171.png
26.78351,-0.902588,seed13172.png
-9.927053,-15.12456,seed13173.png
-14.139374,-10.974537,seed13174.png
27.176012,24.179707,seed13175.png
-27.103376,-10.659588,seed13176.png
-33.854324,26.927855,seed13177.png
-3.0750437,-5.1213984,seed13178.png
16.38946,-35.91312,seed13179.png
4.8460326,23.15522,seed1318.png
-18.361092,-16.547865,seed13180.png
-0.3448632,-4.3367615,seed13181.png
26.8954,16.651299,seed13182.png
30.197756,27.56055,seed13183.png
-29.831545,-3.4456456,seed13184.png
-15.727776,-7.3063126,seed13185.png
-20.808012,-8.371305,seed13186.png
31.7624,18.742306,seed13187.png
0.5116774,9.8324375,seed13188.png
12.86185,-8.643511,seed13189.png
-21.408077,-16.235796,seed1319.png
-29.827383,-3.5550823,seed13190.png
15.319493,27.542278,seed13191.png
-2.0401723,18.320845,seed13192.png
-29.43504,20.785229,seed13193.png
10.626199,9.181263,seed13194.png
19.939363,25.650024,seed13195.png
-22.808725,-5.193398,seed13196.png
37.328804,18.298437,seed13197.png
7.057743,-3.5983963,seed13198.png
-24.504576,4.35023,seed13199.png
-24.655128,9.051313,seed1320.png
36.97747,9.829963,seed13200.png
8.588943,9.002826,seed13201.png
4.5610924,23.36461,seed13202.png
6.0552773,-32.691017,seed13203.png
-11.517126,-19.399725,seed13204.png
-33.10554,-6.858061,seed13205.png
-17.964369,-16.725084,seed13206.png
14.012467,28.683527,seed13207.png
10.1269045,6.089585,seed13208.png
4.7800546,16.381052,seed13209.png
-35.05437,15.886427,seed1321.png
14.642007,-35.094902,seed13210.png
-18.43735,3.2067947,seed13211.png
13.53079,-33.334858,seed13212.png
4.416226,15.077606,seed13213.png
37.600502,10.278175,seed13214.png
18.281456,8.843228,seed13215.png
-29.029993,17.579992,seed13216.png
-19.835196,8.633986,seed13217.png
17.100008,3.3470516,seed13218.png
6.902239,6.525461,seed13219.png
-26.603592,11.844483,seed1322.png
20.248446,0.6397315,seed13220.png
25.65556,12.201265,seed13221.png
13.986819,-30.101274,seed13222.png
-15.614732,3.6200962,seed13223.png
-21.383219,17.874245,seed13224.png
15.016138,4.4935956,seed13225.png
11.427011,8.134443,seed13226.png
38.333637,16.848448,seed13227.png
9.538109,-2.8317325,seed13228.png
-8.560028,12.410837,seed13229.png
11.955825,12.36626,seed1323.png
-16.83792,-2.9855747,seed13230.png
-17.489136,-25.646606,seed13231.png
-31.40644,16.61247,seed13232.png
28.737103,15.724205,seed13233.png
-5.600204,10.829079,seed13234.png
-3.0981297,-7.788016,seed13235.png
11.09292,2.949187,seed13236.png
-33.91763,-0.5586936,seed13237.png
13.02814,25.692476,seed13238.png
10.806607,3.1126907,seed13239.png
13.253756,17.004873,seed1324.png
-3.2645159,-17.44085,seed13240.png
-10.7036295,-17.805729,seed13241.png
19.199245,16.652325,seed13242.png
22.971937,-2.0818813,seed13243.png
-14.112093,-21.006027,seed13244.png
-31.473625,-4.956544,seed13245.png
24.278008,2.8949056,seed13246.png
11.497563,-34.275364,seed13247.png
11.094043,-42.687817,seed13248.png
13.73739,-6.686924,seed13249.png
-19.002537,-2.5690994,seed1325.png
20.108267,4.493218,seed13250.png
5.0614123,-3.7947392,seed13251.png
-37.54606,15.29239,seed13252.png
11.856179,-40.66855,seed13253.png
33.885715,22.436213,seed13254.png
18.462917,0.9526446,seed13255.png
9.983735,21.211243,seed13256.png
-11.57182,-29.987793,seed13257.png
8.443884,-33.44485,seed13258.png
-28.157309,-8.332672,seed13259.png
27.097328,-1.674158,seed1326.png
17.508183,15.547661,seed13260.png
6.6530857,1.0760603,seed13261.png
18.18402,14.010511,seed13262.png
-10.529508,13.546527,seed13263.png
16.620724,5.1388063,seed13264.png
-31.673954,6.3307676,seed13265.png
23.362597,17.85288,seed13266.png
31.057276,19.302485,seed13267.png
-19.581795,-9.613277,seed13268.png
-15.668473,-29.450365,seed13269.png
-1.8912467,-16.555643,seed1327.png
22.913502,17.635618,seed13270.png
-1.9036626,12.822377,seed13271.png
-2.6238203,-15.452381,seed13272.png
-8.462339,2.6414833,seed13273.png
-18.11861,-1.6501691,seed13274.png
28.559244,19.644875,seed13275.png
-14.559994,-21.245708,seed13276.png
-29.760607,13.840882,seed13277.png
15.343576,10.8394,seed13278.png
11.941158,-36.237595,seed13279.png
-20.780287,-11.982464,seed1328.png
-13.429274,-25.160261,seed13280.png
22.409195,7.499729,seed13281.png
0.34809694,0.30642307,seed13282.png
12.331898,10.323618,seed13283.png
-22.531174,-20.526579,seed13284.png
8.971457,25.766603,seed13285.png
2.0805178,-5.324774,seed13286.png
-16.096443,-15.808918,seed13287.png
-0.68188846,-7.69733,seed13288.png
3.0474062,21.021227,seed13289.png
-21.970116,3.2840457,seed1329.png
4.6450386,-25.252726,seed13290.png
12.5885315,-8.821269,seed13291.png
-11.402026,3.1424067,seed13292.png
11.003421,20.936632,seed13293.png
17.799948,-4.8507905,seed13294.png
1.4388121,16.41371,seed13295.png
33.387917,23.190056,seed13296.png
-7.1320605,11.403075,seed13297.png
-22.107601,-0.7530355,seed13298.png
-0.8627574,20.056993,seed13299.png
14.895952,-0.21234906,seed1330.png
24.90676,14.109297,seed13300.png
2.7465465,-28.606773,seed13301.png
13.532509,-2.7034168,seed13302.png
-22.68463,7.1211233,seed13303.png
37.55279,15.261539,seed13304.png
-23.143242,2.572971,seed13305.png
30.760633,6.28442,seed13306.png
-5.6565013,-14.437617,seed13307.png
-31.562067,4.1451745,seed13308.png
-14.260298,-11.722526,seed13309.png
-22.589975,-11.928481,seed1331.png
4.475943,-37.195267,seed13310.png
9.915037,-29.855707,seed13311.png
-13.264086,-3.8488212,seed13312.png
20.926363,15.857946,seed13313.png
-16.065847,0.858806,seed13314.png
10.200117,9.016203,seed13315.png
10.453684,22.295351,seed13316.png
-18.11181,-15.358292,seed13317.png
-18.466629,5.51938,seed13318.png
16.33069,-8.173555,seed13319.png
5.7197824,13.223149,seed1332.png
27.02604,0.7268829,seed13320.png
19.465933,11.6106205,seed13321.png
-20.816914,10.683859,seed13322.png
-22.05592,-23.980938,seed13323.png
28.899485,22.219059,seed13324.png
-17.29639,-20.226662,seed13325.png
12.915466,-3.2839975,seed13326.png
5.8419757,9.188129,seed13327.png
13.661365,-40.7419,seed13328.png
-18.732723,10.137802,seed13329.png
35.1078,18.732368,seed1333.png
-19.884789,-5.0578384,seed13330.png
8.568613,-40.152977,seed13331.png
19.577017,7.6137066,seed13332.png
-16.578829,-21.079622,seed13333.png
-11.838479,-23.28926,seed13334.png
1.4263179,8.36391,seed13335.png
5.911588,-33.978287,seed13336.png
2.13506,-4.266369,seed13337.png
-14.314189,-18.952087,seed13338.png
18.584913,25.112158,seed13339.png
18.444324,12.830327,seed1334.png
31.70883,14.275426,seed13340.png
-6.1981034,-19.9049,seed13341.png
-32.00928,-2.654642,seed13342.png
6.083258,-8.880458,seed13343.png
-1.7516874,20.940506,seed13344.png
21.552204,22.046713,seed13345.png
10.210036,-2.2684038,seed13346.png
15.62433,-2.489554,seed13347.png
37.881073,25.995169,seed13348.png
10.745253,-36.926994,seed13349.png
-23.175596,-14.06564,seed1335.png
-11.337005,6.158879,seed13350.png
-6.518375,-25.485949,seed13351.png
3.1874475,22.993113,seed13352.png
-35.32381,26.629457,seed13353.png
-32.11798,23.750435,seed13354.png
13.312047,-24.539957,seed13355.png
-11.005385,-19.33189,seed13356.png
11.632993,-9.7366085,seed13357.png
9.4699745,0.47845453,seed13358.png
1.1575012,-26.304,seed13359.png
0.19579907,-9.192151,seed1336.png
11.711924,5.1975904,seed13360.png
-8.454938,-15.736606,seed13361.png
7.151336,20.19898,seed13362.png
28.950644,7.0208387,seed13363.png
-35.39623,7.6654434,seed13364.png
-30.628674,20.563356,seed13365.png
4.5975614,3.3984532,seed13366.png
-18.526249,-4.2924256,seed13367.png
7.1214457,-33.37219,seed13368.png
17.912535,22.68471,seed13369.png
17.937178,22.789389,seed1337.png
16.960337,23.054718,seed13370.png
3.425249,23.072077,seed13371.png
-22.380487,-8.139307,seed13372.png
-23.562819,-1.57404,seed13373.png
-24.536194,-8.640848,seed13374.png
13.776056,-32.976307,seed13375.png
12.590423,-39.89196,seed13376.png
-30.037157,14.224309,seed13377.png
-4.6410933,-7.529871,seed13378.png
8.672596,-21.478855,seed13379.png
23.91402,13.440496,seed1338.png
-15.376813,-6.788845,seed13380.png
8.158568,6.9555874,seed13381.png
22.102015,9.81287,seed13382.png
12.563138,-41.09017,seed13383.png
-30.412157,4.5414653,seed13384.png
15.401598,-32.614986,seed13385.png
0.73158234,22.86578,seed13386.png
13.223509,-0.8210931,seed13387.png
11.019212,27.584057,seed13388.png
-26.972494,-13.72342,seed13389.png
-24.080963,-24.12678,seed1339.png
-9.274914,-16.532303,seed13390.png
-22.246548,-11.1073475,seed13391.png
-2.9963312,-13.877258,seed13392.png
22.177868,24.136612,seed13393.png
12.121354,11.313044,seed13394.png
9.290276,11.5715885,seed13395.png
0.15036966,21.497826,seed13396.png
19.835918,17.346815,seed13397.png
13.414351,-7.589297,seed13398.png
-25.484922,-20.355513,seed13399.png
-19.7171,-23.926992,seed1340.png
-33.478405,20.25972,seed13400.png
8.780804,-38.025723,seed13401.png
-17.784916,-16.28676,seed13402.png
0.2815448,-17.204998,seed13403.png
33.77094,26.368988,seed13404.png
-14.192464,11.37377,seed13405.png
-7.77091,-14.246111,seed13406.png
-34.589203,10.106665,seed13407.png
17.93862,-5.793855,seed13408.png
2.178638,9.577612,seed13409.png
-28.374914,2.9248567,seed1341.png
38.206818,6.033025,seed13410.png
-2.0739172,-12.3229,seed13411.png
12.353758,-2.1634502,seed13412.png
4.9516864,-25.848913,seed13413.png
9.365511,2.0655508,seed13414.png
-27.638422,-9.722268,seed13415.png
-14.785743,-8.105855,seed13416.png
-27.247784,10.770205,seed13417.png
-17.161873,0.27398947,seed13418.png
3.4057674,4.9431906,seed13419.png
-26.352585,6.4453187,seed1342.png
22.664328,14.455504,seed13420.png
-4.2300014,10.7265,seed13421.png
23.860228,8.784834,seed13422.png
-1.5723195,-12.331565,seed13423.png
3.7038531,7.5355115,seed13424.png
20.9253,23.48912,seed13425.png
-2.001949,-19.55174,seed13426.png
11.170289,0.32041353,seed13427.png
-13.399003,-18.951727,seed13428.png
-32.385178,-8.685024,seed13429.png
11.123834,-34.763226,seed1343.png
-27.365738,-15.282674,seed13430.png
19.325298,-3.5701098,seed13431.png
0.49737704,21.607586,seed13432.png
-29.349525,14.781757,seed13433.png
14.588092,22.822557,seed13434.png
-36.462833,20.422556,seed13435.png
-20.39075,12.573178,seed13436.png
10.402301,29.238037,seed13437.png
12.120034,22.172037,seed13438.png
33.25348,10.0254345,seed13439.png
-18.044682,-3.6792853,seed1344.png
26.131514,9.099092,seed13440.png
21.19167,-9.2875805,seed13441.png
-27.479551,-14.837038,seed13442.png
35.3129,25.08654,seed13443.png
6.315209,2.0091944,seed13444.png
-5.7610903,-3.4715595,seed13445.png
-0.42889833,25.483606,seed13446.png
36.18636,24.818485,seed13447.png
-32.17615,6.898141,seed13448.png
-24.295153,-11.696706,seed13449.png
7.431282,-31.442955,seed1345.png
6.8193617,24.746172,seed13450.png
-12.764021,-3.3865256,seed13451.png
25.686466,27.19387,seed13452.png
39.11802,14.452613,seed13453.png
14.182609,3.7063036,seed13454.png
-32.75951,19.13061,seed13455.png
-2.053115,0.2867102,seed13456.png
-6.6943636,8.278043,seed13457.png
26.93481,16.127737,seed13458.png
-20.537739,-21.326176,seed13459.png
23.956184,4.3081255,seed1346.png
8.924617,19.481392,seed13460.png
21.614737,12.891733,seed13461.png
5.4326878,-4.1762724,seed13462.png
-30.745476,6.623643,seed13463.png
12.108029,-35.832073,seed13464.png
-20.238943,-12.306815,seed13465.png
-17.291977,7.083586,seed13466.png
8.26857,-0.3607535,seed13467.png
-27.508371,-7.48396,seed13468.png
3.6591935,19.02093,seed13469.png
27.34678,10.257216,seed1347.png
19.212044,24.125061,seed13470.png
19.295135,14.034004,seed13471.png
-20.819284,18.296204,seed13472.png
-22.74307,17.97845,seed13473.png
-6.419752,-14.103429,seed13474.png
11.106743,-22.622377,seed13475.png
14.32687,13.256538,seed13476.png
-0.22843856,20.9603,seed13477.png
25.217966,15.709197,seed13478.png
-33.206245,25.061235,seed13479.png
22.694185,15.023814,seed1348.png
14.884052,-1.3826818,seed13480.png
9.404802,-2.7991772,seed13481.png
26.696081,13.973995,seed13482.png
-20.78316,9.183144,seed13483.png
26.055397,0.34332982,seed13484.png
-20.108255,-7.3849773,seed13485.png
30.890224,3.456947,seed13486.png
-24.376059,16.222431,seed13487.png
-21.606583,-9.421093,seed13488.png
29.845234,8.138518,seed13489.png
-22.13125,-2.1183386,seed1349.png
-23.882023,7.7761526,seed13490.png
-23.902494,-19.470564,seed13491.png
4.666531,-36.486378,seed13492.png
14.2473955,-33.229137,seed13493.png
8.211143,22.502632,seed13494.png
14.400631,26.480095,seed13495.png
-1.009654,24.472185,seed13496.png
-22.150711,10.351725,seed13497.png
-9.148638,-17.536196,seed13498.png
5.4966664,-37.268047,seed13499.png
32.545277,9.929799,seed1350.png
32.981323,23.914227,seed13500.png
19.108545,22.090189,seed13501.png
-16.251831,-0.38389495,seed13502.png
0.48899487,-18.785646,seed13503.png
-33.375,22.210812,seed13504.png
-6.004511,2.749305,seed13505.png
5.0534377,18.143251,seed13506.png
-25.322948,15.406063,seed13507.png
8.710488,17.57817,seed13508.png
0.43215144,21.240795,seed13509.png
28.089748,11.9287195,seed1351.png
0.46131477,14.295503,seed13510.png
-16.00806,-30.313572,seed13511.png
-19.351645,-9.680979,seed13512.png
-24.07223,-14.009311,seed13513.png
37.59558,22.477333,seed13514.png
13.905354,6.5147867,seed13515.png
-28.406097,10.438196,seed13516.png
24.894915,1.4391373,seed13517.png
9.54496,8.850783,seed13518.png
-33.934254,22.94343,seed13519.png
9.083838,-26.318018,seed1352.png
-3.877972,15.99404,seed13520.png
0.9150828,23.982132,seed13521.png
-1.8608316,22.81404,seed13522.png
1.1348602,-3.8839717,seed13523.png
-16.717773,-5.7283,seed13524.png
-20.643856,5.0444694,seed13525.png
-18.627247,-31.36582,seed13526.png
1.1111487,3.1867068,seed13527.png
-31.50318,23.419992,seed13528.png
13.702548,-8.1752205,seed13529.png
15.3562975,12.815791,seed1353.png
-9.748469,-21.449736,seed13530.png
-18.420479,4.124001,seed13531.png
-24.251284,-8.241508,seed13532.png
-16.98414,-19.821718,seed13533.png
-16.063112,2.1219108,seed13534.png
-2.1045344,-14.765025,seed13535.png
30.88174,10.015184,seed13536.png
6.5410643,-33.90849,seed13537.png
-3.2894125,-16.23672,seed13538.png
15.154145,-35.07828,seed13539.png
-19.229342,-16.107262,seed1354.png
-13.204923,-18.238829,seed13540.png
-23.84286,-0.3888147,seed13541.png
-31.063402,0.802545,seed13542.png
38.702454,22.026,seed13543.png
36.86198,19.811695,seed13544.png
10.125413,7.6649556,seed13545.png
7.692064,10.480741,seed13546.png
18.654287,-10.59126,seed13547.png
8.062047,4.7314987,seed13548.png
2.6147544,-11.6725025,seed13549.png
-19.47352,-22.415598,seed1355.png
-9.09567,-7.8265834,seed13550.png
13.170455,4.8631306,seed13551.png
21.084814,-2.1350267,seed13552.png
-21.58616,17.829916,seed13553.png
18.648537,-8.462728,seed13554.png
29.743437,17.598562,seed13555.png
10.146381,-8.60476,seed13556.png
-28.014072,-13.236962,seed13557.png
6.9866796,17.961674,seed13558.png
18.266306,16.818052,seed13559.png
31.938198,9.91553,seed1356.png
-18.674305,-9.699462,seed13560.png
26.820774,19.869171,seed13561.png
-30.852081,25.362152,seed13562.png
36.851803,21.548729,seed13563.png
-20.47733,-13.843763,seed13564.png
-12.217298,0.14274427,seed13565.png
15.370058,-7.748339,seed13566.png
3.32429,18.18434,seed13567.png
-30.1125,-14.39898,seed13568.png
-24.892756,-14.534834,seed13569.png
9.5467005,-1.0045592,seed1357.png
15.355982,-31.953672,seed13570.png
-24.974745,7.109269,seed13571.png
7.155206,6.7311697,seed13572.png
2.1083272,13.604983,seed13573.png
-20.276613,-29.482548,seed13574.png
1.2663182,18.430355,seed13575.png
-16.8426,1.8921307,seed13576.png
-33.592274,15.761542,seed13577.png
-18.191416,4.8397174,seed13578.png
-18.140116,-30.84337,seed13579.png
18.96731,20.011848,seed1358.png
30.126295,-2.4373074,seed13580.png
-27.36347,-14.195502,seed13581.png
-23.941088,-13.101982,seed13582.png
-15.507393,-6.478056,seed13583.png
-9.7208805,-14.12897,seed13584.png
-26.505798,-9.54707,seed13585.png
-33.689922,21.06668,seed13586.png
20.785141,-5.7905397,seed13587.png
-13.714118,-28.243317,seed13588.png
-25.249777,-19.085966,seed13589.png
-3.4213312,-14.082382,seed1359.png
8.581354,-2.80851,seed13590.png
-32.360043,21.344183,seed13591.png
23.932632,2.338587,seed13592.png
-9.917242,-14.20384,seed13593.png
-14.8714695,-8.2987995,seed13594.png
26.901165,9.3375225,seed13595.png
19.969938,-8.473289,seed13596.png
18.398157,-5.326751,seed13597.png
-13.832576,-12.460012,seed13598.png
-12.534045,-27.028526,seed13599.png
18.811909,24.859491,seed1360.png
-24.279335,-14.563358,seed13600.png
-18.095573,4.599242,seed13601.png
24.917086,12.19553,seed13602.png
12.325766,-38.952812,seed13603.png
-1.6415,24.654703,seed13604.png
9.899095,-29.877483,seed13605.png
-10.267465,-27.566391,seed13606.png
38.924393,18.18989,seed13607.png
13.391086,11.258539,seed13608.png
-9.840308,-4.029253,seed13609.png
2.818781,-25.48361,seed1361.png
-24.348675,-11.450856,seed13610.png
14.039554,-1.1108139,seed13611.png
-23.317173,15.459212,seed13612.png
3.6015258,17.10284,seed13613.png
32.95323,13.196652,seed13614.png
-13.962686,-1.9708133,seed13615.png
27.495567,14.437376,seed13616.png
4.202715,17.119743,seed13617.png
31.409002,5.856427,seed13618.png
8.181245,0.67348945,seed13619.png
-16.599186,-3.0006866,seed1362.png
-21.628979,0.06000906,seed13620.png
-12.247354,-27.369959,seed13621.png
13.125994,-6.778813,seed13622.png
-27.3999,-7.8094487,seed13623.png
24.100956,2.6280906,seed13624.png
1.7826086,-23.267712,seed13625.png
13.1845665,-42.055542,seed13626.png
-28.57411,-4.72443,seed13627.png
32.12488,15.436667,seed13628.png
-33.89365,10.52214,seed13629.png
-6.473675,-5.0770526,seed1363.png
33.05478,7.077426,seed13630.png
-29.882923,14.153016,seed13631.png
34.23494,27.666498,seed13632.png
32.28453,7.808994,seed13633.png
13.699714,13.232293,seed13634.png
-31.369976,-2.9009943,seed13635.png
-21.886248,-20.89423,seed13636.png
23.910706,18.646362,seed13637.png
-32.46796,22.722322,seed13638.png
7.146778,8.389813,seed13639.png
39.41749,18.442846,seed1364.png
-12.9134035,-25.773006,seed13640.png
-3.424422,11.5196905,seed13641.png
28.5611,9.902994,seed13642.png
15.205358,19.640919,seed13643.png
29.041212,27.371737,seed13644.png
0.06533373,-14.159727,seed13645.png
-9.105397,-21.718073,seed13646.png
10.91716,22.68255,seed13647.png
-21.085583,-30.961525,seed13648.png
30.177235,8.531331,seed13649.png
-22.223024,14.130197,seed1365.png
-31.443869,25.018057,seed13650.png
-29.639917,1.3550695,seed13651.png
17.335571,23.029436,seed13652.png
-1.0035632,-12.272681,seed13653.png
6.7145386,-6.681749,seed13654.png
-22.474983,15.883377,seed13655.png
-31.441002,10.002332,seed13656.png
25.143097,10.012472,seed13657.png
18.463366,17.379908,seed13658.png
-37.53588,26.463428,seed13659.png
33.99836,23.02944,seed1366.png
-11.999306,-3.6415765,seed13660.png
-4.013146,4.667538,seed13661.png
1.9126437,-24.389065,seed13662.png
-15.26477,-4.6858172,seed13663.png
40.532135,21.582178,seed13664.png
14.0549,28.90033,seed13665.png
16.406202,-33.20604,seed13666.png
7.5837426,-37.23719,seed13667.png
32.810738,11.020824,seed13668.png
-21.550825,-1.6787676,seed13669.png
-21.738958,10.526339,seed1367.png
38.285385,22.875925,seed13670.png
21.290049,-5.888547,seed13671.png
-32.85231,10.955322,seed13672.png
-33.60965,16.74811,seed13673.png
-17.221365,0.6898468,seed13674.png
13.884965,18.402966,seed13675.png
-5.133848,-14.055998,seed13676.png
12.20662,1.5627017,seed13677.png
-20.776539,-25.73411,seed13678.png
-28.119287,1.0856092,seed13679.png
8.925981,-5.5407887,seed1368.png
-25.133844,-20.02403,seed13680.png
-14.663057,-27.04317,seed13681.png
-13.1048975,-22.805813,seed13682.png
-21.745583,-18.34402,seed13683.png
38.88781,23.665728,seed13684.png
27.76848,2.3384576,seed13685.png
24.573696,14.378826,seed13686.png
-20.949392,6.4811463,seed13687.png
-23.456,17.212666,seed13688.png
-14.77406,-15.298383,seed13689.png
-3.9849732,-17.579927,seed1369.png
-31.522476,7.2709002,seed13690.png
31.893873,5.6444106,seed13691.png
-8.12342,-5.4009075,seed13692.png
8.9585905,8.706257,seed13693.png
8.355607,6.8266034,seed13694.png
-2.7744205,16.962048,seed13695.png
-3.739136,-6.261866,seed13696.png
29.681412,4.6394353,seed13697.png
10.421504,-33.066658,seed13698.png
-8.071608,-19.07216,seed13699.png
15.038227,25.769548,seed1370.png
17.658026,7.182342,seed13700.png
11.507772,28.72932,seed13701.png
-24.396091,9.754385,seed13702.png
33.99163,26.69283,seed13703.png
9.45916,-5.102675,seed13704.png
-13.078562,-29.735283,seed13705.png
-1.7504817,23.432703,seed13706.png
9.717264,1.4550147,seed13707.png
17.298887,-34.040527,seed13708.png
29.018112,18.250341,seed13709.png
29.524157,18.493963,seed1371.png
-25.126207,-2.9941468,seed13710.png
21.929749,4.8577714,seed13711.png
-1.5619217,24.88229,seed13712.png
-3.4842336,21.061811,seed13713.png
-32.07571,23.712658,seed13714.png
-33.91151,3.6436958,seed13715.png
-31.512127,-8.349111,seed13716.png
-34.954693,27.784128,seed13717.png
12.60344,-28.939564,seed13718.png
6.416028,-28.893578,seed13719.png
15.38044,23.063309,seed1372.png
-0.17977981,-17.000664,seed13720.png
11.666707,10.407963,seed13721.png
-9.953795,-26.975313,seed13722.png
8.271094,9.539338,seed13723.png
-23.168848,-19.46169,seed13724.png
-15.7984495,-14.062353,seed13725.png
20.552963,3.7928908,seed13726.png
29.368155,14.674046,seed13727.png
-22.045189,16.933254,seed13728.png
14.700435,-37.567646,seed13729.png
-15.823908,-11.042857,seed1373.png
-0.3791955,19.183397,seed13730.png
13.990478,-31.097645,seed13731.png
-3.7255054,-13.0051985,seed13732.png
-22.920174,-3.5817142,seed13733.png
0.37708887,15.598392,seed13734.png
17.760487,-4.5637474,seed13735.png
19.14825,14.446075,seed13736.png
-29.55413,16.718922,seed13737.png
-33.569553,18.985968,seed13738.png
3.032758,19.739727,seed13739.png
-6.680097,-26.555714,seed1374.png
-32.138607,19.312954,seed13740.png
-3.8609033,18.252127,seed13741.png
37.471268,22.312075,seed13742.png
7.0172124,-7.876142,seed13743.png
11.858162,4.3933578,seed13744.png
-11.675863,-2.766486,seed13745.png
-26.601763,1.325555,seed13746.png
7.0536814,8.30389,seed13747.png
36.05599,18.307062,seed13748.png
37.60939,24.965628,seed13749.png
0.9105638,-1.5934132,seed1375.png
-0.89716,-15.200894,seed13750.png
-31.814392,15.792902,seed13751.png
-13.355616,-19.286304,seed13752.png
-25.77369,13.55673,seed13753.png
22.28757,26.14081,seed13754.png
2.557885,-11.974907,seed13755.png
28.310831,0.1843561,seed13756.png
18.545664,-3.2938223,seed13757.png
33.52185,11.108318,seed13758.png
-22.38482,-17.172174,seed13759.png
-25.663958,-19.355703,seed1376.png
-10.79009,-13.13657,seed13760.png
-23.610098,-11.72495,seed13761.png
0.6091101,18.657495,seed13762.png
-1.178049,0.77209324,seed13763.png
-15.286633,-21.653574,seed13764.png
-22.655773,-17.063951,seed13765.png
2.5141659,19.73421,seed13766.png
32.312412,18.827703,seed13767.png
-33.167442,16.029245,seed13768.png
-17.299253,1.1759932,seed13769.png
33.95948,22.813122,seed1377.png
-13.444881,-29.701347,seed13770.png
26.069574,-3.113493,seed13771.png
-29.493149,7.8193164,seed13772.png
-20.223015,-13.264036,seed13773.png
-13.9971695,3.7122774,seed13774.png
-9.104698,-22.294655,seed13775.png
3.2123196,16.163342,seed13776.png
-27.318846,-16.290735,seed13777.png
-32.879288,10.989103,seed13778.png
20.876497,15.668995,seed13779.png
2.9990366,-12.549136,seed1378.png
30.360855,6.959265,seed13780.png
-34.315586,7.386421,seed13781.png
17.738539,3.273373,seed13782.png
-28.599482,7.9819794,seed13783.png
19.001223,-1.8350167,seed13784.png
-37.87351,15.080817,seed13785.png
31.604645,19.794315,seed13786.png
8.6016865,-13.912457,seed13787.png
-27.705158,-7.4926863,seed13788.png
15.537475,-9.93833,seed13789.png
-20.683384,-0.74012756,seed1379.png
7.846297,-24.731634,seed13790.png
18.973833,-3.423884,seed13791.png
-18.071198,0.6926912,seed13792.png
38.478733,26.98116,seed13793.png
15.08876,-38.67486,seed13794.png
-16.671707,-27.50532,seed13795.png
27.556065,13.539986,seed13796.png
-11.803929,-26.617548,seed13797.png
9.656259,6.134329,seed13798.png
-18.779018,-22.127306,seed13799.png
24.42943,22.486141,seed1380.png
14.650971,7.25152,seed13800.png
10.169829,-20.768496,seed13801.png
9.5734,-35.32148,seed13802.png
5.4211082,6.4383206,seed13803.png
-31.726976,2.681204,seed13804.png
13.353773,-31.30462,seed13805.png
16.306784,0.49862444,seed13806.png
2.1177523,-0.106853634,seed13807.png
29.74684,16.951937,seed13808.png
-31.187048,-16.248188,seed13809.png
11.445223,4.193682,seed1381.png
6.8123984,16.176235,seed13810.png
10.704388,-2.42725,seed13811.png
-8.442109,-20.164473,seed13812.png
30.23661,5.5986013,seed13813.png
-26.035683,10.373792,seed13814.png
22.072838,19.579466,seed13815.png
3.5300846,7.258888,seed13816.png
13.759983,-33.606342,seed13817.png
0.57814765,6.434138,seed13818.png
-13.563879,-15.81122,seed13819.png
-7.549975,-12.478512,seed1382.png
6.4004025,-32.370853,seed13820.png
-22.91798,-16.381775,seed13821.png
-33.210625,2.5045643,seed13822.png
-24.207336,-0.35469973,seed13823.png
-8.002082,0.92905265,seed13824.png
38.5232,20.538353,seed13825.png
13.044054,27.032263,seed13826.png
7.176063,-5.126609,seed13827.png
-25.325747,13.808031,seed13828.png
0.108996056,-18.082905,seed13829.png
-20.852505,4.716976,seed1383.png
4.0114927,-30.922518,seed13830.png
19.558779,8.73194,seed13831.png
-22.399567,7.921217,seed13832.png
10.960916,-38.3035,seed13833.png
27.107574,27.95081,seed13834.png
14.173597,-6.2434688,seed13835.png
4.0720677,20.061918,seed13836.png
25.024073,6.789937,seed13837.png
-25.835176,13.813938,seed13838.png
-17.62209,1.4273958,seed13839.png
-38.587215,18.788097,seed1384.png
7.268526,-8.270966,seed13840.png
31.037886,3.223937,seed13841.png
-1.3743564,24.878593,seed13842.png
-33.073418,23.890717,seed13843.png
16.509466,-36.660362,seed13844.png
25.16339,11.8450165,seed13845.png
-14.619676,-9.572173,seed13846.png
-27.961664,6.2642727,seed13847.png
-15.057706,-13.803856,seed13848.png
-35.344215,18.48658,seed13849.png
29.999962,15.6677685,seed1385.png
9.636624,-33.565132,seed13850.png
-17.596064,-20.89998,seed13851.png
11.342686,-21.466894,seed13852.png
-12.879644,-13.737839,seed13853.png
-17.537607,-28.872416,seed13854.png
6.6268163,-28.838274,seed13855.png
19.4163,26.360874,seed13856.png
3.0123227,9.581955,seed13857.png
-32.402596,23.840424,seed13858.png
21.085789,23.640469,seed13859.png
-9.596178,-15.707878,seed1386.png
-21.530825,1.6924628,seed13860.png
17.891384,4.226604,seed13861.png
27.147793,25.469118,seed13862.png
25.081247,20.94202,seed13863.png
-34.35128,21.846544,seed13864.png
-32.56562,22.49387,seed13865.png
-2.0607364,-12.910169,seed13866.png
12.24137,14.111566,seed13867.png
12.185433,23.70405,seed13868.png
-28.99603,-11.692769,seed13869.png
-15.254933,-23.067863,seed1387.png
5.20625,-27.30474,seed13870.png
-27.395283,-16.297853,seed13871.png
19.458153,25.37217,seed13872.png
11.39433,25.369602,seed13873.png
6.3412538,-34.66264,seed13874.png
-13.840477,-27.745632,seed13875.png
11.917145,24.648235,seed13876.png
33.34795,3.7963858,seed13877.png
4.9436474,-38.229874,seed13878.png
12.769958,24.132996,seed13879.png
-34.052166,21.258776,seed1388.png
-18.20112,10.100939,seed13880.png
10.789971,-42.460613,seed13881.png
-21.371262,20.365376,seed13882.png
-3.2611268,-2.550148,seed13883.png
-19.198181,-29.671736,seed13884.png
11.68334,-0.32672456,seed13885.png
12.446085,-38.552063,seed13886.png
-20.784628,-5.672458,seed13887.png
13.218094,-39.875977,seed13888.png
-1.8069005,12.717863,seed13889.png
10.493102,-38.263092,seed1389.png
7.072736,-26.107084,seed13890.png
-23.781923,11.342005,seed13891.png
-31.420448,15.217978,seed13892.png
-26.6876,-12.511031,seed13893.png
35.10579,26.829996,seed13894.png
-1.558465,-16.16773,seed13895.png
-19.14045,1.5072035,seed13896.png
31.946295,23.271257,seed13897.png
16.127062,-36.33681,seed13898.png
32.02419,3.7057168,seed13899.png
15.017937,1.5004753,seed1390.png
-26.253927,16.60366,seed13900.png
-23.904964,-14.281581,seed13901.png
-3.5879242,10.964024,seed13902.png
-7.9135857,-16.488842,seed13903.png
-18.04013,-5.3401194,seed13904.png
-15.558493,-29.694345,seed13905.png
-12.949051,7.766171,seed13906.png
-11.875091,-26.44865,seed13907.png
-18.291838,7.8016706,seed13908.png
2.5319817,8.288783,seed13909.png
-11.973508,-11.939918,seed1391.png
-5.137165,-15.974303,seed13910.png
-19.596678,0.9278325,seed13911.png
-13.012736,-3.177999,seed13912.png
10.104526,0.6719935,seed13913.png
12.241465,-37.600853,seed13914.png
22.988361,22.6702,seed13915.png
30.020115,-0.05289086,seed13916.png
-16.18072,-10.743723,seed13917.png
6.871629,-33.541534,seed13918.png
5.320906,-27.884466,seed13919.png
29.051275,2.156193,seed1392.png
21.708082,15.859119,seed13920.png
1.7682198,11.356111,seed13921.png
19.328627,13.9049015,seed13922.png
12.259331,17.86287,seed13923.png
-33.897247,13.989383,seed13924.png
14.154679,25.66596,seed13925.png
-30.671417,8.389976,seed13926.png
4.0100183,-14.982509,seed13927.png
-28.776423,-4.64866,seed13928.png
-16.884802,-6.983613,seed13929.png
-2.2820902,24.39274,seed1393.png
34.66106,17.377113,seed13930.png
-12.467424,-6.8611174,seed13931.png
7.8557067,0.5157421,seed13932.png
22.769201,9.116,seed13933.png
-30.403582,-5.248854,seed13934.png
15.015934,14.045836,seed13935.png
10.4465065,-36.76363,seed13936.png
-15.332586,-3.3034067,seed13937.png
4.245038,10.0305605,seed13938.png
-17.727814,-29.557251,seed13939.png
4.406856,15.756976,seed1394.png
27.061924,10.145052,seed13940.png
-6.3855376,-18.832703,seed13941.png
-0.1680923,22.096,seed13942.png
10.658962,-3.9048462,seed13943.png
-32.672054,21.377169,seed13944.png
13.841541,23.35977,seed13945.png
-21.584236,-7.1854606,seed13946.png
-31.81362,-12.2389145,seed13947.png
-23.79839,7.0443163,seed13948.png
29.328085,7.218822,seed13949.png
8.611375,10.18309,seed1395.png
-18.492165,-2.7556121,seed13950.png
19.57192,-5.1090508,seed13951.png
-20.560402,14.495034,seed13952.png
-31.183352,21.60375,seed13953.png
-22.222137,-13.988619,seed13954.png
-19.198051,15.422585,seed13955.png
17.101185,-9.066653,seed13956.png
-18.537668,-4.6387167,seed13957.png
28.93311,28.48465,seed13958.png
17.8171,12.951281,seed13959.png
-23.603142,20.404026,seed1396.png
-1.4953746,7.067934,seed13960.png
-34.405766,26.857765,seed13961.png
-22.430515,12.309479,seed13962.png
-32.159737,6.1978617,seed13963.png
3.4170012,5.900213,seed13964.png
-11.256607,-11.050017,seed13965.png
-27.639597,-12.878541,seed13966.png
8.470811,22.557909,seed13967.png
2.7575333,15.072212,seed13968.png
-1.8629379,-24.138237,seed13969.png
31.8393,16.573507,seed1397.png
-12.516178,-17.62992,seed13970.png
34.59014,26.58441,seed13971.png
-19.717316,-24.812082,seed13972.png
8.970822,-26.08106,seed13973.png
23.659422,12.91982,seed13974.png
-1.9493462,18.861118,seed13975.png
-21.480204,19.834581,seed13976.png
-13.1030035,-26.440765,seed13977.png
30.71935,17.761398,seed13978.png
9.219241,-29.770998,seed13979.png
4.115158,-21.450546,seed1398.png
36.649742,26.198973,seed13980.png
6.3068457,19.059927,seed13981.png
3.5190668,12.939462,seed13982.png
-31.143826,3.361117,seed13983.png
-12.986296,-6.407544,seed13984.png
-37.14898,0.5548785,seed13985.png
-30.951544,2.8764572,seed13986.png
21.916222,-2.9773543,seed13987.png
4.477978,-13.739102,seed13988.png
-28.893738,6.953057,seed13989.png
-25.226368,-2.3111954,seed1399.png
-8.489191,-17.467209,seed13990.png
-14.603671,-18.199049,seed13991.png
27.868769,26.91868,seed13992.png
-23.098274,-6.6568165,seed13993.png
8.487277,0.48896244,seed13994.png
-12.567752,-10.078549,seed13995.png
12.138403,7.580589,seed13996.png
31.117744,8.558076,seed13997.png
13.873228,-41.37985,seed13998.png
34.165657,11.999901,seed13999.png
16.346462,18.41141,seed1400.png
-35.466663,12.746347,seed14000.png
-30.41501,14.3326,seed14001.png
15.852591,-32.00308,seed14002.png
-0.43043697,-18.441088,seed14003.png
-36.567135,6.2677255,seed14004.png
-10.354513,-11.135031,seed14005.png
5.434617,22.368511,seed14006.png
11.401155,21.272081,seed14007.png
28.85522,20.24902,seed14008.png
31.700819,26.351023,seed14009.png
9.836761,-25.14652,seed1401.png
25.495153,10.522145,seed14010.png
34.691177,19.959305,seed14011.png
-0.7635665,15.476117,seed14012.png
5.849972,4.5813336,seed14013.png
7.60941,-35.175217,seed14014.png
-19.557058,14.428885,seed14015.png
22.863531,5.467877,seed14016.png
-17.822891,7.096415,seed14017.png
-34.501884,7.8889847,seed14018.png
-28.77165,7.085996,seed14019.png
-22.966003,13.768678,seed1402.png
14.668509,-21.710972,seed14020.png
18.38634,25.846975,seed14021.png
5.8239026,0.15071526,seed14022.png
0.61919636,24.085773,seed14023.png
13.404792,25.750002,seed14024.png
-22.757486,14.8529625,seed14025.png
6.5589585,-26.788773,seed14026.png
25.269844,23.020096,seed14027.png
-28.22367,-1.6194437,seed14028.png
-14.314902,-5.2073965,seed14029.png
-9.385572,-25.200312,seed1403.png
24.60111,6.3745255,seed14030.png
-23.793205,4.612069,seed14031.png
-7.9687724,-25.454416,seed14032.png
32.912643,23.365498,seed14033.png
36.172134,18.073742,seed14034.png
-25.426085,-4.209591,seed14035.png
11.807685,27.747028,seed14036.png
39.701454,12.250505,seed14037.png
-33.902817,8.511002,seed14038.png
-20.39402,-19.959751,seed14039.png
19.721695,7.6431065,seed1404.png
31.468763,16.079725,seed14040.png
-18.767206,-15.216999,seed14041.png
15.062895,24.611618,seed14042.png
21.772732,13.594464,seed14043.png
10.460849,-42.38651,seed14044.png
-4.4419413,-7.8911214,seed14045.png
-34.03014,-1.0595529,seed14046.png
-1.5725791,12.603283,seed14047.png
-27.254347,-16.791332,seed14048.png
-20.8457,7.8232303,seed14049.png
33.09619,5.092232,seed1405.png
-19.033815,-7.7442803,seed14050.png
-17.829878,1.7469149,seed14051.png
-4.6393538,2.3306484,seed14052.png
10.38289,16.92704,seed14053.png
-16.5767,12.162755,seed14054.png
-1.909203,-15.240647,seed14055.png
14.731956,18.54758,seed14056.png
-16.718355,-5.2917747,seed14057.png
15.423772,-32.445606,seed14058.png
-13.578326,-17.618639,seed14059.png
38.052822,21.07372,seed1406.png
16.15913,-9.53467,seed14060.png
11.645493,-41.565826,seed14061.png
-1.9647828,23.997465,seed14062.png
-30.217234,9.315765,seed14063.png
-20.791016,-9.163526,seed14064.png
41.168583,22.58791,seed14065.png
-4.271175,-13.020308,seed14066.png
7.9014964,-33.148457,seed14067.png
-1.3224573,21.623007,seed14068.png
14.308754,19.571554,seed14069.png
10.711116,28.80334,seed1407.png
-20.954882,11.166877,seed14070.png
18.230299,-8.410507,seed14071.png
11.049865,13.971408,seed14072.png
19.170223,25.378834,seed14073.png
-27.24465,14.554067,seed14074.png
40.64777,21.904644,seed14075.png
11.976913,-35.581646,seed14076.png
-22.996943,-25.96471,seed14077.png
-4.607982,11.292777,seed14078.png
-24.503122,-1.0144718,seed14079.png
-30.659708,-0.7870685,seed1408.png
-20.385874,17.409359,seed14080.png
-21.544813,3.1778998,seed14081.png
-36.455795,18.025282,seed14082.png
31.519302,7.783464,seed14083.png
21.238813,24.84582,seed14084.png
6.9460173,-34.69264,seed14085.png
-26.890583,9.848677,seed14086.png
4.1640162,-7.8224287,seed14087.png
-0.93636143,-7.004845,seed14088.png
24.283638,17.447792,seed14089.png
-33.493275,22.13808,seed1409.png
10.185675,-0.41465262,seed14090.png
27.192196,11.247164,seed14091.png
-33.12479,22.177544,seed14092.png
-32.207134,24.992867,seed14093.png
30.75271,13.573995,seed14094.png
12.359609,-4.0304346,seed14095.png
-12.471068,-7.57373,seed14096.png
-33.842274,21.401669,seed14097.png
14.931923,-1.0946509,seed14098.png
-22.93607,-19.019339,seed14099.png
-26.477812,-0.19586736,seed1410.png
-38.46835,10.875935,seed14100.png
20.969088,5.3151894,seed14101.png
-20.919077,-8.951826,seed14102.png
-4.379945,-14.4978695,seed14103.png
20.559788,4.641149,seed14104.png
-27.347677,-14.020091,seed14105.png
29.812407,16.598537,seed14106.png
-20.473438,-15.502131,seed14107.png
-10.991449,-14.179664,seed14108.png
-12.77823,8.458602,seed14109.png
28.50114,27.550552,seed1411.png
-19.732424,-9.490928,seed14110.png
15.425012,26.813478,seed14111.png
38.06858,19.580057,seed14112.png
37.591896,5.144612,seed14113.png
22.893587,20.14236,seed14114.png
12.4960985,-37.260956,seed14115.png
-24.101143,11.799884,seed14116.png
20.627914,2.2684126,seed14117.png
3.9018598,-9.392574,seed14118.png
17.0988,14.62909,seed14119.png
-27.557285,-21.16217,seed1412.png
-22.987953,-18.407042,seed14120.png
11.716242,11.325013,seed14121.png
34.66347,8.18505,seed14122.png
16.15988,-9.63703,seed14123.png
35.96062,21.590418,seed14124.png
7.5906215,-38.001545,seed14125.png
-20.796844,-4.818996,seed14126.png
13.462185,-39.316643,seed14127.png
-9.668995,6.8536687,seed14128.png
36.66073,10.746863,seed14129.png
-13.627349,-13.77296,seed1413.png
-18.581123,-4.6796546,seed14130.png
-34.56468,5.2758183,seed14131.png
14.6208515,-5.192831,seed14132.png
35.53641,12.462362,seed14133.png
31.068785,27.69215,seed14134.png
1.7852707,12.348246,seed14135.png
37.890606,17.287409,seed14136.png
8.692744,-36.108727,seed14137.png
10.36804,5.0823083,seed14138.png
-9.473285,-11.059139,seed14139.png
-25.528786,-4.8566856,seed1414.png
28.84924,25.780657,seed14140.png
-33.638218,-6.2528014,seed14141.png
6.1221385,0.833898,seed14142.png
15.974774,-35.7627,seed14143.png
11.77165,16.589834,seed14144.png
-15.572864,-15.451668,seed14145.png
-32.71876,24.845419,seed14146.png
33.691235,18.432503,seed14147.png
-26.13162,12.474225,seed14148.png
29.650942,27.341444,seed14149.png
-15.68032,-9.441542,seed1415.png
11.436829,27.03802,seed14150.png
9.538832,-22.98636,seed14151.png
-30.377548,15.870499,seed14152.png
28.774256,5.5598845,seed14153.png
-14.467904,-2.7716415,seed14154.png
19.233122,-5.522761,seed14155.png
11.606694,15.482448,seed14156.png
41.290897,20.274595,seed14157.png
-18.684605,-30.13144,seed14158.png
-8.551308,-8.698868,seed14159.png
-30.068848,-5.025034,seed1416.png
-22.465107,-20.239117,seed14160.png
-29.523438,-0.3735965,seed14161.png
30.658266,7.431419,seed14162.png
-10.110411,-25.171116,seed14163.png
9.853741,6.056876,seed14164.png
-37.53699,-8.027307,seed14165.png
-10.706846,3.778417,seed14166.png
-10.4383135,-16.520313,seed14167.png
9.770333,9.512879,seed14168.png
-13.186986,-13.816395,seed14169.png
26.402758,-1.5019644,seed1417.png
28.558336,8.309348,seed14170.png
-14.03126,-12.943403,seed14171.png
26.983387,9.754118,seed14172.png
11.0463915,6.816737,seed14173.png
17.998636,-1.3062482,seed14174.png
11.171163,19.61431,seed14175.png
13.095544,4.0671296,seed14176.png
25.915422,3.690059,seed14177.png
-11.456229,-23.783264,seed14178.png
2.4778821,19.610468,seed14179.png
-18.890516,-3.33792,seed1418.png
8.759473,4.656267,seed14180.png
-20.682486,-19.537382,seed14181.png
41.0537,22.556953,seed14182.png
21.664484,18.652786,seed14183.png
12.177646,-39.890213,seed14184.png
-34.684116,27.607357,seed14185.png
-15.709911,4.261753,seed14186.png
31.126795,12.659233,seed14187.png
-30.76968,-8.440899,seed14188.png
-15.118817,-6.6547003,seed14189.png
-5.2345724,6.543278,seed1419.png
-15.678053,-27.843655,seed14190.png
-3.2536125,15.8191395,seed14191.png
-34.87234,23.884539,seed14192.png
-0.39839315,16.702671,seed14193.png
28.251654,9.533155,seed14194.png
-36.19477,10.317671,seed14195.png
24.573925,11.958836,seed14196.png
-21.202166,19.164125,seed14197.png
15.195161,-2.6080277,seed14198.png
-17.90574,-29.28606,seed14199.png
-26.99045,-20.727253,seed1420.png
-22.30375,-10.53064,seed14200.png
16.144829,-34.374172,seed14201.png
-30.509232,-13.158957,seed14202.png
-15.131166,-30.306507,seed14203.png
-4.0854278,22.627785,seed14204.png
12.410922,-12.711296,seed14205.png
1.6031535,-25.40891,seed14206.png
-23.589714,-15.950076,seed14207.png
-32.192318,24.683899,seed14208.png
5.4845247,-27.959625,seed14209.png
27.634352,16.91052,seed1421.png
-17.40134,-15.81961,seed14210.png
7.2732344,1.4095017,seed14211.png
-28.886919,2.6405015,seed14212.png
-26.215416,0.16311453,seed14213.png
-2.8708696,-16.48285,seed14214.png
16.185743,-36.002945,seed14215.png
-19.699024,-29.44937,seed14216.png
2.5309541,20.27903,seed14217.png
12.962656,14.0477915,seed14218.png
-32.126827,21.772787,seed14219.png
15.6364565,2.2657607,seed1422.png
-20.782633,-22.444649,seed14220.png
-22.072851,-8.662561,seed14221.png
-20.919348,-15.310994,seed14222.png
-6.0696774,-7.0469036,seed14223.png
-15.854858,0.07180508,seed14224.png
-4.794057,-14.449225,seed14225.png
-20.606548,-4.9340734,seed14226.png
-1.7513397,-5.3683424,seed14227.png
20.096111,11.4649105,seed14228.png
-10.779502,-6.022948,seed14229.png
39.35883,20.133503,seed1423.png
-19.173594,-1.2856815,seed14230.png
19.046968,21.755552,seed14231.png
-20.8053,-21.639112,seed14232.png
7.8030357,-1.8670954,seed14233.png
-37.06532,15.865195,seed14234.png
1.558365,-14.796209,seed14235.png
-35.815327,10.60433,seed14236.png
-2.8605165,-18.210442,seed14237.png
0.80088764,15.742768,seed14238.png
6.416222,23.131193,seed14239.png
-25.287876,-0.1657614,seed1424.png
9.156249,-32.872623,seed14240.png
30.430677,27.855352,seed14241.png
-17.723545,5.253091,seed14242.png
3.2699063,-28.965977,seed14243.png
-0.78679335,16.300657,seed14244.png
-34.3769,11.85477,seed14245.png
-33.06465,23.206215,seed14246.png
24.75646,-1.4239054,seed14247.png
6.7987084,-36.447773,seed14248.png
-36.387268,10.921007,seed14249.png
14.670981,-30.551584,seed1425.png
4.447413,4.9197006,seed14250.png
-25.193325,-21.379656,seed14251.png
22.865877,24.756075,seed14252.png
-34.26622,-4.878937,seed14253.png
-29.760313,17.030111,seed14254.png
-27.886032,15.432962,seed14255.png
-25.907915,17.956846,seed14256.png
20.187204,6.3673015,seed14257.png
1.4100374,-1.778077,seed14258.png
15.5194845,4.3173895,seed14259.png
25.8865,2.0632706,seed1426.png
-12.038923,-14.369562,seed14260.png
10.827634,23.361519,seed14261.png
20.242325,26.20906,seed14262.png
-36.435024,10.19122,seed14263.png
22.08589,17.985397,seed14264.png
-11.920886,-6.4785337,seed14265.png
13.86114,24.618996,seed14266.png
-24.969389,-12.034793,seed14267.png
8.438956,3.34047,seed14268.png
12.043963,-37.91364,seed14269.png
-25.06265,-13.226424,seed1427.png
-26.184076,-13.794705,seed14270.png
-30.429485,-5.370844,seed14271.png
9.82457,-4.6285787,seed14272.png
6.408983,-28.67748,seed14273.png
29.177975,16.607004,seed14274.png
-31.434046,18.308624,seed14275.png
23.532612,-7.4689503,seed14276.png
-24.567263,-14.893861,seed14277.png
19.703041,-0.39605382,seed14278.png
7.0339656,-37.883972,seed14279.png
22.220284,-6.5766606,seed1428.png
-14.336953,-17.49815,seed14280.png
-22.099384,13.248565,seed14281.png
-2.9810598,20.055819,seed14282.png
-16.802462,-20.045666,seed14283.png
31.718393,10.417795,seed14284.png
-22.583633,10.946006,seed14285.png
-19.646698,0.8869121,seed14286.png
-25.643265,-6.179088,seed14287.png
19.32707,-7.6728153,seed14288.png
-33.17249,23.02404,seed14289.png
-11.8862295,0.2303662,seed1429.png
-21.347567,-5.6899614,seed14290.png
-13.945903,-1.5485921,seed14291.png
22.514824,0.52541137,seed14292.png
35.88213,17.72237,seed14293.png
4.672002,17.138607,seed14294.png
16.85488,-38.133583,seed14295.png
-22.541542,0.5934,seed14296.png
4.6415095,9.369566,seed14297.png
12.815483,24.960081,seed14298.png
-31.451984,14.794667,seed14299.png
-17.873943,6.1110063,seed1430.png
-2.8043082,-16.633192,seed14300.png
11.741222,10.685929,seed14301.png
16.389124,-0.6021656,seed14302.png
27.391636,-0.3614856,seed14303.png
-19.434141,-22.864944,seed14304.png
-20.85328,-24.71363,seed14305.png
1.1016698,-1.3719926,seed14306.png
15.736534,-35.92028,seed14307.png
6.4518056,0.5759887,seed14308.png
29.526875,25.779144,seed14309.png
-30.096607,19.467173,seed1431.png
-24.109886,3.6359339,seed14310.png
37.80815,23.698652,seed14311.png
-4.804665,-4.1821303,seed14312.png
18.887236,-0.4337314,seed14313.png
18.571081,14.267013,seed14314.png
15.262846,-34.62127,seed14315.png
-14.172014,4.9866147,seed14316.png
25.751886,1.3209912,seed14317.png
38.427696,17.491858,seed14318.png
0.25869802,14.106105,seed14319.png
-18.922943,-12.758824,seed1432.png
23.75739,15.814386,seed14320.png
-27.175898,-15.564182,seed14321.png
15.175677,-37.565117,seed14322.png
25.351067,8.823588,seed14323.png
-3.2219071,-19.517738,seed14324.png
-33.62814,25.146698,seed14325.png
-14.419952,-9.20458,seed14326.png
-15.881564,-10.014118,seed14327.png
10.898283,-2.315892,seed14328.png
-26.527443,-12.713704,seed14329.png
3.5425777,-5.2449856,seed1433.png
18.643942,8.059523,seed14330.png
-35.486336,21.436934,seed14331.png
-14.331953,-31.641533,seed14332.png
24.056202,15.06378,seed14333.png
-15.579568,-6.515339,seed14334.png
16.61077,17.481457,seed14335.png
9.745325,-28.446497,seed14336.png
23.210985,15.440983,seed14337.png
17.978971,8.746641,seed14338.png
-14.553468,5.645906,seed14339.png
-9.585536,-12.597778,seed1434.png
26.15784,9.942731,seed14340.png
-14.797554,-15.896538,seed14341.png
-22.642488,5.50952,seed14342.png
7.634843,-2.5413315,seed14343.png
-32.424587,21.41371,seed14344.png
-18.289434,-24.030203,seed14345.png
-16.506489,-27.903385,seed14346.png
23.928154,16.198763,seed14347.png
20.084705,26.236467,seed14348.png
-34.59818,1.2717122,seed14349.png
37.476128,14.914888,seed1435.png
3.041337,-2.8645406,seed14350.png
2.7747815,15.248965,seed14351.png
-17.431486,2.2912207,seed14352.png
12.567481,-31.223114,seed14353.png
23.428942,10.14935,seed14354.png
-13.982061,1.3377572,seed14355.png
-36.80045,22.156265,seed14356.png
-34.354393,19.393099,seed14357.png
-14.19792,-20.579782,seed14358.png
-34.572887,8.380903,seed14359.png
-0.21480389,-7.6142654,seed1436.png
23.138176,18.314823,seed14360.png
8.5866785,5.1137514,seed14361.png
-21.702734,-27.367956,seed14362.png
-14.795183,4.602908,seed14363.png
-31.62634,-5.495891,seed14364.png
3.2788167,20.94035,seed14365.png
-13.127728,-7.00808,seed14366.png
0.89361095,21.427963,seed14367.png
11.352899,22.758524,seed14368.png
-31.577871,16.509195,seed14369.png
5.715341,-23.81865,seed1437.png
35.08345,3.8845649,seed14370.png
-6.7841163,-15.922311,seed14371.png
-34.92075,2.748655,seed14372.png
-31.37526,18.453676,seed14373.png
-16.987179,-31.741013,seed14374.png
-26.884937,-11.402732,seed14375.png
-13.086961,-25.768526,seed14376.png
-25.514505,0.46517894,seed14377.png
-2.433032,-12.329483,seed14378.png
37.268112,18.714252,seed14379.png
-26.410666,-8.947301,seed1438.png
-21.337036,-20.844767,seed14380.png
23.196693,15.352987,seed14381.png
-28.300701,9.020142,seed14382.png
4.459559,9.422915,seed14383.png
24.419859,18.125702,seed14384.png
-27.798111,7.9953384,seed14385.png
34.7092,6.471263,seed14386.png
-1.6042515,-17.388456,seed14387.png
-24.628813,-21.688648,seed14388.png
23.177773,1.9060432,seed14389.png
-20.868849,18.219713,seed1439.png
-22.353376,8.4023905,seed14390.png
13.193955,-23.139217,seed14391.png
-22.100779,-24.608288,seed14392.png
1.115223,23.775097,seed14393.png
7.415242,-25.598175,seed14394.png
-14.294815,-18.740322,seed14395.png
-25.343435,16.146372,seed14396.png
-24.830364,-12.88755,seed14397.png
-18.677673,-22.854515,seed14398.png
36.561913,5.39834,seed14399.png
-2.8530269,18.5274,seed1440.png
6.1364326,-27.539656,seed14400.png
-23.10481,-23.53815,seed14401.png
6.917185,-1.6321726,seed14402.png
-11.552448,-2.9573758,seed14403.png
31.237762,3.4813397,seed14404.png
-2.0388403,22.325348,seed14405.png
4.0593386,-20.5385,seed14406.png
4.9465933,-25.150776,seed14407.png
-1.9878558,-16.357044,seed14408.png
-28.922506,18.4006,seed14409.png
-35.732735,17.663004,seed1441.png
6.723219,-27.823957,seed14410.png
-18.940987,-20.396288,seed14411.png
23.564747,19.523464,seed14412.png
-15.847415,-29.837137,seed14413.png
13.262881,-40.490246,seed14414.png
0.14884478,-15.971076,seed14415.png
-32.17923,8.0085945,seed14416.png
11.324842,-8.004033,seed14417.png
7.6235576,9.521152,seed14418.png
13.908038,-31.228691,seed14419.png
6.1780505,-5.9714804,seed1442.png
33.11658,4.3735847,seed14420.png
11.146002,20.201382,seed14421.png
28.636194,10.009665,seed14422.png
2.9163134,2.676324,seed14423.png
38.78945,24.245111,seed14424.png
-34.45431,13.226181,seed14425.png
9.829481,21.784653,seed14426.png
40.26113,17.616562,seed14427.png
-21.213282,-27.15198,seed14428.png
3.1032372,-28.47839,seed14429.png
-23.500677,-6.025111,seed1443.png
6.9518304,16.05529,seed14430.png
0.19425774,-17.98331,seed14431.png
14.227592,2.4205935,seed14432.png
33.469627,19.106438,seed14433.png
-29.560598,-9.854118,seed14434.png
33.96683,8.134581,seed14435.png
9.856355,-27.85582,seed14436.png
-0.5946209,24.243568,seed14437.png
30.504982,13.465228,seed14438.png
34.918114,13.718518,seed14439.png
31.363165,14.507938,seed1444.png
19.345589,25.002281,seed14440.png
18.83311,1.9366078,seed14441.png
6.870296,9.381737,seed14442.png
12.765961,6.3877954,seed14443.png
-14.763493,-10.427835,seed14444.png
-18.220041,-28.763378,seed14445.png
8.579421,21.023832,seed14446.png
-10.578473,-13.527556,seed14447.png
-20.734087,-2.687635,seed14448.png
33.452972,14.841716,seed14449.png
-34.334473,26.846338,seed1445.png
-27.693422,8.247328,seed14450.png
29.231546,16.12946,seed14451.png
-0.40836897,12.000179,seed14452.png
-33.599236,9.479716,seed14453.png
-27.169691,-11.754137,seed14454.png
5.954323,1.0228384,seed14455.png
-21.712936,-13.127772,seed14456.png
18.047594,8.236686,seed14457.png
1.2627317,7.884369,seed14458.png
0.7250429,20.121387,seed14459.png
-15.2135515,-16.696745,seed1446.png
-11.228811,9.452823,seed14460.png
39.337406,11.214527,seed14461.png
33.256184,26.233782,seed14462.png
-10.363112,-22.579012,seed14463.png
-22.289537,6.709182,seed14464.png
-37.65112,17.898886,seed14465.png
-12.474017,-28.774115,seed14466.png
27.418388,-2.8727844,seed14467.png
-22.224401,-28.142693,seed14468.png
25.427475,10.54168,seed14469.png
-8.710166,7.410829,seed1447.png
-1.4320648,25.038227,seed14470.png
33.361614,17.588121,seed14471.png
-32.496475,15.069167,seed14472.png
-17.024696,-22.23098,seed14473.png
-27.954123,-10.797735,seed14474.png
10.63568,6.012544,seed14475.png
13.531958,27.790802,seed14476.png
13.023328,-30.692768,seed14477.png
-18.095226,17.083755,seed14478.png
-30.172289,4.279941,seed14479.png
20.248905,18.493708,seed1448.png
-33.854465,-6.8619623,seed14480.png
19.786098,-9.624767,seed14481.png
18.220638,1.5378628,seed14482.png
29.575285,1.1331494,seed14483.png
-9.858218,-3.7874575,seed14484.png
-24.363071,5.3756948,seed14485.png
0.48308808,5.8728986,seed14486.png
-25.95235,5.5132384,seed14487.png
24.380522,19.483881,seed14488.png
-6.786173,14.835942,seed14489.png
14.008673,23.564533,seed1449.png
1.7390053,9.831756,seed14490.png
-30.84167,-6.3600903,seed14491.png
-23.777498,4.2313437,seed14492.png
2.3479466,4.359739,seed14493.png
31.067087,5.141029,seed14494.png
-7.1655984,-14.4012785,seed14495.png
28.369093,25.295315,seed14496.png
7.6656594,16.648317,seed14497.png
9.21586,-27.572344,seed14498.png
-25.535177,8.798875,seed14499.png
-8.263098,12.051632,seed1450.png
0.45603934,9.397467,seed14500.png
33.139793,24.723412,seed14501.png
20.35461,17.392996,seed14502.png
14.97981,23.53358,seed14503.png
4.372624,-14.820727,seed14504.png
-18.912638,3.2376165,seed14505.png
15.593795,5.1855392,seed14506.png
8.995804,-0.47620368,seed14507.png
-16.865664,-20.476915,seed14508.png
8.147571,2.1583078,seed14509.png
-30.256369,-6.9402084,seed1451.png
5.1490173,-32.978786,seed14510.png
-18.61415,-6.450112,seed14511.png
29.209764,12.823556,seed14512.png
10.84067,-39.86673,seed14513.png
13.77524,-40.524338,seed14514.png
7.111273,-34.214153,seed14515.png
2.2961268,22.686369,seed14516.png
16.211756,24.304829,seed14517.png
-26.301796,7.3229933,seed14518.png
-11.762375,-2.1307437,seed14519.png
-6.9952908,-26.125296,seed1452.png
-18.216877,1.5876088,seed14520.png
12.790377,-2.1539793,seed14521.png
-13.447063,-31.269669,seed14522.png
-5.5879025,-7.4923053,seed14523.png
-0.20719664,-12.626067,seed14524.png
-17.464668,-9.252283,seed14525.png
-37.730392,11.253136,seed14526.png
-16.313782,-29.86442,seed14527.png
-27.465763,-0.079790205,seed14528.png
32.57901,25.511665,seed14529.png
6.6415606,-6.6397824,seed1453.png
-23.798687,13.42235,seed14530.png
21.14201,3.3477738,seed14531.png
-15.407681,-29.103582,seed14532.png
-34.62011,20.137545,seed14533.png
14.300757,-7.610253,seed14534.png
-28.763079,-3.363521,seed14535.png
11.288975,9.351418,seed14536.png
-29.085127,13.433451,seed14537.png
-32.56864,9.976002,seed14538.png
25.495167,17.544052,seed14539.png
-2.8744113,-14.626851,seed1454.png
-23.328955,-4.592005,seed14540.png
-32.094723,12.961649,seed14541.png
12.905333,-39.073578,seed14542.png
-17.278765,-9.789398,seed14543.png
7.9519687,6.6629567,seed14544.png
-0.31961063,4.9214735,seed14545.png
-12.638424,0.9351901,seed14546.png
16.290333,-37.597168,seed14547.png
6.535825,-4.4839506,seed14548.png
16.218845,-32.382996,seed14549.png
-17.028418,-10.0722,seed1455.png
21.769524,21.925379,seed14550.png
-7.902791,-19.259678,seed14551.png
-20.754257,-18.28549,seed14552.png
-21.549627,18.040852,seed14553.png
20.306843,2.649817,seed14554.png
-1.6744614,24.094595,seed14555.png
0.63770646,12.011522,seed14556.png
-25.751862,1.4448477,seed14557.png
-14.236687,-17.058168,seed14558.png
-9.13479,3.2695367,seed14559.png
16.49972,13.817039,seed1456.png
29.570427,9.778099,seed14560.png
5.975227,-39.35318,seed14561.png
17.86292,19.152304,seed14562.png
-0.053507157,22.90199,seed14563.png
-34.765785,15.924227,seed14564.png
-7.043452,-12.257465,seed14565.png
-17.577244,-16.314127,seed14566.png
16.52896,7.1473107,seed14567.png
-24.207209,-7.504149,seed14568.png
-13.107362,-11.889927,seed14569.png
-30.635088,8.831314,seed1457.png
-22.986801,-13.636016,seed14570.png
13.374437,14.630626,seed14571.png
9.399424,-9.916827,seed14572.png
-22.221329,8.187997,seed14573.png
-30.137392,-13.689818,seed14574.png
-31.215141,-7.8146405,seed14575.png
-15.326763,-5.5949144,seed14576.png
-31.36938,-0.4292025,seed14577.png
-31.814623,19.5669,seed14578.png
-15.601414,-19.682083,seed14579.png
9.866569,-40.194508,seed1458.png
13.208596,-5.124376,seed14580.png
14.610524,25.055216,seed14581.png
6.6412897,1.9595665,seed14582.png
-31.180368,-8.681141,seed14583.png
-2.6093895,-14.740974,seed14584.png
10.257365,-8.93469,seed14585.png
-28.844067,-11.24254,seed14586.png
-31.471432,-8.093011,seed14587.png
36.44871,14.608624,seed14588.png
-1.0073923,-22.950628,seed14589.png
-24.606768,-4.627739,seed1459.png
28.50999,27.204624,seed14590.png
-22.609894,7.8101563,seed14591.png
-16.48785,-22.74819,seed14592.png
8.688774,12.317859,seed14593.png
33.221443,18.162485,seed14594.png
11.758235,-6.4856462,seed14595.png
33.142868,14.179214,seed14596.png
29.66414,24.377459,seed14597.png
12.525925,-25.894346,seed14598.png
34.916348,11.361712,seed14599.png
15.271786,4.338965,seed1460.png
3.1704533,-29.311956,seed14600.png
37.785,8.983264,seed14601.png
0.80784345,7.2809296,seed14602.png
8.783228,-39.806984,seed14603.png
-36.370407,6.158564,seed14604.png
-1.7341533,22.680212,seed14605.png
-26.179514,1.3493856,seed14606.png
-27.104637,11.576226,seed14607.png
-24.297792,-8.831788,seed14608.png
5.209378,6.535539,seed14609.png
-13.403844,-14.130485,seed1461.png
-16.574087,-19.806335,seed14610.png
7.117868,2.9176724,seed14611.png
22.923468,13.524697,seed14612.png
-25.71441,11.428971,seed14613.png
-18.775946,5.0904655,seed14614.png
-19.796324,1.1491334,seed14615.png
-13.737896,-3.6358926,seed14616.png
-20.509546,-20.752316,seed14617.png
-29.493042,-9.518678,seed14618.png
-10.007827,-17.726908,seed14619.png
-11.779247,2.3654993,seed1462.png
-26.505089,3.8947787,seed14620.png
-7.3271575,11.333562,seed14621.png
32.6143,11.804996,seed14622.png
-21.825556,-19.204737,seed14623.png
-4.1450605,-12.758686,seed14624.png
7.512016,-29.674122,seed14625.png
8.131781,-28.717402,seed14626.png
16.627972,1.5902781,seed14627.png
-32.90813,23.494268,seed14628.png
13.743234,-8.411648,seed14629.png
-29.539053,2.5479734,seed1463.png
-15.621354,-23.112093,seed14630.png
-32.116814,23.503775,seed14631.png
9.375774,28.422043,seed14632.png
20.76749,-6.1233587,seed14633.png
-20.20679,9.921003,seed14634.png
3.6930232,10.350992,seed14635.png
-35.063335,27.10609,seed14636.png
16.484417,-35.996128,seed14637.png
28.688398,13.495231,seed14638.png
-16.706594,8.165707,seed14639.png
11.972214,21.238512,seed1464.png
-15.120709,-30.809675,seed14640.png
-12.37882,-22.658417,seed14641.png
5.5783796,-29.903952,seed14642.png
26.431526,8.197673,seed14643.png
-0.34907869,23.700472,seed14644.png
3.9700015,15.557764,seed14645.png
25.613583,16.180378,seed14646.png
-34.201027,25.72818,seed14647.png
-35.957287,20.574862,seed14648.png
-19.40352,-20.743635,seed14649.png
40.90316,18.002306,seed1465.png
11.820393,-9.236093,seed14650.png
12.547035,-39.60786,seed14651.png
-32.752457,21.209711,seed14652.png
13.210698,11.075992,seed14653.png
-14.83959,-16.904093,seed14654.png
-20.967426,-16.098133,seed14655.png
30.80915,7.5512433,seed14656.png
2.046477,6.4085097,seed14657.png
14.850341,15.705015,seed14658.png
12.356041,-36.80655,seed14659.png
0.6836695,-27.006239,seed1466.png
-8.8843,-3.5070379,seed14660.png
-21.891197,-20.912165,seed14661.png
-27.248913,-11.094688,seed14662.png
-5.299443,-17.458965,seed14663.png
-31.24207,13.685229,seed14664.png
34.685913,25.584957,seed14665.png
34.459293,8.8812275,seed14666.png
-6.714476,-4.6166697,seed14667.png
16.201012,-2.4058769,seed14668.png
10.590041,22.061003,seed14669.png
-21.871489,16.468822,seed1467.png
2.4984827,14.24677,seed14670.png
4.118354,-1.9885223,seed14671.png
20.175247,-2.4563494,seed14672.png
33.872032,4.6268525,seed14673.png
-19.095503,-24.150476,seed14674.png
29.37564,2.660349,seed14675.png
-16.66182,-12.72228,seed14676.png
-23.975813,7.907687,seed14677.png
8.696774,5.3191648,seed14678.png
27.720587,26.257837,seed14679.png
19.249367,4.628215,seed1468.png
7.811812,-5.2873893,seed14680.png
9.002107,-30.734484,seed14681.png
16.970125,17.12918,seed14682.png
12.240854,-22.367353,seed14683.png
7.3965206,-36.369324,seed14684.png
-3.0049295,-2.143139,seed14685.png
24.982119,12.619397,seed14686.png
30.12509,27.511927,seed14687.png
-27.579195,13.084752,seed14688.png
-1.3374282,18.441185,seed14689.png
-13.092668,1.3716892,seed1469.png
-13.919316,-13.286079,seed14690.png
11.07395,-2.8895128,seed14691.png
-19.435385,12.284267,seed14692.png
4.8622904,-33.773914,seed14693.png
27.402767,24.499645,seed14694.png
-9.767848,-14.741469,seed14695.png
23.57574,4.4308167,seed14696.png
1.5462981,21.673754,seed14697.png
-0.630952,20.040272,seed14698.png
10.955454,-36.57399,seed14699.png
-35.35019,3.0644226,seed1470.png
17.263512,13.01634,seed14700.png
26.855425,1.4336333,seed14701.png
-8.943614,-16.813046,seed14702.png
-24.53759,-4.963596,seed14703.png
-12.71655,-22.544485,seed14704.png
-30.205633,4.456897,seed14705.png
3.653708,10.920078,seed14706.png
-26.821173,14.563984,seed14707.png
13.820763,-5.982605,seed14708.png
31.706923,-0.15830956,seed14709.png
-5.2551036,8.52808,seed1471.png
-1.4351937,22.911718,seed14710.png
7.2728877,14.111119,seed14711.png
14.770037,-34.274456,seed14712.png
16.734392,23.466908,seed14713.png
29.539976,-1.039514,seed14714.png
-32.370415,7.1347294,seed14715.png
-11.253778,-2.5612772,seed14716.png
-19.441002,5.325809,seed14717.png
14.186078,26.59657,seed14718.png
-25.821314,11.347437,seed14719.png
-25.30666,-7.0985284,seed1472.png
-28.693834,-9.344229,seed14720.png
6.654906,1.0521009,seed14721.png
-0.1459076,21.604342,seed14722.png
-29.798903,2.4074242,seed14723.png
-11.873502,-4.1820893,seed14724.png
3.6718955,-36.566498,seed14725.png
-12.141117,-0.06677291,seed14726.png
-27.399302,4.907844,seed14727.png
-4.7702403,-18.853037,seed14728.png
-23.438698,-24.077742,seed14729.png
6.987276,-22.832087,seed1473.png
-15.60353,-18.353794,seed14730.png
8.07302,-0.9909546,seed14731.png
21.646723,-3.28648,seed14732.png
-22.99375,0.28185165,seed14733.png
27.699732,8.216089,seed14734.png
-35.432392,23.980627,seed14735.png
13.992859,-2.0001118,seed14736.png
-18.52371,-10.466736,seed14737.png
-24.12753,-19.473042,seed14738.png
10.589181,17.868689,seed14739.png
2.859082,2.276716,seed1474.png
35.49031,22.666819,seed14740.png
19.221256,-7.510461,seed14741.png
35.881367,8.047138,seed14742.png
-33.291794,23.158834,seed14743.png
-6.368789,11.036764,seed14744.png
14.419976,-33.40689,seed14745.png
16.788986,22.843214,seed14746.png
6.560815,23.931349,seed14747.png
13.304481,-36.477367,seed14748.png
-24.20419,-25.050713,seed14749.png
12.1114025,-40.86623,seed1475.png
12.324503,-0.009473021,seed14750.png
-10.187099,-9.669677,seed14751.png
-29.251877,7.709987,seed14752.png
-29.811707,-10.496767,seed14753.png
13.332148,2.1484592,seed14754.png
3.3034637,14.454411,seed14755.png
-25.834484,10.6146,seed14756.png
37.187847,5.3512473,seed14757.png
-7.5942373,-20.353525,seed14758.png
-18.885588,-5.1662993,seed14759.png
-1.749389,-21.638704,seed1476.png
-23.989937,0.57016563,seed14760.png
7.4240537,-12.129965,seed14761.png
-35.459946,17.925873,seed14762.png
26.160732,-4.2386436,seed14763.png
-22.473793,4.6558304,seed14764.png
-34.328762,-5.3687096,seed14765.png
12.5679,2.4527037,seed14766.png
18.588888,19.361536,seed14767.png
8.547716,20.523973,seed14768.png
32.602394,12.362634,seed14769.png
-18.191252,-28.039501,seed1477.png
-26.443745,-15.441422,seed14770.png
15.446365,5.0594335,seed14771.png
-11.727773,-10.273465,seed14772.png
-1.4829352,24.528778,seed14773.png
-23.728434,16.997538,seed14774.png
14.359691,27.611923,seed14775.png
-24.511734,-1.046501,seed14776.png
23.42688,12.319969,seed14777.png
-10.374841,-22.494183,seed14778.png
-9.739858,-14.241108,seed14779.png
-34.48089,-9.190884,seed1478.png
30.505972,28.04787,seed14780.png
21.76326,-7.3179317,seed14781.png
-22.187735,-23.413757,seed14782.png
32.07786,15.308086,seed14783.png
-21.568794,-11.663961,seed14784.png
-22.02934,-29.379833,seed14785.png
9.876844,24.533777,seed14786.png
-16.547106,-8.595551,seed14787.png
7.494954,-4.5085025,seed14788.png
-16.801659,-8.328929,seed14789.png
-0.5648521,19.108986,seed1479.png
-32.731194,20.700914,seed14790.png
-17.275902,-6.456629,seed14791.png
10.716293,29.54391,seed14792.png
12.859864,-40.754,seed14793.png
4.9299,-5.966563,seed14794.png
-29.476727,-0.9360012,seed14795.png
36.557674,21.681753,seed14796.png
25.64284,8.025498,seed14797.png
-3.2331386,-9.873954,seed14798.png
-34.651882,-6.724457,seed14799.png
-26.878485,-14.855427,seed1480.png
9.182967,22.949236,seed14800.png
-13.958883,2.4038317,seed14801.png
-27.688234,5.8209443,seed14802.png
-31.748575,5.288953,seed14803.png
-15.833903,-8.99636,seed14804.png
11.864901,-5.548398,seed14805.png
18.670298,-7.342731,seed14806.png
11.636791,-30.900946,seed14807.png
3.5812416,-34.87177,seed14808.png
-11.111195,-6.6380243,seed14809.png
12.366119,27.557838,seed1481.png
35.07629,23.368948,seed14810.png
-36.880043,13.567624,seed14811.png
-23.684088,-24.509954,seed14812.png
-15.955837,-6.305391,seed14813.png
-20.725735,-18.532291,seed14814.png
-13.555298,-23.365528,seed14815.png
-30.051004,2.3396306,seed14816.png
-25.619822,-11.271926,seed14817.png
-0.012366083,4.2365594,seed14818.png
12.036283,-39.56843,seed14819.png
6.831693,-26.872646,seed1482.png
5.997261,2.559972,seed14820.png
-12.1374035,-26.899206,seed14821.png
26.395218,18.810448,seed14822.png
21.833454,-3.4139698,seed14823.png
-21.326988,10.743536,seed14824.png
-34.0693,16.948742,seed14825.png
5.6151085,15.768017,seed14826.png
-9.668984,-23.368725,seed14827.png
9.792842,-41.51744,seed14828.png
-32.451508,26.111118,seed14829.png
1.2967261,-24.473759,seed1483.png
-22.562326,-19.903257,seed14830.png
9.871098,20.737524,seed14831.png
0.4296915,24.701664,seed14832.png
-20.922491,1.2825698,seed14833.png
22.29305,27.289454,seed14834.png
24.412384,10.453589,seed14835.png
3.7400873,12.918225,seed14836.png
-34.1009,-9.599145,seed14837.png
-18.622038,4.7023096,seed14838.png
-24.143984,-4.2993383,seed14839.png
-20.88479,-25.718838,seed1484.png
14.1746855,5.2159553,seed14840.png
-23.974737,-19.565948,seed14841.png
-0.18279387,11.412814,seed14842.png
-31.135912,20.978458,seed14843.png
-18.318434,-15.287501,seed14844.png
-5.4574337,-1.8719785,seed14845.png
12.158089,-26.730581,seed14846.png
17.500034,19.43755,seed14847.png
-29.503366,-7.403917,seed14848.png
4.418941,-33.115276,seed14849.png
29.753916,13.17105,seed1485.png
-24.643576,-6.6575823,seed14850.png
-22.401518,9.390681,seed14851.png
-1.6724325,20.3213,seed14852.png
6.4367495,-7.9089885,seed14853.png
30.672277,16.56315,seed14854.png
-3.7279341,-23.968666,seed14855.png
26.145771,11.6872015,seed14856.png
-29.665543,18.006853,seed14857.png
-10.284148,-10.723306,seed14858.png
-7.813638,-13.670473,seed14859.png
-32.012672,-6.053351,seed1486.png
-23.159882,9.981986,seed14860.png
-15.16804,-26.160215,seed14861.png
8.003951,-11.550962,seed14862.png
-15.286388,-24.828175,seed14863.png
34.144978,7.956774,seed14864.png
13.547276,-5.1142974,seed14865.png
-19.841227,-22.973372,seed14866.png
6.749834,3.9889529,seed14867.png
25.02939,20.318226,seed14868.png
18.533558,-8.048178,seed14869.png
-29.874353,3.8574917,seed1487.png
11.65512,4.8109097,seed14870.png
5.1915836,15.162648,seed14871.png
-20.332012,-4.9949236,seed14872.png
-15.374533,-8.704264,seed14873.png
21.68528,17.150185,seed14874.png
33.519993,18.703505,seed14875.png
35.771446,8.903336,seed14876.png
10.990159,6.049511,seed14877.png
27.281668,20.251127,seed14878.png
30.76959,15.547221,seed14879.png
25.846897,15.900689,seed1488.png
-19.993074,-18.043163,seed14880.png
5.403711,-3.5894828,seed14881.png
-5.1988535,-11.174822,seed14882.png
-18.87448,-25.71107,seed14883.png
4.873761,24.56461,seed14884.png
10.651071,12.63985,seed14885.png
-5.011888,-23.735193,seed14886.png
5.1121397,6.4288697,seed14887.png
-14.954244,-14.561252,seed14888.png
-12.577903,3.213704,seed14889.png
22.616592,19.39183,seed1489.png
-7.7178006,-23.134914,seed14890.png
21.63643,19.491564,seed14891.png
1.8209628,19.51504,seed14892.png
-38.405697,14.0580845,seed14893.png
-2.920539,-22.13729,seed14894.png
-13.511653,-2.6319005,seed14895.png
33.594585,10.821103,seed14896.png
12.803021,20.663515,seed14897.png
-10.815359,-25.38784,seed14898.png
-12.275082,-11.155402,seed14899.png
30.215185,17.406017,seed1490.png
11.338774,-35.490643,seed14900.png
20.49428,-6.413774,seed14901.png
-1.4488513,2.2276628,seed14902.png
-18.25327,7.8115587,seed14903.png
-18.031519,-22.587605,seed14904.png
-20.413206,-11.681614,seed14905.png
35.73562,25.971018,seed14906.png
-26.472284,-15.561308,seed14907.png
-30.75637,25.049902,seed14908.png
-19.028278,-12.734735,seed14909.png
-4.0709076,-0.79542243,seed1491.png
-22.21,15.190949,seed14910.png
9.645782,-0.5171947,seed14911.png
17.683968,13.813719,seed14912.png
-30.88344,-10.44716,seed14913.png
14.315684,27.572319,seed14914.png
14.47575,24.808596,seed14915.png
-5.3481455,-15.654186,seed14916.png
-33.587116,25.992718,seed14917.png
-37.2714,11.238204,seed14918.png
-22.22112,-14.09229,seed14919.png
-22.510012,9.36336,seed1492.png
-29.365927,2.6410263,seed14920.png
-0.7321845,23.228498,seed14921.png
6.395072,17.072905,seed14922.png
34.46671,6.22511,seed14923.png
33.394302,19.765522,seed14924.png
-25.019686,-3.416156,seed14925.png
-16.61252,-8.8173485,seed14926.png
7.8389206,-30.997189,seed14927.png
6.606109,-39.535675,seed14928.png
-37.567673,21.720148,seed14929.png
29.365698,9.726564,seed1493.png
-32.712284,19.887068,seed14930.png
8.505655,-2.488839,seed14931.png
18.455193,-6.4851527,seed14932.png
6.8696604,-27.945375,seed14933.png
17.330175,16.631395,seed14934.png
36.87485,25.341116,seed14935.png
-22.276972,2.400263,seed14936.png
-14.9111805,1.7543436,seed14937.png
21.431414,3.2628179,seed14938.png
-36.5388,9.124474,seed14939.png
-13.146779,-16.960009,seed1494.png
-11.737714,-15.405875,seed14940.png
26.638412,1.4128246,seed14941.png
4.696389,-5.2217607,seed14942.png
-19.884285,1.5021311,seed14943.png
-15.5470295,-15.813969,seed14944.png
-12.410142,-2.770659,seed14945.png
-13.637316,3.3696551,seed14946.png
-8.704625,6.3106785,seed14947.png
5.0417094,16.948807,seed14948.png
13.375016,11.098792,seed14949.png
11.7313175,-39.85757,seed1495.png
-17.438293,-26.996367,seed14950.png
18.4396,-8.668312,seed14951.png
21.427477,24.65681,seed14952.png
6.1070757,4.984985,seed14953.png
17.176144,3.4409287,seed14954.png
-23.180923,-4.5645695,seed14955.png
-22.74445,-12.196588,seed14956.png
-16.749817,-8.0430565,seed14957.png
-24.59621,9.143266,seed14958.png
-26.635378,-15.000334,seed14959.png
-2.784713,-12.367273,seed1496.png
32.4981,5.998576,seed14960.png
8.711821,2.9793742,seed14961.png
11.988484,19.241518,seed14962.png
-30.156557,14.743602,seed14963.png
30.185987,5.6459446,seed14964.png
-28.769493,-17.207533,seed14965.png
18.35743,-8.878578,seed14966.png
-33.62907,9.914602,seed14967.png
11.716177,-34.79856,seed14968.png
-17.343756,-12.371882,seed14969.png
38.619053,20.804504,seed1497.png
-14.597328,-16.044466,seed14970.png
-11.348452,-27.681255,seed14971.png
12.012589,2.204759,seed14972.png
-6.933528,-17.479105,seed14973.png
39.281532,22.287933,seed14974.png
-10.537153,-14.042139,seed14975.png
-14.530839,-21.211914,seed14976.png
-33.31673,13.627736,seed14977.png
-22.744892,-0.21507199,seed14978.png
20.821377,15.183189,seed14979.png
-23.928507,1.2467575,seed1498.png
0.534026,25.043678,seed14980.png
-16.938307,-26.859482,seed14981.png
-14.465234,4.700721,seed14982.png
-34.594482,25.948513,seed14983.png
-16.670088,-18.287762,seed14984.png
-13.733432,-28.630033,seed14985.png
-18.641212,-0.028067432,seed14986.png
4.477227,15.849981,seed14987.png
30.605587,29.016376,seed14988.png
6.3837247,7.0114713,seed14989.png
30.250544,13.815638,seed1499.png
17.118748,-36.218216,seed14990.png
-18.665436,4.1340184,seed14991.png
24.142567,21.861692,seed14992.png
16.000244,21.940619,seed14993.png
-0.9963984,-17.449108,seed14994.png
-28.938778,15.754503,seed14995.png
34.59308,14.839892,seed14996.png
4.806237,-39.258747,seed14997.png
9.617648,-28.228312,seed14998.png
32.719788,16.671865,seed14999.png
29.969042,22.500912,seed1500.png
21.526556,18.58625,seed15000.png
31.556286,13.046722,seed15001.png
1.8083674,-10.91292,seed15002.png
11.7931185,-41.81251,seed15003.png
-24.516977,-0.65349513,seed15004.png
19.723583,14.34848,seed15005.png
-31.116549,12.430915,seed15006.png
35.2669,10.546385,seed15007.png
22.173765,1.9387724,seed15008.png
-6.105512,0.9002761,seed15009.png
4.831651,12.765139,seed1501.png
-10.510335,-22.490513,seed15010.png
25.132942,9.13698,seed15011.png
33.69494,13.931605,seed15012.png
31.093113,0.66862166,seed15013.png
-5.9657993,-22.457815,seed15014.png
-26.57014,-18.550388,seed15015.png
-7.656747,8.340798,seed15016.png
20.548342,-0.50724465,seed15017.png
12.863033,15.535199,seed15018.png
-23.837633,6.1707635,seed15019.png
5.065303,4.5621533,seed1502.png
-14.834542,-14.784278,seed15020.png
30.054394,0.3574399,seed15021.png
21.14673,-5.5102882,seed15022.png
-1.0045979,24.340666,seed15023.png
-32.044373,19.16824,seed15024.png
18.65466,-3.7763965,seed15025.png
13.119193,3.4844487,seed15026.png
-5.082797,-13.505527,seed15027.png
-19.338339,-1.9797297,seed15028.png
-13.262206,-7.819913,seed15029.png
-9.238937,6.4545836,seed1503.png
-16.004246,-24.960812,seed15030.png
10.066812,-34.588165,seed15031.png
17.119753,9.7342005,seed15032.png
6.894385,-25.498253,seed15033.png
0.8070697,22.072533,seed15034.png
8.245773,18.868807,seed15035.png
0.06750925,-0.6138528,seed15036.png
22.1786,2.0820127,seed15037.png
-26.38605,5.1577334,seed15038.png
30.492273,15.756023,seed15039.png
-12.027455,-10.684205,seed1504.png
10.008198,22.478653,seed15040.png
34.607903,24.669443,seed15041.png
-32.29094,6.268743,seed15042.png
15.95922,9.112849,seed15043.png
-12.500482,-29.096312,seed15044.png
6.4598017,5.924561,seed15045.png
13.566488,18.773182,seed15046.png
-17.587244,-16.521587,seed15047.png
-9.395885,-5.0391126,seed15048.png
34.337967,12.3546095,seed15049.png
12.995289,-8.1527405,seed1505.png
-25.890512,-3.9082506,seed15050.png
2.5539713,5.0827293,seed15051.png
3.542338,16.26357,seed15052.png
-19.770681,-14.468807,seed15053.png
17.33221,14.732684,seed15054.png
12.794877,-22.929081,seed15055.png
-19.40659,-18.791054,seed15056.png
-15.90435,-29.403202,seed15057.png
-10.95204,-24.599266,seed15058.png
40.521214,16.58006,seed15059.png
9.512044,29.267431,seed1506.png
-0.09570679,17.13333,seed15060.png
-0.08049537,14.785926,seed15061.png
-8.010257,10.879148,seed15062.png
-5.7056637,-2.907004,seed15063.png
-13.861886,-31.070557,seed15064.png
-19.264011,-21.109001,seed15065.png
24.550629,-1.7637497,seed15066.png
-0.9325244,25.106672,seed15067.png
-17.30905,-19.167162,seed15068.png
-14.330581,3.379694,seed15069.png
-13.772173,-26.910526,seed1507.png
25.541084,10.311094,seed15070.png
1.5844456,-5.398507,seed15071.png
-33.144325,-3.0316153,seed15072.png
-24.70598,4.0444503,seed15073.png
36.569042,19.883398,seed15074.png
20.393965,5.4520717,seed15075.png
-1.1470126,-13.296374,seed15076.png
17.500805,-10.013115,seed15077.png
9.781288,-7.530775,seed15078.png
-16.526094,-27.198387,seed15079.png
-37.472164,9.53245,seed1508.png
36.519897,15.923668,seed15080.png
40.51099,21.92798,seed15081.png
26.639769,17.766205,seed15082.png
11.728372,-42.9503,seed15083.png
31.846806,27.906628,seed15084.png
33.475185,12.259447,seed15085.png
-10.147243,-0.16235234,seed15086.png
38.064236,18.003355,seed15087.png
-21.163652,-12.689881,seed15088.png
24.560984,2.6379707,seed15089.png
-27.435541,0.83133966,seed1509.png
14.203676,-30.12373,seed15090.png
-26.190823,4.451834,seed15091.png
27.275978,5.766653,seed15092.png
-12.213813,-2.2138875,seed15093.png
15.115968,-34.75692,seed15094.png
-26.36946,-8.810684,seed15095.png
-2.2138453,17.406652,seed15096.png
-33.746853,-6.4741635,seed15097.png
17.497366,17.502125,seed15098.png
-18.091927,-10.303564,seed15099.png
11.091865,-4.7579722,seed1510.png
7.8189926,19.383652,seed15100.png
10.871259,-24.764023,seed15101.png
-12.504936,-4.3856654,seed15102.png
-16.507145,3.472105,seed15103.png
-13.792216,-12.970148,seed15104.png
39.388065,25.059004,seed15105.png
13.448854,9.004982,seed15106.png
-0.8696769,-14.242142,seed15107.png
-34.721134,6.134797,seed15108.png
36.509026,21.222715,seed15109.png
-31.061455,4.563788,seed1511.png
-21.952583,18.671661,seed15110.png
8.977499,1.0237672,seed15111.png
16.521038,-37.32926,seed15112.png
8.954777,2.762735,seed15113.png
-30.438326,-0.9931968,seed15114.png
-23.74382,17.397907,seed15115.png
13.065492,28.512228,seed15116.png
-17.031836,-22.124052,seed15117.png
-13.094111,-12.872515,seed15118.png
-23.129303,-12.490982,seed15119.png
-21.058928,-11.5808115,seed1512.png
8.644096,9.033309,seed15120.png
10.829681,-5.497942,seed15121.png
-12.611928,-27.702993,seed15122.png
-21.510792,17.717367,seed15123.png
19.24243,9.125499,seed15124.png
-30.31281,-10.749355,seed15125.png
-20.384338,9.187697,seed15126.png
9.333497,-34.694847,seed15127.png
-25.294003,20.972486,seed15128.png
31.250057,26.997646,seed15129.png
-34.872868,-0.39259255,seed1513.png
5.0526204,11.187272,seed15130.png
-10.042932,-4.6374617,seed15131.png
29.464296,14.9358,seed15132.png
16.207264,7.685083,seed15133.png
-34.321655,27.118752,seed15134.png
-16.177334,-5.791894,seed15135.png
6.620673,-32.227592,seed15136.png
-14.757221,-20.291962,seed15137.png
31.634567,2.262125,seed15138.png
-33.322117,-2.1921327,seed15139.png
-14.706791,-11.332713,seed1514.png
9.33425,4.1625266,seed15140.png
-32.482197,17.908417,seed15141.png
3.724665,-29.166426,seed15142.png
-12.990723,-21.884148,seed15143.png
-12.232516,8.55333,seed15144.png
27.140463,22.018814,seed15145.png
20.008629,22.27637,seed15146.png
29.253475,4.151047,seed15147.png
20.612791,26.287134,seed15148.png
-29.595224,1.9501888,seed15149.png
-27.395338,-11.620545,seed1515.png
0.59957254,11.436785,seed15150.png
-10.083505,7.7351003,seed15151.png
-22.243261,1.4772791,seed15152.png
-19.610596,-30.517702,seed15153.png
12.939574,-38.371384,seed15154.png
16.598646,24.79982,seed15155.png
-1.0826815,20.849676,seed15156.png
-26.17413,-16.32786,seed15157.png
32.32708,15.764606,seed15158.png
-34.548897,-15.108135,seed15159.png
-22.820992,0.20429638,seed1516.png
9.361962,-14.798612,seed15160.png
-0.58861184,16.728622,seed15161.png
37.26584,27.41342,seed15162.png
-32.308933,24.897064,seed15163.png
-15.457706,-17.913725,seed15164.png
7.7692604,-3.0299857,seed15165.png
5.1305747,12.242045,seed15166.png
5.848504,-35.39009,seed15167.png
8.035205,-11.0959635,seed15168.png
-4.0971284,9.415228,seed15169.png
-20.19154,12.240867,seed1517.png
10.969808,9.380253,seed15170.png
-32.492085,1.9212028,seed15171.png
32.151855,26.42488,seed15172.png
4.18035,6.4334426,seed15173.png
15.45771,-29.42413,seed15174.png
-10.301273,-16.181463,seed15175.png
-21.53539,-22.95667,seed15176.png
12.712531,7.9702845,seed15177.png
-20.030369,-16.866251,seed15178.png
11.545263,-1.5227125,seed15179.png
-3.8417232,-13.247616,seed1518.png
-30.3235,5.49978,seed15180.png
-1.7213473,-12.393453,seed15181.png
-13.595784,-31.249393,seed15182.png
-7.530451,-2.8340619,seed15183.png
31.294035,16.078001,seed15184.png
37.397438,12.427145,seed15185.png
-22.181925,-0.9081642,seed15186.png
1.8100549,-11.982613,seed15187.png
1.773312,9.947566,seed15188.png
-17.032211,-19.714111,seed15189.png
1.8872007,11.935408,seed1519.png
-32.35833,-1.0970452,seed15190.png
26.330648,16.676733,seed15191.png
-27.281923,-3.1550293,seed15192.png
-25.247063,9.984482,seed15193.png
-3.9156327,-4.722328,seed15194.png
-30.4349,-13.605147,seed15195.png
-19.680931,6.15475,seed15196.png
6.2956038,8.120764,seed15197.png
10.628399,2.7152889,seed15198.png
-17.337294,-16.563799,seed15199.png
-15.461477,-8.950562,seed1520.png
-32.82176,9.421279,seed15200.png
27.605295,10.175785,seed15201.png
-28.431986,9.36692,seed15202.png
-3.5138078,-14.059097,seed15203.png
0.029992893,-9.271975,seed15204.png
25.135258,1.5257245,seed15205.png
-34.179558,15.572139,seed15206.png
22.139444,26.760048,seed15207.png
-16.729025,-19.609268,seed15208.png
28.480291,5.9596453,seed15209.png
-23.192049,12.340953,seed1521.png
2.5514517,-26.741327,seed15210.png
-24.214916,-8.484949,seed15211.png
-28.250801,0.63928103,seed15212.png
2.7273808,13.855757,seed15213.png
-14.679373,-2.914961,seed15214.png
13.730417,-23.351088,seed15215.png
28.693754,20.011316,seed15216.png
-32.475567,10.758137,seed15217.png
-4.25459,-3.9889314,seed15218.png
20.11183,0.52303463,seed15219.png
13.123656,-4.609094,seed1522.png
8.32266,-42.336098,seed15220.png
-37.845818,16.68065,seed15221.png
-27.292383,11.915749,seed15222.png
-37.118263,22.318615,seed15223.png
-22.236574,-14.158514,seed15224.png
36.60066,7.243528,seed15225.png
12.781236,-36.809418,seed15226.png
25.313984,2.653531,seed15227.png
8.784215,28.685673,seed15228.png
14.339381,8.619876,seed15229.png
-30.246565,21.880394,seed1523.png
11.471955,-41.560932,seed15230.png
18.013832,12.711427,seed15231.png
21.158426,1.5166605,seed15232.png
1.7421286,-13.200336,seed15233.png
17.715174,25.673918,seed15234.png
22.208885,9.458185,seed15235.png
27.505236,5.3145623,seed15236.png
-30.287664,-14.657445,seed15237.png
18.53779,4.6610227,seed15238.png
34.440533,7.2339525,seed15239.png
-22.816782,-5.4403896,seed1524.png
15.950465,16.14993,seed15240.png
-26.268723,-9.14978,seed15241.png
2.5826015,19.999191,seed15242.png
8.585858,12.297034,seed15243.png
-32.24018,6.38817,seed15244.png
13.297288,-10.142624,seed15245.png
-26.382912,9.537041,seed15246.png
4.7000237,7.289842,seed15247.png
-18.913506,4.0043516,seed15248.png
7.634634,0.76848894,seed15249.png
-1.5316181,-6.0609274,seed1525.png
-22.762995,-19.8493,seed15250.png
-12.589636,10.250022,seed15251.png
5.6092587,8.171201,seed15252.png
-9.530048,8.632663,seed15253.png
24.236782,1.9334244,seed15254.png
-15.250222,-30.299314,seed15255.png
15.345888,8.33947,seed15256.png
34.78576,20.246748,seed15257.png
13.193888,-12.563152,seed15258.png
10.112246,-37.856388,seed15259.png
-26.58149,-19.08221,seed1526.png
3.4931107,-4.460735,seed15260.png
-5.676807,-15.298117,seed15261.png
10.126485,4.4639053,seed15262.png
-28.532516,8.572041,seed15263.png
7.6180673,-29.637903,seed15264.png
9.728379,-3.0517292,seed15265.png
36.08087,11.977649,seed15266.png
-32.461224,9.973408,seed15267.png
-13.584063,-1.4575926,seed15268.png
-24.902082,-1.8053191,seed15269.png
-11.588622,-15.370683,seed1527.png
21.985123,24.709263,seed15270.png
-29.825323,13.574886,seed15271.png
28.25347,16.258333,seed15272.png
-31.051542,-13.28164,seed15273.png
18.755444,-1.9861124,seed15274.png
-24.411674,-14.497418,seed15275.png
39.180668,22.42483,seed15276.png
38.26875,20.136316,seed15277.png
10.006608,24.096054,seed15278.png
38.438004,20.203297,seed15279.png
34.7502,12.50992,seed1528.png
15.94814,13.60239,seed15280.png
17.72793,-1.1365471,seed15281.png
37.263824,14.541384,seed15282.png
-0.5463819,19.360231,seed15283.png
-1.617347,15.773123,seed15284.png
-16.270021,-17.182602,seed15285.png
29.321264,27.434946,seed15286.png
-1.7376608,21.450247,seed15287.png
-26.105267,-1.5317467,seed15288.png
-11.842591,-27.307838,seed15289.png
-2.8514996,-6.8253818,seed1529.png
8.358673,-0.8314311,seed15290.png
-2.6836574,11.807617,seed15291.png
10.095427,-10.2435665,seed15292.png
11.6324625,-43.089355,seed15293.png
-31.32737,14.088761,seed15294.png
15.384321,20.866888,seed15295.png
-17.883873,9.053721,seed15296.png
9.020701,-7.4809666,seed15297.png
10.741871,18.801285,seed15298.png
4.5146756,-36.602493,seed15299.png
19.25289,5.5220013,seed1530.png
17.5994,19.545757,seed15300.png
13.767709,-34.84627,seed15301.png
10.580025,5.301749,seed15302.png
16.551352,-5.6115785,seed15303.png
-12.77319,-28.897629,seed15304.png
11.248198,-5.42811,seed15305.png
-30.861792,25.878798,seed15306.png
-9.331573,-24.614746,seed15307.png
-27.943466,-12.942733,seed15308.png
-0.17511119,20.60487,seed15309.png
-30.412663,8.900536,seed1531.png
16.29431,-36.00777,seed15310.png
-15.707117,-18.290838,seed15311.png
17.360733,12.138068,seed15312.png
-10.866425,-2.8106675,seed15313.png
-23.196898,1.3545991,seed15314.png
-27.740816,-14.329712,seed15315.png
5.5475373,7.4692254,seed15316.png
11.848564,-8.88022,seed15317.png
24.638126,8.247415,seed15318.png
7.901305,-6.1261473,seed15319.png
32.53709,7.7897573,seed1532.png
10.2651205,-42.85444,seed15320.png
-32.404255,-4.6940317,seed15321.png
13.824486,16.508396,seed15322.png
2.8478684,-26.932478,seed15323.png
-15.710159,-18.682247,seed15324.png
-32.83631,24.358679,seed15325.png
-16.023632,-15.855214,seed15326.png
35.058697,22.062166,seed15327.png
30.692755,28.061285,seed15328.png
18.14878,24.431946,seed15329.png
-24.8069,5.503921,seed1533.png
20.707413,4.7699695,seed15330.png
13.634155,-40.83323,seed15331.png
25.820246,5.5883765,seed15332.png
-36.42211,10.845884,seed15333.png
-23.24706,9.0728445,seed15334.png
5.4439316,-33.349686,seed15335.png
9.458252,-30.950405,seed15336.png
5.7430277,-27.325287,seed15337.png
-23.48957,13.408077,seed15338.png
22.53224,-4.2122846,seed15339.png
-20.105213,-16.827078,seed1534.png
0.15589888,-1.3227665,seed15340.png
16.716438,-37.788887,seed15341.png
-18.195087,-6.8541203,seed15342.png
33.897102,27.052193,seed15343.png
38.99214,21.293139,seed15344.png
27.243416,27.608854,seed15345.png
-10.727137,-28.12418,seed15346.png
5.124324,-27.45926,seed15347.png
4.3281736,-39.638687,seed15348.png
-23.773052,-1.9588778,seed15349.png
18.942574,-6.3882165,seed1535.png
12.224986,-3.4947195,seed15350.png
12.276539,6.0618453,seed15351.png
9.482564,19.856304,seed15352.png
24.968246,22.315405,seed15353.png
-21.167591,2.0422938,seed15354.png
-20.392868,3.7510579,seed15355.png
19.500551,22.565437,seed15356.png
-33.79731,26.959732,seed15357.png
-15.01928,-21.412855,seed15358.png
17.695705,-7.309696,seed15359.png
-18.798319,-28.35696,seed1536.png
4.2928033,-14.205831,seed15360.png
16.60193,-5.3237553,seed15361.png
15.924009,10.682293,seed15362.png
-23.617146,-27.381983,seed15363.png
-29.584612,-18.69129,seed15364.png
0.46168646,21.676159,seed15365.png
-6.331346,-22.44703,seed15366.png
-29.005907,-9.56985,seed15367.png
-11.608728,11.520002,seed15368.png
-0.4820954,-2.3105218,seed15369.png
-33.856693,10.823984,seed1537.png
6.369238,-4.8748503,seed15370.png
14.231554,15.913022,seed15371.png
28.461382,-1.0724638,seed15372.png
2.6569195,13.252389,seed15373.png
-32.193893,15.374971,seed15374.png
-33.309868,4.290049,seed15375.png
-12.671532,-5.3527412,seed15376.png
-31.445845,3.1365712,seed15377.png
30.817928,8.227065,seed15378.png
10.118128,10.763059,seed15379.png
-20.170841,-0.23245786,seed1538.png
16.65853,11.051517,seed15380.png
-33.729862,18.841595,seed15381.png
-22.89888,1.9058795,seed15382.png
38.516083,18.42555,seed15383.png
-22.563751,-16.406824,seed15384.png
-25.373623,-5.5946813,seed15385.png
7.933012,-27.41599,seed15386.png
-32.172916,12.52469,seed15387.png
8.305862,0.15213814,seed15388.png
-8.190381,3.1279628,seed15389.png
30.324236,11.060174,seed1539.png
-16.126022,-13.889137,seed15390.png
-21.666346,-18.795519,seed15391.png
11.893215,-34.906307,seed15392.png
32.296658,6.261094,seed15393.png
20.039734,22.658197,seed15394.png
-25.805859,1.523434,seed15395.png
28.40641,-1.7116095,seed15396.png
15.285285,-1.9028664,seed15397.png
8.642611,5.7812433,seed15398.png
3.4964452,-33.940624,seed15399.png
9.937378,7.956503,seed1540.png
37.539516,25.809824,seed15400.png
3.3517694,-24.806574,seed15401.png
-14.614179,3.6694322,seed15402.png
17.091879,7.5506196,seed15403.png
13.081383,-21.080296,seed15404.png
-30.440203,18.42249,seed15405.png
1.1850919,-16.457376,seed15406.png
11.187035,-35.82791,seed15407.png
-32.576675,17.44152,seed15408.png
-13.770625,-3.7794032,seed15409.png
29.680944,12.007405,seed1541.png
12.698211,1.8906758,seed15410.png
-0.6976005,13.912688,seed15411.png
8.671855,-13.6366005,seed15412.png
9.06884,5.5629277,seed15413.png
-28.07,11.785469,seed15414.png
14.021968,-36.034527,seed15415.png
5.2292495,4.2330885,seed15416.png
-10.74289,-18.457712,seed15417.png
23.780138,0.07790369,seed15418.png
7.6938605,-34.423153,seed15419.png
-22.399462,-4.0152392,seed1542.png
6.404898,22.34831,seed15420.png
-21.060987,17.080494,seed15421.png
-13.394403,-24.627653,seed15422.png
-30.221462,-2.2604604,seed15423.png
14.315771,-32.556217,seed15424.png
29.088484,2.8802824,seed15425.png
-27.771849,15.116076,seed15426.png
14.716005,-34.10709,seed15427.png
-24.603907,-5.3777113,seed15428.png
-0.3599847,-15.777066,seed15429.png
13.479697,24.300299,seed1543.png
-18.65102,10.194753,seed15430.png
12.713714,13.281285,seed15431.png
32.145733,29.200663,seed15432.png
-25.87962,9.682356,seed15433.png
-33.631653,22.560135,seed15434.png
37.037743,19.625566,seed15435.png
-19.215097,8.72795,seed15436.png
-13.891868,-27.343576,seed15437.png
23.631662,15.267522,seed15438.png
-0.94146407,2.2457795,seed15439.png
-13.186251,-9.189144,seed1544.png
-6.381693,-21.937233,seed15440.png
-13.354082,-13.474631,seed15441.png
-13.417916,-16.008303,seed15442.png
-18.000769,-28.40229,seed15443.png
3.912808,10.1670885,seed15444.png
37.97199,23.139996,seed15445.png
10.324589,-31.263144,seed15446.png
32.52095,6.0865273,seed15447.png
2.0039794,-27.540728,seed15448.png
-17.211317,-13.447493,seed15449.png
11.939739,-6.107999,seed1545.png
-15.795298,11.963476,seed15450.png
6.1474996,-32.687923,seed15451.png
9.544117,4.144744,seed15452.png
23.127869,3.7726433,seed15453.png
10.3556,-32.5222,seed15454.png
33.385162,9.674948,seed15455.png
-23.92334,-13.711204,seed15456.png
-30.45849,22.112625,seed15457.png
-15.422229,-2.7728784,seed15458.png
25.696331,21.245775,seed15459.png
-10.701638,-27.326788,seed1546.png
3.676051,-14.014647,seed15460.png
28.611841,29.436771,seed15461.png
3.868158,-26.101614,seed15462.png
-34.563065,9.683235,seed15463.png
-22.699041,14.914772,seed15464.png
-19.7018,5.22722,seed15465.png
-13.263937,-21.499489,seed15466.png
10.779265,-43.42288,seed15467.png
14.931836,1.45539,seed15468.png
-18.505096,10.13732,seed15469.png
-34.96878,-4.4188523,seed1547.png
36.427753,22.574833,seed15470.png
-29.495834,9.717443,seed15471.png
17.175995,2.2264652,seed15472.png
11.842601,-29.465414,seed15473.png
-4.93735,-24.010538,seed15474.png
-23.309278,-4.4261584,seed15475.png
-32.47648,23.647192,seed15476.png
-11.385171,-12.737426,seed15477.png
16.720331,0.6639427,seed15478.png
16.380573,7.283967,seed15479.png
31.725807,4.41952,seed1548.png
39.697372,19.616245,seed15480.png
15.610315,1.086858,seed15481.png
-27.962286,21.687983,seed15482.png
18.732319,7.1067557,seed15483.png
-27.114538,-4.632854,seed15484.png
-12.835819,7.617718,seed15485.png
28.327715,7.123404,seed15486.png
-32.788624,25.053892,seed15487.png
31.970558,6.9153643,seed15488.png
11.172648,-4.22339,seed15489.png
31.733955,2.243077,seed1549.png
-16.762863,16.698185,seed15490.png
-7.839396,0.5960706,seed15491.png
20.881647,0.32932937,seed15492.png
-31.791788,1.5296233,seed15493.png
-24.380613,-13.555832,seed15494.png
16.85479,-34.92214,seed15495.png
-9.176247,0.35664186,seed15496.png
-17.57867,-28.483723,seed15497.png
-31.22416,-0.13190073,seed15498.png
6.025352,-40.988667,seed15499.png
11.523729,0.029643334,seed1550.png
11.584471,-28.762959,seed15500.png
-19.44455,3.527814,seed15501.png
21.502663,8.311006,seed15502.png
-25.29522,3.5516803,seed15503.png
23.248726,-4.333356,seed15504.png
24.076027,23.065529,seed15505.png
-17.91866,0.8354496,seed15506.png
29.278025,27.270937,seed15507.png
-33.606075,-6.4580116,seed15508.png
18.287138,21.377577,seed15509.png
6.0120173,-31.620657,seed1551.png
0.08795531,-25.996801,seed15510.png
-12.180351,6.952914,seed15511.png
-13.651613,-7.3771234,seed15512.png
12.757417,-2.0554447,seed15513.png
15.81622,23.649057,seed15514.png
-19.071795,-19.622528,seed15515.png
-10.673597,-2.1709406,seed15516.png
-2.3022861,17.51084,seed15517.png
-19.542593,-19.679142,seed15518.png
-6.296392,-19.230278,seed15519.png
8.240473,17.230862,seed1552.png
-2.9253743,-10.00929,seed15520.png
-34.55505,27.294258,seed15521.png
-9.619999,-17.133406,seed15522.png
16.017603,-34.845707,seed15523.png
-16.41554,-27.708616,seed15524.png
-25.384169,6.469347,seed15525.png
10.419479,0.17622513,seed15526.png
24.239113,23.780859,seed15527.png
-27.829996,16.323315,seed15528.png
-1.928015,2.2395878,seed15529.png
7.240565,-32.470966,seed1553.png
40.766777,16.33061,seed15530.png
-22.538414,-9.266226,seed15531.png
-15.522836,-25.055607,seed15532.png
-14.815506,-30.213017,seed15533.png
-8.785524,-19.317022,seed15534.png
9.477614,-1.9625498,seed15535.png
-25.442472,-10.031621,seed15536.png
7.4656925,22.446577,seed15537.png
-10.929518,-21.23274,seed15538.png
-33.313488,-12.217484,seed15539.png
37.820633,16.78153,seed1554.png
-7.297039,-11.9218,seed15540.png
-28.920582,-2.673496,seed15541.png
26.22712,26.540297,seed15542.png
-24.225864,2.5131972,seed15543.png
11.919129,-34.651196,seed15544.png
-28.466148,20.796406,seed15545.png
-13.762878,-26.172695,seed15546.png
-24.416327,-0.76775074,seed15547.png
-12.867848,-27.263742,seed15548.png
27.426586,12.317699,seed15549.png
10.2776575,-3.187727,seed1555.png
-24.605228,-19.053102,seed15550.png
-0.44319922,9.297901,seed15551.png
22.777832,-6.5519605,seed15552.png
20.746248,20.39111,seed15553.png
-10.044812,-28.156933,seed15554.png
-29.758432,6.2974424,seed15555.png
30.312338,3.7035444,seed15556.png
18.761444,-9.328989,seed15557.png
16.297245,20.24152,seed15558.png
-25.15112,16.270447,seed15559.png
-32.832794,22.5928,seed1556.png
-10.498408,-21.057165,seed15560.png
6.733421,-24.95274,seed15561.png
-14.242611,-22.683311,seed15562.png
-24.864445,5.607898,seed15563.png
-31.076689,24.045101,seed15564.png
12.585753,16.419641,seed15565.png
34.95736,19.557995,seed15566.png
37.499287,17.01658,seed15567.png
-22.877249,-5.4963927,seed15568.png
4.4081173,-34.206356,seed15569.png
27.679838,0.8679543,seed1557.png
25.689806,-0.34595516,seed15570.png
16.5565,13.9119215,seed15571.png
29.413853,4.4708214,seed15572.png
-21.348137,12.665648,seed15573.png
-20.291962,10.379355,seed15574.png
-22.31798,-10.1036,seed15575.png
12.694884,-41.370632,seed15576.png
11.273817,-0.64244777,seed15577.png
18.874357,24.379631,seed15578.png
10.339456,11.089277,seed15579.png
10.98623,-9.85175,seed1558.png
-32.778347,23.65635,seed15580.png
5.890739,24.170835,seed15581.png
33.660027,24.52709,seed15582.png
9.405446,-29.294022,seed15583.png
6.3322215,24.714502,seed15584.png
-10.178751,-24.97013,seed15585.png
11.077676,-33.007755,seed15586.png
33.69482,5.036288,seed15587.png
19.363596,-7.7563777,seed15588.png
-10.301631,1.6539733,seed15589.png
6.113715,6.1734223,seed1559.png
-14.630878,-23.964657,seed15590.png
-31.672789,-10.633999,seed15591.png
-28.931217,-19.036842,seed15592.png
-18.422266,-1.4699589,seed15593.png
37.513893,23.64957,seed15594.png
-19.345568,4.4328794,seed15595.png
7.626499,-22.800432,seed15596.png
-27.845095,12.457358,seed15597.png
-12.939742,-4.5475383,seed15598.png
5.479299,-33.95525,seed15599.png
-7.7442093,12.087483,seed1560.png
-28.434423,-7.513021,seed15600.png
14.929899,-40.030403,seed15601.png
9.568761,-30.397043,seed15602.png
12.076564,5.9976115,seed15603.png
-23.547981,-9.897351,seed15604.png
12.998208,-30.666348,seed15605.png
-36.266727,21.30835,seed15606.png
-25.64769,2.609439,seed15607.png
9.63316,-24.295334,seed15608.png
10.021321,-30.510567,seed15609.png
-2.6435168,13.575172,seed1561.png
4.2132187,5.956524,seed15610.png
21.347343,7.347727,seed15611.png
-11.230597,-29.446426,seed15612.png
8.48448,14.241036,seed15613.png
-24.759565,9.620918,seed15614.png
13.352521,-33.52336,seed15615.png
-18.243048,-0.6398324,seed15616.png
19.839638,-6.934778,seed15617.png
-22.451101,14.93668,seed15618.png
-14.545157,-7.111111,seed15619.png
-14.884324,-20.36802,seed1562.png
6.003937,-40.553303,seed15620.png
-18.651762,-1.6123904,seed15621.png
-17.878244,-20.623125,seed15622.png
22.838337,-0.86418766,seed15623.png
18.422138,-8.485646,seed15624.png
8.924025,-5.1642995,seed15625.png
24.787472,24.801676,seed15626.png
-20.18105,-28.38623,seed15627.png
-12.344087,9.485794,seed15628.png
1.8854443,-6.205439,seed15629.png
-19.89113,-25.788504,seed1563.png
-9.984364,3.7311137,seed15630.png
-3.1854281,-4.8982835,seed15631.png
14.891279,-35.09613,seed15632.png
17.292011,-4.832286,seed15633.png
30.667994,28.31387,seed15634.png
-23.732986,-15.208382,seed15635.png
29.712002,27.829659,seed15636.png
-4.218025,-4.290885,seed15637.png
-1.0188591,-2.2318332,seed15638.png
6.691023,-28.627481,seed15639.png
33.681965,15.426539,seed1564.png
16.378668,-34.69686,seed15640.png
36.483692,17.080194,seed15641.png
-22.684015,-17.0029,seed15642.png
31.599976,25.577686,seed15643.png
34.153217,9.8497,seed15644.png
32.535366,22.415703,seed15645.png
11.586698,-30.991037,seed15646.png
25.134718,15.011584,seed15647.png
7.8422365,6.3460107,seed15648.png
15.943123,1.9433353,seed15649.png
-0.91898257,-5.238717,seed1565.png
3.7827957,-13.783479,seed15650.png
31.9046,26.129269,seed15651.png
-16.776312,-32.848797,seed15652.png
12.210424,13.811806,seed15653.png
9.254379,29.004719,seed15654.png
26.602282,3.2049205,seed15655.png
25.163898,-1.4213628,seed15656.png
-3.3874037,-11.101454,seed15657.png
12.2607765,23.737066,seed15658.png
20.872711,7.518136,seed15659.png
17.392385,23.707518,seed1566.png
-14.282011,-11.054633,seed15660.png
-31.80292,-1.609925,seed15661.png
-27.237011,-0.33246177,seed15662.png
1.7536231,-16.958235,seed15663.png
-15.395349,-12.949913,seed15664.png
-12.608778,0.19516477,seed15665.png
-7.5508075,-14.700902,seed15666.png
6.9519587,-38.624992,seed15667.png
-33.547813,-1.3194615,seed15668.png
-1.511335,24.65198,seed15669.png
1.979515,7.97388,seed1567.png
22.536324,14.023224,seed15670.png
18.381525,21.246159,seed15671.png
-31.601576,23.115194,seed15672.png
8.318495,-33.290966,seed15673.png
-34.070354,15.846174,seed15674.png
-25.694273,-18.662468,seed15675.png
-24.775225,7.622122,seed15676.png
32.011147,7.4652815,seed15677.png
-30.592299,-0.16736966,seed15678.png
34.266045,23.148066,seed15679.png
29.235651,7.349628,seed1568.png
-12.5585165,-27.106546,seed15680.png
38.553474,16.453756,seed15681.png
31.074741,27.836819,seed15682.png
19.291544,14.456039,seed15683.png
31.385216,13.145369,seed15684.png
-13.16053,-21.418768,seed15685.png
-31.536478,-3.9068773,seed15686.png
-36.58667,11.524974,seed15687.png
14.279402,26.584505,seed15688.png
32.62397,8.0718155,seed15689.png
39.67052,17.726461,seed1569.png
-20.38711,-13.058867,seed15690.png
-11.359129,-26.110268,seed15691.png
-9.476412,-18.94271,seed15692.png
-34.093742,23.83195,seed15693.png
-18.140682,-20.469257,seed15694.png
1.8058577,14.156538,seed15695.png
11.045618,-35.26635,seed15696.png
10.759437,14.954966,seed15697.png
-12.808952,-18.678732,seed15698.png
14.74105,-5.51884,seed15699.png
-2.0646424,-19.132942,seed1570.png
-16.253433,-2.9577968,seed15700.png
-27.503834,-5.253477,seed15701.png
-34.78085,10.971292,seed15702.png
-31.179539,-13.905608,seed15703.png
24.3058,17.80802,seed15704.png
-26.989054,-11.098041,seed15705.png
8.982256,-9.811367,seed15706.png
-34.39878,-1.7473617,seed15707.png
34.11206,9.106437,seed15708.png
8.223832,20.14393,seed15709.png
12.063437,25.464788,seed1571.png
-28.05873,6.410006,seed15710.png
33.85252,6.6247454,seed15711.png
1.3228804,-15.860596,seed15712.png
-14.798607,-4.3365645,seed15713.png
-2.8143337,20.15895,seed15714.png
27.727392,12.354939,seed15715.png
32.002743,22.354153,seed15716.png
-3.9493806,-18.902815,seed15717.png
-12.643935,-0.65696114,seed15718.png
-12.014487,-28.511698,seed15719.png
-30.153694,-6.739668,seed1572.png
30.047935,28.413353,seed15720.png
30.49788,17.976925,seed15721.png
-30.846403,11.835744,seed15722.png
-7.297703,-21.4968,seed15723.png
-18.531445,-4.7308764,seed15724.png
-31.043442,2.5322855,seed15725.png
-6.3049464,-18.58415,seed15726.png
-31.497643,-5.813048,seed15727.png
-33.813427,16.990747,seed15728.png
-13.334274,-14.00623,seed15729.png
-10.782867,5.6773753,seed1573.png
5.7844386,-38.178093,seed15730.png
39.069675,23.65241,seed15731.png
-25.65687,15.534869,seed15732.png
15.2486725,24.551443,seed15733.png
-16.564617,-3.9102283,seed15734.png
26.859426,6.847814,seed15735.png
10.684289,28.864063,seed15736.png
5.0183296,25.227688,seed15737.png
27.979195,2.4231055,seed15738.png
18.887043,2.620609,seed15739.png
-9.25813,-18.159203,seed1574.png
12.279446,-3.6533341,seed15740.png
13.528362,16.047556,seed15741.png
-17.211845,-30.894442,seed15742.png
-29.861351,18.164854,seed15743.png
27.207748,3.5341794,seed15744.png
-12.199518,-26.06297,seed15745.png
-13.555589,0.05572966,seed15746.png
28.942144,4.7318034,seed15747.png
27.98329,10.021239,seed15748.png
-25.149597,-5.2211595,seed15749.png
-19.884779,-21.330446,seed1575.png
-24.679346,10.063173,seed15750.png
-25.590126,-1.5358899,seed15751.png
-27.95132,-11.802748,seed15752.png
11.668556,-1.6702899,seed15753.png
-32.796455,-9.229524,seed15754.png
34.10308,13.759372,seed15755.png
12.286034,-2.4949656,seed15756.png
35.58057,22.098902,seed15757.png
9.799125,-28.425003,seed15758.png
8.289114,-39.431458,seed15759.png
-27.322712,11.28387,seed1576.png
-10.094891,-17.427402,seed15760.png
11.43807,28.427126,seed15761.png
2.640162,8.563534,seed15762.png
-27.08543,-15.752788,seed15763.png
-24.621887,-22.811405,seed15764.png
11.855932,-22.396612,seed15765.png
11.521154,-0.37999728,seed15766.png
-29.166578,13.296719,seed15767.png
34.92181,10.749881,seed15768.png
37.84346,5.0458317,seed15769.png
29.245598,11.791975,seed1577.png
-19.101486,-26.522243,seed15770.png
-25.597836,-4.723682,seed15771.png
13.124915,-37.68254,seed15772.png
-37.547714,24.407642,seed15773.png
29.56802,26.70383,seed15774.png
11.624468,-28.510103,seed15775.png
-17.103493,-27.3417,seed15776.png
13.729123,12.562837,seed15777.png
16.178093,15.592981,seed15778.png
22.397581,-8.40494,seed15779.png
14.492452,-9.905598,seed1578.png
-9.766174,-1.6250776,seed15780.png
-18.798962,-10.377048,seed15781.png
2.9750693,24.782688,seed15782.png
-23.838844,-5.3403172,seed15783.png
-24.39855,1.646245,seed15784.png
15.253838,-35.42925,seed15785.png
-2.2071307,-5.8779807,seed15786.png
3.689319,-4.6174564,seed15787.png
-33.32691,14.399574,seed15788.png
15.579005,29.277842,seed15789.png
-19.37557,-12.695027,seed1579.png
1.3290067,14.557877,seed15790.png
16.61913,-34.77837,seed15791.png
-3.334746,11.418026,seed15792.png
33.801464,11.129423,seed15793.png
-13.881661,-11.672539,seed15794.png
18.844946,27.057621,seed15795.png
-15.026997,-30.35328,seed15796.png
-25.953333,12.043014,seed15797.png
-27.408297,-13.111634,seed15798.png
-15.995041,-1.3682005,seed15799.png
23.259403,21.187746,seed1580.png
-29.680468,4.972732,seed15800.png
41.340984,20.386627,seed15801.png
-29.383564,-13.220635,seed15802.png
-30.351795,13.258436,seed15803.png
39.34313,14.068927,seed15804.png
-23.734896,15.547084,seed15805.png
-34.790134,2.333264,seed15806.png
-13.379001,-8.292314,seed15807.png
20.310078,25.111475,seed15808.png
-17.741554,-29.519238,seed15809.png
-6.885114,-16.811712,seed1581.png
5.415955,3.0582201,seed15810.png
10.102091,22.747381,seed15811.png
-28.25933,14.472915,seed15812.png
10.331891,-1.0786735,seed15813.png
-28.426899,11.743192,seed15814.png
32.21525,4.3190227,seed15815.png
-15.055688,-16.864437,seed15816.png
-10.98384,0.28923586,seed15817.png
-24.20511,-8.225469,seed15818.png
10.868352,20.953577,seed15819.png
-13.974114,-5.2861443,seed1582.png
-20.07235,-20.057884,seed15820.png
4.2797775,-0.5605142,seed15821.png
3.9999886,-6.0944266,seed15822.png
35.551693,21.924519,seed15823.png
12.922157,-32.24312,seed15824.png
5.6209264,-30.33968,seed15825.png
13.119715,18.190145,seed15826.png
3.8843207,-1.6489971,seed15827.png
40.139393,13.756694,seed15828.png
-11.137977,-12.815575,seed15829.png
-22.911154,-2.0631683,seed1583.png
-34.831654,7.0825634,seed15830.png
-20.593937,7.179627,seed15831.png
29.078737,1.8397636,seed15832.png
-7.892059,-18.68177,seed15833.png
9.258327,-42.4184,seed15834.png
12.710335,-32.513256,seed15835.png
12.956406,-29.72371,seed15836.png
-24.628092,-1.7015163,seed15837.png
15.909079,18.637442,seed15838.png
31.063824,7.0640154,seed15839.png
15.702007,0.26445812,seed1584.png
-12.888813,-25.589828,seed15840.png
-18.758974,-11.5114,seed15841.png
32.8168,19.081026,seed15842.png
-12.124309,-8.673386,seed15843.png
-17.1356,3.5812094,seed15844.png
16.68517,24.152395,seed15845.png
29.018524,13.620117,seed15846.png
-24.015701,-18.987062,seed15847.png
-21.124308,-13.669912,seed15848.png
10.498219,-34.521374,seed15849.png
-10.187116,-24.362906,seed1585.png
-7.5436425,-0.85938805,seed15850.png
-24.208008,-11.908006,seed15851.png
33.28062,14.196477,seed15852.png
-15.2178755,-27.925474,seed15853.png
-33.24777,18.662281,seed15854.png
-33.791924,15.689162,seed15855.png
-30.260345,16.820705,seed15856.png
-12.616024,-5.543733,seed15857.png
32.404755,28.867195,seed15858.png
-30.065414,9.312543,seed15859.png
14.795335,20.931183,seed1586.png
-30.162155,21.888388,seed15860.png
37.432625,23.721333,seed15861.png
7.877341,-1.4593451,seed15862.png
28.130388,4.5016437,seed15863.png
2.9908502,18.207376,seed15864.png
-34.72172,27.451797,seed15865.png
14.140653,-8.495401,seed15866.png
8.438511,-3.6496506,seed15867.png
-27.36911,14.92923,seed15868.png
14.730969,5.654011,seed15869.png
3.9964223,-31.160192,seed1587.png
-10.099878,2.899287,seed15870.png
14.952146,-32.960167,seed15871.png
13.568658,0.7491549,seed15872.png
27.716118,9.940439,seed15873.png
13.332427,-31.19689,seed15874.png
16.16546,15.319688,seed15875.png
-1.3178452,-4.5984964,seed15876.png
-7.339549,-27.934591,seed15877.png
-35.61772,12.965399,seed15878.png
-28.498417,14.730969,seed15879.png
14.153788,-38.100323,seed1588.png
-27.851334,-19.585358,seed15880.png
-20.786,-6.5402074,seed15881.png
7.0577254,-12.03494,seed15882.png
-17.586145,-5.910035,seed15883.png
-22.709547,-22.827055,seed15884.png
23.175627,14.955208,seed15885.png
-15.910672,2.2425745,seed15886.png
25.409119,11.239508,seed15887.png
30.38705,10.40958,seed15888.png
0.6378525,18.422138,seed15889.png
-19.388563,-21.942389,seed1589.png
-22.811972,-4.187822,seed15890.png
38.453545,16.505966,seed15891.png
-21.304329,-7.040223,seed15892.png
-21.005857,7.0783534,seed15893.png
-15.107416,-11.845762,seed15894.png
31.5288,2.586915,seed15895.png
-16.82849,-8.04113,seed15896.png
11.013246,-42.712902,seed15897.png
14.593375,21.818428,seed15898.png
13.884247,-33.640446,seed15899.png
-12.847292,-24.569956,seed1590.png
27.827435,27.844734,seed15900.png
28.101736,22.264,seed15901.png
-20.18951,-5.2751,seed15902.png
16.71767,14.467668,seed15903.png
-11.431035,-24.615461,seed15904.png
15.026423,24.966236,seed15905.png
-3.298057,-15.240905,seed15906.png
-37.110916,-2.1280303,seed15907.png
9.1508045,-3.6497884,seed15908.png
-32.691334,17.888931,seed15909.png
21.087599,22.140814,seed1591.png
4.873741,12.8359995,seed15910.png
-27.074783,-7.368789,seed15911.png
25.095594,10.099464,seed15912.png
-20.535828,-6.2438755,seed15913.png
-18.462595,16.541615,seed15914.png
-21.623466,-13.548049,seed15915.png
-31.339323,18.90276,seed15916.png
34.73838,16.83325,seed15917.png
13.8773155,-19.786968,seed15918.png
6.380819,-4.7396193,seed15919.png
0.60296166,-18.690756,seed1592.png
16.110773,-38.031784,seed15920.png
-35.437508,12.938452,seed15921.png
11.30346,-42.836475,seed15922.png
5.801237,14.329989,seed15923.png
-16.845154,-16.120722,seed15924.png
38.681553,22.42878,seed15925.png
28.683786,3.0707784,seed15926.png
12.787,-38.863743,seed15927.png
-23.904768,10.498792,seed15928.png
-34.943317,-6.399758,seed15929.png
16.83242,-5.730748,seed1593.png
-0.30008823,-13.700789,seed15930.png
-22.985441,-20.47216,seed15931.png
-22.855919,4.642709,seed15932.png
-12.584291,-28.77657,seed15933.png
11.941932,-29.380028,seed15934.png
-36.320618,15.790811,seed15935.png
12.948142,-39.42321,seed15936.png
-7.762444,-11.327935,seed15937.png
38.63334,13.857522,seed15938.png
8.02499,11.283193,seed15939.png
31.332365,24.988451,seed1594.png
-16.224699,-17.787973,seed15940.png
-13.438274,-18.554735,seed15941.png
-8.13775,-14.031329,seed15942.png
-18.832436,-21.26622,seed15943.png
12.951473,-33.81485,seed15944.png
-17.14318,-13.989517,seed15945.png
8.120573,16.709171,seed15946.png
0.1658629,24.60496,seed15947.png
15.073171,4.4481177,seed15948.png
-26.209429,-13.719486,seed15949.png
-1.4614253,22.225203,seed1595.png
-0.802294,16.223518,seed15950.png
-18.103159,-21.226091,seed15951.png
37.546112,9.588338,seed15952.png
-17.59243,-2.5230403,seed15953.png
-12.058487,1.142336,seed15954.png
26.84524,11.165666,seed15955.png
9.703715,-29.741074,seed15956.png
30.020742,24.298721,seed15957.png
-18.725948,2.301893,seed15958.png
18.744696,26.44494,seed15959.png
11.900856,1.664956,seed1596.png
13.984414,-25.529406,seed15960.png
-6.4421053,-7.647927,seed15961.png
-28.13713,1.4315118,seed15962.png
2.4411697,2.6642666,seed15963.png
23.601784,19.890953,seed15964.png
0.4623218,-19.0085,seed15965.png
-4.384163,-24.767614,seed15966.png
37.037315,19.85485,seed15967.png
22.293543,14.308834,seed15968.png
-22.46642,-19.567924,seed15969.png
23.333105,11.199141,seed1597.png
24.33523,3.944109,seed15970.png
-15.056522,-2.0035427,seed15971.png
16.880869,-1.889004,seed15972.png
-25.555098,9.733631,seed15973.png
19.88864,20.0203,seed15974.png
8.318091,4.3125534,seed15975.png
-21.329952,5.908775,seed15976.png
-23.830969,-20.343033,seed15977.png
10.768582,-43.850666,seed15978.png
27.036709,14.652702,seed15979.png
-22.024994,-27.242302,seed1598.png
21.977736,24.63049,seed15980.png
7.5805883,-6.947483,seed15981.png
-24.779587,1.6277412,seed15982.png
-19.95125,7.7550282,seed15983.png
-8.000273,-0.5739785,seed15984.png
-16.097458,-27.79805,seed15985.png
27.066233,15.272506,seed15986.png
9.90966,2.002693,seed15987.png
16.377121,26.33671,seed15988.png
-17.515356,-0.04731361,seed15989.png
-17.48311,-30.24987,seed1599.png
-28.078844,-4.890548,seed15990.png
-31.723644,23.018572,seed15991.png
35.468235,16.53489,seed15992.png
-31.346514,-2.7040524,seed15993.png
-32.628796,17.192682,seed15994.png
31.708572,2.2862368,seed15995.png
-33.048065,13.851736,seed15996.png
18.490526,26.560442,seed15997.png
-30.672186,15.680009,seed15998.png
-11.113177,-11.629613,seed15999.png
-2.6085074,-14.194531,seed1600.png
-25.526585,15.798787,seed16000.png
-22.392897,-22.136269,seed16001.png
9.662676,-7.054714,seed16002.png
10.418883,-33.597565,seed16003.png
9.496729,-8.673963,seed16004.png
-0.84043473,-7.1423607,seed16005.png
29.204218,27.982624,seed16006.png
3.3282402,-21.017628,seed16007.png
17.507244,5.569541,seed16008.png
-26.168093,11.650337,seed16009.png
-21.02704,13.241043,seed1601.png
31.333311,15.661995,seed16010.png
-16.399837,4.330502,seed16011.png
-33.82906,22.296217,seed16012.png
-33.350605,19.376328,seed16013.png
-26.705025,9.2582655,seed16014.png
-1.2167706,-10.168378,seed16015.png
-28.123129,-6.7846303,seed16016.png
-30.123655,12.107785,seed16017.png
13.805257,-29.981653,seed16018.png
14.443862,-35.623547,seed16019.png
11.245643,21.529245,seed1602.png
7.214876,-0.13160974,seed16020.png
-22.976149,-23.199928,seed16021.png
11.694198,28.45663,seed16022.png
-5.681389,-22.263395,seed16023.png
-13.27088,-9.199865,seed16024.png
38.333443,14.452865,seed16025.png
12.68737,2.1890025,seed16026.png
3.6731877,-30.758537,seed16027.png
26.522423,10.54618,seed16028.png
-1.4772996,4.283665,seed16029.png
-16.13605,-16.942865,seed1603.png
-15.311241,-27.746307,seed16030.png
-15.46722,-7.8018284,seed16031.png
-14.444846,-13.817565,seed16032.png
13.655837,24.466932,seed16033.png
-29.407124,15.493108,seed16034.png
29.098867,16.014957,seed16035.png
-18.896667,-24.178568,seed16036.png
32.46901,11.637011,seed16037.png
-38.517673,13.805836,seed16038.png
9.246368,22.57176,seed16039.png
3.0834079,15.448566,seed1604.png
-28.16453,11.826074,seed16040.png
-3.953774,-1.1494199,seed16041.png
12.096066,-43.223442,seed16042.png
-3.9071493,-11.615487,seed16043.png
-22.891705,15.786455,seed16044.png
-33.173294,18.164835,seed16045.png
-13.476289,-0.059478402,seed16046.png
-28.302435,-15.658896,seed16047.png
20.621275,9.094396,seed16048.png
0.62334645,-14.549365,seed16049.png
-35.943638,19.31744,seed1605.png
-23.476566,6.278966,seed16050.png
9.581154,14.178866,seed16051.png
-23.486412,19.794943,seed16052.png
27.475477,11.937914,seed16053.png
-15.093976,-9.262816,seed16054.png
-0.19891381,-3.721226,seed16055.png
8.265585,7.8830314,seed16056.png
15.032128,15.057173,seed16057.png
-15.494626,-10.481065,seed16058.png
-28.138283,4.6144533,seed16059.png
-18.950583,-23.20386,seed1606.png
-26.373213,2.4793103,seed16060.png
11.327338,-42.097824,seed16061.png
10.811963,-29.192175,seed16062.png
3.0919743,-2.1985395,seed16063.png
1.7528795,-3.9074843,seed16064.png
6.3368344,-34.9886,seed16065.png
14.856048,15.298055,seed16066.png
-29.310163,6.685075,seed16067.png
8.314227,-0.72279495,seed16068.png
1.0578488,-16.21046,seed16069.png
-33.1605,-4.4761834,seed1607.png
-20.204124,8.899202,seed16070.png
-29.196625,-12.917597,seed16071.png
-20.530088,16.135134,seed16072.png
4.177056,24.155584,seed16073.png
11.039851,22.15746,seed16074.png
-33.849167,19.382872,seed16075.png
14.673458,-5.7922187,seed16076.png
13.523969,23.086657,seed16077.png
-0.8596673,20.696543,seed16078.png
-21.103924,-27.38634,seed16079.png
17.243721,-36.390472,seed1608.png
-4.4379005,-19.732492,seed16080.png
8.038688,16.352293,seed16081.png
3.5969615,-6.0709004,seed16082.png
-9.017206,-17.453382,seed16083.png
-22.30903,5.359013,seed16084.png
3.7344077,1.1486104,seed16085.png
1.1934102,25.951542,seed16086.png
1.5993028,-10.852744,seed16087.png
-34.401802,21.34099,seed16088.png
5.477392,-28.76162,seed16089.png
9.340966,-1.2650633,seed1609.png
4.4242673,14.521544,seed16090.png
-16.285122,-13.837462,seed16091.png
-24.790297,-2.202518,seed16092.png
-33.845,26.51658,seed16093.png
0.19063208,24.773457,seed16094.png
-1.8829169,-24.75689,seed16095.png
3.9524388,21.929502,seed16096.png
22.142471,11.981518,seed16097.png
29.237848,9.246181,seed16098.png
21.736977,25.594193,seed16099.png
20.92149,-0.1907211,seed1610.png
5.881555,-4.9349008,seed16100.png
14.455539,24.475138,seed16101.png
-1.8542539,-16.879358,seed16102.png
35.75252,22.759869,seed16103.png
-13.794678,5.726022,seed16104.png
-9.406489,-15.314878,seed16105.png
1.8548673,-8.123705,seed16106.png
-18.828758,-27.42187,seed16107.png
5.055898,-5.185567,seed16108.png
28.014439,-1.7610875,seed16109.png
-29.613432,17.75138,seed1611.png
29.544554,4.8479853,seed16110.png
-26.199656,-3.8589652,seed16111.png
-10.565512,-31.720724,seed16112.png
-21.444967,-21.100895,seed16113.png
-0.7382796,-13.418049,seed16114.png
-3.5919485,-14.788732,seed16115.png
-20.555618,-2.430239,seed16116.png
-21.472507,-15.433629,seed16117.png
-0.11914053,15.214954,seed16118.png
-28.252123,-11.364509,seed16119.png
27.414465,17.431988,seed1612.png
-22.157068,1.3445884,seed16120.png
8.255099,11.896942,seed16121.png
15.068462,-12.733049,seed16122.png
-8.095126,-24.525629,seed16123.png
4.2743835,-34.728703,seed16124.png
-28.108822,5.239697,seed16125.png
-32.33777,-7.8037004,seed16126.png
-15.682121,-32.974945,seed16127.png
16.435396,-4.4550157,seed16128.png
-18.833937,7.514578,seed16129.png
7.822502,2.7399702,seed1613.png
8.862429,-7.5696683,seed16130.png
11.519007,-33.329292,seed16131.png
39.777245,15.069509,seed16132.png
11.764177,13.387521,seed16133.png
10.407472,-10.198457,seed16134.png
-21.31071,-28.217312,seed16135.png
35.36171,10.31447,seed16136.png
-8.399175,-22.051584,seed16137.png
-7.3579354,-19.973324,seed16138.png
-9.281073,-10.714415,seed16139.png
-17.764376,-22.244684,seed1614.png
-22.17681,-3.3780463,seed16140.png
19.576109,-0.53418165,seed16141.png
-1.9897796,13.420113,seed16142.png
-2.1102953,1.0071601,seed16143.png
2.0222046,4.6260552,seed16144.png
-37.23717,24.471268,seed16145.png
-27.521248,-5.97423,seed16146.png
0.2987358,4.2751946,seed16147.png
-6.4677606,9.607973,seed16148.png
17.087833,23.63564,seed16149.png
-21.514175,-0.8975668,seed1615.png
25.926994,23.071676,seed16150.png
-24.803242,16.178236,seed16151.png
19.35108,15.208325,seed16152.png
-14.788968,-13.37111,seed16153.png
-13.258541,-5.1296444,seed16154.png
-23.359348,-10.151135,seed16155.png
16.646591,-3.4603624,seed16156.png
24.928095,9.729155,seed16157.png
-13.591784,0.8705005,seed16158.png
27.649586,8.7478075,seed16159.png
-12.491906,-17.29237,seed1616.png
9.835622,14.01979,seed16160.png
-11.557419,0.8820632,seed16161.png
7.0847692,7.8842115,seed16162.png
37.621502,10.368923,seed16163.png
3.979377,-11.431667,seed16164.png
36.422176,10.129678,seed16165.png
-22.777107,2.0941522,seed16166.png
16.085033,9.541936,seed16167.png
-8.679161,-24.354551,seed16168.png
-20.815887,-27.424414,seed16169.png
18.137262,28.436178,seed1617.png
21.25848,-3.5632179,seed16170.png
14.245561,-6.941574,seed16171.png
-27.14733,11.677196,seed16172.png
-31.180904,0.49606937,seed16173.png
-30.140636,-9.195554,seed16174.png
-20.176739,11.532344,seed16175.png
24.34576,13.834255,seed16176.png
5.4612045,-22.641075,seed16177.png
-16.7751,-29.14327,seed16178.png
-25.16815,-6.3031683,seed16179.png
-19.145283,-25.293697,seed1618.png
18.171764,8.789075,seed16180.png
-32.22649,12.823124,seed16181.png
39.578648,12.126297,seed16182.png
-28.646759,13.38027,seed16183.png
-8.244089,12.493021,seed16184.png
-3.2145078,2.146055,seed16185.png
11.477189,25.867743,seed16186.png
34.85632,23.057009,seed16187.png
-2.2265353,-17.028997,seed16188.png
17.74909,9.888762,seed16189.png
-22.475382,14.443933,seed1619.png
26.999136,16.737743,seed16190.png
16.58459,22.160963,seed16191.png
29.877766,24.968071,seed16192.png
-18.759777,-21.785376,seed16193.png
-18.901909,-7.662673,seed16194.png
9.067158,-3.9173481,seed16195.png
33.318306,5.4963303,seed16196.png
-30.112585,18.7405,seed16197.png
17.092978,-4.2439036,seed16198.png
-18.235052,14.020433,seed16199.png
34.66946,7.1064463,seed1620.png
26.840242,18.34788,seed16200.png
-20.013765,-5.7660427,seed16201.png
-29.48199,7.6128716,seed16202.png
5.2450786,12.294995,seed16203.png
-17.999094,-30.167372,seed16204.png
5.8360386,-3.877567,seed16205.png
34.277847,12.43334,seed16206.png
-18.082043,-14.0504675,seed16207.png
8.390499,-28.390968,seed16208.png
21.068436,19.94961,seed16209.png
31.048843,20.81371,seed1621.png
8.023311,-31.757309,seed16210.png
-17.623566,5.3427854,seed16211.png
28.272282,21.50188,seed16212.png
-0.88474524,23.822742,seed16213.png
-24.180107,13.01617,seed16214.png
-24.88909,-3.283674,seed16215.png
-29.835585,-10.337094,seed16216.png
-31.347546,18.257538,seed16217.png
-12.385179,-5.6830077,seed16218.png
-34.378124,11.191634,seed16219.png
14.376013,1.4299837,seed1622.png
30.618061,6.2458277,seed16220.png
26.352516,9.107134,seed16221.png
13.979178,26.04589,seed16222.png
-21.428467,10.045853,seed16223.png
-2.780276,14.242361,seed16224.png
5.057826,-35.985863,seed16225.png
5.113917,-12.200512,seed16226.png
7.4722447,5.994239,seed16227.png
-12.686692,-20.306477,seed16228.png
2.5757189,22.747747,seed16229.png
6.7068706,5.116734,seed1623.png
-32.62834,-2.7192698,seed16230.png
10.466711,16.95588,seed16231.png
13.901299,-7.2286296,seed16232.png
4.742983,-1.0822059,seed16233.png
-5.4515867,-22.860735,seed16234.png
8.287554,14.098944,seed16235.png
13.34426,-38.414345,seed16236.png
18.530811,10.277442,seed16237.png
6.1141953,-6.634971,seed16238.png
-26.374928,6.389146,seed16239.png
7.9910593,-39.53806,seed1624.png
5.077794,2.1515934,seed16240.png
15.314567,25.459173,seed16241.png
-27.912382,-17.474823,seed16242.png
29.253984,11.344638,seed16243.png
5.2141266,-27.02812,seed16244.png
6.4869633,1.0578439,seed16245.png
0.6579165,25.281906,seed16246.png
-22.875116,16.907425,seed16247.png
-14.682426,0.99474627,seed16248.png
-14.781987,0.7526991,seed16249.png
-13.999376,7.2965984,seed1625.png
32.932373,23.918472,seed16250.png
26.579153,1.8977765,seed16251.png
-22.191349,16.1004,seed16252.png
6.7548385,-1.1758912,seed16253.png
-15.593031,-29.516405,seed16254.png
-0.71425456,-1.908838,seed16255.png
-13.725547,-29.464773,seed16256.png
-26.696507,12.130601,seed16257.png
-19.288393,-0.996082,seed16258.png
-32.607853,-8.167965,seed16259.png
35.10458,26.200768,seed1626.png
2.259366,12.765639,seed16260.png
-17.289244,-29.878048,seed16261.png
6.5636315,19.993364,seed16262.png
21.845621,-7.587491,seed16263.png
-36.793213,11.678132,seed16264.png
8.350006,7.3184376,seed16265.png
8.240451,-41.397408,seed16266.png
18.388563,13.217965,seed16267.png
28.323154,15.558939,seed16268.png
-22.207642,-8.706911,seed16269.png
16.805773,8.2388735,seed1627.png
25.254364,21.393476,seed16270.png
-19.230366,-13.0476,seed16271.png
18.861021,-5.4942913,seed16272.png
-18.013315,-13.550618,seed16273.png
30.375868,25.174515,seed16274.png
-19.882662,0.9473367,seed16275.png
5.2161627,-31.933819,seed16276.png
-29.537033,11.659523,seed16277.png
-7.6110587,-6.490534,seed16278.png
6.538158,-5.3549914,seed16279.png
-8.691283,8.8960085,seed1628.png
-26.933287,12.92714,seed16280.png
12.957227,-1.7939334,seed16281.png
-3.098336,-17.111317,seed16282.png
25.52076,27.669178,seed16283.png
-11.085011,3.6267722,seed16284.png
39.422153,14.382689,seed16285.png
-14.023338,-12.247059,seed16286.png
-16.826813,-24.694654,seed16287.png
28.042767,17.890305,seed16288.png
3.0553691,17.606249,seed16289.png
21.45298,-4.3747287,seed1629.png
9.794951,18.266426,seed16290.png
-29.89675,-12.569919,seed16291.png
27.218296,14.987096,seed16292.png
12.737798,26.815372,seed16293.png
20.150389,17.8496,seed16294.png
-32.75888,22.450684,seed16295.png
-12.634425,-31.561152,seed16296.png
-16.004883,5.0644293,seed16297.png
-2.2163875,-10.909166,seed16298.png
11.223964,5.5750513,seed16299.png
-23.890942,12.951094,seed1630.png
-3.1556902,10.80016,seed16300.png
-29.086792,0.23518468,seed16301.png
12.590055,5.875211,seed16302.png
15.764216,0.9805024,seed16303.png
-33.112057,21.049448,seed16304.png
0.35366774,-18.286266,seed16305.png
33.63604,15.2706,seed16306.png
36.89153,18.90454,seed16307.png
-27.281029,3.620547,seed16308.png
8.805755,28.070946,seed16309.png
-21.135115,4.6511345,seed1631.png
-8.528641,-16.610218,seed16310.png
-12.482527,-3.7075925,seed16311.png
26.005747,-2.8859751,seed16312.png
8.364735,-10.61284,seed16313.png
-38.32064,9.004081,seed16314.png
17.128826,15.674611,seed16315.png
36.881138,11.131042,seed16316.png
-29.876257,0.4946271,seed16317.png
14.537507,-21.512487,seed16318.png
9.792814,-34.973846,seed16319.png
-16.23895,-7.7789135,seed1632.png
18.09226,-4.055818,seed16320.png
21.748106,6.1075826,seed16321.png
-19.960995,-7.0949993,seed16322.png
6.602546,21.45604,seed16323.png
14.5610485,0.5664621,seed16324.png
-22.345243,-18.455837,seed16325.png
19.404274,22.094906,seed16326.png
-6.448791,1.9732677,seed16327.png
-11.965456,-7.491316,seed16328.png
35.26608,12.826688,seed16329.png
-17.870506,-20.947481,seed1633.png
-14.025417,-10.92823,seed16330.png
17.947796,2.4970107,seed16331.png
27.459208,15.901342,seed16332.png
-22.617594,18.190786,seed16333.png
-12.972087,-26.769308,seed16334.png
13.759848,0.70174366,seed16335.png
18.174786,25.652187,seed16336.png
-4.498957,23.35064,seed16337.png
-16.419579,-31.080536,seed16338.png
-23.51485,0.8159889,seed16339.png
5.129348,-27.873358,seed1634.png
14.624767,0.21208881,seed16340.png
-33.01789,-4.7624874,seed16341.png
7.0728726,17.69299,seed16342.png
33.23128,23.449728,seed16343.png
-13.935856,-14.340572,seed16344.png
-14.235606,-13.307971,seed16345.png
-1.7391858,-15.180977,seed16346.png
11.675428,11.805561,seed16347.png
27.875202,7.5336676,seed16348.png
-24.39001,14.6295395,seed16349.png
-14.297854,-22.889055,seed1635.png
19.24463,6.2736,seed16350.png
-35.676617,18.978159,seed16351.png
-30.911219,-10.727986,seed16352.png
-3.3041232,17.430586,seed16353.png
29.27063,12.457483,seed16354.png
27.260988,14.802486,seed16355.png
-12.751659,-18.35929,seed16356.png
-17.8441,4.0633287,seed16357.png
12.68721,26.54177,seed16358.png
5.4048047,-26.664774,seed16359.png
2.8842995,15.552139,seed1636.png
35.3954,18.85614,seed16360.png
3.5808222,-30.839928,seed16361.png
20.042048,7.5813203,seed16362.png
1.4686741,15.70824,seed16363.png
17.757427,0.43913767,seed16364.png
12.7564,-35.581226,seed16365.png
1.248154,16.269236,seed16366.png
-35.661255,16.606478,seed16367.png
-28.81228,10.972926,seed16368.png
37.8219,10.8280945,seed16369.png
15.083427,26.704878,seed1637.png
19.28677,-7.7284827,seed16370.png
-16.071821,-20.133957,seed16371.png
-23.552458,-1.0897185,seed16372.png
24.95838,22.150297,seed16373.png
29.47421,9.5922985,seed16374.png
9.163156,24.783356,seed16375.png
3.5875988,-4.8344183,seed16376.png
31.081167,21.241951,seed16377.png
12.932873,-2.748379,seed16378.png
22.68359,-3.670076,seed16379.png
7.125545,0.61518234,seed1638.png
-2.6363742,-16.486395,seed16380.png
-33.85332,-1.4188675,seed16381.png
41.319946,15.2322445,seed16382.png
11.512499,-34.196503,seed16383.png
12.253393,-31.862316,seed16384.png
25.964138,13.166876,seed16385.png
-19.53,-18.381311,seed16386.png
-31.423624,9.439334,seed16387.png
-32.554363,27.081844,seed16388.png
18.721924,-6.610232,seed16389.png
-17.911486,10.9085865,seed1639.png
34.370743,19.894508,seed16390.png
28.475744,23.623812,seed16391.png
-34.071125,14.312152,seed16392.png
-28.63426,10.677471,seed16393.png
31.64377,14.04293,seed16394.png
-5.0295706,-12.207089,seed16395.png
1.3658764,19.185656,seed16396.png
-14.748133,-8.315702,seed16397.png
-33.810528,9.065955,seed16398.png
-16.831007,-21.828333,seed16399.png
9.456565,-41.558754,seed1640.png
10.421817,3.6217723,seed16400.png
39.18973,6.496081,seed16401.png
-15.3265505,-25.507439,seed16402.png
29.129642,26.505754,seed16403.png
-29.787043,-11.61057,seed16404.png
-7.683688,-19.355072,seed16405.png
14.269384,4.358686,seed16406.png
-31.554996,20.994144,seed16407.png
10.386021,4.128542,seed16408.png
30.140242,14.917011,seed16409.png
18.333582,11.90194,seed1641.png
-14.893248,-26.0673,seed16410.png
5.793166,-7.4071913,seed16411.png
14.331392,-9.531501,seed16412.png
-30.729498,-2.9214768,seed16413.png
-0.0007169598,0.72194594,seed16414.png
-25.882063,7.625528,seed16415.png
18.297537,27.099768,seed16416.png
22.4761,11.286269,seed16417.png
-14.418203,7.1451125,seed16418.png
9.0174265,-26.099934,seed16419.png
5.1929135,6.2664547,seed1642.png
16.829807,-0.7404399,seed16420.png
-1.6002802,-16.100061,seed16421.png
9.816802,-28.586187,seed16422.png
-15.453958,-9.197354,seed16423.png
-5.210815,-4.264447,seed16424.png
27.021091,16.673864,seed16425.png
-8.509575,-7.3546667,seed16426.png
9.178587,-40.590252,seed16427.png
14.23979,-39.2459,seed16428.png
-18.51609,-28.278706,seed16429.png
8.536731,-1.4105638,seed1643.png
-19.775694,6.5287056,seed16430.png
-0.7187289,23.447641,seed16431.png
11.467412,6.643489,seed16432.png
-22.561579,5.8424616,seed16433.png
16.57339,10.025396,seed16434.png
7.2825894,8.97857,seed16435.png
20.675869,12.429269,seed16436.png
0.9484328,0.4743685,seed16437.png
3.4711754,-14.589823,seed16438.png
9.760969,-24.41702,seed16439.png
39.151684,24.560278,seed1644.png
8.148689,-40.417725,seed16440.png
7.424068,-34.553043,seed16441.png
1.1749784,1.4661201,seed16442.png
-33.71402,26.656757,seed16443.png
-4.236462,-6.6339707,seed16444.png
-0.21123454,-11.236846,seed16445.png
-13.661953,-12.193371,seed16446.png
-24.06149,7.264549,seed16447.png
22.308691,24.052593,seed16448.png
12.620455,-39.324726,seed16449.png
-36.12832,9.064366,seed1645.png
14.660112,-3.9649906,seed16450.png
-28.204939,12.159402,seed16451.png
-3.9855394,11.128198,seed16452.png
-4.935037,6.160008,seed16453.png
-21.978334,-15.030885,seed16454.png
-14.620762,-21.91919,seed16455.png
-31.852606,6.37031,seed16456.png
-14.996975,-22.698103,seed16457.png
15.9925375,-32.784855,seed16458.png
-2.393971,17.894718,seed16459.png
-1.2811644,18.668428,seed1646.png
-1.0653169,-23.582058,seed16460.png
18.323658,19.452127,seed16461.png
-28.73672,13.847176,seed16462.png
38.852734,12.62076,seed16463.png
39.76719,16.645712,seed16464.png
-32.65754,-3.8642466,seed16465.png
-9.907334,10.551992,seed16466.png
13.285632,13.29135,seed16467.png
-16.955345,-28.408543,seed16468.png
20.916582,25.211216,seed16469.png
14.902945,1.979282,seed1647.png
-34.867382,20.158243,seed16470.png
10.767392,-40.013657,seed16471.png
38.90374,22.93047,seed16472.png
2.8526173,12.379969,seed16473.png
-33.190975,23.67004,seed16474.png
12.576184,4.869086,seed16475.png
2.5695949,3.4842832,seed16476.png
-17.000275,9.970613,seed16477.png
-31.565928,-1.2379811,seed16478.png
-19.658184,-19.676325,seed16479.png
-8.561849,-9.524573,seed1648.png
9.248259,-4.692804,seed16480.png
15.904829,-3.3552465,seed16481.png
-28.044304,-3.5981834,seed16482.png
8.079236,-29.28397,seed16483.png
8.759119,-5.2999353,seed16484.png
9.342277,25.370283,seed16485.png
-20.543703,-13.333915,seed16486.png
-33.55198,24.397223,seed16487.png
-30.890566,-6.55941,seed16488.png
23.138798,-4.384808,seed16489.png
-7.426323,11.311956,seed1649.png
-17.209581,-23.441326,seed16490.png
13.548864,25.019732,seed16491.png
-21.90844,-1.2170817,seed16492.png
-27.460356,2.0052059,seed16493.png
8.250165,20.787968,seed16494.png
-21.53533,19.28754,seed16495.png
37.02369,25.371305,seed16496.png
-23.612076,-12.855782,seed16497.png
6.168419,-31.47082,seed16498.png
-29.97179,9.150266,seed16499.png
24.984758,-4.9956675,seed1650.png
-25.505749,9.409453,seed16500.png
-18.605238,-3.3409646,seed16501.png
32.202927,24.8374,seed16502.png
13.326755,14.331842,seed16503.png
-19.488344,2.957797,seed16504.png
-33.562927,23.878614,seed16505.png
29.416641,26.383759,seed16506.png
17.4852,2.5790625,seed16507.png
-9.770093,-6.032419,seed16508.png
22.850773,18.770443,seed16509.png
8.104612,1.9517024,seed1651.png
30.831835,7.8338823,seed16510.png
8.629721,-34.611855,seed16511.png
-30.95838,3.454581,seed16512.png
22.614637,8.136507,seed16513.png
-8.981849,-17.468458,seed16514.png
38.496735,14.062634,seed16515.png
6.234117,-39.05356,seed16516.png
-32.181587,23.734514,seed16517.png
33.941864,26.033356,seed16518.png
-19.04968,-4.0674586,seed16519.png
16.49296,14.819239,seed1652.png
-21.75735,0.35036898,seed16520.png
31.16617,17.271202,seed16521.png
19.329626,-8.090087,seed16522.png
10.627943,18.912748,seed16523.png
12.756007,11.350048,seed16524.png
25.044844,19.781052,seed16525.png
-33.345757,22.793785,seed16526.png
-14.98809,-14.016723,seed16527.png
9.973158,28.332102,seed16528.png
-5.721079,-11.25697,seed16529.png
23.038315,21.50359,seed1653.png
-2.7755003,5.6370735,seed16530.png
-18.410784,-11.841141,seed16531.png
10.229902,-5.6953073,seed16532.png
-10.4272785,-16.670197,seed16533.png
31.818901,17.722824,seed16534.png
9.630806,-36.52272,seed16535.png
-10.161411,-21.007444,seed16536.png
-21.955853,2.1889627,seed16537.png
13.403437,-40.905334,seed16538.png
-23.095753,-8.259587,seed16539.png
31.937284,25.92503,seed1654.png
33.396114,8.459839,seed16540.png
16.316814,18.982624,seed16541.png
23.571722,23.702002,seed16542.png
-0.9622588,-18.261436,seed16543.png
13.292313,13.411877,seed16544.png
14.922907,-39.778088,seed16545.png
12.386405,9.581509,seed16546.png
-7.0324693,14.825562,seed16547.png
20.250162,21.403234,seed16548.png
-14.001971,-4.10731,seed16549.png
-15.873273,-9.01827,seed1655.png
-26.746664,-15.3157015,seed16550.png
21.3039,22.305918,seed16551.png
10.568453,6.9166107,seed16552.png
11.491646,-13.786683,seed16553.png
25.663082,20.191309,seed16554.png
-25.673103,-1.1178477,seed16555.png
-34.136803,22.075726,seed16556.png
4.6838913,12.332152,seed16557.png
-14.743992,-11.2641115,seed16558.png
-5.125878,14.203441,seed16559.png
2.7412899,-21.99969,seed1656.png
11.043827,-42.838394,seed16560.png
10.612745,-8.548365,seed16561.png
12.739082,-4.1960273,seed16562.png
29.37751,18.389738,seed16563.png
2.2856975,-3.291843,seed16564.png
-18.982618,14.283465,seed16565.png
9.611421,-39.82603,seed16566.png
16.029783,-35.742058,seed16567.png
6.173897,2.3969445,seed16568.png
-15.664634,-5.759835,seed16569.png
6.2576756,-38.347466,seed1657.png
20.83661,7.9291615,seed16570.png
-31.471067,7.8025565,seed16571.png
-34.85838,17.040997,seed16572.png
1.4442722,-19.1071,seed16573.png
-33.07043,18.023413,seed16574.png
-32.868004,26.423603,seed16575.png
-35.136894,22.820982,seed16576.png
10.651602,-1.6947151,seed16577.png
-1.0367805,-17.99652,seed16578.png
31.632072,1.3787212,seed16579.png
-9.202266,-6.405042,seed1658.png
17.620838,22.010696,seed16580.png
-19.815733,8.673069,seed16581.png
30.950985,22.614548,seed16582.png
-11.055633,-2.3903255,seed16583.png
-21.13256,13.462105,seed16584.png
-15.684067,-30.911604,seed16585.png
32.89839,20.81643,seed16586.png
31.448164,15.723082,seed16587.png
36.231052,12.289739,seed16588.png
2.1207979,-4.7118998,seed16589.png
5.5717196,9.9467325,seed1659.png
-19.221775,-23.303059,seed16590.png
21.417742,24.713247,seed16591.png
-1.7510332,-11.973753,seed16592.png
11.889808,22.117054,seed16593.png
10.277385,22.792973,seed16594.png
12.168359,-42.84159,seed16595.png
-1.3853401,24.16466,seed16596.png
-19.733839,9.295894,seed16597.png
35.14018,26.380232,seed16598.png
11.4678,1.7921176,seed16599.png
8.778729,5.261389,seed1660.png
19.802393,-6.646978,seed16600.png
-19.595444,10.485494,seed16601.png
-4.2831864,-4.078319,seed16602.png
-30.787159,19.712797,seed16603.png
-7.487463,-20.652744,seed16604.png
7.897874,-28.103365,seed16605.png
-9.392277,5.378358,seed16606.png
-4.8741813,-1.124631,seed16607.png
10.041872,12.969179,seed16608.png
-12.891686,1.251262,seed16609.png
-22.08608,14.717505,seed1661.png
3.3217535,-32.122936,seed16610.png
10.701335,27.637358,seed16611.png
6.7129307,23.061523,seed16612.png
-14.649972,-23.160583,seed16613.png
-22.658787,-28.676094,seed16614.png
25.206007,8.893537,seed16615.png
2.5708632,13.827639,seed16616.png
-16.393522,-29.909119,seed16617.png
-13.351413,-22.52666,seed16618.png
-3.5232852,-11.335943,seed16619.png
-2.6884701,12.78049,seed1662.png
-10.661083,-13.7862425,seed16620.png
-21.633476,-22.506954,seed16621.png
14.658499,-37.823467,seed16622.png
-19.132572,0.25954166,seed16623.png
19.627977,4.7695436,seed16624.png
-23.533964,-22.654423,seed16625.png
-20.49172,2.2325954,seed16626.png
-28.72847,-12.055727,seed16627.png
27.892803,1.6949304,seed16628.png
-22.11558,-28.839315,seed16629.png
13.137252,-30.030476,seed1663.png
0.45544586,9.045778,seed16630.png
-19.69526,-30.626053,seed16631.png
-34.74286,27.131311,seed16632.png
7.4101453,3.5599577,seed16633.png
1.8016075,13.763526,seed16634.png
6.336938,-28.96463,seed16635.png
-14.123925,10.532341,seed16636.png
16.438534,-34.770874,seed16637.png
31.889412,13.428171,seed16638.png
14.808799,7.6126695,seed16639.png
-13.590788,-7.7508073,seed1664.png
-0.5479972,24.225557,seed16640.png
-34.349808,27.066866,seed16641.png
-34.460327,19.605879,seed16642.png
-17.591791,-14.267231,seed16643.png
-1.8705857,-13.156903,seed16644.png
29.285627,14.285992,seed16645.png
-34.08371,1.0042608,seed16646.png
-23.323215,-11.4049225,seed16647.png
13.518474,3.1560497,seed16648.png
23.964436,18.269758,seed16649.png
-24.390942,-2.7166898,seed1665.png
-0.42471796,-15.622155,seed16650.png
26.401169,23.914064,seed16651.png
-22.353012,-22.509653,seed16652.png
-34.073677,18.101278,seed16653.png
-17.321255,-2.2239487,seed16654.png
15.427258,18.573837,seed16655.png
-9.03614,-22.732307,seed16656.png
-26.373259,5.594403,seed16657.png
-12.985279,-27.110739,seed16658.png
-18.585548,9.361076,seed16659.png
17.804956,25.969505,seed1666.png
8.517029,22.02631,seed16660.png
15.052781,-32.715473,seed16661.png
-27.132433,-3.478545,seed16662.png
-35.429153,13.365309,seed16663.png
-14.189006,8.8407,seed16664.png
-32.93239,7.037167,seed16665.png
8.03735,-40.659794,seed16666.png
27.764767,-6.039041,seed16667.png
-29.8866,17.279934,seed16668.png
-6.3310456,-15.785187,seed16669.png
14.729005,21.995312,seed1667.png
-21.502615,19.407238,seed16670.png
-33.21554,27.031408,seed16671.png
17.673246,-1.2634073,seed16672.png
27.318666,8.558836,seed16673.png
17.549286,-3.5962882,seed16674.png
-33.34904,23.871687,seed16675.png
32.01829,12.440963,seed16676.png
7.1654315,13.231589,seed16677.png
17.395512,22.72673,seed16678.png
15.763546,16.982765,seed16679.png
13.533518,-8.865264,seed1668.png
-0.063911125,-15.199101,seed16680.png
-33.424,26.710234,seed16681.png
22.206823,16.86643,seed16682.png
24.791277,13.524167,seed16683.png
-28.887186,16.949331,seed16684.png
7.4781256,8.008551,seed16685.png
-19.831263,-21.686815,seed16686.png
-24.305922,16.735592,seed16687.png
9.640903,4.060565,seed16688.png
13.931128,-33.773903,seed16689.png
34.03819,21.627768,seed1669.png
7.092975,0.864639,seed16690.png
-21.355452,0.8738742,seed16691.png
8.385527,5.531421,seed16692.png
-36.57355,23.328678,seed16693.png
-23.496138,-13.053216,seed16694.png
-10.173191,-24.179184,seed16695.png
32.71448,27.455181,seed16696.png
-12.753794,-4.482944,seed16697.png
-17.89354,-19.54535,seed16698.png
16.284662,6.944666,seed16699.png
-29.674862,16.540325,seed1670.png
30.636051,29.214468,seed16700.png
10.692137,-27.299719,seed16701.png
6.4343333,8.044086,seed16702.png
-26.092875,-5.5500603,seed16703.png
33.41783,23.974836,seed16704.png
-14.249451,-29.658443,seed16705.png
-20.651304,-6.973412,seed16706.png
12.309957,-37.250103,seed16707.png
5.423253,9.594967,seed16708.png
9.364118,-32.89628,seed16709.png
6.5551615,-38.242752,seed1671.png
-11.403855,-10.052048,seed16710.png
-7.4257913,-11.822476,seed16711.png
3.0762422,-2.334885,seed16712.png
-9.126929,-10.070132,seed16713.png
25.668856,-1.0625602,seed16714.png
6.167112,6.0618763,seed16715.png
17.520407,28.119833,seed16716.png
7.0271826,-40.7434,seed16717.png
6.561224,-0.24709716,seed16718.png
-27.79439,0.46510404,seed16719.png
-6.8938885,-12.841313,seed1672.png
-2.7420542,-12.311674,seed16720.png
-32.951035,24.159868,seed16721.png
4.6319366,-24.374247,seed16722.png
-12.438328,-26.009546,seed16723.png
-27.571808,-7.528128,seed16724.png
-25.516611,-6.3206673,seed16725.png
14.365492,0.65104085,seed16726.png
17.213327,-6.70391,seed16727.png
36.106354,6.866959,seed16728.png
27.399797,28.892576,seed16729.png
-16.563198,-16.946196,seed1673.png
11.641754,-24.385426,seed16730.png
-9.412725,-8.794578,seed16731.png
17.286526,3.872265,seed16732.png
9.194783,12.791203,seed16733.png
1.6550144,17.51555,seed16734.png
38.598114,19.76213,seed16735.png
4.9462132,-27.074453,seed16736.png
-2.398482,23.88294,seed16737.png
-13.403384,-17.186882,seed16738.png
7.650285,-40.87223,seed16739.png
3.8020086,22.24182,seed1674.png
8.053683,-3.6364903,seed16740.png
-35.556297,17.084148,seed16741.png
35.66439,5.107327,seed16742.png
38.587692,7.5314093,seed16743.png
-19.782202,18.374746,seed16744.png
-15.030767,-19.211546,seed16745.png
-23.8558,-0.9806725,seed16746.png
7.9140353,-3.6899025,seed16747.png
13.399136,19.690136,seed16748.png
0.44439715,24.856821,seed16749.png
10.399723,10.011795,seed1675.png
-8.37135,-19.824734,seed16750.png
28.3147,13.166637,seed16751.png
-13.044089,2.0529077,seed16752.png
14.138144,0.101598196,seed16753.png
-2.7008684,-25.07469,seed16754.png
14.292169,-1.4743822,seed16755.png
15.566897,19.096128,seed16756.png
13.812013,18.664167,seed16757.png
7.1951137,-2.2021768,seed16758.png
-28.75306,14.523814,seed16759.png
-18.45024,-9.6395235,seed1676.png
7.6714954,19.517605,seed16760.png
22.39253,19.15873,seed16761.png
33.05067,18.029116,seed16762.png
-9.68808,-18.63001,seed16763.png
-21.544065,6.459286,seed16764.png
25.71449,5.993503,seed16765.png
20.530876,25.525112,seed16766.png
10.614241,22.140574,seed16767.png
12.576836,-23.163582,seed16768.png
-15.4019375,-27.86021,seed16769.png
4.1245055,23.620266,seed1677.png
-12.734953,-9.471031,seed16770.png
8.469992,-3.9515498,seed16771.png
-27.271038,19.465874,seed16772.png
10.8705435,12.102931,seed16773.png
32.25696,8.694213,seed16774.png
13.259527,-40.17353,seed16775.png
-12.761336,-16.527061,seed16776.png
11.225382,11.51224,seed16777.png
-9.670587,-17.634733,seed16778.png
-34.19355,19.344915,seed16779.png
12.079856,9.447659,seed1678.png
13.828419,8.233447,seed16780.png
-11.522957,-22.126852,seed16781.png
16.243965,9.778197,seed16782.png
19.58689,-2.971232,seed16783.png
21.973335,7.6503997,seed16784.png
25.09272,18.7672,seed16785.png
8.662058,0.9586933,seed16786.png
-23.1284,-18.290495,seed16787.png
16.754295,10.569762,seed16788.png
-15.294197,-20.41051,seed16789.png
-0.5249315,7.381114,seed1679.png
-19.152529,-9.430519,seed16790.png
-20.177517,-21.56688,seed16791.png
40.797855,23.151316,seed16792.png
16.11128,24.913475,seed16793.png
-17.742952,-18.052917,seed16794.png
-2.3986268,-12.635226,seed16795.png
0.8561989,-12.914823,seed16796.png
33.036507,23.979979,seed16797.png
-27.19635,-17.684357,seed16798.png
-15.274731,-9.992497,seed16799.png
12.222712,-29.990705,seed1680.png
8.289895,-22.18591,seed16800.png
12.958812,-29.186924,seed16801.png
-18.8561,9.389514,seed16802.png
10.674129,-37.845142,seed16803.png
1.0298797,24.135216,seed16804.png
10.350475,-5.410299,seed16805.png
-27.077238,7.5875854,seed16806.png
-23.759977,2.9141805,seed16807.png
13.038231,-38.94991,seed16808.png
32.99798,20.339928,seed16809.png
-29.804876,3.885181,seed1681.png
11.881629,-32.54291,seed16810.png
-33.448013,22.709707,seed16811.png
-33.751495,17.55708,seed16812.png
-19.898943,-4.1117067,seed16813.png
-21.09553,-14.653503,seed16814.png
23.60533,14.996603,seed16815.png
-20.282345,-4.786316,seed16816.png
-37.80179,21.139896,seed16817.png
-29.416014,15.551041,seed16818.png
-30.649935,21.855968,seed16819.png
15.783976,23.148369,seed1682.png
-34.094936,15.516107,seed16820.png
-9.038826,-23.700579,seed16821.png
14.24305,-33.968346,seed16822.png
-2.2749043,-3.0678372,seed16823.png
17.15934,-37.081657,seed16824.png
13.181339,15.414288,seed16825.png
-9.392014,-17.110909,seed16826.png
5.056667,-35.249554,seed16827.png
14.508227,-8.113414,seed16828.png
-1.0948358,-14.408073,seed16829.png
14.860789,23.831854,seed1683.png
11.052994,-4.029951,seed16830.png
-19.628033,-19.544344,seed16831.png
22.37741,-1.8506802,seed16832.png
-15.582665,-1.0801466,seed16833.png
7.3457246,-26.613688,seed16834.png
-19.500164,17.004168,seed16835.png
21.55285,7.072105,seed16836.png
3.1778305,20.958897,seed16837.png
17.739857,-8.920815,seed16838.png
-8.649694,-21.532097,seed16839.png
-32.55713,15.308601,seed1684.png
6.6976185,-36.481503,seed16840.png
12.908415,-28.686295,seed16841.png
15.049243,-36.56271,seed16842.png
-14.468488,2.3244476,seed16843.png
11.278036,15.666343,seed16844.png
-16.087238,-18.488888,seed16845.png
23.277664,18.10227,seed16846.png
13.64659,1.176683,seed16847.png
-21.227541,-7.145438,seed16848.png
-13.745534,-16.39664,seed16849.png
12.3016205,13.664094,seed1685.png
13.750609,-33.298656,seed16850.png
30.232855,29.976051,seed16851.png
0.88279414,-33.251637,seed16852.png
-30.620337,25.725628,seed16853.png
16.401133,-3.2394345,seed16854.png
3.706155,9.616809,seed16855.png
-11.108432,-17.280798,seed16856.png
-24.049843,-10.283167,seed16857.png
-14.058271,-31.813522,seed16858.png
1.1201239,10.347187,seed16859.png
39.409218,19.600468,seed1686.png
-30.523605,21.876797,seed16860.png
26.247692,17.080578,seed16861.png
-27.704954,-5.663183,seed16862.png
-16.24225,-14.541587,seed16863.png
-20.930883,-30.282444,seed16864.png
-5.5634413,-19.402487,seed16865.png
17.286678,7.087602,seed16866.png
-29.231392,-2.3114476,seed16867.png
-14.29018,-27.412928,seed16868.png
24.667023,4.6602697,seed16869.png
12.643043,-27.705229,seed1687.png
36.575253,19.833538,seed16870.png
23.586586,0.89788276,seed16871.png
-20.152466,-15.071562,seed16872.png
-36.51492,23.947363,seed16873.png
25.242388,14.189542,seed16874.png
18.94103,23.471891,seed16875.png
10.011643,-30.125095,seed16876.png
-17.220768,0.7718661,seed16877.png
5.227377,15.168192,seed16878.png
-2.4207067,-0.38574916,seed16879.png
13.407013,10.019391,seed1688.png
12.291577,-33.59833,seed16880.png
8.510081,7.2437053,seed16881.png
-26.909472,-22.901644,seed16882.png
-6.9247108,-6.066282,seed16883.png
-3.5435987,-16.62734,seed16884.png
-21.448042,-3.6709704,seed16885.png
-30.684908,9.307834,seed16886.png
5.905404,8.232797,seed16887.png
-33.00073,20.814299,seed16888.png
40.019825,17.653488,seed16889.png
11.706036,-41.76771,seed1689.png
-10.996271,-27.945332,seed16890.png
-19.422016,-12.684766,seed16891.png
38.02538,5.8295054,seed16892.png
-22.181265,-3.8555443,seed16893.png
-24.33143,-0.40994164,seed16894.png
35.671124,21.328093,seed16895.png
-17.11181,-2.0712497,seed16896.png
5.5296745,-36.59376,seed16897.png
-1.3618127,-24.800667,seed16898.png
7.9484735,-39.532494,seed16899.png
-12.98298,-28.774315,seed1690.png
-32.06563,-0.2788958,seed16900.png
-26.38047,-2.1012251,seed16901.png
-7.900822,-25.273504,seed16902.png
-9.663459,-7.7066116,seed16903.png
22.967634,-2.2451155,seed16904.png
13.549377,26.409739,seed16905.png
-7.1254425,4.386048,seed16906.png
18.856478,4.997746,seed16907.png
17.421206,24.237951,seed16908.png
30.038372,4.1384068,seed16909.png
24.217377,9.453137,seed1691.png
-15.48025,-18.99359,seed16910.png
36.279224,14.395416,seed16911.png
30.074982,17.075062,seed16912.png
-27.20323,-20.030666,seed16913.png
7.486834,12.451775,seed16914.png
11.897155,4.3518963,seed16915.png
-0.9058245,24.397833,seed16916.png
-33.437897,-5.873001,seed16917.png
-29.725666,-11.31422,seed16918.png
-24.512096,1.4107691,seed16919.png
-22.142363,-24.450293,seed1692.png
35.617897,11.628305,seed16920.png
-33.815536,-13.64565,seed16921.png
16.41551,4.812642,seed16922.png
2.4767263,8.879133,seed16923.png
3.5861144,-5.220493,seed16924.png
-22.45052,-19.648886,seed16925.png
10.495219,-41.849598,seed16926.png
8.049493,-41.96429,seed16927.png
-31.596071,10.37434,seed16928.png
5.400601,10.228528,seed16929.png
19.162817,23.761423,seed1693.png
4.365322,0.9581275,seed16930.png
31.671083,19.519798,seed16931.png
-23.072042,-0.115168504,seed16932.png
4.1158233,-4.079315,seed16933.png
-30.498625,16.268063,seed16934.png
-30.686876,-1.3931642,seed16935.png
32.25858,29.368128,seed16936.png
-12.487509,-8.092015,seed16937.png
9.833281,-40.99861,seed16938.png
17.53701,24.800873,seed16939.png
5.344737,-25.726078,seed1694.png
9.095489,8.832296,seed16940.png
-22.834475,12.267484,seed16941.png
23.05769,21.946215,seed16942.png
-28.493374,0.83722275,seed16943.png
5.4189076,22.879969,seed16944.png
27.423447,7.8944583,seed16945.png
-22.734837,-20.64633,seed16946.png
7.036622,-2.0297163,seed16947.png
38.708736,14.498812,seed16948.png
32.616344,27.188585,seed16949.png
-25.78414,10.079815,seed1695.png
-19.101305,-31.320097,seed16950.png
-0.8213109,23.928139,seed16951.png
-34.628082,11.166386,seed16952.png
2.1522095,11.584862,seed16953.png
8.659536,3.8606758,seed16954.png
-16.656176,-2.1616485,seed16955.png
-34.264446,25.430622,seed16956.png
11.079308,-42.67322,seed16957.png
-23.771933,14.297133,seed16958.png
15.671398,-5.4519715,seed16959.png
-11.207082,-13.070933,seed1696.png
-31.538834,25.662687,seed16960.png
24.497755,23.592546,seed16961.png
15.251885,1.6251655,seed16962.png
-10.048651,-13.207669,seed16963.png
-0.46001104,-17.04123,seed16964.png
-15.361191,-22.3868,seed16965.png
-5.033506,-13.139264,seed16966.png
12.059328,0.45440903,seed16967.png
-13.170755,-4.4175024,seed16968.png
-19.96001,-25.76807,seed16969.png
-9.034696,-17.144804,seed1697.png
33.606644,24.007265,seed16970.png
-23.325377,-27.709965,seed16971.png
-11.213853,-27.98778,seed16972.png
-22.96098,-14.117852,seed16973.png
-28.815695,1.405408,seed16974.png
-20.990793,17.511732,seed16975.png
-26.632668,1.5198725,seed16976.png
-26.420282,-0.87655914,seed16977.png
29.81333,17.289997,seed16978.png
-34.969727,27.52952,seed16979.png
29.480621,9.89829,seed1698.png
-30.122276,1.5633317,seed16980.png
28.082895,12.476431,seed16981.png
-27.181091,-0.70365983,seed16982.png
29.972551,28.24592,seed16983.png
15.28788,16.975008,seed16984.png
-14.864956,-18.633642,seed16985.png
-18.702272,9.106528,seed16986.png
20.028904,20.44317,seed16987.png
-18.72169,5.835953,seed16988.png
19.341095,16.974499,seed16989.png
2.8638954,-31.78175,seed1699.png
-10.795513,-24.71086,seed16990.png
22.113115,2.465322,seed16991.png
-9.538031,-28.050556,seed16992.png
39.939533,14.984906,seed16993.png
6.911988,-6.009236,seed16994.png
13.818696,-39.61564,seed16995.png
-14.65167,-26.146837,seed16996.png
10.359419,-40.04851,seed16997.png
-31.082327,20.6488,seed16998.png
11.680447,15.124493,seed16999.png
3.14223,10.516776,seed1700.png
16.978031,-0.053984936,seed17000.png
25.795343,13.335221,seed17001.png
-15.562051,-4.2965746,seed17002.png
8.074638,2.7754693,seed17003.png
-10.90245,-23.167913,seed17004.png
1.0899035,-2.2767832,seed17005.png
17.98845,-3.2835395,seed17006.png
9.562122,1.6362803,seed17007.png
17.907063,18.73786,seed17008.png
-33.30046,-5.7105474,seed17009.png
37.479225,8.443882,seed1701.png
-30.01182,11.143294,seed17010.png
-10.603185,12.943775,seed17011.png
-34.303616,-7.7466116,seed17012.png
-0.7696637,22.882214,seed17013.png
31.18777,9.253923,seed17014.png
37.95542,9.302627,seed17015.png
9.015463,10.652991,seed17016.png
25.185974,10.395263,seed17017.png
-31.567179,23.400724,seed17018.png
-28.498384,-14.169212,seed17019.png
-18.432676,16.388027,seed1702.png
15.087284,-8.516034,seed17020.png
11.260191,-6.2452035,seed17021.png
26.151588,23.222319,seed17022.png
-5.719319,-6.7235394,seed17023.png
19.62368,26.342634,seed17024.png
3.2191074,21.853945,seed17025.png
-25.892988,-16.771358,seed17026.png
-15.35468,-19.077536,seed17027.png
2.5960708,24.752213,seed17028.png
-34.867706,12.977027,seed17029.png
19.051289,20.272964,seed1703.png
-16.81678,-13.238803,seed17030.png
-32.78647,-4.7747087,seed17031.png
-37.61356,23.924623,seed17032.png
-21.475897,19.196383,seed17033.png
-18.686779,-2.3180006,seed17034.png
-25.81756,-5.0909934,seed17035.png
8.154744,12.689981,seed17036.png
-32.53415,25.514177,seed17037.png
7.7006702,-32.55163,seed17038.png
-24.349993,-2.7032344,seed17039.png
22.993567,1.7174561,seed1704.png
17.483013,-8.029376,seed17040.png
-24.249958,6.0446706,seed17041.png
-25.783274,-12.909413,seed17042.png
-22.997835,-18.332281,seed17043.png
22.627224,-1.8256803,seed17044.png
16.998468,-2.0855565,seed17045.png
12.371819,23.28201,seed17046.png
27.285658,10.674157,seed17047.png
-31.579302,22.172316,seed17048.png
37.494873,13.864154,seed17049.png
-29.946678,-13.947634,seed1705.png
-8.279493,-12.622413,seed17050.png
29.185234,26.851812,seed17051.png
-27.285437,6.415286,seed17052.png
8.220973,-25.645231,seed17053.png
8.183456,17.788605,seed17054.png
20.65205,2.0659194,seed17055.png
-10.8371935,-16.509254,seed17056.png
19.467175,1.920902,seed17057.png
-31.936596,-5.9972763,seed17058.png
4.4437795,-29.850916,seed17059.png
-18.490711,15.040774,seed1706.png
-25.605618,-1.9271655,seed17060.png
15.040198,-36.461803,seed17061.png
25.918398,4.680383,seed17062.png
8.236486,-28.712605,seed17063.png
29.875288,26.141644,seed17064.png
-10.764338,-13.627284,seed17065.png
11.904148,-27.541262,seed17066.png
-15.858517,-16.64816,seed17067.png
-18.74252,-12.055278,seed17068.png
30.200508,18.32175,seed17069.png
25.076683,19.617657,seed1707.png
-35.27535,6.454586,seed17070.png
30.954683,19.69945,seed17071.png
31.23974,-1.904293,seed17072.png
7.611004,-7.02013,seed17073.png
9.428916,-4.978637,seed17074.png
-31.161743,-11.155765,seed17075.png
-14.079682,-20.842659,seed17076.png
26.604921,15.082041,seed17077.png
10.092499,23.862719,seed17078.png
-15.46955,-9.407143,seed17079.png
39.176014,15.87902,seed1708.png
14.229788,-2.1118047,seed17080.png
8.55986,-42.221046,seed17081.png
-20.611925,-0.16163501,seed17082.png
-12.99493,-12.501741,seed17083.png
-20.538855,10.705878,seed17084.png
23.136557,21.466076,seed17085.png
23.607895,24.349533,seed17086.png
32.616184,6.182762,seed17087.png
-25.858868,12.356977,seed17088.png
-19.895836,-17.52185,seed17089.png
-11.288988,-18.17115,seed1709.png
11.130128,-0.24794655,seed17090.png
27.487232,-5.3339424,seed17091.png
-30.454687,-17.831459,seed17092.png
19.341646,24.06796,seed17093.png
8.204261,13.017698,seed17094.png
-10.780416,-8.909673,seed17095.png
17.211264,15.984188,seed17096.png
-12.42766,-14.418188,seed17097.png
-25.282986,9.380926,seed17098.png
39.306293,20.599176,seed17099.png
7.884238,-38.795002,seed1710.png
-22.919018,-4.691947,seed17100.png
-22.62026,11.029145,seed17101.png
33.044098,12.476991,seed17102.png
20.02705,20.328615,seed17103.png
5.639359,5.5942206,seed17104.png
7.6805696,12.29645,seed17105.png
-24.822071,9.706223,seed17106.png
26.624529,13.131007,seed17107.png
-0.95833325,21.258858,seed17108.png
-32.594177,21.169754,seed17109.png
-24.941336,-3.7582033,seed1711.png
12.844341,-18.823713,seed17110.png
25.810072,12.961874,seed17111.png
-22.680237,-24.072329,seed17112.png
-29.57624,-3.2302744,seed17113.png
14.448946,24.71358,seed17114.png
2.176137,-30.278717,seed17115.png
37.264263,10.079214,seed17116.png
-7.5718675,9.137907,seed17117.png
-22.595282,-24.709755,seed17118.png
-4.0495343,0.5651951,seed17119.png
-18.438387,14.290163,seed1712.png
18.071896,-10.397138,seed17120.png
-34.616505,22.117752,seed17121.png
30.182781,7.2822948,seed17122.png
-24.692492,-7.9987526,seed17123.png
10.085982,12.339563,seed17124.png
-14.460483,-3.5301216,seed17125.png
13.298235,-28.17859,seed17126.png
-23.979345,12.494196,seed17127.png
-22.188295,-1.1471322,seed17128.png
-17.193583,-16.720428,seed17129.png
9.349329,13.794133,seed1713.png
-22.47181,-9.72328,seed17130.png
9.140621,21.117716,seed17131.png
2.625663,16.251322,seed17132.png
37.19876,20.347763,seed17133.png
28.641645,-1.0288062,seed17134.png
-33.80371,-8.829007,seed17135.png
-19.813923,-23.213316,seed17136.png
19.758417,19.030905,seed17137.png
18.29648,-6.963035,seed17138.png
-27.294191,-12.484431,seed17139.png
4.204919,-30.476664,seed1714.png
30.353146,10.690192,seed17140.png
-23.637878,10.38992,seed17141.png
-12.12173,-3.534382,seed17142.png
-1.2042286,25.730278,seed17143.png
7.943118,-34.779903,seed17144.png
21.708555,7.0555224,seed17145.png
-32.226727,13.325774,seed17146.png
37.427612,16.892584,seed17147.png
-24.067015,8.753142,seed17148.png
12.288332,-42.088894,seed17149.png
5.405311,14.802881,seed1715.png
26.615831,22.783731,seed17150.png
-15.65764,9.820631,seed17151.png
-7.6882234,-19.22218,seed17152.png
5.327126,-37.854946,seed17153.png
4.4315104,8.925794,seed17154.png
-3.6858504,17.342258,seed17155.png
-15.05151,-27.44008,seed17156.png
5.3229933,19.238459,seed17157.png
3.7938142,-31.470499,seed17158.png
-21.90593,17.526701,seed17159.png
37.540592,8.592633,seed1716.png
-4.251311,16.598862,seed17160.png
-32.075764,19.487068,seed17161.png
5.016284,22.163736,seed17162.png
-30.121277,14.783875,seed17163.png
-12.258332,-3.985002,seed17164.png
-15.733577,13.139619,seed17165.png
14.165331,23.880436,seed17166.png
-10.444622,-24.797047,seed17167.png
-13.270469,-9.05835,seed17168.png
15.2825575,-3.744379,seed17169.png
-25.756212,-19.631369,seed1717.png
-21.518623,7.7110405,seed17170.png
14.403078,8.984345,seed17171.png
9.278966,11.931505,seed17172.png
24.398117,0.31344354,seed17173.png
-19.901358,10.332332,seed17174.png
-18.038565,5.8821673,seed17175.png
15.468178,-33.914925,seed17176.png
-19.27812,-17.202272,seed17177.png
-22.689104,19.973162,seed17178.png
37.188587,11.799586,seed17179.png
1.5186404,-12.059698,seed1718.png
-27.49676,-12.39341,seed17180.png
2.5292068,14.9271755,seed17181.png
-17.802101,-5.7386675,seed17182.png
-34.853138,12.101522,seed17183.png
-27.036423,13.035051,seed17184.png
3.3415105,-30.80465,seed17185.png
27.468008,11.63139,seed17186.png
-23.806538,-4.843119,seed17187.png
6.563237,-40.05403,seed17188.png
-26.025406,4.9110713,seed17189.png
-22.033325,0.834228,seed1719.png
-35.066193,-2.486385,seed17190.png
-21.108648,-25.200203,seed17191.png
-1.3130658,-1.667573,seed17192.png
-18.436668,-19.858011,seed17193.png
-25.734777,13.533113,seed17194.png
-14.771927,-23.152903,seed17195.png
18.978598,-4.7897134,seed17196.png
-25.987284,-19.71439,seed17197.png
11.254105,-5.2483177,seed17198.png
-30.908663,14.3262825,seed17199.png
-28.599108,-8.223545,seed1720.png
9.501052,-30.951183,seed17200.png
-23.627413,15.3191185,seed17201.png
16.597557,-35.960335,seed17202.png
16.685387,-9.610965,seed17203.png
21.453106,6.768352,seed17204.png
-29.735178,-14.114235,seed17205.png
5.087053,8.624817,seed17206.png
-26.410082,14.067406,seed17207.png
10.696359,13.499634,seed17208.png
8.171584,-0.27294523,seed17209.png
14.807124,20.899261,seed1721.png
22.553143,25.821623,seed17210.png
-8.554443,-26.64129,seed17211.png
-1.6626517,-6.795776,seed17212.png
14.635859,-9.488176,seed17213.png
-11.122981,-0.36029026,seed17214.png
12.579658,-7.184833,seed17215.png
13.425451,-4.803212,seed17216.png
20.677784,9.364992,seed17217.png
4.982966,6.3083777,seed17218.png
10.27315,5.778883,seed17219.png
10.056727,1.14501,seed1722.png
-5.5381613,-23.7098,seed17220.png
23.491549,4.973212,seed17221.png
-20.173634,-27.013025,seed17222.png
14.404874,11.941927,seed17223.png
-0.24419008,-8.088845,seed17224.png
24.750235,6.2428985,seed17225.png
-16.511517,-30.121048,seed17226.png
13.995844,-2.4623864,seed17227.png
19.025675,18.806608,seed17228.png
-21.195042,5.3597236,seed17229.png
-17.46625,-11.514033,seed1723.png
-28.468359,-5.6123085,seed17230.png
-4.7136664,-12.980369,seed17231.png
19.172607,4.819448,seed17232.png
-9.598232,-3.9678662,seed17233.png
-24.170792,6.0309744,seed17234.png
-21.89951,16.022203,seed17235.png
-29.821907,-6.48913,seed17236.png
-27.830465,-1.4368538,seed17237.png
21.972616,8.70692,seed17238.png
-24.543179,-17.59546,seed17239.png
29.508713,8.786528,seed1724.png
-31.293573,4.3532114,seed17240.png
25.053913,-6.464106,seed17241.png
10.347705,-24.825024,seed17242.png
11.955817,-25.363438,seed17243.png
24.659054,10.116321,seed17244.png
-13.385325,-9.421966,seed17245.png
-25.2605,8.283409,seed17246.png
3.5788507,10.892013,seed17247.png
14.958792,-30.934137,seed17248.png
-10.695712,-11.410394,seed17249.png
14.545884,18.361517,seed1725.png
11.24651,-29.165972,seed17250.png
-3.2508454,-2.8223255,seed17251.png
28.065361,14.505315,seed17252.png
-30.57872,-8.955999,seed17253.png
12.687726,-32.240334,seed17254.png
-22.387688,4.9514685,seed17255.png
-2.5955243,-11.276717,seed17256.png
-26.008104,11.450595,seed17257.png
-26.306744,-18.042774,seed17258.png
6.7731724,-40.820374,seed17259.png
-21.204319,18.06342,seed1726.png
-2.049288,22.243109,seed17260.png
-22.2189,-22.691465,seed17261.png
10.79346,-37.878895,seed17262.png
-17.470423,5.8438487,seed17263.png
-25.00958,1.8816806,seed17264.png
-18.529022,-2.771088,seed17265.png
4.0875444,-33.50859,seed17266.png
24.542269,13.167216,seed17267.png
-13.437265,-28.134453,seed17268.png
6.521984,12.367468,seed17269.png
18.906456,7.3717566,seed1727.png
-25.330057,-13.111063,seed17270.png
-29.882065,-1.6316038,seed17271.png
-18.429283,-2.0997224,seed17272.png
-12.561935,-33.378918,seed17273.png
-6.293918,-17.318281,seed17274.png
29.436974,0.56723166,seed17275.png
15.507511,-8.767525,seed17276.png
16.50606,20.434887,seed17277.png
11.345215,5.4803996,seed17278.png
-32.432297,2.8571844,seed17279.png
-22.603346,-0.13767044,seed1728.png
-19.543139,-11.10587,seed17280.png
10.091855,-25.529036,seed17281.png
11.835929,-38.03127,seed17282.png
33.503696,10.523481,seed17283.png
-23.136597,1.8533903,seed17284.png
27.953453,14.85947,seed17285.png
-21.583815,-7.464379,seed17286.png
35.57311,13.490075,seed17287.png
36.9027,17.857197,seed17288.png
9.472677,14.9259205,seed17289.png
9.668706,10.22721,seed1729.png
-31.787651,26.382994,seed17290.png
-16.539642,-17.927217,seed17291.png
-21.021374,17.38943,seed17292.png
16.48478,14.111118,seed17293.png
19.123213,2.6263824,seed17294.png
9.71476,-36.82777,seed17295.png
-27.684044,0.9235616,seed17296.png
2.0014758,7.5409493,seed17297.png
31.345373,3.5959244,seed17298.png
9.016711,-27.728603,seed17299.png
6.5030184,-33.155132,seed1730.png
18.592493,9.388885,seed17300.png
21.72085,2.0840495,seed17301.png
-31.255877,-14.394088,seed17302.png
-2.2591712,-16.6123,seed17303.png
29.855682,12.024346,seed17304.png
10.6958885,-4.3786354,seed17305.png
16.028217,-32.250824,seed17306.png
31.542847,13.41865,seed17307.png
13.903944,-0.75186247,seed17308.png
8.238563,10.114516,seed17309.png
-27.454205,-8.876978,seed1731.png
7.834556,0.39570826,seed17310.png
-4.7019396,3.049951,seed17311.png
14.9683695,4.6615105,seed17312.png
17.945505,13.691416,seed17313.png
-3.5646114,13.349988,seed17314.png
11.28768,-41.70971,seed17315.png
1.1467671,5.618136,seed17316.png
3.931899,7.4502373,seed17317.png
9.797922,11.252602,seed17318.png
-5.898408,1.0252105,seed17319.png
37.29673,5.8597903,seed1732.png
-25.790594,17.08291,seed17320.png
-16.61432,-28.703207,seed17321.png
-0.28499532,-24.055666,seed17322.png
-5.003697,-21.148932,seed17323.png
-32.463955,24.123312,seed17324.png
19.839134,17.857615,seed17325.png
15.877265,5.2643476,seed17326.png
17.102541,-34.734863,seed17327.png
15.824032,24.697477,seed17328.png
37.27882,13.27386,seed17329.png
-7.857116,-9.573234,seed1733.png
36.832756,8.162234,seed17330.png
-24.86018,18.181206,seed17331.png
10.023926,13.338758,seed17332.png
-8.620983,-24.892624,seed17333.png
24.87816,15.281021,seed17334.png
18.598269,5.0763636,seed17335.png
-23.47142,9.409298,seed17336.png
16.977848,27.49402,seed17337.png
-0.38975865,-14.350949,seed17338.png
23.033125,12.356706,seed17339.png
-17.735533,-5.6631474,seed1734.png
-17.294409,-14.89486,seed17340.png
-15.710081,-26.089657,seed17341.png
-20.72451,9.962572,seed17342.png
-20.701849,13.390695,seed17343.png
-14.052437,-27.701048,seed17344.png
11.695613,6.647325,seed17345.png
-20.322409,8.197719,seed17346.png
0.3964279,21.98845,seed17347.png
-8.616594,1.9207987,seed17348.png
27.60127,16.860594,seed17349.png
6.180468,-38.896297,seed1735.png
23.353014,-9.3736515,seed17350.png
3.6962686,-27.046974,seed17351.png
-9.680118,-25.31976,seed17352.png
18.175428,23.46125,seed17353.png
8.569872,-5.3127832,seed17354.png
-11.077394,-5.639389,seed17355.png
-7.9408364,-14.019698,seed17356.png
17.055763,-5.3890743,seed17357.png
32.474895,5.4712834,seed17358.png
22.720375,4.5842896,seed17359.png
-17.156261,14.648339,seed1736.png
-33.01054,14.260735,seed17360.png
14.294522,0.75126153,seed17361.png
-18.928398,-7.994568,seed17362.png
5.079762,16.120775,seed17363.png
23.558949,20.925632,seed17364.png
-13.004046,-3.3686821,seed17365.png
36.177517,9.552116,seed17366.png
-29.473188,0.7102336,seed17367.png
20.951073,5.130754,seed17368.png
-0.16436532,8.0794735,seed17369.png
14.035432,0.59502274,seed1737.png
8.303905,4.7168417,seed17370.png
-1.5594313,-14.803853,seed17371.png
-17.118168,-13.321426,seed17372.png
-3.3482592,2.6715362,seed17373.png
2.622599,9.881048,seed17374.png
-22.527878,-12.545604,seed17375.png
14.136068,-34.340534,seed17376.png
15.629466,-3.874638,seed17377.png
13.584172,-30.921389,seed17378.png
39.757675,20.69977,seed17379.png
27.184597,1.2165365,seed1738.png
-33.595222,26.274595,seed17380.png
-20.162155,-7.963191,seed17381.png
-0.24867941,15.719889,seed17382.png
41.727737,21.077179,seed17383.png
6.5568566,-4.254521,seed17384.png
12.433602,-41.8056,seed17385.png
9.797853,-26.701649,seed17386.png
18.195242,12.385757,seed17387.png
19.043612,13.424432,seed17388.png
-17.237986,5.25622,seed17389.png
-36.541836,8.370423,seed1739.png
-13.659423,-24.359747,seed17390.png
-20.319443,-19.572487,seed17391.png
-17.101143,-0.07432309,seed17392.png
1.393542,8.365492,seed17393.png
4.1097302,-4.334214,seed17394.png
21.865473,18.247423,seed17395.png
-22.820906,-27.405954,seed17396.png
14.981226,28.373974,seed17397.png
12.472747,-36.47575,seed17398.png
-10.217844,-28.839476,seed17399.png
11.067929,-34.38105,seed1740.png
0.28161412,26.97271,seed17400.png
11.203822,-1.0881884,seed17401.png
-36.21924,-6.6732473,seed17402.png
14.711949,-8.276915,seed17403.png
-5.045289,-24.96027,seed17404.png
12.230918,-38.1041,seed17405.png
42.05154,18.49573,seed17406.png
-26.341652,-11.228568,seed17407.png
-30.853804,-16.467062,seed17408.png
-23.925735,9.479721,seed17409.png
23.978807,16.34912,seed1741.png
25.521807,12.5280695,seed17410.png
-7.520353,-9.922122,seed17411.png
3.803395,22.785898,seed17412.png
-20.077703,-30.433477,seed17413.png
-27.780657,12.654608,seed17414.png
8.54117,2.1995091,seed17415.png
12.317156,-43.02849,seed17416.png
11.887923,-1.3988854,seed17417.png
18.768389,14.580025,seed17418.png
12.937854,-37.96309,seed17419.png
-11.728348,-19.686596,seed1742.png
4.561253,5.258658,seed17420.png
13.56727,-38.17734,seed17421.png
3.12957,-4.5254765,seed17422.png
-32.52983,21.454664,seed17423.png
-36.93199,19.656475,seed17424.png
-33.515278,4.0666018,seed17425.png
9.895904,-7.953122,seed17426.png
-20.639448,13.8239355,seed17427.png
0.922951,20.492548,seed17428.png
-1.7458054,-3.0071096,seed17429.png
-17.110853,1.6585822,seed1743.png
12.45506,15.427785,seed17430.png
-21.657652,15.801399,seed17431.png
9.103349,-30.230873,seed17432.png
-12.099277,-23.443968,seed17433.png
7.7609596,-26.333954,seed17434.png
5.5684867,-2.502908,seed17435.png
0.13331404,-14.943753,seed17436.png
-8.799975,-20.9716,seed17437.png
9.433287,-26.64916,seed17438.png
4.552726,11.420277,seed17439.png
-15.783987,-22.687399,seed1744.png
3.2308576,6.95574,seed17440.png
5.724722,-26.166132,seed17441.png
-1.2153885,14.729482,seed17442.png
-23.985338,10.77234,seed17443.png
5.4492507,0.20039687,seed17444.png
-33.07872,22.943905,seed17445.png
9.084164,-35.504845,seed17446.png
5.113138,-26.13355,seed17447.png
-19.136007,7.16477,seed17448.png
16.73948,21.858723,seed17449.png
-12.323484,3.5734534,seed1745.png
35.52483,8.909315,seed17450.png
7.9833636,11.193778,seed17451.png
-13.960357,5.450438,seed17452.png
2.4488358,7.7461686,seed17453.png
-1.1629902,14.1552725,seed17454.png
-26.104904,-14.691224,seed17455.png
-3.6314723,19.084146,seed17456.png
13.649156,-29.139774,seed17457.png
-31.47501,-2.524063,seed17458.png
-11.546199,-8.717695,seed17459.png
0.54960144,-15.826464,seed1746.png
-30.498276,-8.297844,seed17460.png
-19.991518,-1.4279811,seed17461.png
25.52476,5.886533,seed17462.png
0.8013677,-18.186417,seed17463.png
12.840474,15.89747,seed17464.png
16.742262,24.140068,seed17465.png
4.714866,14.62338,seed17466.png
-32.74963,-7.3966427,seed17467.png
13.558779,-1.868822,seed17468.png
-23.846558,2.2308571,seed17469.png
-21.91635,-24.844326,seed1747.png
-11.774649,-18.362825,seed17470.png
3.8437667,23.749554,seed17471.png
-13.266177,-30.588457,seed17472.png
6.108799,-37.75358,seed17473.png
-17.603758,3.9447172,seed17474.png
-20.130112,-4.9653354,seed17475.png
-8.219069,3.6271892,seed17476.png
-34.320217,20.347095,seed17477.png
-26.7718,-0.9811796,seed17478.png
7.104306,1.1153849,seed17479.png
-19.790073,-12.740472,seed1748.png
-22.135767,3.0193608,seed17480.png
-18.421661,-16.268444,seed17481.png
-30.863676,12.706513,seed17482.png
10.014174,9.466435,seed17483.png
37.860336,18.348635,seed17484.png
-17.935204,-27.189396,seed17485.png
-17.745958,-20.523777,seed17486.png
35.455704,9.76698,seed17487.png
28.585783,-1.0392964,seed17488.png
20.15161,-8.216316,seed17489.png
32.04612,17.950644,seed1749.png
-23.192688,-21.378954,seed17490.png
2.6107078,14.171984,seed17491.png
21.056026,-1.9838301,seed17492.png
-0.07178659,15.066989,seed17493.png
22.815596,13.858048,seed17494.png
-16.632956,-16.904688,seed17495.png
16.380028,21.966429,seed17496.png
-12.903166,-29.305185,seed17497.png
-33.489525,-0.7139122,seed17498.png
10.540595,-35.15114,seed17499.png
-10.078307,-12.201276,seed1750.png
14.03306,-35.96737,seed17500.png
5.331582,-36.40358,seed17501.png
-16.724134,1.7423662,seed17502.png
-13.830294,-16.846027,seed17503.png
-15.919573,-3.0849862,seed17504.png
34.9909,5.954315,seed17505.png
-13.973605,-14.509031,seed17506.png
-17.83968,-4.136724,seed17507.png
-10.030953,-14.614874,seed17508.png
25.274565,4.083377,seed17509.png
6.126737,10.155447,seed1751.png
18.586744,-7.7001047,seed17510.png
11.008693,-31.539543,seed17511.png
-10.856164,-0.74150413,seed17512.png
-16.935452,-13.383861,seed17513.png
-27.529478,14.351076,seed17514.png
4.5662923,15.817993,seed17515.png
-20.448105,-4.6320486,seed17516.png
7.3547044,26.618702,seed17517.png
7.781782,20.183397,seed17518.png
13.577254,-41.408802,seed17519.png
4.394621,9.687941,seed1752.png
29.959871,25.145481,seed17520.png
-20.876919,7.81033,seed17521.png
23.01905,5.579989,seed17522.png
16.421486,-36.417416,seed17523.png
10.743289,-33.359806,seed17524.png
-29.86167,19.126165,seed17525.png
-19.035265,-7.760011,seed17526.png
-21.66744,-10.444158,seed17527.png
-12.511021,-13.000663,seed17528.png
-11.379237,-24.14233,seed17529.png
-22.705189,5.9065557,seed1753.png
-1.9179085,-22.45649,seed17530.png
-17.383802,7.156905,seed17531.png
16.692287,-34.97574,seed17532.png
10.902848,28.59688,seed17533.png
3.3889058,9.75995,seed17534.png
-21.740929,15.383657,seed17535.png
19.419819,0.0119386995,seed17536.png
-22.956974,19.087309,seed17537.png
-28.85688,-6.4262176,seed17538.png
31.367638,24.257164,seed17539.png
18.12039,14.467796,seed1754.png
-11.162381,-16.79603,seed17540.png
5.786314,8.388004,seed17541.png
31.115036,22.2089,seed17542.png
-0.5586754,-19.315844,seed17543.png
-17.130121,3.7135472,seed17544.png
-17.223967,-15.924419,seed17545.png
-25.091375,-5.461652,seed17546.png
8.433859,12.8069,seed17547.png
30.024307,24.201855,seed17548.png
9.808673,16.226728,seed17549.png
25.594112,23.145184,seed1755.png
14.659223,-38.79345,seed17550.png
30.535664,15.423547,seed17551.png
-19.660564,4.990869,seed17552.png
-16.153215,-5.440867,seed17553.png
-14.330763,-17.380041,seed17554.png
8.55948,20.290442,seed17555.png
-14.051242,-20.6445,seed17556.png
19.268335,1.1672361,seed17557.png
-26.688694,-4.6703815,seed17558.png
-23.348652,15.111235,seed17559.png
33.59199,18.70134,seed1756.png
6.277255,-34.177025,seed17560.png
18.521074,22.427654,seed17561.png
21.286434,3.7158399,seed17562.png
-21.69589,-27.35058,seed17563.png
7.5911036,7.085629,seed17564.png
12.14169,-6.2265487,seed17565.png
-18.152987,10.946233,seed17566.png
11.723852,-3.1172936,seed17567.png
15.259772,-34.369686,seed17568.png
-31.72105,0.32901502,seed17569.png
-19.59747,-10.281072,seed1757.png
7.2023044,-31.366703,seed17570.png
-26.521872,16.206615,seed17571.png
-2.7048187,-11.29168,seed17572.png
-20.532091,5.768232,seed17573.png
-18.704391,-9.166992,seed17574.png
-32.377987,23.870872,seed17575.png
34.448746,10.952292,seed17576.png
10.322657,13.863669,seed17577.png
14.095712,-37.54241,seed17578.png
12.309105,-29.783447,seed17579.png
-30.946817,23.64265,seed1758.png
-19.137083,-0.7604914,seed17580.png
-15.350855,-18.348932,seed17581.png
19.767841,2.3981495,seed17582.png
16.110025,-33.971992,seed17583.png
14.913301,-33.76034,seed17584.png
-23.510904,-2.7479868,seed17585.png
24.949213,23.27962,seed17586.png
4.459003,-35.493855,seed17587.png
-31.677456,16.000845,seed17588.png
-33.21833,1.9580553,seed17589.png
11.449056,-42.74252,seed1759.png
13.794683,-29.09142,seed17590.png
-17.306786,-2.5330274,seed17591.png
-0.11804103,22.565228,seed17592.png
-10.726774,-23.921064,seed17593.png
26.018795,22.11753,seed17594.png
14.059868,-33.27659,seed17595.png
-20.185993,10.147228,seed17596.png
1.2156547,24.073824,seed17597.png
12.520155,-29.830555,seed17598.png
-24.41368,16.382744,seed17599.png
12.243126,-12.669954,seed1760.png
-29.445889,-15.057301,seed17600.png
-15.79123,-24.709501,seed17601.png
28.981094,-2.7873735,seed17602.png
-1.7780406,-14.6277075,seed17603.png
-25.543705,-19.043768,seed17604.png
-18.111197,-25.184984,seed17605.png
33.28046,12.418773,seed17606.png
-8.970342,-22.439014,seed17607.png
18.025846,-7.100211,seed17608.png
-31.244455,24.107452,seed17609.png
38.185963,15.182245,seed1761.png
10.965279,-34.263695,seed17610.png
32.81021,24.780132,seed17611.png
-18.782104,-28.681608,seed17612.png
13.076119,-29.616417,seed17613.png
30.75085,5.2448106,seed17614.png
-13.8739195,-26.038685,seed17615.png
2.371504,8.834887,seed17616.png
6.842501,-28.841167,seed17617.png
5.484229,-34.21154,seed17618.png
13.973199,19.098986,seed17619.png
22.319082,-5.8607793,seed1762.png
-21.641586,16.325676,seed17620.png
8.6195755,-34.813744,seed17621.png
-11.958569,-26.689333,seed17622.png
8.050429,5.487821,seed17623.png
-10.968608,-13.991996,seed17624.png
5.3345733,14.51501,seed17625.png
14.486152,20.652958,seed17626.png
14.674641,12.772698,seed17627.png
-11.013473,3.5356696,seed17628.png
-31.394491,-8.136873,seed17629.png
-26.783754,17.455402,seed1763.png
13.725118,-22.157558,seed17630.png
23.841578,-0.67573935,seed17631.png
12.668118,-1.8842539,seed17632.png
-6.7564845,14.850869,seed17633.png
4.871735,-28.161068,seed17634.png
-14.249847,-14.045899,seed17635.png
32.085464,29.063353,seed17636.png
-0.33603972,20.684395,seed17637.png
-34.866524,-2.423309,seed17638.png
-34.98617,25.680532,seed17639.png
-21.429676,-15.482281,seed1764.png
5.221564,-30.097046,seed17640.png
-32.265755,25.974043,seed17641.png
-28.945385,-12.619845,seed17642.png
-18.892435,-20.864855,seed17643.png
-16.852674,2.4408834,seed17644.png
8.098228,-4.4432983,seed17645.png
-23.716705,-19.796114,seed17646.png
-20.611095,-25.928587,seed17647.png
-5.35091,-15.162086,seed17648.png
2.8808782,-15.295695,seed17649.png
4.297649,11.593572,seed1765.png
18.749582,25.192932,seed17650.png
9.404244,14.266715,seed17651.png
-11.912527,-26.885181,seed17652.png
28.932953,21.33965,seed17653.png
-33.280888,22.370708,seed17654.png
-25.072596,-19.141947,seed17655.png
-32.225906,-4.710289,seed17656.png
-18.611637,-24.216087,seed17657.png
6.1763053,10.730601,seed17658.png
0.93092406,24.891901,seed17659.png
-21.37011,3.1970885,seed1766.png
-1.5476424,25.034706,seed17660.png
11.984786,13.793759,seed17661.png
4.158894,-28.176086,seed17662.png
25.606636,12.929573,seed17663.png
4.2355633,7.433779,seed17664.png
-21.481054,-18.738508,seed17665.png
30.98173,26.635695,seed17666.png
37.482212,11.5629015,seed17667.png
12.146431,-29.844154,seed17668.png
20.669943,7.2532287,seed17669.png
19.677126,19.407213,seed1767.png
29.25544,25.208996,seed17670.png
12.269932,-29.610146,seed17671.png
5.096765,-37.672947,seed17672.png
-10.734522,2.6342757,seed17673.png
-14.980592,-0.60383373,seed17674.png
8.41008,-3.4575255,seed17675.png
-9.109841,-24.146498,seed17676.png
-0.7922502,-17.12817,seed17677.png
-33.117626,25.164988,seed17678.png
6.673866,-37.048347,seed17679.png
-24.297304,9.889545,seed1768.png
-21.861406,14.664962,seed17680.png
16.522032,17.444897,seed17681.png
16.519327,-36.337128,seed17682.png
38.558647,14.545555,seed17683.png
-21.774054,5.6874914,seed17684.png
0.0041735657,-15.889872,seed17685.png
39.085613,22.952692,seed17686.png
24.884205,5.8233404,seed17687.png
-26.299427,5.2266655,seed17688.png
3.3507187,11.454537,seed17689.png
29.920916,28.89176,seed1769.png
16.639704,-36.29006,seed17690.png
8.660848,-4.067177,seed17691.png
-14.549351,-26.518225,seed17692.png
-32.401215,24.720987,seed17693.png
-18.501232,-1.4981416,seed17694.png
0.62598246,-18.153318,seed17695.png
-21.68869,18.189226,seed17696.png
7.413805,-33.313293,seed17697.png
-21.09081,-10.839967,seed17698.png
0.8804162,10.18817,seed17699.png
15.658077,18.202745,seed1770.png
-30.27037,13.872127,seed17700.png
-7.3401933,-12.649251,seed17701.png
-17.789019,-10.956932,seed17702.png
-15.295649,-21.256779,seed17703.png
-14.521909,-11.444319,seed17704.png
-36.53358,8.570997,seed17705.png
3.0882173,-10.121322,seed17706.png
7.979278,1.8461272,seed17707.png
-16.44873,-22.757397,seed17708.png
29.901726,26.17735,seed17709.png
35.21676,21.548872,seed1771.png
-18.700304,17.56146,seed17710.png
-6.6567616,-23.687145,seed17711.png
-33.002224,21.561436,seed17712.png
37.681416,14.976094,seed17713.png
-14.890931,-12.074907,seed17714.png
35.29495,12.08998,seed17715.png
-12.649211,-0.98749113,seed17716.png
-19.123234,-17.000507,seed17717.png
-13.81379,-6.794154,seed17718.png
-34.48274,-6.637038,seed17719.png
-24.57094,8.107563,seed1772.png
-20.884499,-2.5085213,seed17720.png
-31.161888,-12.94852,seed17721.png
-16.593258,8.016428,seed17722.png
-15.328796,7.391557,seed17723.png
14.292623,-36.86118,seed17724.png
24.57939,3.9734375,seed17725.png
-7.04685,11.381789,seed17726.png
21.921787,-6.1466928,seed17727.png
-35.844227,-4.624464,seed17728.png
24.251787,21.005072,seed17729.png
-25.642443,-12.131657,seed1773.png
-35.423416,21.43867,seed17730.png
29.017803,4.0867963,seed17731.png
4.7265124,-36.357166,seed17732.png
1.6180791,-24.550165,seed17733.png
16.449001,10.89583,seed17734.png
12.813595,-22.04381,seed17735.png
-21.37991,19.720444,seed17736.png
-7.1630316,0.09855179,seed17737.png
3.4324849,-35.516033,seed17738.png
25.811243,-4.3013797,seed17739.png
-34.756924,21.060062,seed1774.png
-11.23278,-17.028494,seed17740.png
-21.491909,-22.415152,seed17741.png
-2.136419,22.765131,seed17742.png
16.08699,-35.8837,seed17743.png
-8.509655,10.79435,seed17744.png
3.3277307,5.6988263,seed17745.png
-31.625248,20.031464,seed17746.png
-14.27647,-20.946226,seed17747.png
18.26762,21.8855,seed17748.png
-38.125633,10.013094,seed17749.png
-0.96236753,-3.6736317,seed1775.png
15.722294,0.4493407,seed17750.png
-28.058916,16.513998,seed17751.png
-25.119286,-12.213949,seed17752.png
14.200209,-23.587479,seed17753.png
23.265182,26.101772,seed17754.png
14.004642,-38.178467,seed17755.png
-21.0717,3.5880024,seed17756.png
-32.00905,19.84206,seed17757.png
-31.56029,20.537802,seed17758.png
6.713267,-40.644806,seed17759.png
31.45138,0.2968018,seed1776.png
27.115473,3.2394917,seed17760.png
-17.75417,2.7848582,seed17761.png
-10.493071,-28.941032,seed17762.png
15.563054,8.207563,seed17763.png
-9.172469,-25.105442,seed17764.png
-34.08592,-8.915207,seed17765.png
-14.111548,-3.4126995,seed17766.png
-19.65589,10.586303,seed17767.png
16.324232,-9.893711,seed17768.png
-18.529129,-14.312762,seed17769.png
19.40426,-9.593668,seed1777.png
6.812487,13.060075,seed17770.png
-13.011847,-11.135629,seed17771.png
3.9746633,-26.66758,seed17772.png
-38.024036,13.779196,seed17773.png
-20.728846,16.352903,seed17774.png
-20.884893,-7.222429,seed17775.png
12.032183,26.317879,seed17776.png
-30.893698,18.263298,seed17777.png
4.5914955,10.840372,seed17778.png
-15.581935,-11.699507,seed17779.png
-34.79072,27.711388,seed1778.png
31.796173,9.026154,seed17780.png
-16.901487,-11.58386,seed17781.png
40.52212,15.851991,seed17782.png
-18.628397,-15.827277,seed17783.png
17.827478,17.774801,seed17784.png
11.637096,-41.798073,seed17785.png
12.849766,1.1095464,seed17786.png
-2.183506,22.544397,seed17787.png
5.689326,-27.086933,seed17788.png
-22.013906,-12.254617,seed17789.png
-16.167412,-13.425761,seed1779.png
-14.341898,11.043457,seed17790.png
-20.160063,-14.0137005,seed17791.png
13.916078,-2.3459733,seed17792.png
-0.18560402,7.239389,seed17793.png
-22.318193,-9.349917,seed17794.png
15.882347,-32.07478,seed17795.png
-2.0490859,-19.077171,seed17796.png
8.22989,-43.19284,seed17797.png
23.935524,26.066046,seed17798.png
-15.835808,-1.067598,seed17799.png
12.281263,-32.56019,seed1780.png
30.16435,24.03779,seed17800.png
27.721735,9.41777,seed17801.png
26.123846,10.845345,seed17802.png
-22.347155,10.658867,seed17803.png
9.890613,6.843083,seed17804.png
-21.984747,6.364316,seed17805.png
35.605923,22.142233,seed17806.png
-17.427004,4.9642067,seed17807.png
-32.007656,24.906374,seed17808.png
37.452175,19.51961,seed17809.png
9.342567,-37.48688,seed1781.png
21.39227,23.48665,seed17810.png
-31.506151,-0.39773992,seed17811.png
12.926396,-32.924698,seed17812.png
8.80463,-3.667704,seed17813.png
-19.269577,4.2046676,seed17814.png
34.438313,24.027363,seed17815.png
10.93172,-10.2180605,seed17816.png
34.7635,22.354164,seed17817.png
8.713142,17.946318,seed17818.png
13.769871,23.50246,seed17819.png
13.184185,-34.742756,seed1782.png
-17.936682,-1.8562747,seed17820.png
26.575867,7.3876605,seed17821.png
-14.560897,-3.4863944,seed17822.png
-29.821495,23.329714,seed17823.png
14.737718,2.5401103,seed17824.png
13.942132,0.65761226,seed17825.png
-20.095362,-20.166714,seed17826.png
-26.10415,3.049752,seed17827.png
7.9773154,8.219121,seed17828.png
7.727812,-1.7931857,seed17829.png
-20.566477,1.54735,seed1783.png
-0.17938103,24.617361,seed17830.png
-26.672663,12.12182,seed17831.png
4.254067,-25.673498,seed17832.png
-25.44532,12.550734,seed17833.png
33.73147,27.750572,seed17834.png
-28.007402,12.912406,seed17835.png
19.677542,-0.45384985,seed17836.png
1.6259568,-5.6504335,seed17837.png
5.471422,-29.012068,seed17838.png
-37.400635,21.114042,seed17839.png
-23.025494,-28.096703,seed1784.png
-2.3268654,-23.68547,seed17840.png
18.01935,6.972165,seed17841.png
-29.360258,9.899108,seed17842.png
28.072752,24.683773,seed17843.png
-28.215147,19.2863,seed17844.png
4.09561,-4.2622714,seed17845.png
33.004997,7.002849,seed17846.png
-33.056732,20.305553,seed17847.png
9.370888,-38.480053,seed17848.png
9.541243,28.187717,seed17849.png
-14.632124,-14.826646,seed1785.png
-10.211791,-15.297363,seed17850.png
36.930122,11.992893,seed17851.png
10.976592,-8.572661,seed17852.png
-11.662592,-16.28516,seed17853.png
11.613606,-38.597427,seed17854.png
18.136074,13.593939,seed17855.png
7.4862604,3.5875463,seed17856.png
26.96705,0.8691759,seed17857.png
-18.63763,7.5516605,seed17858.png
15.275137,-33.811954,seed17859.png
-21.173607,-11.309813,seed1786.png
6.3024354,-39.116447,seed17860.png
-33.933502,22.386263,seed17861.png
8.844729,-42.34801,seed17862.png
-27.398554,10.323465,seed17863.png
-23.040781,-11.673983,seed17864.png
-19.38686,-20.280174,seed17865.png
9.19201,5.436927,seed17866.png
-36.62738,9.38948,seed17867.png
-13.586004,-11.062117,seed17868.png
-24.036901,-3.7919607,seed17869.png
-33.925327,25.068853,seed1787.png
-33.416195,-12.199201,seed17870.png
-33.34799,22.662495,seed17871.png
-22.584766,0.9782646,seed17872.png
3.6516867,17.208694,seed17873.png
13.643194,23.822176,seed17874.png
5.444613,10.194071,seed17875.png
34.97774,25.885454,seed17876.png
-28.213995,8.844541,seed17877.png
27.005249,15.791362,seed17878.png
16.85977,16.96768,seed17879.png
9.501376,11.620831,seed1788.png
-12.958386,-3.5002382,seed17880.png
-35.10886,21.796001,seed17881.png
-23.550343,-1.6223497,seed17882.png
-5.1885653,-5.443785,seed17883.png
-21.209242,13.624144,seed17884.png
5.81583,-5.6230507,seed17885.png
-34.27305,13.322852,seed17886.png
-15.816537,-14.405247,seed17887.png
-22.397476,14.8666315,seed17888.png
-9.108694,-23.648748,seed17889.png
6.0941825,-40.73411,seed1789.png
-5.135416,-10.372034,seed17890.png
37.090965,12.37844,seed17891.png
3.985615,-0.5380183,seed17892.png
19.434507,21.901865,seed17893.png
-18.384268,10.829457,seed17894.png
-12.578949,-25.47058,seed17895.png
20.283766,20.772346,seed17896.png
11.646857,-30.086744,seed17897.png
-26.025188,-18.098799,seed17898.png
-24.488836,-16.618376,seed17899.png
13.689931,-13.478066,seed1790.png
18.761076,17.423952,seed17900.png
-17.463902,-26.090439,seed17901.png
-13.623539,-27.411087,seed17902.png
22.112028,1.8005179,seed17903.png
15.840324,7.321945,seed17904.png
-1.8470137,-0.010412367,seed17905.png
16.582047,-5.4962068,seed17906.png
-38.030037,14.647896,seed17907.png
34.253872,2.0337927,seed17908.png
21.449928,17.561142,seed17909.png
20.293203,-1.9310098,seed1791.png
15.271241,-30.50117,seed17910.png
-32.554844,21.961008,seed17911.png
11.666223,-21.089806,seed17912.png
13.087784,5.941449,seed17913.png
27.686443,25.776402,seed17914.png
1.8631293,12.851006,seed17915.png
-28.513498,18.867235,seed17916.png
-1.5616086,-6.806712,seed17917.png
-13.658257,-29.76208,seed17918.png
-19.987417,-25.0765,seed17919.png
-33.655678,22.376884,seed1792.png
10.842752,-33.65294,seed17920.png
19.181246,-5.858012,seed17921.png
-7.1528287,-19.809511,seed17922.png
-9.148762,-7.2630973,seed17923.png
-26.843811,6.2822833,seed17924.png
9.626148,4.8337083,seed17925.png
-27.653835,12.47679,seed17926.png
-28.29531,-11.126986,seed17927.png
28.983046,19.689825,seed17928.png
5.1327624,-14.635198,seed17929.png
-31.933565,21.471716,seed1793.png
-34.355564,2.0956159,seed17930.png
-2.1055834,23.836557,seed17931.png
-21.293974,-7.564282,seed17932.png
-18.623095,2.5185578,seed17933.png
14.873998,-37.830643,seed17934.png
-21.616169,12.910394,seed17935.png
22.326454,2.8350072,seed17936.png
2.0339243,-6.5266714,seed17937.png
-28.581596,-6.836477,seed17938.png
-5.58964,-11.775667,seed17939.png
5.041087,16.921017,seed1794.png
-30.40729,24.374992,seed17940.png
9.907405,28.007658,seed17941.png
-14.324525,-12.6367655,seed17942.png
-25.566767,6.3301167,seed17943.png
15.049424,23.54581,seed17944.png
-12.642185,6.3868914,seed17945.png
-30.285154,18.036608,seed17946.png
-24.509499,1.3639371,seed17947.png
36.60331,8.824998,seed17948.png
18.30769,13.879817,seed17949.png
-19.862558,-13.501511,seed1795.png
1.5906799,21.602356,seed17950.png
18.752539,-0.57033116,seed17951.png
-32.63468,14.439133,seed17952.png
23.397028,23.237696,seed17953.png
-34.776653,21.430733,seed17954.png
-25.984898,-12.7035885,seed17955.png
15.303435,26.760622,seed17956.png
13.078441,-9.017217,seed17957.png
33.289673,9.314585,seed17958.png
25.9546,1.9549164,seed17959.png
-30.839392,24.578543,seed1796.png
6.3332753,-26.839602,seed17960.png
-16.694971,-26.280788,seed17961.png
20.608416,6.0991154,seed17962.png
3.6694531,11.026144,seed17963.png
-18.67067,-25.177141,seed17964.png
-30.870556,7.561109,seed17965.png
32.491024,22.136934,seed17966.png
-4.218645,-15.182816,seed17967.png
10.45978,-35.182896,seed17968.png
-32.452744,16.918327,seed17969.png
-21.225777,14.275715,seed1797.png
39.868862,17.500917,seed17970.png
11.359526,-43.32521,seed17971.png
-8.86537,5.9558344,seed17972.png
-15.072927,-11.579312,seed17973.png
-18.340296,-20.91667,seed17974.png
16.008133,-29.748596,seed17975.png
28.046797,11.808852,seed17976.png
-15.06231,-8.893262,seed17977.png
27.88468,5.7680316,seed17978.png
-24.746838,15.659114,seed17979.png
39.23296,20.825539,seed1798.png
-34.791496,27.471994,seed17980.png
-11.153562,-18.694426,seed17981.png
17.245522,-8.547491,seed17982.png
-31.346378,13.624809,seed17983.png
-32.360107,22.271292,seed17984.png
18.486809,13.924662,seed17985.png
-27.94226,4.2501254,seed17986.png
-9.287215,-16.318918,seed17987.png
-34.99691,26.13242,seed17988.png
4.9320054,1.4515517,seed17989.png
9.105634,16.223694,seed1799.png
-9.973857,-17.68372,seed17990.png
14.74622,-1.0928633,seed17991.png
-32.26167,-6.417652,seed17992.png
-22.359663,3.2283614,seed17993.png
-27.028452,-23.40492,seed17994.png
-21.673994,16.220083,seed17995.png
-28.06543,2.62707,seed17996.png
-30.322718,1.4638685,seed17997.png
20.769115,14.475869,seed17998.png
33.051147,7.5978746,seed17999.png
10.327867,-4.932609,seed1800.png
-29.282639,2.7702422,seed18000.png
39.446564,13.76283,seed18001.png
34.239166,26.330141,seed18002.png
34.43175,21.14689,seed18003.png
-29.427555,14.737538,seed18004.png
-22.833551,14.574115,seed18005.png
-12.886336,9.24725,seed18006.png
-32.26548,9.430727,seed18007.png
-26.645191,-16.752144,seed18008.png
-8.112619,-10.925298,seed18009.png
34.992268,12.728965,seed1801.png
-16.350584,-3.4731417,seed18010.png
12.584798,-35.015438,seed18011.png
3.5124712,-30.14454,seed18012.png
-30.824842,1.0488744,seed18013.png
-12.154353,-22.41153,seed18014.png
15.8157215,6.3197827,seed18015.png
0.4310562,24.579485,seed18016.png
-25.144053,-22.805414,seed18017.png
-32.653557,-7.1840696,seed18018.png
5.469899,6.2151804,seed18019.png
36.9301,27.227907,seed1802.png
-15.972395,-18.79573,seed18020.png
37.509758,23.506367,seed18021.png
13.18852,-22.524906,seed18022.png
-22.512968,-10.7355795,seed18023.png
-19.566217,-25.821804,seed18024.png
30.339062,13.917964,seed18025.png
6.583023,-27.24035,seed18026.png
-31.241266,20.649166,seed18027.png
-3.3644693,8.339699,seed18028.png
5.166865,4.6463847,seed18029.png
40.29664,14.099719,seed1803.png
2.4023912,20.902437,seed18030.png
11.932603,-36.278408,seed18031.png
-15.391258,-13.95403,seed18032.png
-30.114943,-2.6294284,seed18033.png
-2.7213855,13.667141,seed18034.png
11.825718,-5.9324145,seed18035.png
13.992977,-6.348283,seed18036.png
-12.989309,-2.481456,seed18037.png
12.443039,-0.38090268,seed18038.png
17.421898,-7.1817245,seed18039.png
-6.8096256,-26.81028,seed1804.png
22.601484,12.930634,seed18040.png
-23.491081,-13.171942,seed18041.png
14.510793,-34.94262,seed18042.png
-19.158484,18.531807,seed18043.png
23.091112,13.156293,seed18044.png
-3.8251505,-4.27613,seed18045.png
-20.365643,-16.467623,seed18046.png
-20.882816,-26.12508,seed18047.png
4.0498695,-24.904171,seed18048.png
-11.889998,1.119323,seed18049.png
36.654087,20.235092,seed1805.png
17.37669,10.015451,seed18050.png
-25.632967,-17.707207,seed18051.png
-2.284176,14.240701,seed18052.png
19.284407,10.754839,seed18053.png
-6.1460056,13.876161,seed18054.png
11.407933,-8.695998,seed18055.png
-14.950075,-31.375032,seed18056.png
16.29342,-5.14073,seed18057.png
-3.6103687,-24.28499,seed18058.png
-0.21942551,21.201542,seed18059.png
29.758041,11.441917,seed1806.png
22.145418,16.517431,seed18060.png
6.9555955,14.124818,seed18061.png
9.855321,0.4225199,seed18062.png
0.28488788,1.3436265,seed18063.png
-30.779253,-9.083553,seed18064.png
-14.008005,-19.911524,seed18065.png
14.868969,-38.971924,seed18066.png
-22.24133,-5.061492,seed18067.png
9.124273,-31.147852,seed18068.png
23.20097,18.05636,seed18069.png
15.645257,12.267026,seed1807.png
-5.566122,21.320297,seed18070.png
-0.23955241,-12.286218,seed18071.png
-0.88674456,24.291483,seed18072.png
-21.679335,-25.59433,seed18073.png
36.871845,24.530155,seed18074.png
-34.194725,6.5307817,seed18075.png
-21.925228,-28.95283,seed18076.png
16.970867,6.3703,seed18077.png
23.314678,-6.063653,seed18078.png
34.27917,11.42648,seed18079.png
10.117416,-6.0242877,seed1808.png
-13.502959,-24.423616,seed18080.png
35.78408,12.895043,seed18081.png
-29.76884,14.400386,seed18082.png
-14.945275,-4.4269357,seed18083.png
25.457928,16.983416,seed18084.png
7.1939197,-40.589344,seed18085.png
36.74969,7.26564,seed18086.png
10.159952,20.09817,seed18087.png
-35.276188,26.959215,seed18088.png
15.000439,0.1530532,seed18089.png
11.880738,-23.12146,seed1809.png
11.582853,-43.560158,seed18090.png
-20.402805,-20.26573,seed18091.png
-24.414507,-23.336462,seed18092.png
18.116526,6.7832627,seed18093.png
33.87711,12.777338,seed18094.png
-34.11921,17.893732,seed18095.png
6.423152,1.8924063,seed18096.png
0.5740875,-15.5407505,seed18097.png
-19.82718,-3.8273273,seed18098.png
4.64049,-31.454523,seed18099.png
-29.31036,13.777826,seed1810.png
-20.141249,-25.77387,seed18100.png
29.995556,15.78101,seed18101.png
-30.379316,7.744398,seed18102.png
30.780075,5.886238,seed18103.png
6.248798,11.337678,seed18104.png
20.891785,-5.0651636,seed18105.png
-22.381964,9.298459,seed18106.png
3.6284924,24.60306,seed18107.png
16.479382,8.2855835,seed18108.png
18.512695,-7.361658,seed18109.png
-33.416164,21.237612,seed1811.png
29.283203,25.436869,seed18110.png
37.07086,8.378513,seed18111.png
-18.837635,-7.0823474,seed18112.png
4.905679,-40.154034,seed18113.png
-22.024288,-0.038303006,seed18114.png
-1.9237965,15.800128,seed18115.png
12.868812,17.671593,seed18116.png
-4.3943152,-4.0432754,seed18117.png
38.24431,9.354742,seed18118.png
38.218758,22.189394,seed18119.png
11.713686,-41.916817,seed1812.png
29.885574,28.215733,seed18120.png
17.297224,15.225417,seed18121.png
-7.563486,-16.46569,seed18122.png
-23.89044,-25.548616,seed18123.png
26.671207,17.155088,seed18124.png
14.657336,-33.77207,seed18125.png
25.384731,-3.160653,seed18126.png
1.3343791,-11.241455,seed18127.png
14.410637,-33.472214,seed18128.png
-21.808554,-5.9203615,seed18129.png
12.013908,-42.133762,seed1813.png
-2.014023,-24.089384,seed18130.png
37.66839,20.66318,seed18131.png
-3.918221,-19.63981,seed18132.png
35.389893,21.486217,seed18133.png
-33.0179,22.228508,seed18134.png
31.462177,14.550358,seed18135.png
-3.2492359,-2.5576916,seed18136.png
7.2546353,11.736841,seed18137.png
-4.102159,-0.06653485,seed18138.png
30.964193,5.2815924,seed18139.png
33.647346,10.27581,seed1814.png
4.9317417,13.19565,seed18140.png
-13.211175,-13.528654,seed18141.png
6.924513,-27.88006,seed18142.png
32.604538,21.510702,seed18143.png
-16.315432,-11.476282,seed18144.png
-36.22996,-5.9866805,seed18145.png
-13.699636,-10.463053,seed18146.png
24.117018,-9.083915,seed18147.png
-27.175863,9.207396,seed18148.png
33.79117,25.307156,seed18149.png
-12.859612,-13.968891,seed1815.png
26.417631,1.2918562,seed18150.png
21.574368,11.650147,seed18151.png
-25.306063,17.309807,seed18152.png
15.300616,-39.18855,seed18153.png
26.76255,-2.7941093,seed18154.png
-34.657562,27.018738,seed18155.png
-12.484323,-3.5606966,seed18156.png
33.95385,23.227,seed18157.png
31.472794,21.179468,seed18158.png
-0.0788701,-13.428501,seed18159.png
14.108647,-1.340921,seed1816.png
8.732415,12.8632555,seed18160.png
-26.821615,4.8081484,seed18161.png
-5.6643515,-3.8550787,seed18162.png
14.527791,14.220103,seed18163.png
-27.942617,-13.7957115,seed18164.png
35.22648,14.685047,seed18165.png
38.930832,19.209396,seed18166.png
-17.249115,16.90735,seed18167.png
6.4901166,-35.875576,seed18168.png
-9.430979,-24.394356,seed18169.png
-34.77684,8.531831,seed1817.png
-22.401983,-9.172798,seed18170.png
-17.860445,-19.525242,seed18171.png
28.083801,-3.9939115,seed18172.png
-0.74339193,-0.8853295,seed18173.png
4.069099,-29.44406,seed18174.png
-34.376434,4.066361,seed18175.png
-10.574955,-21.643398,seed18176.png
-34.377617,-8.678251,seed18177.png
-25.901587,11.368795,seed18178.png
-18.835838,-24.551464,seed18179.png
10.862852,-38.72211,seed1818.png
37.667583,13.906652,seed18180.png
12.023499,-30.42239,seed18181.png
7.9038944,14.244137,seed18182.png
25.589155,10.324094,seed18183.png
-14.560317,-4.38006,seed18184.png
13.920654,7.2759657,seed18185.png
-10.281388,-28.591513,seed18186.png
-32.408386,15.69294,seed18187.png
21.169458,20.471815,seed18188.png
-9.539722,-19.407255,seed18189.png
18.124952,25.428057,seed1819.png
17.404005,24.631811,seed18190.png
18.818743,-3.8139074,seed18191.png
-16.189013,-29.335096,seed18192.png
-12.644683,-3.3821146,seed18193.png
9.821009,-30.523026,seed18194.png
-2.3536973,-17.529139,seed18195.png
-21.344637,-13.269521,seed18196.png
37.02904,20.361994,seed18197.png
-19.602901,14.790285,seed18198.png
-16.851744,-24.03291,seed18199.png
32.98061,7.341282,seed1820.png
17.981457,-4.257031,seed18200.png
-27.66301,11.138395,seed18201.png
10.849393,29.395672,seed18202.png
-20.733028,-25.592651,seed18203.png
20.559597,-6.9772916,seed18204.png
16.087648,-9.234365,seed18205.png
-32.893936,23.604502,seed18206.png
33.518356,23.229658,seed18207.png
15.533719,-35.635685,seed18208.png
19.774109,-2.4483283,seed18209.png
17.08792,1.0770885,seed1821.png
-34.542976,21.217628,seed18210.png
31.578148,1.864583,seed18211.png
-23.849125,-7.7927876,seed18212.png
-38.290306,22.787392,seed18213.png
-33.42231,23.6853,seed18214.png
15.36748,28.5105,seed18215.png
9.976561,-4.3848186,seed18216.png
35.072815,12.299873,seed18217.png
-29.87489,-14.421873,seed18218.png
-23.555908,-3.4747465,seed18219.png
-10.998278,-4.377803,seed1822.png
37.851875,9.1974125,seed18220.png
-21.849726,-20.655365,seed18221.png
-21.49253,-4.035815,seed18222.png
-18.49521,-20.660528,seed18223.png
-8.270796,-14.155488,seed18224.png
13.299336,-34.033813,seed18225.png
9.97104,-6.092185,seed18226.png
8.292742,13.4025345,seed18227.png
-3.810883,-8.887679,seed18228.png
30.543543,18.784533,seed18229.png
-33.38189,-11.603759,seed1823.png
-23.197691,-17.635704,seed18230.png
-12.81021,6.4852357,seed18231.png
23.442307,-3.2446291,seed18232.png
17.399687,-9.224129,seed18233.png
-15.21451,-9.305033,seed18234.png
-14.263721,-16.873665,seed18235.png
28.942629,9.172878,seed18236.png
7.7883415,3.751554,seed18237.png
9.160414,17.692888,seed18238.png
28.319016,25.467722,seed18239.png
-17.577368,-8.171691,seed1824.png
-27.778492,-20.051561,seed18240.png
-29.034208,8.322109,seed18241.png
-25.078804,-14.674445,seed18242.png
-19.236664,-8.852264,seed18243.png
35.482666,16.31355,seed18244.png
16.372627,7.3383565,seed18245.png
-25.946218,14.767855,seed18246.png
17.417368,10.78928,seed18247.png
2.353981,19.8017,seed18248.png
11.168441,9.795457,seed18249.png
33.275566,23.48251,seed1825.png
-18.194073,0.70597965,seed18250.png
35.17169,5.6813765,seed18251.png
30.467445,3.0145242,seed18252.png
11.324771,-1.1675234,seed18253.png
33.864986,10.646813,seed18254.png
2.8581991,-17.979357,seed18255.png
3.937927,-35.77815,seed18256.png
36.845615,9.524412,seed18257.png
-24.213188,7.127882,seed18258.png
37.30533,11.9227495,seed18259.png
-17.569715,-22.291828,seed1826.png
13.674289,-3.0359178,seed18260.png
14.497898,-38.126694,seed18261.png
24.264944,9.13781,seed18262.png
-25.961292,-12.599652,seed18263.png
29.62278,10.439417,seed18264.png
-19.3477,4.6018853,seed18265.png
22.596323,-7.750799,seed18266.png
-19.945919,-17.70453,seed18267.png
-24.772396,5.0005784,seed18268.png
-23.13567,-15.782318,seed18269.png
18.97856,-2.8024902,seed1827.png
-27.399014,16.658575,seed18270.png
-9.347361,-24.3124,seed18271.png
15.938254,-8.432153,seed18272.png
13.524449,-5.2730956,seed18273.png
13.03784,26.70604,seed18274.png
31.843006,25.860582,seed18275.png
-30.472393,-7.6673326,seed18276.png
-24.751925,-23.258318,seed18277.png
-24.986752,-5.4741287,seed18278.png
10.344891,-3.0792303,seed18279.png
38.819363,26.79004,seed1828.png
35.25361,9.654484,seed18280.png
15.13737,-37.322224,seed18281.png
16.831957,-1.3802564,seed18282.png
-21.266668,-22.275442,seed18283.png
10.247632,-40.819805,seed18284.png
-19.086248,-4.7220697,seed18285.png
-34.02107,17.230522,seed18286.png
-21.756819,-11.626774,seed18287.png
24.845734,3.351047,seed18288.png
-28.506697,15.823718,seed18289.png
10.827228,8.672256,seed1829.png
0.25330788,-13.021759,seed18290.png
-16.80539,-29.364605,seed18291.png
-12.784131,-15.903385,seed18292.png
26.44593,3.916312,seed18293.png
-1.0639845,25.239935,seed18294.png
-32.721188,12.828936,seed18295.png
31.96834,6.7159724,seed18296.png
-17.52933,-16.609095,seed18297.png
8.064882,-35.234478,seed18298.png
-32.180527,24.650246,seed18299.png
28.269949,19.199995,seed1830.png
8.822743,16.472094,seed18300.png
-24.204351,-22.559042,seed18301.png
11.539449,18.406214,seed18302.png
11.015627,-34.29547,seed18303.png
-18.776217,-10.18315,seed18304.png
-32.312565,-7.6035357,seed18305.png
-29.052082,10.372634,seed18306.png
16.420368,0.8841914,seed18307.png
-30.35681,8.655015,seed18308.png
37.199005,4.65494,seed18309.png
26.765388,14.813267,seed1831.png
12.302156,-24.078957,seed18310.png
-9.271552,-18.03826,seed18311.png
21.69176,-5.684295,seed18312.png
15.101341,-5.7824717,seed18313.png
11.579774,3.0353627,seed18314.png
18.493753,9.241469,seed18315.png
-37.06102,22.681019,seed18316.png
-16.610947,-25.507776,seed18317.png
31.516813,12.759728,seed18318.png
-9.896453,-8.416116,seed18319.png
9.167586,21.62638,seed1832.png
8.388928,1.6396431,seed18320.png
0.3985103,25.222218,seed18321.png
37.12121,22.048883,seed18322.png
-29.170633,-2.99547,seed18323.png
28.294987,6.862401,seed18324.png
-26.121445,10.024706,seed18325.png
-12.295109,-5.472567,seed18326.png
-25.70388,8.576278,seed18327.png
-2.6444054,-22.66686,seed18328.png
8.596792,3.1392627,seed18329.png
13.333307,2.8361733,seed1833.png
-25.63721,3.0559025,seed18330.png
9.380237,6.388308,seed18331.png
9.016205,-31.231163,seed18332.png
5.640677,-25.188644,seed18333.png
10.76833,8.826632,seed18334.png
-11.295522,-24.223166,seed18335.png
-12.396506,-8.305764,seed18336.png
-19.56282,-27.509178,seed18337.png
-22.117495,-13.51851,seed18338.png
-35.337605,-2.0715683,seed18339.png
-37.31362,25.609959,seed1834.png
26.50888,14.029758,seed18340.png
-24.598309,5.3829656,seed18341.png
-6.278222,-6.105476,seed18342.png
-25.662056,-20.836744,seed18343.png
0.76875895,-18.040192,seed18344.png
-0.9877561,-8.631961,seed18345.png
11.016002,-23.122604,seed18346.png
4.5438557,-37.429867,seed18347.png
9.412894,-37.384586,seed18348.png
11.886777,-25.009346,seed18349.png
6.86181,17.42017,seed1835.png
-21.977087,15.314118,seed18350.png
-29.880957,-10.38148,seed18351.png
-15.843393,-10.612212,seed18352.png
10.800934,19.54481,seed18353.png
-24.165813,-6.0159106,seed18354.png
32.446747,12.09061,seed18355.png
2.4641662,-0.5099395,seed18356.png
-34.407135,20.626928,seed18357.png
9.014564,25.807898,seed18358.png
-12.6122465,-6.600475,seed18359.png
28.664688,10.404958,seed1836.png
6.6728377,-29.581871,seed18360.png
-11.774857,-17.116543,seed18361.png
2.0819352,-28.678352,seed18362.png
-24.803402,9.456357,seed18363.png
27.553173,6.4307613,seed18364.png
14.21803,-31.019344,seed18365.png
-12.258418,-26.097855,seed18366.png
-18.531452,-9.329726,seed18367.png
-22.73969,14.0173435,seed18368.png
15.13583,18.534374,seed18369.png
19.870504,-4.5165973,seed1837.png
10.52417,-1.6451665,seed18370.png
19.919716,26.381367,seed18371.png
11.484412,-37.9172,seed18372.png
13.390458,6.504885,seed18373.png
36.767567,19.490465,seed18374.png
8.452254,12.881544,seed18375.png
-35.45017,18.048225,seed18376.png
35.482258,27.52485,seed18377.png
32.883747,7.9038515,seed18378.png
19.666986,4.920233,seed18379.png
15.896013,-5.805014,seed1838.png
-20.381378,5.8458304,seed18380.png
25.393347,-1.4285613,seed18381.png
0.09856209,21.767391,seed18382.png
-18.925991,-25.12364,seed18383.png
-33.206413,-9.432766,seed18384.png
8.925584,12.199194,seed18385.png
8.851707,4.984379,seed18386.png
4.0158277,-27.765062,seed18387.png
-23.020727,10.084926,seed18388.png
-23.341452,8.268385,seed18389.png
13.047907,27.345295,seed1839.png
27.010862,25.826435,seed18390.png
-0.8087113,15.601516,seed18391.png
29.289925,1.6577518,seed18392.png
13.529694,0.35315332,seed18393.png
38.699577,9.897027,seed18394.png
-25.924541,-12.073203,seed18395.png
13.403717,-33.687534,seed18396.png
-12.759422,-25.231836,seed18397.png
-20.684408,-5.5253973,seed18398.png
-20.414097,7.5277667,seed18399.png
5.909063,0.7517017,seed1840.png
3.011603,18.550997,seed18400.png
-4.137299,-18.058414,seed18401.png
18.434565,-8.084495,seed18402.png
2.3797345,-1.2288245,seed18403.png
-31.769693,23.520267,seed18404.png
17.106365,-6.964415,seed18405.png
7.4520955,-41.219925,seed18406.png
14.303416,-7.470368,seed18407.png
-2.9904146,-13.304959,seed18408.png
10.513418,-2.941091,seed18409.png
7.9224386,5.8182683,seed1841.png
-9.913876,-25.765575,seed18410.png
-29.73714,3.5583162,seed18411.png
34.26793,15.222568,seed18412.png
26.478573,12.175825,seed18413.png
-20.877504,-3.450522,seed18414.png
-10.729864,-7.6057897,seed18415.png
-13.914837,-12.817878,seed18416.png
12.029115,-42.380997,seed18417.png
-18.83338,-18.76801,seed18418.png
6.1087437,11.817037,seed18419.png
-31.932617,22.073372,seed1842.png
-30.321817,6.5021477,seed18420.png
26.444778,4.032041,seed18421.png
-32.334152,25.377895,seed18422.png
36.887836,9.6393385,seed18423.png
-18.079334,-1.3561586,seed18424.png
-21.673326,20.14545,seed18425.png
34.85157,6.120544,seed18426.png
4.6448307,19.117992,seed18427.png
12.692376,-4.6516056,seed18428.png
11.149545,-3.0716481,seed18429.png
-31.27614,7.6558084,seed1843.png
-30.771368,-8.303235,seed18430.png
-26.337296,4.5825276,seed18431.png
-33.275883,-6.5344653,seed18432.png
28.831995,23.464815,seed18433.png
-18.451103,-21.191383,seed18434.png
-16.094608,-12.665075,seed18435.png
5.710413,7.302334,seed18436.png
7.1377277,1.8244404,seed18437.png
-16.98459,-13.914832,seed18438.png
-11.5303,-30.428762,seed18439.png
-35.520355,9.209106,seed1844.png
14.814561,-31.495668,seed18440.png
2.798598,-2.239643,seed18441.png
-14.298952,-18.873142,seed18442.png
-31.425615,-0.524004,seed18443.png
20.31823,23.662867,seed18444.png
25.07115,1.0074859,seed18445.png
5.3443513,-3.5353045,seed18446.png
8.185444,5.498324,seed18447.png
-33.827427,14.406143,seed18448.png
16.645515,-32.472416,seed18449.png
-21.519403,18.428741,seed1845.png
12.6849785,-6.007892,seed18450.png
-31.683195,19.274456,seed18451.png
-25.383247,-7.8810487,seed18452.png
-16.093056,-29.833117,seed18453.png
4.4479814,-31.547485,seed18454.png
12.865717,8.606993,seed18455.png
14.014527,-39.77658,seed18456.png
-31.521341,18.468378,seed18457.png
-0.66407263,24.37715,seed18458.png
9.959601,-30.020418,seed18459.png
3.0679445,-18.850922,seed1846.png
-20.4203,-16.573023,seed18460.png
-30.714127,5.834843,seed18461.png
-1.3119203,-15.387432,seed18462.png
-21.283041,-9.1733265,seed18463.png
-31.271933,7.06349,seed18464.png
-12.388471,-6.839958,seed18465.png
36.30975,5.97723,seed18466.png
-21.54993,17.46328,seed18467.png
26.498737,7.4491525,seed18468.png
13.881469,-11.757045,seed18469.png
7.0019264,-10.41703,seed1847.png
12.946236,-37.81634,seed18470.png
-22.982765,-4.160043,seed18471.png
-3.9268358,-16.99705,seed18472.png
12.464169,-41.988117,seed18473.png
-19.432158,-24.864769,seed18474.png
35.196598,11.201538,seed18475.png
28.557253,-0.81462675,seed18476.png
32.399826,22.176105,seed18477.png
27.911774,22.30941,seed18478.png
27.990147,2.3846233,seed18479.png
-4.0650897,-11.795422,seed1848.png
-30.542274,-4.377566,seed18480.png
28.18225,1.5526966,seed18481.png
-18.328802,-2.3657444,seed18482.png
-25.31092,4.5524354,seed18483.png
-22.882788,-22.1713,seed18484.png
9.838555,12.964985,seed18485.png
12.392682,-0.28395703,seed18486.png
-23.952026,9.710888,seed18487.png
12.822977,-33.65413,seed18488.png
-21.928204,-19.961557,seed18489.png
10.601317,27.758406,seed1849.png
-9.90362,-18.579079,seed18490.png
-29.992716,9.919943,seed18491.png
40.25681,20.977325,seed18492.png
21.173609,5.132943,seed18493.png
-18.471716,-20.974562,seed18494.png
30.527338,25.461859,seed18495.png
-28.71378,20.682913,seed18496.png
23.222881,-5.158785,seed18497.png
35.756073,5.491469,seed18498.png
20.566666,-6.0890117,seed18499.png
15.826559,23.309343,seed1850.png
30.241539,19.995008,seed18500.png
-22.007025,-19.494535,seed18501.png
19.248148,-6.8674817,seed18502.png
-14.212358,6.095752,seed18503.png
-8.8464365,-0.5788155,seed18504.png
1.0778543,15.139726,seed18505.png
-23.906134,-25.113482,seed18506.png
-32.623634,15.753294,seed18507.png
12.634637,-2.0985856,seed18508.png
1.2671313,5.9836197,seed18509.png
26.637844,10.658996,seed1851.png
3.7843342,16.344004,seed18510.png
35.13756,4.7508435,seed18511.png
-20.723328,3.5301416,seed18512.png
8.535829,6.717031,seed18513.png
11.9834175,-27.26155,seed18514.png
6.01921,-24.306208,seed18515.png
-31.551249,-3.42491,seed18516.png
25.847874,-5.855278,seed18517.png
-30.20261,-8.731802,seed18518.png
-34.033356,-1.9237331,seed18519.png
11.091044,-38.943707,seed1852.png
7.612007,-32.5111,seed18520.png
11.687993,-21.30262,seed18521.png
10.741291,16.410934,seed18522.png
24.967932,15.576949,seed18523.png
-32.04812,24.636473,seed18524.png
23.283218,21.226824,seed18525.png
4.7898955,-38.137775,seed18526.png
17.944515,-7.932551,seed18527.png
-20.841293,17.745754,seed18528.png
9.831444,-37.09193,seed18529.png
27.453428,26.75933,seed1853.png
-32.59476,16.777308,seed18530.png
-21.547337,-25.639734,seed18531.png
-3.2186756,11.209692,seed18532.png
13.393687,-30.540747,seed18533.png
33.510044,9.500962,seed18534.png
-21.297495,-6.236684,seed18535.png
-20.833748,-24.683455,seed18536.png
18.471804,-4.474941,seed18537.png
39.659344,12.610478,seed18538.png
2.4933946,10.629697,seed18539.png
-25.252111,-25.296122,seed1854.png
14.1945,14.389715,seed18540.png
-35.242596,5.5551906,seed18541.png
12.98116,14.490343,seed18542.png
3.4096184,18.759674,seed18543.png
12.451471,-6.654716,seed18544.png
16.790844,23.833908,seed18545.png
6.3356752,-1.9460531,seed18546.png
21.52004,-3.1454637,seed18547.png
31.234795,28.283955,seed18548.png
-27.270693,-0.5053258,seed18549.png
23.981913,23.182999,seed1855.png
-22.875645,-25.005846,seed18550.png
28.546942,27.359108,seed18551.png
25.859089,22.316544,seed18552.png
15.776787,-2.4807444,seed18553.png
7.9627986,-6.9784093,seed18554.png
10.334911,-37.569508,seed18555.png
32.016533,27.629393,seed18556.png
-30.254799,12.621876,seed18557.png
-1.4265822,-23.69936,seed18558.png
17.543003,21.287113,seed18559.png
-16.674492,-17.333307,seed1856.png
-26.799032,9.118737,seed18560.png
7.8854866,6.094754,seed18561.png
23.050861,11.466995,seed18562.png
-34.777603,18.565077,seed18563.png
26.438776,25.630678,seed18564.png
-18.789732,6.3449583,seed18565.png
-2.0170643,18.48927,seed18566.png
24.180105,6.529344,seed18567.png
22.466644,28.444618,seed18568.png
-24.96196,11.048154,seed18569.png
-17.11146,-21.603477,seed1857.png
-28.239422,-7.7487197,seed18570.png
-19.387676,-21.749228,seed18571.png
-17.493559,-14.362587,seed18572.png
-32.54681,24.123585,seed18573.png
-15.486244,-25.67148,seed18574.png
9.393091,-5.0453534,seed18575.png
5.5446396,-34.495655,seed18576.png
-33.43608,11.282683,seed18577.png
35.344337,3.6908147,seed18578.png
22.251818,-4.0767603,seed18579.png
-31.012249,-13.653939,seed1858.png
26.373867,1.2899072,seed18580.png
30.460045,21.29214,seed18581.png
21.476988,12.671924,seed18582.png
30.273039,5.012774,seed18583.png
-1.3917964,-15.355447,seed18584.png
29.568336,28.189615,seed18585.png
-23.987429,18.291578,seed18586.png
15.826691,-3.5711267,seed18587.png
-19.785475,-6.958187,seed18588.png
0.13796595,-15.200463,seed18589.png
35.123486,8.858056,seed1859.png
19.932508,12.482919,seed18590.png
5.761104,-31.199038,seed18591.png
22.899906,22.644436,seed18592.png
-35.646046,24.960829,seed18593.png
6.518702,5.4959,seed18594.png
16.949486,-8.999634,seed18595.png
-10.364629,-19.328964,seed18596.png
2.1113162,17.237106,seed18597.png
27.259747,20.203531,seed18598.png
8.209067,-26.531696,seed18599.png
-26.73987,14.036854,seed1860.png
29.9419,15.850738,seed18600.png
14.854289,3.3844855,seed18601.png
6.075804,8.360097,seed18602.png
-31.396158,6.661014,seed18603.png
-17.278534,-27.444708,seed18604.png
39.387398,22.228506,seed18605.png
-33.240433,26.972206,seed18606.png
-15.302005,-8.43346,seed18607.png
17.17939,-34.242153,seed18608.png
19.152388,25.846846,seed18609.png
16.105427,-34.359463,seed1861.png
-10.5589695,-21.311344,seed18610.png
-22.192513,13.439742,seed18611.png
-15.468709,9.251627,seed18612.png
14.060755,19.056639,seed18613.png
-16.134245,-3.9451697,seed18614.png
14.063892,-1.6440874,seed18615.png
28.11339,27.535315,seed18616.png
-28.67469,-4.325337,seed18617.png
29.489332,26.174574,seed18618.png
-30.894182,8.664907,seed18619.png
-17.071901,-29.238298,seed1862.png
10.367706,5.4372187,seed18620.png
1.5816226,-4.3266606,seed18621.png
32.696465,8.647371,seed18622.png
-15.679605,-28.773134,seed18623.png
26.442612,-4.1678057,seed18624.png
9.890614,6.190639,seed18625.png
-0.9430956,25.080711,seed18626.png
20.033302,9.661364,seed18627.png
24.553984,15.729506,seed18628.png
-5.80664,-14.508307,seed18629.png
-14.315934,-26.5088,seed1863.png
22.799242,19.620033,seed18630.png
-8.205888,-15.770723,seed18631.png
23.90587,-4.914817,seed18632.png
-22.312252,12.762126,seed18633.png
21.888231,10.902965,seed18634.png
19.110903,15.758189,seed18635.png
-25.400742,-21.196468,seed18636.png
-1.3897463,-8.834292,seed18637.png
10.590364,-9.98436,seed18638.png
14.251183,-9.056757,seed18639.png
23.125328,25.248821,seed1864.png
26.769436,-0.21255022,seed18640.png
-31.278458,5.4486933,seed18641.png
-6.02784,-5.6868587,seed18642.png
-20.69659,16.62617,seed18643.png
21.718075,-0.06446075,seed18644.png
-20.222414,7.9547677,seed18645.png
-21.133415,-1.6636702,seed18646.png
6.4218764,22.865517,seed18647.png
13.885922,1.2910461,seed18648.png
16.261854,-37.596657,seed18649.png
23.925962,15.941268,seed1865.png
34.451744,4.8972936,seed18650.png
4.705967,17.923105,seed18651.png
-11.357971,-7.7369475,seed18652.png
-25.308264,-23.398361,seed18653.png
3.6204538,13.485085,seed18654.png
29.803625,27.308985,seed18655.png
24.796803,13.715102,seed18656.png
-30.378073,10.444827,seed18657.png
8.706133,-21.259413,seed18658.png
-1.4554827,24.506191,seed18659.png
0.45443067,19.76563,seed1866.png
-13.637274,-15.334585,seed18660.png
-16.963596,6.285467,seed18661.png
-22.563866,-11.183958,seed18662.png
14.820876,13.468842,seed18663.png
-13.124547,-19.518126,seed18664.png
14.155268,-40.28734,seed18665.png
-19.40464,-6.7156343,seed18666.png
-28.923262,5.118507,seed18667.png
-30.399378,15.598707,seed18668.png
-20.999073,-25.962784,seed18669.png
12.619079,-20.174437,seed1867.png
35.60028,8.501991,seed18670.png
-20.969152,-1.4478859,seed18671.png
23.123589,13.014504,seed18672.png
22.80784,8.138501,seed18673.png
-15.525686,5.0927854,seed18674.png
-30.578108,6.5464005,seed18675.png
0.89515257,-22.538261,seed18676.png
10.602133,-3.5748,seed18677.png
-30.910791,23.96704,seed18678.png
35.6077,4.1116204,seed18679.png
-13.931391,-14.602474,seed1868.png
34.224796,9.510055,seed18680.png
-10.438173,-5.165411,seed18681.png
-5.550487,-22.067907,seed18682.png
-24.017284,0.4472964,seed18683.png
-20.839933,-29.452362,seed18684.png
6.955155,-34.91301,seed18685.png
5.041329,8.579547,seed18686.png
30.742088,4.6941347,seed18687.png
16.269043,-1.7161874,seed18688.png
31.313372,24.528816,seed18689.png
20.917967,15.48945,seed1869.png
35.435688,12.836005,seed18690.png
3.470715,-30.136854,seed18691.png
-30.016071,6.1837077,seed18692.png
31.90016,7.3075666,seed18693.png
-10.344454,10.212989,seed18694.png
18.262215,19.249628,seed18695.png
6.0955863,13.021723,seed18696.png
5.827033,-36.835087,seed18697.png
-1.2233663,24.83859,seed18698.png
-34.775745,7.825438,seed18699.png
31.972534,15.932577,seed1870.png
-28.30457,10.183206,seed18700.png
6.2256703,-1.7162644,seed18701.png
-1.5407984,0.78442454,seed18702.png
-32.52097,-9.006312,seed18703.png
-0.719639,-15.7536745,seed18704.png
-14.540752,-10.363838,seed18705.png
-12.0823,-14.704141,seed18706.png
24.30484,9.34054,seed18707.png
22.238743,-6.7114162,seed18708.png
39.071674,17.035755,seed18709.png
8.947254,-36.08753,seed1871.png
18.766113,24.460093,seed18710.png
20.172997,-3.1791792,seed18711.png
-10.347454,-14.092485,seed18712.png
26.794588,24.263996,seed18713.png
-23.816225,-6.6677294,seed18714.png
38.743988,16.162046,seed18715.png
-30.854694,13.111975,seed18716.png
21.568241,-1.920794,seed18717.png
-2.9715002,20.703234,seed18718.png
-33.48581,23.04955,seed18719.png
-0.32951277,15.568982,seed1872.png
-10.878203,-21.072319,seed18720.png
16.765139,11.815828,seed18721.png
11.429367,27.117151,seed18722.png
26.321602,8.565211,seed18723.png
-17.892372,-17.994806,seed18724.png
-19.951086,16.18992,seed18725.png
26.453333,0.7578236,seed18726.png
-23.421501,-14.515443,seed18727.png
-35.64372,26.149633,seed18728.png
-14.25524,-3.4355702,seed18729.png
33.417656,13.741838,seed1873.png
19.073524,-4.733988,seed18730.png
21.554688,9.53972,seed18731.png
3.815245,-30.216368,seed18732.png
-7.4727144,-17.249537,seed18733.png
-32.596622,3.047208,seed18734.png
-31.76227,-10.315623,seed18735.png
-22.140219,-3.198807,seed18736.png
4.8112597,-36.70489,seed18737.png
32.38816,7.662339,seed18738.png
16.587965,-1.0691664,seed18739.png
36.77866,22.883488,seed1874.png
-27.808365,-1.877368,seed18740.png
-27.596992,-4.4142013,seed18741.png
14.346718,-0.9492537,seed18742.png
-27.946377,5.650294,seed18743.png
-33.42606,-3.9885535,seed18744.png
16.68987,5.315652,seed18745.png
39.814007,19.993053,seed18746.png
10.688824,-36.820805,seed18747.png
34.549885,6.576266,seed18748.png
-9.392788,-1.2853422,seed18749.png
-8.330127,-13.475345,seed1875.png
-5.7607937,9.418626,seed18750.png
33.362644,10.83251,seed18751.png
16.109447,20.61059,seed18752.png
-29.470295,-5.8219714,seed18753.png
-30.55769,12.888295,seed18754.png
-15.627656,-30.720026,seed18755.png
6.340904,3.5304801,seed18756.png
-4.990059,14.193555,seed18757.png
-5.0868835,-19.844746,seed18758.png
15.983116,0.2609844,seed18759.png
30.682476,27.370596,seed1876.png
7.9737678,-0.83543193,seed18760.png
-10.480487,2.159605,seed18761.png
2.338828,25.304901,seed18762.png
39.068527,20.165293,seed18763.png
-33.098804,23.36344,seed18764.png
-19.366522,8.434627,seed18765.png
-34.193314,20.697977,seed18766.png
-4.2200007,-0.4288479,seed18767.png
37.088135,22.189035,seed18768.png
19.833324,13.666301,seed18769.png
31.688356,11.022685,seed1877.png
-35.38669,-0.96290004,seed18770.png
40.222313,24.250383,seed18771.png
-10.438286,-13.266707,seed18772.png
-34.669147,27.010548,seed18773.png
1.943072,25.012499,seed18774.png
25.578037,5.3327403,seed18775.png
16.691404,0.85335535,seed18776.png
16.82475,-4.9551697,seed18777.png
-18.313824,-22.326057,seed18778.png
-10.14922,-11.547242,seed18779.png
-11.705824,-14.839761,seed1878.png
27.125845,13.553645,seed18780.png
15.441484,15.241731,seed18781.png
16.985817,6.728698,seed18782.png
-14.644611,-32.37209,seed18783.png
-18.794487,-26.331923,seed18784.png
-4.158807,-1.2534486,seed18785.png
-25.005974,-2.5248256,seed18786.png
5.328152,-32.166103,seed18787.png
22.737726,11.790094,seed18788.png
-18.531082,-12.661743,seed18789.png
-32.11504,26.271387,seed1879.png
36.83571,10.040033,seed18790.png
15.494767,23.888342,seed18791.png
-39.065002,17.47968,seed18792.png
-15.191739,-14.857984,seed18793.png
9.139901,-26.767086,seed18794.png
8.963753,-28.647522,seed18795.png
-13.735581,-11.836975,seed18796.png
-19.724295,10.8843355,seed18797.png
36.74697,26.280031,seed18798.png
-18.96904,4.241979,seed18799.png
-15.4374275,-5.888921,seed1880.png
-7.9737425,-8.807151,seed18800.png
2.6623008,-13.56316,seed18801.png
-2.0820873,13.701773,seed18802.png
1.3273411,13.028268,seed18803.png
-15.08831,-31.220291,seed18804.png
0.4789359,-17.184057,seed18805.png
-22.870306,11.62425,seed18806.png
-32.714355,20.465117,seed18807.png
-36.16037,24.604944,seed18808.png
9.001272,-20.37447,seed18809.png
-22.852047,11.629452,seed1881.png
-29.128387,0.4751156,seed18810.png
25.268637,-3.6227775,seed18811.png
-33.169594,15.733941,seed18812.png
-4.39367,-24.533106,seed18813.png
14.293125,-33.820404,seed18814.png
32.232296,18.946278,seed18815.png
-16.571312,-12.003239,seed18816.png
-19.751232,-15.99019,seed18817.png
15.281443,14.017357,seed18818.png
18.579227,-10.235944,seed18819.png
32.188637,18.941235,seed1882.png
28.504871,17.383022,seed18820.png
37.03735,21.415293,seed18821.png
-13.191742,-20.075146,seed18822.png
13.224842,24.726171,seed18823.png
7.5787945,13.072074,seed18824.png
-17.152266,-31.14501,seed18825.png
26.203192,19.416191,seed18826.png
11.9426365,-25.385996,seed18827.png
18.141321,6.85021,seed18828.png
-20.943876,-6.666419,seed18829.png
-15.847941,-22.329687,seed1883.png
-21.906843,-3.647681,seed18830.png
37.358887,18.732372,seed18831.png
23.306602,0.0056772796,seed18832.png
-29.420252,11.038422,seed18833.png
3.1796947,-28.462221,seed18834.png
-13.265086,-11.749919,seed18835.png
-8.231526,-6.1373677,seed18836.png
22.047424,6.1306977,seed18837.png
-3.8446658,16.41407,seed18838.png
-1.830112,13.079215,seed18839.png
24.606232,8.6731,seed1884.png
4.6505322,-30.569576,seed18840.png
-11.425395,9.493806,seed18841.png
18.842422,-2.9250574,seed18842.png
5.9163394,-29.21034,seed18843.png
-22.168121,-25.843287,seed18844.png
3.8177364,2.7545848,seed18845.png
5.213157,6.9612985,seed18846.png
9.127068,-2.6817412,seed18847.png
35.15757,12.028248,seed18848.png
5.392871,-6.8625274,seed18849.png
-19.018337,-28.045439,seed1885.png
-37.825172,16.037706,seed18850.png
14.746829,21.932936,seed18851.png
14.188411,14.417503,seed18852.png
18.416847,27.809084,seed18853.png
-20.768015,-22.352345,seed18854.png
-0.08563346,8.633565,seed18855.png
14.03544,-31.611328,seed18856.png
-18.102676,-25.436092,seed18857.png
5.872816,-26.791698,seed18858.png
-20.915745,14.226804,seed18859.png
37.68204,19.332,seed1886.png
31.45112,-0.34752247,seed18860.png
-34.392426,8.968426,seed18861.png
10.611079,27.392464,seed18862.png
-14.566043,-19.964174,seed18863.png
-16.087418,-0.5559992,seed18864.png
-34.533253,-0.9356089,seed18865.png
27.998932,17.376186,seed18866.png
-10.301627,-12.391942,seed18867.png
30.201664,5.4328213,seed18868.png
10.640424,-33.913048,seed18869.png
12.529002,-6.6737924,seed1887.png
-35.631424,8.616745,seed18870.png
29.214264,5.475401,seed18871.png
-18.07386,-9.570572,seed18872.png
16.492653,12.08126,seed18873.png
11.395887,4.3821254,seed18874.png
-32.680492,0.35590065,seed18875.png
-7.309394,-10.45951,seed18876.png
-31.201426,8.824624,seed18877.png
-30.065939,10.641043,seed18878.png
-34.65773,25.408895,seed18879.png
-9.227088,-16.009436,seed1888.png
5.834127,-5.0486994,seed18880.png
-33.613853,19.956953,seed18881.png
-34.078156,-14.429133,seed18882.png
5.6693435,-3.2014413,seed18883.png
-18.412968,-22.768803,seed18884.png
29.558046,-1.3795578,seed18885.png
30.402988,11.940679,seed18886.png
34.34285,19.742678,seed18887.png
25.135574,21.101929,seed18888.png
-17.04951,4.5679383,seed18889.png
-12.649377,11.878355,seed1889.png
4.2456565,-0.94622165,seed18890.png
-24.267899,-17.426207,seed18891.png
2.9175217,-34.859673,seed18892.png
32.913826,8.914391,seed18893.png
-1.8240612,-17.991991,seed18894.png
-17.30168,-16.773565,seed18895.png
-13.997937,-14.839451,seed18896.png
28.328728,7.8679004,seed18897.png
35.25143,22.188713,seed18898.png
34.082977,21.952578,seed18899.png
-31.073074,-2.4471736,seed1890.png
-25.363634,2.9734094,seed18900.png
-33.791092,19.87978,seed18901.png
37.369553,24.907484,seed18902.png
36.493923,21.401587,seed18903.png
-7.162686,-5.350622,seed18904.png
34.376076,9.728869,seed18905.png
27.05096,16.504284,seed18906.png
6.319886,-6.350375,seed18907.png
7.6259236,-32.622272,seed18908.png
3.9407516,10.687266,seed18909.png
14.537622,12.306956,seed1891.png
-16.799154,1.8411688,seed18910.png
30.033577,3.0279136,seed18911.png
29.858671,11.787172,seed18912.png
23.291819,-1.9387662,seed18913.png
4.436139,10.06469,seed18914.png
12.571328,-7.797925,seed18915.png
11.170083,11.601668,seed18916.png
31.410686,8.244979,seed18917.png
15.846562,2.0587966,seed18918.png
8.114441,7.423053,seed18919.png
19.719957,-5.545454,seed1892.png
10.828359,19.078684,seed18920.png
-36.919033,-5.3111606,seed18921.png
-11.839543,-21.401915,seed18922.png
-12.228803,-6.463897,seed18923.png
0.6837063,-22.487873,seed18924.png
29.509481,27.084719,seed18925.png
26.598639,21.868023,seed18926.png
-25.70436,13.699523,seed18927.png
-22.880104,-3.6065352,seed18928.png
36.123913,21.595829,seed18929.png
-27.8083,-14.691484,seed1893.png
13.320313,-41.26584,seed18930.png
11.793567,-11.030356,seed18931.png
14.39507,-36.328613,seed18932.png
8.390062,21.363558,seed18933.png
-19.7441,-8.014952,seed18934.png
-0.21198592,21.645565,seed18935.png
12.284913,-23.196062,seed18936.png
-23.155424,6.42851,seed18937.png
-10.375158,-14.080599,seed18938.png
28.677301,19.351732,seed18939.png
30.242006,10.423904,seed1894.png
-9.070211,-0.3974393,seed18940.png
36.629993,6.5256357,seed18941.png
20.125784,7.444429,seed18942.png
9.371846,29.61691,seed18943.png
13.55968,-4.3458333,seed18944.png
6.1897306,-25.086246,seed18945.png
-5.365167,-1.3375957,seed18946.png
-18.797485,-28.553503,seed18947.png
-29.757206,8.429129,seed18948.png
-35.252598,26.422844,seed18949.png
-20.028765,-14.677586,seed1895.png
-26.531193,2.0899832,seed18950.png
-1.9646336,-24.333868,seed18951.png
10.643698,4.0318136,seed18952.png
-11.2007675,-8.851118,seed18953.png
13.464278,-27.122267,seed18954.png
12.269838,29.901146,seed18955.png
-6.5961347,-1.4723272,seed18956.png
-33.544754,26.952595,seed18957.png
-20.53499,15.744805,seed18958.png
36.272564,21.158464,seed18959.png
-20.071814,10.013705,seed1896.png
-6.267894,-8.558299,seed18960.png
-34.816666,11.387587,seed18961.png
-16.96755,-3.9669023,seed18962.png
1.0311078,14.46469,seed18963.png
-21.438738,17.848564,seed18964.png
16.421696,-36.662697,seed18965.png
14.789156,-9.7381,seed18966.png
-27.366081,-16.864353,seed18967.png
28.332212,13.623706,seed18968.png
25.198437,16.974646,seed18969.png
-28.80391,3.8721852,seed1897.png
23.43449,-3.3340507,seed18970.png
2.0205667,-33.529205,seed18971.png
-3.1183226,2.0228612,seed18972.png
26.203333,11.749884,seed18973.png
30.00288,30.213453,seed18974.png
3.5912306,-34.609646,seed18975.png
-35.772945,24.520786,seed18976.png
-17.49984,4.527581,seed18977.png
-22.900803,15.50788,seed18978.png
34.48614,21.275269,seed18979.png
-14.6198015,12.056606,seed1898.png
9.4850025,-34.327602,seed18980.png
-0.55494857,14.715215,seed18981.png
15.943636,-34.704395,seed18982.png
5.042713,3.4102166,seed18983.png
39.410084,22.008505,seed18984.png
5.5293202,7.928188,seed18985.png
11.22493,10.679144,seed18986.png
7.7216887,8.84367,seed18987.png
10.714372,-29.579111,seed18988.png
35.585125,17.314499,seed18989.png
-29.569386,25.049582,seed1899.png
15.774095,-6.813111,seed18990.png
-5.2528763,-11.679439,seed18991.png
9.087807,-28.789583,seed18992.png
4.919441,5.9036326,seed18993.png
2.7260337,-10.692622,seed18994.png
1.8490437,17.18332,seed18995.png
-1.1167593,-13.097931,seed18996.png
26.705854,14.3248825,seed18997.png
-24.357038,-7.218814,seed18998.png
-0.13520825,-17.77124,seed18999.png
-21.15587,-1.6525394,seed1900.png
-20.51424,8.058759,seed19000.png
-32.05555,20.025627,seed19001.png
23.880394,-3.7887924,seed19002.png
22.919058,15.98652,seed19003.png
21.448965,15.041699,seed19004.png
33.891026,23.588943,seed19005.png
-21.112885,-12.983076,seed19006.png
-37.020004,16.837427,seed19007.png
-8.09459,8.435984,seed19008.png
-24.254786,14.538436,seed19009.png
3.8035913,-32.376064,seed1901.png
-26.523294,-18.244911,seed19010.png
11.848673,-35.326397,seed19011.png
-33.489925,21.781012,seed19012.png
24.853527,2.7518458,seed19013.png
-18.281715,-30.287403,seed19014.png
21.096315,-5.718168,seed19015.png
29.10018,3.379406,seed19016.png
-9.816583,-4.296834,seed19017.png
5.677188,17.048904,seed19018.png
-26.722584,-23.764595,seed19019.png
-36.760624,23.415901,seed1902.png
33.28914,25.207098,seed19020.png
-33.98895,24.824675,seed19021.png
-3.018562,-12.5921335,seed19022.png
-23.763456,14.179051,seed19023.png
-13.466338,-31.454847,seed19024.png
-28.08984,2.5796475,seed19025.png
23.7438,23.788563,seed19026.png
12.958486,11.384624,seed19027.png
-10.933901,-12.265988,seed19028.png
9.020629,-7.3145213,seed19029.png
6.8450007,3.0649178,seed1903.png
-21.95502,-28.750584,seed19030.png
22.1135,16.353493,seed19031.png
27.930632,22.41074,seed19032.png
-15.332254,1.066915,seed19033.png
-28.472137,-4.5768204,seed19034.png
-29.872244,-17.294132,seed19035.png
34.74088,11.539678,seed19036.png
9.657152,29.774792,seed19037.png
10.176481,25.614313,seed19038.png
-8.647543,7.014101,seed19039.png
34.4037,23.480064,seed1904.png
-33.17199,22.629803,seed19040.png
-8.703367,-16.782831,seed19041.png
31.546991,28.813358,seed19042.png
-28.96295,15.277704,seed19043.png
-19.270348,-21.250189,seed19044.png
25.655132,10.781597,seed19045.png
-24.76503,17.336552,seed19046.png
32.046276,7.0808682,seed19047.png
13.814593,26.075262,seed19048.png
-25.81344,-19.92069,seed19049.png
28.729317,26.043219,seed1905.png
-22.561266,-27.294926,seed19050.png
26.898695,1.0584083,seed19051.png
24.41471,16.612965,seed19052.png
-26.467724,-3.3121035,seed19053.png
-6.108332,-5.665538,seed19054.png
27.980608,24.738655,seed19055.png
0.9030229,21.630087,seed19056.png
37.923637,10.3725395,seed19057.png
21.064608,-0.23631513,seed19058.png
25.451677,23.286798,seed19059.png
33.9971,6.6130724,seed1906.png
-6.7300954,-18.564655,seed19060.png
4.512583,9.039095,seed19061.png
9.2615595,20.72768,seed19062.png
-18.566437,-13.415722,seed19063.png
24.688782,7.345083,seed19064.png
-8.562493,-18.90477,seed19065.png
5.741814,-28.363123,seed19066.png
-19.899267,10.61956,seed19067.png
23.677738,16.386768,seed19068.png
23.979364,24.894753,seed19069.png
-30.777414,9.985334,seed1907.png
21.578253,1.6701512,seed19070.png
-0.22628175,-15.899191,seed19071.png
31.836868,21.306273,seed19072.png
23.350172,-1.4756784,seed19073.png
34.605064,11.946854,seed19074.png
-18.87929,1.2445832,seed19075.png
10.590671,1.6897091,seed19076.png
-27.957472,6.2631755,seed19077.png
4.8999143,2.3189335,seed19078.png
-20.382223,-21.29018,seed19079.png
-19.599297,-21.418285,seed1908.png
17.96274,-7.3435564,seed19080.png
-22.197989,6.3089533,seed19081.png
-28.686039,-19.097244,seed19082.png
21.91657,19.08924,seed19083.png
-33.82922,25.457102,seed19084.png
-13.398308,0.38605,seed19085.png
-1.3302423,0.7928351,seed19086.png
34.218254,23.018768,seed19087.png
11.120388,-42.87596,seed19088.png
-22.693161,7.1277575,seed19089.png
26.336527,8.327302,seed1909.png
7.147372,-5.5535316,seed19090.png
26.793211,2.5684726,seed19091.png
5.789782,-29.254955,seed19092.png
37.13137,14.384289,seed19093.png
35.027866,8.581957,seed19094.png
25.219078,23.850676,seed19095.png
-25.648333,12.422284,seed19096.png
35.40096,5.592159,seed19097.png
-21.178728,-21.900217,seed19098.png
-25.74943,9.780496,seed19099.png
3.2744625,-31.079159,seed1910.png
10.337739,-38.3315,seed19100.png
-21.033,-20.848206,seed19101.png
29.982637,12.012056,seed19102.png
-24.874144,-8.522598,seed19103.png
-26.820518,-23.702724,seed19104.png
-36.653973,-4.098919,seed19105.png
25.79224,20.260035,seed19106.png
4.9318953,16.67914,seed19107.png
32.20845,18.488232,seed19108.png
20.00159,19.198532,seed19109.png
-0.8159464,-3.2563925,seed1911.png
-17.404932,-28.858564,seed19110.png
5.9609175,21.494204,seed19111.png
24.80354,2.1145864,seed19112.png
-25.391558,17.502207,seed19113.png
21.387697,4.5563474,seed19114.png
3.1881862,-20.653908,seed19115.png
-18.70361,-20.569239,seed19116.png
40.057323,18.479084,seed19117.png
-20.425789,-19.321556,seed19118.png
1.7757769,-4.5857587,seed19119.png
4.526032,-32.957798,seed1912.png
8.94641,-35.225677,seed19120.png
-12.375772,2.1090472,seed19121.png
35.064987,24.427452,seed19122.png
20.325392,0.60327387,seed19123.png
14.342963,15.429188,seed19124.png
-12.857852,0.03293238,seed19125.png
-29.187052,7.72759,seed19126.png
3.784674,8.8120985,seed19127.png
-21.120522,-1.6422387,seed19128.png
-3.3148935,-15.636979,seed19129.png
14.042057,-40.678864,seed1913.png
-23.370543,12.597262,seed19130.png
5.693682,-27.47973,seed19131.png
26.631304,10.196899,seed19132.png
2.188282,17.433163,seed19133.png
-14.381959,-24.52479,seed19134.png
20.6748,26.127678,seed19135.png
36.180492,5.7180314,seed19136.png
40.22683,23.983534,seed19137.png
29.49805,25.913078,seed19138.png
5.6101656,5.303058,seed19139.png
10.288389,-23.965567,seed1914.png
5.262977,-31.917076,seed19140.png
24.50547,16.830498,seed19141.png
1.795815,-3.3758118,seed19142.png
-16.840494,-29.418257,seed19143.png
-32.958275,19.864056,seed19144.png
34.69942,13.183858,seed19145.png
7.9451165,-22.16767,seed19146.png
-27.374313,-21.265652,seed19147.png
-32.993557,17.815777,seed19148.png
-4.2105923,-4.6433754,seed19149.png
12.132696,2.1326163,seed1915.png
33.516884,10.225291,seed19150.png
13.439101,-22.758554,seed19151.png
39.712265,23.626965,seed19152.png
-33.560886,-6.5526376,seed19153.png
16.954514,22.166948,seed19154.png
-28.380575,-4.163861,seed19155.png
-18.023037,-29.284464,seed19156.png
26.70872,7.9061465,seed19157.png
7.46226,-28.889023,seed19158.png
17.685455,13.705122,seed19159.png
32.37655,25.609667,seed1916.png
16.824055,6.718344,seed19160.png
-23.948517,13.798971,seed19161.png
-12.420773,-5.7376146,seed19162.png
29.425041,26.457594,seed19163.png
17.781303,19.157618,seed19164.png
8.411136,-0.70950985,seed19165.png
-22.816967,3.9517102,seed19166.png
6.160496,-5.6518307,seed19167.png
14.055529,3.6534476,seed19168.png
7.272791,-31.297407,seed19169.png
-26.32457,-0.26876882,seed1917.png
10.916604,-36.53456,seed19170.png
-12.10823,-8.146126,seed19171.png
-19.480999,-8.176793,seed19172.png
15.811022,10.786544,seed19173.png
-28.287802,2.685707,seed19174.png
-22.864252,-10.379469,seed19175.png
26.302296,23.694757,seed19176.png
-14.727819,-25.952341,seed19177.png
-3.751399,19.833344,seed19178.png
1.2866545,6.0320215,seed19179.png
30.617985,28.194807,seed1918.png
2.5600388,17.599524,seed19180.png
1.2195626,8.544419,seed19181.png
21.92675,25.357504,seed19182.png
-22.440294,-9.851569,seed19183.png
-28.111452,12.593972,seed19184.png
-20.120235,-5.5706,seed19185.png
-17.512121,-14.81697,seed19186.png
10.931998,27.847494,seed19187.png
-19.36514,-12.1989975,seed19188.png
18.918167,-8.018478,seed19189.png
-33.433914,20.723932,seed1919.png
10.94585,-40.62678,seed19190.png
12.981331,0.01600158,seed19191.png
-15.945741,-16.629208,seed19192.png
16.083508,15.037507,seed19193.png
37.65269,5.8858924,seed19194.png
38.42628,11.320071,seed19195.png
17.755472,24.354204,seed19196.png
13.468018,25.769472,seed19197.png
-31.405735,13.609314,seed19198.png
28.665123,28.010595,seed19199.png
-15.645753,-18.768938,seed1920.png
16.952234,28.71163,seed19200.png
37.384438,13.092291,seed19201.png
-2.866603,21.568563,seed19202.png
-18.455973,0.6880006,seed19203.png
-32.760036,9.73514,seed19204.png
-14.608261,-25.45688,seed19205.png
-10.224636,-15.848867,seed19206.png
-10.848229,-3.8444386,seed19207.png
-18.407648,-17.565582,seed19208.png
-30.707495,-9.304988,seed19209.png
13.610541,-24.794178,seed1921.png
11.040581,-42.16998,seed19210.png
-24.383059,-23.31704,seed19211.png
24.900646,19.592607,seed19212.png
-13.996366,-26.387903,seed19213.png
16.591766,15.93994,seed19214.png
13.690485,14.144201,seed19215.png
-3.5097659,-4.3284593,seed19216.png
13.813532,-7.7805595,seed19217.png
-21.06725,-29.933285,seed19218.png
11.244726,-9.431796,seed19219.png
17.499084,-6.8663077,seed1922.png
6.607922,-41.424755,seed19220.png
-20.758295,-0.9178508,seed19221.png
-34.499508,27.566116,seed19222.png
-38.150288,24.200108,seed19223.png
23.961494,13.442563,seed19224.png
6.2173223,-24.493826,seed19225.png
-31.547888,-7.150369,seed19226.png
-29.079454,16.668926,seed19227.png
5.546689,-26.460419,seed19228.png
-31.137903,-5.266523,seed19229.png
17.898792,5.554122,seed1923.png
-4.2740865,-13.17113,seed19230.png
11.703013,7.8436384,seed19231.png
-33.91826,-0.6118254,seed19232.png
17.001236,10.375517,seed19233.png
9.091963,19.163355,seed19234.png
-10.441866,-5.381263,seed19235.png
24.277996,19.42503,seed19236.png
-19.995422,3.0626318,seed19237.png
4.887255,-27.638422,seed19238.png
-7.66735,-26.481232,seed19239.png
14.978541,-33.236973,seed1924.png
3.702096,-25.10621,seed19240.png
-21.807184,-21.472885,seed19241.png
13.025781,-35.19939,seed19242.png
6.3667264,-31.79363,seed19243.png
-33.56798,-7.2461724,seed19244.png
-36.477222,22.457468,seed19245.png
29.953712,21.396856,seed19246.png
30.47796,4.3876343,seed19247.png
-34.076134,20.023256,seed19248.png
0.97397625,-2.3724253,seed19249.png
-21.581747,19.875385,seed1925.png
8.465101,-32.845863,seed19250.png
-33.13622,27.105558,seed19251.png
15.723686,-34.621246,seed19252.png
-15.980618,-21.248312,seed19253.png
30.94672,14.701208,seed19254.png
27.309387,5.8037825,seed19255.png
-29.26363,-0.17061591,seed19256.png
-32.784946,2.6309981,seed19257.png
33.783997,17.96477,seed19258.png
-14.130682,-24.75246,seed19259.png
31.12985,24.635212,seed1926.png
13.438571,-37.470997,seed19260.png
-16.084728,-12.9207535,seed19261.png
1.5710697,13.121372,seed19262.png
23.339409,10.860712,seed19263.png
14.981894,-37.609165,seed19264.png
-4.999144,-6.0889387,seed19265.png
-37.29619,22.449474,seed19266.png
12.01094,-41.27281,seed19267.png
15.47961,-32.94156,seed19268.png
14.127124,-12.533079,seed19269.png
-27.634016,6.3782134,seed1927.png
-29.512714,-6.0407276,seed19270.png
3.4237597,-0.7312843,seed19271.png
-1.6730202,-8.871934,seed19272.png
25.220095,22.25676,seed19273.png
25.386356,27.003334,seed19274.png
-5.1648936,14.107856,seed19275.png
33.414783,15.5275755,seed19276.png
-10.223679,-15.64257,seed19277.png
-11.16789,-28.10285,seed19278.png
35.100384,6.8012805,seed19279.png
12.11913,4.7022233,seed1928.png
21.394295,5.0914407,seed19280.png
4.4250693,-4.4576364,seed19281.png
-1.6565293,-6.037242,seed19282.png
11.300091,-31.619526,seed19283.png
-24.743416,16.313475,seed19284.png
36.10879,8.766983,seed19285.png
21.177439,-0.4256426,seed19286.png
8.594839,-2.2120776,seed19287.png
-16.61574,-2.9263833,seed19288.png
13.017155,27.690351,seed19289.png
20.879095,19.434093,seed1929.png
-17.78119,-20.008205,seed19290.png
-13.300555,-15.456287,seed19291.png
-26.418837,7.2531505,seed19292.png
-25.544296,-2.5131469,seed19293.png
24.140768,21.466324,seed19294.png
35.63117,8.659316,seed19295.png
-10.812132,-24.057877,seed19296.png
29.899025,26.368052,seed19297.png
31.700901,14.632738,seed19298.png
0.9802176,6.350507,seed19299.png
9.019147,6.11464,seed1930.png
-19.82402,-17.892885,seed19300.png
18.061472,-7.16506,seed19301.png
-20.200441,0.45446926,seed19302.png
-29.908247,18.50683,seed19303.png
13.730238,-39.44081,seed19304.png
20.637985,9.1362705,seed19305.png
38.757683,20.712643,seed19306.png
17.591694,12.985561,seed19307.png
-1.4224582,11.920342,seed19308.png
7.9913797,16.012472,seed19309.png
18.087322,22.162128,seed1931.png
7.811277,-25.292044,seed19310.png
-33.189613,22.884785,seed19311.png
-21.000217,-8.843698,seed19312.png
-7.724625,-1.7150064,seed19313.png
-18.465088,-4.7862387,seed19314.png
30.60296,-1.2619963,seed19315.png
-16.148375,-23.975706,seed19316.png
-18.932238,-18.389156,seed19317.png
37.571014,18.191511,seed19318.png
0.88597083,-22.871565,seed19319.png
19.475014,-3.8406022,seed1932.png
-15.6347065,-12.109246,seed19320.png
-18.538012,-21.44709,seed19321.png
12.971849,-34.762676,seed19322.png
8.36543,-28.461765,seed19323.png
29.704885,1.9342877,seed19324.png
20.739128,20.168362,seed19325.png
-19.914047,16.370155,seed19326.png
3.2348018,22.252497,seed19327.png
-19.340225,5.445656,seed19328.png
-11.660679,-21.80996,seed19329.png
7.388837,-27.98911,seed1933.png
21.136217,-6.960573,seed19330.png
10.416476,-35.085857,seed19331.png
-33.058804,23.239729,seed19332.png
18.662971,-5.2959094,seed19333.png
-22.337221,19.488117,seed19334.png
21.477736,0.55525255,seed19335.png
-15.547707,-20.152458,seed19336.png
11.03029,22.790384,seed19337.png
-26.906164,8.620736,seed19338.png
9.045766,9.790098,seed19339.png
31.825665,28.556482,seed1934.png
-8.374189,-14.951684,seed19340.png
-33.900017,17.331783,seed19341.png
7.776219,-13.401747,seed19342.png
9.6879,-41.8639,seed19343.png
28.309092,13.394257,seed19344.png
-17.126476,-30.60936,seed19345.png
9.532952,19.005394,seed19346.png
35.42997,9.160632,seed19347.png
-18.432167,-4.6929793,seed19348.png
29.583504,8.9234915,seed19349.png
28.265165,18.65463,seed1935.png
20.669477,-10.022394,seed19350.png
-13.627676,-24.979496,seed19351.png
0.20758757,-14.995238,seed19352.png
-15.293416,-15.936393,seed19353.png
6.7842197,-34.758442,seed19354.png
34.46895,24.932093,seed19355.png
12.142592,27.796085,seed19356.png
-14.973579,-26.507315,seed19357.png
-24.599152,7.4455543,seed19358.png
-27.46975,1.2313488,seed19359.png
-20.86683,8.785033,seed1936.png
25.809677,7.1178613,seed19360.png
-15.800826,-9.040951,seed19361.png
-7.737006,-22.223427,seed19362.png
26.286005,21.391987,seed19363.png
12.067612,-25.340874,seed19364.png
10.10275,5.015696,seed19365.png
-31.00542,15.723101,seed19366.png
37.437313,20.98614,seed19367.png
23.869856,-2.1067908,seed19368.png
-19.960094,6.9765444,seed19369.png
18.120987,17.345978,seed1937.png
-5.7341824,-18.537664,seed19370.png
-24.456636,2.445509,seed19371.png
38.777977,17.040485,seed19372.png
-24.476185,6.22272,seed19373.png
-11.861124,-22.602697,seed19374.png
-19.626753,-27.24176,seed19375.png
4.6755877,-34.638752,seed19376.png
-5.0604978,-19.044971,seed19377.png
-19.28675,-4.2473493,seed19378.png
-31.163195,14.533437,seed19379.png
-2.0427496,-27.425713,seed1938.png
5.065165,23.461283,seed19380.png
11.743182,-41.874714,seed19381.png
-23.03781,-19.702335,seed19382.png
-10.739133,7.7481594,seed19383.png
15.945801,20.95102,seed19384.png
-2.0816886,-16.113394,seed19385.png
8.989427,6.23,seed19386.png
-26.109612,-15.241419,seed19387.png
-33.878517,3.5086746,seed19388.png
5.6752687,0.7525975,seed19389.png
5.5993524,-10.9243145,seed1939.png
2.3028984,24.527792,seed19390.png
31.831192,25.438046,seed19391.png
29.37925,15.884951,seed19392.png
8.11926,-41.91825,seed19393.png
-24.30465,-24.708786,seed19394.png
26.809137,10.42396,seed19395.png
-27.72273,-2.7436213,seed19396.png
-30.834677,-4.23127,seed19397.png
24.931122,4.6762795,seed19398.png
14.614016,-38.166676,seed19399.png
-33.705463,13.728466,seed1940.png
26.359941,4.5691233,seed19400.png
9.921384,3.0246313,seed19401.png
-31.756285,-3.6541646,seed19402.png
4.68896,0.12749365,seed19403.png
37.43916,22.918377,seed19404.png
-24.57867,-1.2404348,seed19405.png
32.203587,14.831536,seed19406.png
-25.334284,-14.459786,seed19407.png
-13.7086,-30.329763,seed19408.png
11.260123,-39.342747,seed19409.png
14.51179,-27.170805,seed1941.png
-29.780205,17.050644,seed19410.png
-24.816734,-9.943669,seed19411.png
-0.9807837,2.4284923,seed19412.png
6.7846603,1.4398993,seed19413.png
-19.108913,5.7457814,seed19414.png
14.167293,14.258327,seed19415.png
-12.136359,-13.605705,seed19416.png
36.93138,19.715021,seed19417.png
-6.8776765,4.911468,seed19418.png
-25.715357,-10.067549,seed19419.png
-21.763037,-8.849419,seed1942.png
11.159586,0.14764884,seed19420.png
-35.78415,17.233545,seed19421.png
-18.43955,4.6352262,seed19422.png
13.931859,11.45432,seed19423.png
27.211966,17.830963,seed19424.png
21.005219,-0.50260067,seed19425.png
14.552587,13.199865,seed19426.png
-17.397839,-30.4635,seed19427.png
-24.836988,12.39763,seed19428.png
-5.076936,-4.883492,seed19429.png
12.644449,25.314701,seed1943.png
-10.915083,-5.7052355,seed19430.png
-27.9025,2.248556,seed19431.png
-30.021486,19.417814,seed19432.png
16.571,19.985956,seed19433.png
16.13943,-36.95887,seed19434.png
10.169242,28.233343,seed19435.png
4.295809,11.212892,seed19436.png
-8.649729,-23.367428,seed19437.png
-16.69047,-14.120838,seed19438.png
19.04866,7.372644,seed19439.png
-18.432718,-7.558952,seed1944.png
-30.996786,14.159916,seed19440.png
-2.0512922,13.117773,seed19441.png
-7.116397,-23.1819,seed19442.png
7.000899,-1.1703873,seed19443.png
-8.531704,-2.460479,seed19444.png
-31.928078,-0.017611451,seed19445.png
7.1730585,-10.780504,seed19446.png
14.844397,-7.55896,seed19447.png
10.897469,23.74689,seed19448.png
35.591225,11.269973,seed19449.png
-15.607305,-17.312294,seed1945.png
5.624938,-34.598347,seed19450.png
37.235874,7.7653527,seed19451.png
40.63515,19.714993,seed19452.png
10.922509,-0.2679659,seed19453.png
3.8656526,-34.06526,seed19454.png
35.61324,17.686556,seed19455.png
-11.595449,-14.194677,seed19456.png
-27.347145,-11.468351,seed19457.png
-19.501974,11.631528,seed19458.png
-18.87187,-6.603788,seed19459.png
8.79553,17.013157,seed1946.png
-14.9320135,7.9557285,seed19460.png
26.666618,22.167421,seed19461.png
-31.164318,-10.1497755,seed19462.png
29.4416,25.559376,seed19463.png
9.7069235,1.651965,seed19464.png
-17.636032,-17.601027,seed19465.png
-33.718853,-6.3395076,seed19466.png
-32.05924,20.681303,seed19467.png
-30.777857,-3.906117,seed19468.png
8.402632,-6.0302925,seed19469.png
26.872725,14.331745,seed1947.png
-1.1738329,23.877884,seed19470.png
-19.092056,-9.938279,seed19471.png
2.5221229,-12.872701,seed19472.png
2.1089408,0.016625179,seed19473.png
6.8557425,4.8899927,seed19474.png
21.377693,11.026258,seed19475.png
-16.039465,-31.168024,seed19476.png
-5.7885084,-19.48178,seed19477.png
-17.493595,-11.977941,seed19478.png
-20.287685,-17.954638,seed19479.png
-1.5730702,24.378836,seed1948.png
-20.084148,5.3492365,seed19480.png
1.9797524,21.07175,seed19481.png
2.9715824,0.8489012,seed19482.png
31.66744,1.512858,seed19483.png
-12.517263,-17.879335,seed19484.png
8.896302,1.7682058,seed19485.png
18.54632,3.992637,seed19486.png
-23.512869,-24.944487,seed19487.png
7.5852804,-33.89409,seed19488.png
-18.956806,-12.604755,seed19489.png
-14.460628,-21.559978,seed1949.png
-13.1882105,3.088817,seed19490.png
0.6918281,19.558596,seed19491.png
23.591957,1.2096711,seed19492.png
11.937582,4.452273,seed19493.png
22.7595,-6.0737443,seed19494.png
12.514483,-9.462044,seed19495.png
38.416656,22.757734,seed19496.png
1.7963216,23.95096,seed19497.png
23.497993,15.239377,seed19498.png
9.809057,-28.638968,seed19499.png
-25.368189,9.066367,seed1950.png
1.2484921,19.899004,seed19500.png
-17.663519,-29.268179,seed19501.png
-33.21979,17.75635,seed19502.png
-28.426317,0.49508092,seed19503.png
-25.649935,-16.694769,seed19504.png
12.882742,-41.774105,seed19505.png
31.816538,27.100903,seed19506.png
8.410137,13.707034,seed19507.png
-17.175982,-19.622478,seed19508.png
34.122158,25.116343,seed19509.png
-12.194761,0.6600055,seed1951.png
12.772775,18.940203,seed19510.png
-8.56926,11.163793,seed19511.png
-29.387817,3.5673618,seed19512.png
-18.350153,-31.88749,seed19513.png
-29.29165,17.90047,seed19514.png
35.387096,24.664728,seed19515.png
35.42988,12.381512,seed19516.png
21.284119,-4.42325,seed19517.png
18.747532,22.660528,seed19518.png
-26.954536,-12.247606,seed19519.png
-19.502144,-22.559788,seed1952.png
30.769249,23.796783,seed19520.png
40.45198,12.057229,seed19521.png
11.442723,28.564974,seed19522.png
33.97894,16.273876,seed19523.png
-15.855706,-4.125456,seed19524.png
17.848717,-0.81418127,seed19525.png
40.024277,22.849482,seed19526.png
9.393928,-41.28114,seed19527.png
27.293058,-0.58355296,seed19528.png
-16.15542,-3.2136288,seed19529.png
19.243452,-5.7490916,seed1953.png
-16.15354,2.0612576,seed19530.png
-12.570857,-13.911349,seed19531.png
38.77769,20.742262,seed19532.png
-29.64534,-11.763423,seed19533.png
-18.487991,-10.338288,seed19534.png
31.899944,3.9240346,seed19535.png
-29.959618,3.1269004,seed19536.png
-30.980587,19.920044,seed19537.png
2.3642907,-1.9827677,seed19538.png
-24.223267,-19.278923,seed19539.png
-30.016445,24.718014,seed1954.png
-21.170134,-21.588003,seed19540.png
7.7478714,25.314022,seed19541.png
-21.566732,-26.29614,seed19542.png
11.704552,14.305024,seed19543.png
-18.314028,-6.683398,seed19544.png
-5.329515,-22.77564,seed19545.png
-16.411634,-2.421842,seed19546.png
30.852495,6.4098325,seed19547.png
13.082421,-30.836588,seed19548.png
-31.66303,19.701553,seed19549.png
31.680786,12.33319,seed1955.png
19.077106,8.795415,seed19550.png
25.11247,24.660631,seed19551.png
4.5442257,-33.4704,seed19552.png
5.6839023,-26.32656,seed19553.png
26.784716,3.9182153,seed19554.png
15.923708,-33.848312,seed19555.png
7.889688,6.2622156,seed19556.png
9.777291,-15.344687,seed19557.png
14.015044,-13.389711,seed19558.png
2.0314376,-25.149952,seed19559.png
30.675173,28.572739,seed1956.png
31.99173,21.33289,seed19560.png
-30.32452,-4.395929,seed19561.png
2.1780689,12.306186,seed19562.png
11.709801,16.255537,seed19563.png
11.868537,-14.207246,seed19564.png
15.652256,-0.60086423,seed19565.png
7.2958875,1.2970452,seed19566.png
14.594537,-38.95605,seed19567.png
17.482107,-6.2546926,seed19568.png
-24.432909,9.889956,seed19569.png
26.075317,13.477714,seed1957.png
-32.84555,20.587393,seed19570.png
12.157749,0.6862633,seed19571.png
29.072388,19.253157,seed19572.png
-34.969883,25.290216,seed19573.png
-14.244919,-2.949204,seed19574.png
0.1452271,-5.5599275,seed19575.png
-12.28592,-17.619719,seed19576.png
-25.496664,-5.863392,seed19577.png
-14.957802,-24.920734,seed19578.png
15.407401,24.400726,seed19579.png
7.6220255,6.1622696,seed1958.png
20.845364,12.213528,seed19580.png
31.118217,21.266186,seed19581.png
7.1859536,-34.508583,seed19582.png
13.737396,1.375895,seed19583.png
-0.06383533,18.716997,seed19584.png
-14.981663,-28.12351,seed19585.png
4.5369935,16.506126,seed19586.png
-18.435343,1.1061251,seed19587.png
-26.201273,-5.4537907,seed19588.png
-19.910873,12.354818,seed19589.png
2.3328989,-29.833832,seed1959.png
-29.712719,6.31062,seed19590.png
0.97489417,21.454376,seed19591.png
9.217875,-28.120777,seed19592.png
2.1381605,0.017424887,seed19593.png
-20.12685,-19.12184,seed19594.png
-14.332684,-16.580093,seed19595.png
-13.2274275,-31.344635,seed19596.png
-24.227947,-7.053854,seed19597.png
7.7467527,26.150312,seed19598.png
0.90757984,11.4320965,seed19599.png
10.823532,2.512689,seed1960.png
-38.38165,19.667572,seed19600.png
19.937277,22.228365,seed19601.png
8.376737,-32.105198,seed19602.png
-14.130823,0.011983157,seed19603.png
6.997182,8.981614,seed19604.png
-1.7465564,-24.37336,seed19605.png
27.879494,27.61669,seed19606.png
-31.964642,4.7151523,seed19607.png
37.381214,13.463595,seed19608.png
-2.3376818,19.066637,seed19609.png
-24.398808,-5.356098,seed1961.png
-19.413465,-3.6444874,seed19610.png
15.271952,-34.93256,seed19611.png
-7.187841,-15.855597,seed19612.png
14.2962475,-4.202043,seed19613.png
-15.935108,-17.250237,seed19614.png
-14.508478,-19.127287,seed19615.png
6.7075696,-28.780315,seed19616.png
-0.6763095,20.164066,seed19617.png
32.47145,15.252195,seed19618.png
-18.291058,-26.290369,seed19619.png
10.281375,-35.4212,seed1962.png
1.8266686,-3.2666423,seed19620.png
37.47752,25.180277,seed19621.png
-13.745667,-14.105037,seed19622.png
-36.008053,18.009806,seed19623.png
-12.771424,3.1143818,seed19624.png
-13.671825,-3.6701617,seed19625.png
-12.784634,-21.975927,seed19626.png
20.340374,19.382143,seed19627.png
38.1354,14.003083,seed19628.png
-12.611371,-24.506845,seed19629.png
31.300806,16.97228,seed1963.png
0.34784165,-18.661385,seed19630.png
8.63301,-38.479862,seed19631.png
-19.939615,2.973498,seed19632.png
7.3026114,-32.862064,seed19633.png
26.044207,18.648678,seed19634.png
16.89829,16.901604,seed19635.png
-29.150984,17.923422,seed19636.png
22.23357,-2.017967,seed19637.png
12.279014,13.324618,seed19638.png
17.263084,-35.8302,seed19639.png
8.375901,-37.53472,seed1964.png
-17.719145,1.2218508,seed19640.png
2.0528073,6.2338343,seed19641.png
-2.712321,-22.485435,seed19642.png
-5.8877726,11.762914,seed19643.png
15.603564,8.265709,seed19644.png
36.768215,9.116259,seed19645.png
17.419168,15.621284,seed19646.png
12.319692,17.424923,seed19647.png
30.016169,2.3769896,seed19648.png
14.75276,-29.938704,seed19649.png
24.617008,9.789483,seed1965.png
-18.738037,1.9562062,seed19650.png
-18.870218,-23.598885,seed19651.png
-14.2526865,5.327792,seed19652.png
20.472466,2.03339,seed19653.png
39.470272,15.51809,seed19654.png
-13.463773,-10.199163,seed19655.png
-9.851712,-28.218952,seed19656.png
-16.453972,7.248324,seed19657.png
0.33987057,12.92773,seed19658.png
-28.081253,21.022818,seed19659.png
23.58479,11.007713,seed1966.png
1.0311899,-6.4075475,seed19660.png
-22.529926,-20.224066,seed19661.png
10.997174,-8.059892,seed19662.png
20.851772,8.239542,seed19663.png
12.825283,22.705708,seed19664.png
14.336343,-12.264448,seed19665.png
18.791145,10.928002,seed19666.png
-25.402428,-0.71249706,seed19667.png
21.015804,-5.151567,seed19668.png
-30.840437,14.15966,seed19669.png
26.021938,-2.1403022,seed1967.png
-21.246168,3.689953,seed19670.png
-20.861132,-18.495386,seed19671.png
23.074518,16.726357,seed19672.png
17.415571,-5.696601,seed19673.png
-30.051897,0.6614885,seed19674.png
-30.881824,4.612496,seed19675.png
-18.25485,-21.458172,seed19676.png
-32.80622,-7.0750155,seed19677.png
15.920564,22.772707,seed19678.png
36.353935,11.1523695,seed19679.png
10.792605,29.20934,seed1968.png
-1.7008245,-12.947264,seed19680.png
-8.397704,-0.78476846,seed19681.png
-34.06315,24.650986,seed19682.png
-25.792843,-19.68334,seed19683.png
-30.342518,-17.527872,seed19684.png
-34.468975,6.652393,seed19685.png
-34.264843,0.36319378,seed19686.png
14.609636,15.043214,seed19687.png
-23.252607,-7.1282644,seed19688.png
10.158709,-23.273932,seed19689.png
-11.169541,-20.64116,seed1969.png
12.685927,-4.762102,seed19690.png
18.923944,17.351568,seed19691.png
15.670458,18.548286,seed19692.png
-14.712959,-23.46402,seed19693.png
19.586061,22.695375,seed19694.png
22.94926,15.549705,seed19695.png
25.881435,13.752799,seed19696.png
2.59627,-16.047316,seed19697.png
-16.48112,6.0739884,seed19698.png
-0.20210406,13.164082,seed19699.png
-28.658182,-3.7576678,seed1970.png
9.767072,11.781659,seed19700.png
-24.575544,-0.082834065,seed19701.png
-24.61629,5.075471,seed19702.png
-8.22402,9.3645115,seed19703.png
24.250538,-2.218321,seed19704.png
-12.095955,4.18248,seed19705.png
-37.814926,20.945555,seed19706.png
-32.468334,23.263645,seed19707.png
-7.6083493,10.592773,seed19708.png
0.14702465,6.497999,seed19709.png
-31.603502,17.141083,seed1971.png
-7.0447626,-15.198392,seed19710.png
-4.6499896,10.2840395,seed19711.png
22.27055,17.221832,seed19712.png
-12.601103,-8.147559,seed19713.png
27.797878,17.731977,seed19714.png
5.9883947,19.500654,seed19715.png
9.027626,3.0643725,seed19716.png
-19.46092,-20.135345,seed19717.png
-32.40436,2.7654414,seed19718.png
12.764492,-5.7132607,seed19719.png
-4.096654,15.695626,seed1972.png
4.439947,-28.34328,seed19720.png
20.056147,-0.90449274,seed19721.png
14.145178,-39.53796,seed19722.png
4.8417835,-33.613354,seed19723.png
29.545471,4.2950497,seed19724.png
-10.270541,3.997497,seed19725.png
-19.762175,-20.882027,seed19726.png
-16.030977,-22.564585,seed19727.png
-15.950432,-10.6758,seed19728.png
29.298183,24.079124,seed19729.png
13.848263,1.1131064,seed1973.png
14.939072,27.681808,seed19730.png
-25.40698,-16.166082,seed19731.png
-21.484047,9.470237,seed19732.png
9.945782,27.161476,seed19733.png
24.598383,12.661274,seed19734.png
5.2891846,7.7102127,seed19735.png
4.378579,-14.825418,seed19736.png
-3.0438254,15.553445,seed19737.png
-15.65486,4.388258,seed19738.png
36.13901,18.990479,seed19739.png
-16.113514,-29.400919,seed1974.png
5.309528,13.908292,seed19740.png
-31.986002,0.51024413,seed19741.png
7.7891808,-29.549469,seed19742.png
14.869696,-36.218086,seed19743.png
16.968828,23.425646,seed19744.png
23.387901,-5.117819,seed19745.png
32.201275,27.316936,seed19746.png
-34.627747,23.719435,seed19747.png
13.801155,1.4215521,seed19748.png
16.967035,-10.520856,seed19749.png
-16.01603,-17.57592,seed1975.png
7.582228,0.5596052,seed19750.png
-20.817085,-16.273798,seed19751.png
38.816433,18.662144,seed19752.png
-20.14614,-3.692893,seed19753.png
3.8893082,-3.382337,seed19754.png
-19.963108,5.3235574,seed19755.png
15.541743,7.0755277,seed19756.png
3.1067,-31.950773,seed19757.png
5.367657,-7.4554734,seed19758.png
25.910341,23.122234,seed19759.png
10.2800045,-35.574703,seed1976.png
16.355738,18.72424,seed19760.png
-16.10347,2.1127155,seed19761.png
-20.092318,-4.113844,seed19762.png
3.4458058,-8.5481615,seed19763.png
-16.488213,-15.506228,seed19764.png
9.67417,2.7004158,seed19765.png
-29.492786,13.189575,seed19766.png
17.717846,-6.8005447,seed19767.png
-29.0362,19.576351,seed19768.png
29.780966,-0.6670834,seed19769.png
-15.986043,-26.306236,seed1977.png
-11.993766,-22.990976,seed19770.png
17.433325,-2.52983,seed19771.png
-31.073647,17.759687,seed19772.png
25.596775,19.011871,seed19773.png
18.226698,-6.980862,seed19774.png
-31.423939,21.609772,seed19775.png
-33.72824,23.312546,seed19776.png
-29.03315,-14.176867,seed19777.png
13.115004,20.383614,seed19778.png
-31.753922,2.6728258,seed19779.png
10.102644,-22.733423,seed1978.png
4.754761,10.231568,seed19780.png
-25.554955,0.13335645,seed19781.png
-26.3468,16.563711,seed19782.png
2.424218,25.366953,seed19783.png
-2.281224,19.404718,seed19784.png
7.378519,6.439725,seed19785.png
24.656061,11.262385,seed19786.png
-17.971819,-0.25087827,seed19787.png
-14.88001,-12.084564,seed19788.png
11.884577,-0.074843995,seed19789.png
9.87176,-26.243114,seed1979.png
35.212643,26.932556,seed19790.png
6.3588142,7.7901316,seed19791.png
-31.121262,14.800489,seed19792.png
-10.421059,-29.331837,seed19793.png
-3.8496237,11.640468,seed19794.png
7.33943,-28.405602,seed19795.png
-19.642036,-19.813015,seed19796.png
-26.141638,4.074217,seed19797.png
24.163744,1.2945936,seed19798.png
6.9923463,7.902777,seed19799.png
-13.10752,-30.060925,seed1980.png
-10.199955,-28.136864,seed19800.png
27.98921,23.316433,seed19801.png
-5.040607,-12.071471,seed19802.png
6.360454,-38.182014,seed19803.png
-11.844442,-0.80653,seed19804.png
-24.813217,12.029727,seed19805.png
14.531444,-5.124379,seed19806.png
-30.676844,14.944595,seed19807.png
-19.630074,10.009877,seed19808.png
16.674677,17.447546,seed19809.png
-34.812786,23.08154,seed1981.png
22.807264,20.046576,seed19810.png
10.281348,20.67821,seed19811.png
-28.44852,-5.91384,seed19812.png
15.567293,26.16164,seed19813.png
-13.605994,-6.1048903,seed19814.png
-21.286009,-12.1693735,seed19815.png
17.881807,17.660185,seed19816.png
-23.99737,11.337075,seed19817.png
10.997188,-37.896202,seed19818.png
-10.259978,-29.114317,seed19819.png
-9.718808,-11.984387,seed1982.png
8.487189,-27.053238,seed19820.png
11.266284,-42.07877,seed19821.png
5.837403,17.368998,seed19822.png
12.249101,-20.01962,seed19823.png
-2.329506,-16.701286,seed19824.png
30.950325,7.920437,seed19825.png
-10.471948,-18.513605,seed19826.png
12.321024,18.77003,seed19827.png
-5.504512,-6.050085,seed19828.png
32.38078,14.047313,seed19829.png
-15.826428,6.847924,seed1983.png
-0.39407653,-5.0558248,seed19830.png
-19.19332,-6.324113,seed19831.png
25.463245,16.763437,seed19832.png
20.996103,16.891262,seed19833.png
10.344601,-28.618181,seed19834.png
-25.363003,-9.154855,seed19835.png
22.078789,4.4194984,seed19836.png
14.932002,25.321114,seed19837.png
-23.805569,1.7189952,seed19838.png
-6.9819036,-17.862642,seed19839.png
-31.4896,16.50543,seed1984.png
-16.657534,-30.896544,seed19840.png
-22.82851,-15.864021,seed19841.png
22.570696,0.5121969,seed19842.png
-30.355999,1.8173908,seed19843.png
-15.040417,-18.867779,seed19844.png
-8.247264,-15.388472,seed19845.png
-30.206125,20.41321,seed19846.png
27.852627,14.517235,seed19847.png
-1.4263438,-5.8435335,seed19848.png
3.9121945,-3.7639608,seed19849.png
-17.507414,-0.9017589,seed1985.png
35.41577,7.507146,seed19850.png
-16.135555,9.282354,seed19851.png
11.226712,-0.14361674,seed19852.png
11.255281,-23.262392,seed19853.png
-19.372774,-18.68224,seed19854.png
12.70527,-35.713463,seed19855.png
-28.77981,3.6954198,seed19856.png
9.538238,-42.630085,seed19857.png
23.892042,0.5615564,seed19858.png
10.649885,17.797588,seed19859.png
-19.542383,-31.455208,seed1986.png
-21.832111,-9.726688,seed19860.png
3.331649,-14.998196,seed19861.png
-25.000988,-8.964129,seed19862.png
-18.144985,-1.9493397,seed19863.png
14.849924,0.3166952,seed19864.png
-17.474354,-19.548159,seed19865.png
-8.810203,3.8245733,seed19866.png
-9.19706,-5.6203747,seed19867.png
-26.678022,-5.0403614,seed19868.png
-21.82903,-26.974834,seed19869.png
-30.429113,5.2229776,seed1987.png
-18.718834,-14.22192,seed19870.png
4.9654536,-36.01066,seed19871.png
40.991455,15.511866,seed19872.png
-15.666152,3.9426534,seed19873.png
34.118027,14.183509,seed19874.png
-3.2774947,-11.084558,seed19875.png
18.990314,-5.7160263,seed19876.png
-0.22916211,14.612848,seed19877.png
4.8006005,12.022773,seed19878.png
14.186212,20.258417,seed19879.png
-18.298727,-16.700289,seed1988.png
-2.7234173,-9.772421,seed19880.png
23.78066,26.870974,seed19881.png
-6.4211454,-23.895216,seed19882.png
15.327889,25.317373,seed19883.png
-26.689682,2.5222564,seed19884.png
-33.69841,22.950125,seed19885.png
-6.7600307,-4.0770717,seed19886.png
26.24645,14.771616,seed19887.png
-18.40107,-11.102106,seed19888.png
16.26148,19.304739,seed19889.png
22.431137,3.828074,seed1989.png
15.602657,-31.428719,seed19890.png
32.38639,8.569836,seed19891.png
17.06639,-7.9225874,seed19892.png
3.326021,11.668579,seed19893.png
-33.758392,-3.86896,seed19894.png
13.403969,-11.227209,seed19895.png
25.263376,17.057432,seed19896.png
24.446594,26.921305,seed19897.png
10.111396,-0.99540204,seed19898.png
32.33858,7.414894,seed19899.png
12.946954,-39.818813,seed1990.png
9.694859,18.231012,seed19900.png
9.849702,-4.4763265,seed19901.png
18.22608,-6.633032,seed19902.png
-33.72317,23.628607,seed19903.png
-23.96996,9.227218,seed19904.png
-11.539265,-13.816581,seed19905.png
-7.511912,-12.850155,seed19906.png
-17.894325,-17.420794,seed19907.png
-15.8337345,-14.409866,seed19908.png
31.613747,23.2597,seed19909.png
-33.15882,22.032526,seed1991.png
-32.668697,24.054846,seed19910.png
7.2121434,-39.93381,seed19911.png
19.666763,-7.4152875,seed19912.png
-19.780624,-0.95260966,seed19913.png
-30.644049,9.515452,seed19914.png
-34.19962,20.7785,seed19915.png
-36.351036,23.66034,seed19916.png
-28.874586,4.531337,seed19917.png
-24.127884,7.7732725,seed19918.png
-35.615177,15.736333,seed19919.png
15.361169,-33.87032,seed1992.png
-21.679693,-21.89878,seed19920.png
-24.260128,9.356665,seed19921.png
-30.756432,6.2463937,seed19922.png
-23.191917,12.987774,seed19923.png
-8.025873,-15.812719,seed19924.png
-11.708153,-27.138748,seed19925.png
-17.93441,5.0006003,seed19926.png
-32.777473,-6.7466474,seed19927.png
-34.03954,-9.816575,seed19928.png
37.84996,15.524993,seed19929.png
26.466372,-0.5050379,seed1993.png
16.726658,14.633172,seed19930.png
9.753112,2.1948247,seed19931.png
21.924711,17.210697,seed19932.png
-22.27751,-0.70659673,seed19933.png
23.383589,6.810647,seed19934.png
31.215303,9.301489,seed19935.png
-4.8469543,-16.055397,seed19936.png
29.151081,-0.07905433,seed19937.png
33.80769,24.64306,seed19938.png
8.022451,29.270393,seed19939.png
-27.164404,-10.576812,seed1994.png
32.461773,29.326233,seed19940.png
-14.774068,-5.7588177,seed19941.png
-30.347212,-2.862213,seed19942.png
39.153572,18.312977,seed19943.png
7.8746448,17.005835,seed19944.png
-28.35292,2.1385229,seed19945.png
11.270331,-24.70576,seed19946.png
14.803407,-34.88477,seed19947.png
-12.106142,-14.91742,seed19948.png
17.554726,18.586264,seed19949.png
3.6434844,16.105982,seed1995.png
10.980252,4.70816,seed19950.png
26.338432,13.320209,seed19951.png
26.090006,17.770126,seed19952.png
-18.393831,-0.9464423,seed19953.png
-32.683014,4.0743475,seed19954.png
-33.437096,20.15383,seed19955.png
19.747568,26.236414,seed19956.png
3.2173302,-31.10668,seed19957.png
4.2522855,-29.252504,seed19958.png
8.540933,16.049326,seed19959.png
10.595911,2.6092746,seed1996.png
-12.483513,-13.623314,seed19960.png
-37.269115,22.063793,seed19961.png
4.624479,3.5349488,seed19962.png
-15.916162,-28.59244,seed19963.png
-6.4325457,-26.714678,seed19964.png
-22.455355,-21.385786,seed19965.png
-28.800592,2.8399458,seed19966.png
-29.374458,-10.304201,seed19967.png
-24.6286,-17.894121,seed19968.png
-25.608389,-20.850742,seed19969.png
-20.109472,-20.793043,seed1997.png
-18.289328,-17.989767,seed19970.png
13.093142,-7.6568093,seed19971.png
-18.607155,-29.843775,seed19972.png
15.613667,-1.34228,seed19973.png
-32.976337,10.777219,seed19974.png
1.6343997,24.868025,seed19975.png
15.80511,-6.934728,seed19976.png
6.213914,8.666089,seed19977.png
-27.699678,9.119477,seed19978.png
18.743029,23.18007,seed19979.png
-25.463778,-9.693135,seed1998.png
-29.44867,-2.5041978,seed19980.png
-32.053482,11.836768,seed19981.png
-2.9450796,19.115515,seed19982.png
-23.734152,-24.25319,seed19983.png
14.799067,27.866165,seed19984.png
-16.407555,1.2096089,seed19985.png
-35.55978,22.082954,seed19986.png
4.7502265,-8.48681,seed19987.png
-16.412117,-7.090339,seed19988.png
17.96689,22.560057,seed19989.png
11.425239,0.5699011,seed1999.png
-16.086504,-7.6927276,seed19990.png
-11.818959,-8.58573,seed19991.png
-18.011053,-25.151623,seed19992.png
10.288803,-27.414333,seed19993.png
17.239933,-34.537655,seed19994.png
29.948853,16.959593,seed19995.png
5.93078,16.923252,seed19996.png
3.4803736,-2.616757,seed19997.png
9.880348,-37.20382,seed19998.png
30.705801,5.5001755,seed19999.png
-12.298474,-10.24335,seed2000.png
15.420549,10.149775,seed20000.png
-24.454828,-20.288326,seed20001.png
22.845764,17.072844,seed20002.png
-32.213047,-5.7732263,seed20003.png
-11.348492,-15.178374,seed20004.png
27.776934,20.524754,seed20005.png
-20.689077,4.93991,seed20006.png
-32.68341,24.555273,seed20007.png
-2.51042,7.6659436,seed20008.png
16.623278,21.327564,seed20009.png
-3.3698006,-21.76432,seed2001.png
29.282307,18.17364,seed20010.png
21.344772,26.739122,seed20011.png
27.108532,11.537447,seed20012.png
9.8730345,21.25973,seed20013.png
-28.57818,-0.0057226047,seed20014.png
-13.3825655,5.8559833,seed20015.png
-32.932693,25.988312,seed20016.png
13.576146,12.092287,seed20017.png
38.3483,13.300533,seed20018.png
-34.22089,-7.2253137,seed20019.png
-24.430996,-8.376239,seed2002.png
6.9106035,4.0609245,seed20020.png
7.4616127,10.462493,seed20021.png
39.115917,6.845797,seed20022.png
-19.415548,8.218161,seed20023.png
-23.951544,19.212288,seed20024.png
-17.363,-21.6228,seed20025.png
7.2770867,-33.585163,seed20026.png
1.0762061,-21.087347,seed20027.png
-32.140583,-4.6136146,seed20028.png
19.73548,17.736355,seed20029.png
39.268036,15.941042,seed2003.png
-13.956302,-15.723162,seed20030.png
-31.398891,4.659243,seed20031.png
11.837047,-41.710457,seed20032.png
27.001854,8.092234,seed20033.png
35.335545,23.111074,seed20034.png
-23.740366,-12.626468,seed20035.png
23.991524,14.7229,seed20036.png
-30.120905,-12.5931015,seed20037.png
18.94923,19.443922,seed20038.png
32.654755,18.225754,seed20039.png
-19.644474,-2.8660007,seed2004.png
21.178905,9.659984,seed20040.png
37.42127,22.058422,seed20041.png
-32.731907,6.317635,seed20042.png
-27.038792,-12.874388,seed20043.png
13.817632,6.2004824,seed20044.png
-16.739046,-29.509298,seed20045.png
37.711525,19.325808,seed20046.png
-16.179096,-23.849031,seed20047.png
17.012293,25.986843,seed20048.png
-30.425571,-5.1311293,seed20049.png
-34.186558,22.75941,seed2005.png
-34.208015,12.629469,seed20050.png
1.8267756,-0.7526124,seed20051.png
18.80613,-5.108813,seed20052.png
37.02719,16.863062,seed20053.png
11.637061,-39.418777,seed20054.png
-20.93433,-1.5057164,seed20055.png
17.120537,27.866085,seed20056.png
-11.046339,-11.068634,seed20057.png
-15.68849,-29.400469,seed20058.png
24.903679,6.1635046,seed20059.png
16.835833,-7.251882,seed2006.png
-17.33811,-21.397537,seed20060.png
-16.15839,-3.3927093,seed20061.png
-33.44455,19.530766,seed20062.png
33.81205,12.877167,seed20063.png
-16.213795,0.3720243,seed20064.png
-20.266546,-18.222073,seed20065.png
-18.75554,9.376424,seed20066.png
1.9639854,24.402325,seed20067.png
19.421005,25.82505,seed20068.png
-3.647907,0.085134625,seed20069.png
-30.342348,15.091269,seed2007.png
37.989765,17.04647,seed20070.png
19.39022,-7.081558,seed20071.png
-35.48371,-1.741769,seed20072.png
37.920975,16.790663,seed20073.png
17.943264,13.80566,seed20074.png
12.682205,-38.812668,seed20075.png
1.0893495,11.279739,seed20076.png
3.1204748,-12.972898,seed20077.png
8.736221,3.7519464,seed20078.png
-23.858725,-13.781534,seed20079.png
28.488117,2.2154431,seed2008.png
15.837481,13.15882,seed20080.png
-10.87245,-19.492285,seed20081.png
-11.652313,-2.1961975,seed20082.png
20.816214,13.203807,seed20083.png
-9.226339,-30.3693,seed20084.png
22.219038,10.273771,seed20085.png
-21.162994,-19.742216,seed20086.png
-27.52272,-14.998386,seed20087.png
-29.032398,-1.8417462,seed20088.png
21.02966,4.193215,seed20089.png
-18.935299,-14.857839,seed2009.png
-21.914396,-5.2641044,seed20090.png
8.023664,4.377385,seed20091.png
24.354216,10.401915,seed20092.png
-11.103786,-13.060188,seed20093.png
-33.177334,8.654394,seed20094.png
-33.346977,22.578796,seed20095.png
31.111128,28.006466,seed20096.png
-14.303852,9.8649235,seed20097.png
-15.124509,0.31156996,seed20098.png
2.0624342,6.787978,seed20099.png
4.674965,18.777557,seed2010.png
14.399216,23.564228,seed20100.png
-19.447746,-25.135847,seed20101.png
-18.348837,-15.454715,seed20102.png
8.489395,-30.195047,seed20103.png
33.120712,21.195213,seed20104.png
-13.601608,-6.504065,seed20105.png
-32.172256,-5.31277,seed20106.png
-16.116148,-20.688463,seed20107.png
36.127083,21.165894,seed20108.png
34.698246,15.321158,seed20109.png
25.547981,13.936327,seed2011.png
6.55205,-28.101105,seed20110.png
27.21297,14.256225,seed20111.png
-24.5126,9.080541,seed20112.png
7.496419,8.69234,seed20113.png
-13.956873,-20.793491,seed20114.png
14.357403,22.718119,seed20115.png
13.698568,7.33613,seed20116.png
-37.270443,4.652809,seed20117.png
16.948006,-4.0638275,seed20118.png
8.55828,28.539465,seed20119.png
-9.052368,-22.807795,seed2012.png
14.2113905,-32.63262,seed20120.png
32.780334,22.089493,seed20121.png
2.3440242,21.379332,seed20122.png
-0.8624812,0.63745743,seed20123.png
5.129817,-5.3931613,seed20124.png
35.133858,7.4194894,seed20125.png
-6.944661,-26.876097,seed20126.png
7.3234634,-2.8007061,seed20127.png
6.1493006,20.949762,seed20128.png
-0.84990275,-25.05923,seed20129.png
34.829487,19.531738,seed2013.png
32.482452,4.7797837,seed20130.png
23.003443,-3.825641,seed20131.png
9.584878,15.781506,seed20132.png
-12.459672,-11.844214,seed20133.png
-29.7423,10.665634,seed20134.png
2.6011515,9.933957,seed20135.png
-12.942996,-18.028107,seed20136.png
9.339792,18.121199,seed20137.png
36.296005,4.9817805,seed20138.png
-6.1367216,-10.100592,seed20139.png
34.967846,9.898857,seed2014.png
35.376007,21.070965,seed20140.png
0.019726414,21.530962,seed20141.png
29.864237,5.8638616,seed20142.png
-0.18288481,0.7162301,seed20143.png
34.32726,25.862217,seed20144.png
8.517864,21.37337,seed20145.png
4.0286927,10.189497,seed20146.png
34.8037,13.55928,seed20147.png
25.406393,10.179861,seed20148.png
14.477511,23.89781,seed20149.png
36.67002,9.47666,seed2015.png
-27.619453,3.248146,seed20150.png
-2.21325,18.103033,seed20151.png
25.59879,7.3413806,seed20152.png
19.687174,2.9555886,seed20153.png
11.872171,23.810015,seed20154.png
6.4536047,-25.78602,seed20155.png
-15.241027,-21.265331,seed20156.png
8.402851,25.070623,seed20157.png
-17.60595,-10.14418,seed20158.png
27.456886,0.09718478,seed20159.png
19.43569,21.987274,seed2016.png
14.229875,-35.20798,seed20160.png
-21.5159,-27.174683,seed20161.png
-18.606174,-24.001944,seed20162.png
-19.717726,11.363408,seed20163.png
30.02453,6.5436144,seed20164.png
-17.988274,14.96636,seed20165.png
16.742697,21.93783,seed20166.png
-19.324144,-2.0698717,seed20167.png
-15.851646,-30.12672,seed20168.png
5.2368274,-34.397717,seed20169.png
-19.037209,-22.94792,seed2017.png
14.137014,-33.09272,seed20170.png
29.056217,10.62319,seed20171.png
1.240169,21.374859,seed20172.png
-9.745157,5.3466883,seed20173.png
-21.882639,-1.1019765,seed20174.png
24.923426,4.3185,seed20175.png
-32.671425,11.982979,seed20176.png
10.929448,-2.2494838,seed20177.png
-29.221577,-1.5844333,seed20178.png
-16.881926,-5.044888,seed20179.png
22.252039,-4.1557097,seed2018.png
-13.061063,-25.31093,seed20180.png
-7.9966345,-9.385536,seed20181.png
-17.755411,-3.7872822,seed20182.png
36.54764,13.902639,seed20183.png
-36.05054,15.123824,seed20184.png
-15.619564,-8.284108,seed20185.png
-27.618572,2.3679976,seed20186.png
11.471488,14.960436,seed20187.png
24.224474,-0.19681026,seed20188.png
13.856771,19.276794,seed20189.png
34.41802,26.922804,seed2019.png
9.12675,12.405375,seed20190.png
12.43583,26.091902,seed20191.png
34.368202,26.831827,seed20192.png
-1.6911801,-11.795546,seed20193.png
-32.455788,26.265457,seed20194.png
12.45518,27.780869,seed20195.png
31.662098,28.04298,seed20196.png
-22.628378,-28.335653,seed20197.png
-25.701975,2.549225,seed20198.png
10.909407,15.1257105,seed20199.png
-27.023155,7.376506,seed2020.png
-20.453308,-21.33275,seed20200.png
1.5689391,-13.9195385,seed20201.png
35.812714,8.403818,seed20202.png
31.02612,26.609858,seed20203.png
27.932962,27.87917,seed20204.png
-0.62021327,25.919199,seed20205.png
-13.621478,5.8710914,seed20206.png
6.3724093,19.881857,seed20207.png
-11.091669,-29.861315,seed20208.png
21.396662,19.50576,seed20209.png
9.65962,6.031734,seed2021.png
-25.176975,11.73687,seed20210.png
-10.411768,-20.451546,seed20211.png
-25.987793,-8.982513,seed20212.png
10.52178,-25.464695,seed20213.png
24.65759,14.184823,seed20214.png
15.600377,-36.149914,seed20215.png
-31.536074,14.434605,seed20216.png
20.264616,-4.3740087,seed20217.png
5.501844,6.918933,seed20218.png
-38.423046,25.754221,seed20219.png
-7.687987,9.154309,seed2022.png
-32.40079,13.036136,seed20220.png
-30.3491,14.473876,seed20221.png
-11.105198,-17.525442,seed20222.png
14.200185,19.124287,seed20223.png
-21.702595,0.19407141,seed20224.png
-22.593853,-10.986195,seed20225.png
4.453236,-31.546803,seed20226.png
11.084517,-39.39466,seed20227.png
3.8689804,-28.54729,seed20228.png
-25.563185,6.8529873,seed20229.png
32.01034,3.321619,seed2023.png
36.100235,13.19721,seed20230.png
13.747546,24.254942,seed20231.png
-13.307819,-32.53428,seed20232.png
-18.676847,-20.201824,seed20233.png
9.122708,-27.359838,seed20234.png
13.502605,-7.481616,seed20235.png
-15.259655,0.74513876,seed20236.png
-30.66315,23.678265,seed20237.png
-17.510141,11.3095455,seed20238.png
13.070418,-21.77346,seed20239.png
-31.952644,12.660239,seed2024.png
-33.222977,-9.332478,seed20240.png
8.787563,-40.573025,seed20241.png
-19.63413,11.194067,seed20242.png
-31.619883,-0.86687535,seed20243.png
9.311478,-12.326611,seed20244.png
1.8775578,-1.9555824,seed20245.png
33.781113,12.192368,seed20246.png
-16.00904,-28.222227,seed20247.png
14.25977,-13.616596,seed20248.png
4.731124,-27.312326,seed20249.png
16.236555,-34.67632,seed2025.png
-29.66501,8.357247,seed20250.png
8.537722,-38.59237,seed20251.png
10.516114,-4.9086866,seed20252.png
36.670338,19.425186,seed20253.png
14.094044,21.790495,seed20254.png
2.2206566,23.35848,seed20255.png
2.1844037,10.015165,seed20256.png
-6.6525764,8.506636,seed20257.png
2.5922947,-14.253163,seed20258.png
27.669361,12.149125,seed20259.png
-21.719023,-8.007264,seed2026.png
-33.81409,22.097124,seed20260.png
18.382362,25.196947,seed20261.png
26.328554,2.5589,seed20262.png
11.5600815,1.0584278,seed20263.png
-21.539131,-21.535156,seed20264.png
-31.65689,2.255057,seed20265.png
18.381443,9.910239,seed20266.png
-13.352934,-28.002705,seed20267.png
-15.3496475,-6.2421594,seed20268.png
29.200897,9.461984,seed20269.png
9.780049,21.83286,seed2027.png
-35.577374,18.359493,seed20270.png
-9.495923,-19.361177,seed20271.png
-8.913112,-27.807852,seed20272.png
18.626162,24.56955,seed20273.png
18.671148,25.512136,seed20274.png
-17.154284,-30.800346,seed20275.png
33.024734,13.37771,seed20276.png
28.641247,15.501029,seed20277.png
-33.803444,18.07351,seed20278.png
7.764344,8.141974,seed20279.png
-12.731701,-0.8552055,seed2028.png
-21.247898,-17.710205,seed20280.png
18.00328,19.809656,seed20281.png
37.09399,7.8385086,seed20282.png
-6.897957,10.600174,seed20283.png
26.779957,6.34572,seed20284.png
-15.152545,6.566083,seed20285.png
6.973875,20.02295,seed20286.png
16.143263,-33.386723,seed20287.png
14.12184,-35.33807,seed20288.png
-3.3731174,-10.291937,seed20289.png
-19.039589,-26.11639,seed2029.png
-28.857008,13.047447,seed20290.png
-8.360915,-26.306627,seed20291.png
31.993563,26.374262,seed20292.png
10.501597,-32.091587,seed20293.png
38.117477,21.431057,seed20294.png
14.375008,-36.648464,seed20295.png
-22.020012,-6.3695536,seed20296.png
13.894346,-32.573494,seed20297.png
-16.253534,7.3024845,seed20298.png
7.4849563,-31.440258,seed20299.png
-22.62312,0.52710927,seed2030.png
11.860434,-42.664474,seed20300.png
-2.8382902,-1.6331584,seed20301.png
0.6829145,22.48368,seed20302.png
-22.92621,-5.7668486,seed20303.png
16.47384,-34.133934,seed20304.png
13.490028,16.705727,seed20305.png
-28.876766,-5.944034,seed20306.png
7.526495,-28.20611,seed20307.png
27.11261,2.6553068,seed20308.png
7.873449,-26.781786,seed20309.png
2.2232473,-0.9819197,seed2031.png
24.00977,12.889745,seed20310.png
-16.9977,8.065943,seed20311.png
-9.764691,-4.4648714,seed20312.png
-34.38855,27.373856,seed20313.png
-31.973915,19.647764,seed20314.png
-8.560718,-11.504432,seed20315.png
17.19851,3.5415342,seed20316.png
9.850422,-35.794884,seed20317.png
-20.06699,-31.4898,seed20318.png
32.364784,7.485079,seed20319.png
-19.099134,-7.6343775,seed2032.png
32.402786,19.003399,seed20320.png
13.802173,-5.3328767,seed20321.png
-34.915756,13.18152,seed20322.png
10.766553,28.31656,seed20323.png
29.396896,14.157924,seed20324.png
18.505188,-2.467202,seed20325.png
23.090908,-3.434049,seed20326.png
7.140197,-41.38166,seed20327.png
20.438778,17.717213,seed20328.png
31.299736,15.616387,seed20329.png
21.753555,25.192896,seed2033.png
-15.203426,-13.820798,seed20330.png
18.348104,-5.8923206,seed20331.png
37.25384,19.44088,seed20332.png
-25.024637,-9.134477,seed20333.png
15.749116,11.734496,seed20334.png
20.919592,18.996212,seed20335.png
-9.79464,-7.7812257,seed20336.png
-27.059607,-12.12224,seed20337.png
35.198463,11.859746,seed20338.png
7.2281713,14.99906,seed20339.png
-19.380068,13.043729,seed2034.png
11.501034,-30.858952,seed20340.png
-12.0108595,-24.82593,seed20341.png
-29.75788,15.231125,seed20342.png
42.214157,20.739231,seed20343.png
-14.45599,-25.104807,seed20344.png
25.726152,13.604462,seed20345.png
10.91457,-28.152681,seed20346.png
9.028155,5.8515215,seed20347.png
27.771229,19.224192,seed20348.png
-18.537657,5.880668,seed20349.png
-16.163893,-7.032296,seed2035.png
-11.488665,-11.820687,seed20350.png
-5.199423,8.893881,seed20351.png
35.79762,26.538528,seed20352.png
8.569659,12.714976,seed20353.png
22.794096,5.548483,seed20354.png
32.34162,12.64597,seed20355.png
23.33087,15.532984,seed20356.png
-32.532352,20.28187,seed20357.png
24.397444,23.117931,seed20358.png
-26.665749,13.079035,seed20359.png
-17.421408,-9.155105,seed2036.png
-7.3334947,-11.179122,seed20360.png
-8.650234,-10.846207,seed20361.png
10.245053,-42.501663,seed20362.png
27.737677,4.362852,seed20363.png
-32.25071,1.5603638,seed20364.png
7.4847436,24.379683,seed20365.png
6.1328177,15.765138,seed20366.png
13.631423,-38.48361,seed20367.png
-19.231834,10.35354,seed20368.png
8.142275,-3.9490302,seed20369.png
13.098462,-29.17614,seed2037.png
-24.1886,18.198322,seed20370.png
-10.405151,-26.339306,seed20371.png
6.2924013,4.833355,seed20372.png
27.478317,6.786855,seed20373.png
24.202312,22.210505,seed20374.png
24.25493,8.855775,seed20375.png
-23.770582,-4.20976,seed20376.png
13.482853,-1.2836779,seed20377.png
26.011822,-7.9297843,seed20378.png
6.0300837,4.071964,seed20379.png
-1.1855485,0.5225594,seed2038.png
16.053942,-0.82039064,seed20380.png
19.86868,16.1635,seed20381.png
-20.960894,13.49756,seed20382.png
-15.882897,-27.706213,seed20383.png
-19.342833,-1.5216243,seed20384.png
7.6996026,-6.550858,seed20385.png
-3.1721382,-14.0640545,seed20386.png
21.37744,26.056303,seed20387.png
-12.148552,-2.628061,seed20388.png
17.71313,-9.73273,seed20389.png
7.862116,3.6120124,seed2039.png
0.4046995,17.73565,seed20390.png
13.658895,14.734336,seed20391.png
33.988464,8.58651,seed20392.png
6.1604795,10.556458,seed20393.png
16.518747,29.12949,seed20394.png
-18.82461,-13.924375,seed20395.png
7.354606,-23.207758,seed20396.png
13.411792,-32.021233,seed20397.png
8.145385,-4.0369754,seed20398.png
0.9419327,-30.684448,seed20399.png
41.356873,20.643177,seed2040.png
17.790905,18.020966,seed20400.png
-1.6196133,-14.958201,seed20401.png
10.9138775,-36.54574,seed20402.png
-29.4741,-8.614671,seed20403.png
-28.26909,-19.922476,seed20404.png
34.308365,21.2528,seed20405.png
4.933751,24.834225,seed20406.png
-7.6696544,-12.28552,seed20407.png
17.623041,4.985567,seed20408.png
-25.943424,10.592719,seed20409.png
-22.194496,16.31543,seed2041.png
-21.202824,-23.865374,seed20410.png
30.705433,9.297532,seed20411.png
-13.762447,-27.841908,seed20412.png
28.938969,20.71282,seed20413.png
9.647575,-0.035379134,seed20414.png
34.84664,14.363919,seed20415.png
13.265436,-36.442463,seed20416.png
17.824492,24.350016,seed20417.png
37.712215,24.845757,seed20418.png
-11.45715,-28.025568,seed20419.png
12.790254,-32.80238,seed2042.png
30.59976,27.602205,seed20420.png
-21.17979,-20.040579,seed20421.png
35.7526,27.128042,seed20422.png
5.2421846,-24.946907,seed20423.png
25.195856,6.7052836,seed20424.png
35.824413,7.098669,seed20425.png
9.200304,-37.928425,seed20426.png
1.2566558,-13.949641,seed20427.png
35.5967,27.324791,seed20428.png
16.280836,-38.149757,seed20429.png
1.6462879,12.8238535,seed2043.png
-32.70001,-8.912527,seed20430.png
-25.238611,-24.202425,seed20431.png
-31.815132,26.302515,seed20432.png
33.497513,4.876603,seed20433.png
-21.24545,-11.848126,seed20434.png
13.942888,25.386698,seed20435.png
-16.262346,-27.361792,seed20436.png
22.381424,8.703973,seed20437.png
-22.982485,-3.898993,seed20438.png
13.723585,-33.317677,seed20439.png
19.41098,-8.224359,seed2044.png
29.918898,12.9435835,seed20440.png
-26.70883,9.989101,seed20441.png
-29.5686,-18.95219,seed20442.png
9.573641,10.908161,seed20443.png
-21.225574,-12.3007965,seed20444.png
-34.71411,-1.0177455,seed20445.png
7.59298,9.7455845,seed20446.png
-27.161695,10.461626,seed20447.png
-36.60963,23.553946,seed20448.png
10.450083,-26.056448,seed20449.png
23.139233,21.212132,seed2045.png
8.057922,-30.174994,seed20450.png
-4.6108694,15.891905,seed20451.png
-17.37604,-17.67586,seed20452.png
-9.982173,-25.43323,seed20453.png
14.612678,23.12423,seed20454.png
-19.777105,-14.489523,seed20455.png
-18.325083,-25.404295,seed20456.png
41.902065,17.071278,seed20457.png
24.642216,-9.219617,seed20458.png
-6.6045647,-8.870345,seed20459.png
34.855694,7.937134,seed2046.png
6.080064,-37.375782,seed20460.png
-22.799978,-16.8025,seed20461.png
-17.721586,-22.281994,seed20462.png
17.854048,22.281479,seed20463.png
4.531107,24.895176,seed20464.png
37.426453,25.282286,seed20465.png
31.321243,1.1085806,seed20466.png
-22.931084,-16.563356,seed20467.png
2.277519,13.608927,seed20468.png
-20.867659,0.80832684,seed20469.png
-12.545844,-18.158522,seed2047.png
-18.697163,5.9543657,seed20470.png
30.745716,28.279232,seed20471.png
7.6519227,4.7448535,seed20472.png
4.630461,11.473846,seed20473.png
-18.927916,10.430787,seed20474.png
9.637123,8.259596,seed20475.png
24.70759,3.015472,seed20476.png
-24.571741,-20.001308,seed20477.png
-25.47469,-23.397985,seed20478.png
-19.502642,-25.612667,seed20479.png
20.277617,1.5452046,seed2048.png
-16.330261,-23.726887,seed20480.png
41.585255,19.586424,seed20481.png
-34.08721,1.9695759,seed20482.png
12.987548,-0.4318499,seed20483.png
10.850863,6.3496733,seed20484.png
-32.94385,24.769333,seed20485.png
-1.2440577,-17.872622,seed20486.png
24.48371,-5.3345165,seed20487.png
-27.9017,-8.624466,seed20488.png
12.743407,-24.215172,seed20489.png
16.776712,-10.042453,seed2049.png
16.40667,21.95868,seed20490.png
-18.011257,-3.6123357,seed20491.png
15.500589,-35.20058,seed20492.png
30.944946,8.019621,seed20493.png
12.75061,17.318785,seed20494.png
17.260801,0.21611258,seed20495.png
12.510838,28.036451,seed20496.png
-30.513788,13.295036,seed20497.png
10.398808,5.1285715,seed20498.png
-16.18234,-14.340922,seed20499.png
-25.394075,-19.045301,seed2050.png
-37.812576,20.773676,seed20500.png
-14.115706,6.1699243,seed20501.png
-0.565237,24.189205,seed20502.png
10.281911,28.430323,seed20503.png
35.242237,11.234984,seed20504.png
-21.004608,-25.867453,seed20505.png
23.097649,20.50683,seed20506.png
-13.256129,0.21071468,seed20507.png
-27.378258,-2.2606754,seed20508.png
-22.077562,20.36109,seed20509.png
-21.23554,-23.615173,seed2051.png
0.39982176,13.466888,seed20510.png
34.64048,21.582237,seed20511.png
23.59215,22.251215,seed20512.png
26.469713,10.247526,seed20513.png
7.0707355,-0.41284725,seed20514.png
23.506134,11.612984,seed20515.png
-21.843407,-28.179184,seed20516.png
29.914473,13.999338,seed20517.png
-32.57598,4.288344,seed20518.png
-21.303625,20.289402,seed20519.png
-19.066725,-31.668547,seed2052.png
-33.156357,20.877539,seed20520.png
11.58871,-43.309864,seed20521.png
22.063728,18.952806,seed20522.png
-23.397387,-4.2808294,seed20523.png
7.9650416,2.9471018,seed20524.png
-33.5954,17.937572,seed20525.png
-0.6776344,-18.167517,seed20526.png
9.044634,29.886425,seed20527.png
0.60243,-18.907757,seed20528.png
15.619537,-1.1122141,seed20529.png
-22.295832,-6.4773536,seed2053.png
-25.891277,-19.369257,seed20530.png
20.739809,14.713832,seed20531.png
-23.180685,9.100243,seed20532.png
16.76709,1.2582719,seed20533.png
9.106107,-37.32908,seed20534.png
36.541317,20.42711,seed20535.png
-35.68994,6.837539,seed20536.png
-6.6875305,-21.905584,seed20537.png
-3.0946736,7.988036,seed20538.png
37.157078,20.103117,seed20539.png
-19.876532,-10.511412,seed2054.png
-5.907268,13.652032,seed20540.png
5.810827,14.040312,seed20541.png
-26.730114,11.535736,seed20542.png
-11.153692,-26.83137,seed20543.png
16.74363,-34.664463,seed20544.png
23.905888,13.824318,seed20545.png
7.63796,24.761303,seed20546.png
11.220442,2.8892274,seed20547.png
-12.900062,-26.100737,seed20548.png
20.736267,16.88237,seed20549.png
-21.89675,4.454453,seed2055.png
12.41832,-3.6110601,seed20550.png
-16.46082,6.658148,seed20551.png
-21.698935,3.5058124,seed20552.png
-19.012615,8.3354435,seed20553.png
3.6778684,19.254864,seed20554.png
19.956047,15.858428,seed20555.png
33.3717,12.5992985,seed20556.png
-0.13529995,-7.016303,seed20557.png
0.6733129,22.253351,seed20558.png
31.449083,27.17048,seed20559.png
-27.382477,-8.816134,seed2056.png
-7.7760696,-23.743248,seed20560.png
-24.637165,7.026799,seed20561.png
4.2503667,11.095929,seed20562.png
-17.614944,-11.856112,seed20563.png
13.416707,-12.720595,seed20564.png
13.838476,16.483862,seed20565.png
5.47276,6.5549746,seed20566.png
31.906473,26.569508,seed20567.png
22.068893,2.9870002,seed20568.png
13.939177,27.776285,seed20569.png
-12.946271,-24.117256,seed2057.png
8.874002,2.9191577,seed20570.png
15.807975,6.528086,seed20571.png
-3.796377,-17.0255,seed20572.png
28.825348,12.378385,seed20573.png
13.308248,12.599003,seed20574.png
26.919954,15.723688,seed20575.png
33.866585,26.26351,seed20576.png
10.292501,-41.039734,seed20577.png
4.13017,-6.534365,seed20578.png
-10.389161,-1.5501113,seed20579.png
0.9775217,4.584487,seed2058.png
-3.2538397,-10.558587,seed20580.png
-14.345138,-18.567602,seed20581.png
-20.658974,-21.409487,seed20582.png
24.20245,22.375425,seed20583.png
6.512254,-37.599705,seed20584.png
26.158976,13.07875,seed20585.png
15.521323,4.0396276,seed20586.png
-21.39296,-7.2164764,seed20587.png
12.420606,4.2911034,seed20588.png
-22.854078,18.828583,seed20589.png
-28.861946,17.250795,seed2059.png
25.416376,0.4880277,seed20590.png
-22.21359,-27.349688,seed20591.png
-7.4594893,-11.060557,seed20592.png
-18.543621,0.5917893,seed20593.png
4.9976044,6.9057326,seed20594.png
-26.792118,-20.542528,seed20595.png
-20.88814,-28.591755,seed20596.png
-13.36951,4.6851187,seed20597.png
10.715747,-5.183448,seed20598.png
20.376123,16.979387,seed20599.png
-5.378148,-7.1827893,seed2060.png
-24.788288,8.377509,seed20600.png
9.121717,1.0936828,seed20601.png
-7.5238147,0.64974153,seed20602.png
-35.160603,12.678366,seed20603.png
-14.968773,-16.80554,seed20604.png
4.220683,22.853956,seed20605.png
-29.545467,21.219446,seed20606.png
-22.170029,-2.357792,seed20607.png
21.974817,22.025833,seed20608.png
15.127827,21.070414,seed20609.png
-31.771856,10.535551,seed2061.png
23.639729,15.194626,seed20610.png
34.86203,12.767397,seed20611.png
-24.052782,-13.911568,seed20612.png
14.33145,23.832031,seed20613.png
9.629906,-2.621265,seed20614.png
28.737467,5.379461,seed20615.png
33.292202,8.8206835,seed20616.png
36.292942,11.438596,seed20617.png
21.16001,-8.224072,seed20618.png
7.3657045,12.275543,seed20619.png
-30.21545,-9.898013,seed2062.png
18.921526,7.9591117,seed20620.png
-30.201727,-12.467302,seed20621.png
-25.855764,-13.920588,seed20622.png
20.893227,9.515541,seed20623.png
-9.4692,-3.5420787,seed20624.png
-3.0261967,-14.174183,seed20625.png
-19.51262,11.785947,seed20626.png
-2.6273477,19.414284,seed20627.png
-16.568893,-23.65104,seed20628.png
13.551364,-23.6332,seed20629.png
-26.486134,-13.70866,seed2063.png
12.625749,-39.035744,seed20630.png
-19.721586,-10.953093,seed20631.png
15.194161,19.157938,seed20632.png
-28.338213,1.4698651,seed20633.png
-13.973431,-21.630829,seed20634.png
-35.439453,27.039473,seed20635.png
3.234988,-1.8853116,seed20636.png
26.126617,22.394487,seed20637.png
-0.1830317,-17.496412,seed20638.png
-18.580866,-4.99334,seed20639.png
-20.515232,-3.3479316,seed2064.png
-28.369987,-15.412601,seed20640.png
-33.00028,23.800793,seed20641.png
29.948305,13.617121,seed20642.png
13.918342,-0.41496828,seed20643.png
-29.695517,11.207556,seed20644.png
-6.839621,-21.205725,seed20645.png
16.985424,3.7056346,seed20646.png
16.179155,4.262575,seed20647.png
-30.697989,9.4792595,seed20648.png
32.04281,28.816147,seed20649.png
-10.709134,-14.920773,seed2065.png
-20.059467,-19.626575,seed20650.png
-17.012304,-27.692257,seed20651.png
-9.928648,-18.892885,seed20652.png
26.893599,16.319735,seed20653.png
23.716747,5.2610626,seed20654.png
13.298554,-8.276874,seed20655.png
29.040909,6.7346992,seed20656.png
-7.5917363,-0.556929,seed20657.png
-13.976929,-11.430073,seed20658.png
-24.170443,15.330818,seed20659.png
-25.22567,14.73409,seed2066.png
10.95217,25.893467,seed20660.png
-17.455364,-20.639399,seed20661.png
-24.181456,4.8604555,seed20662.png
-34.26196,-3.4517374,seed20663.png
20.689388,-0.22891167,seed20664.png
5.2492056,-33.720924,seed20665.png
10.388107,-41.598763,seed20666.png
-24.282757,-2.3094263,seed20667.png
-0.6731263,-12.634755,seed20668.png
-12.217633,-14.240842,seed20669.png
16.131828,8.374067,seed2067.png
16.582386,-37.60947,seed20670.png
7.9870906,-0.4250761,seed20671.png
-24.644627,-8.012116,seed20672.png
5.4414425,19.647661,seed20673.png
-17.301981,-26.618725,seed20674.png
-26.661724,14.454813,seed20675.png
19.7193,21.107573,seed20676.png
15.141394,26.020004,seed20677.png
3.7582548,15.997523,seed20678.png
-24.219564,-19.970177,seed20679.png
2.4067714,-33.166836,seed2068.png
-11.71813,6.631363,seed20680.png
4.764181,18.86183,seed20681.png
19.653845,22.268764,seed20682.png
-19.061636,-10.270463,seed20683.png
-11.277451,-13.4391,seed20684.png
31.156698,26.192629,seed20685.png
11.379869,-10.066439,seed20686.png
16.477087,7.5475445,seed20687.png
-22.187977,15.013799,seed20688.png
-17.136717,-11.917482,seed20689.png
35.417133,19.138283,seed2069.png
25.763264,22.562597,seed20690.png
-24.67701,-14.429612,seed20691.png
-33.571964,21.925337,seed20692.png
4.1841683,17.520391,seed20693.png
-27.305576,-21.006987,seed20694.png
-33.904312,-4.0392623,seed20695.png
-30.940361,20.263313,seed20696.png
31.621468,19.993622,seed20697.png
-24.870323,-0.7282507,seed20698.png
-15.271682,-22.479614,seed20699.png
10.246933,-6.6090875,seed2070.png
29.827694,7.697872,seed20700.png
-15.20523,-28.68984,seed20701.png
-9.953006,-16.425236,seed20702.png
34.19482,3.6744435,seed20703.png
-23.026447,-11.588868,seed20704.png
-8.247953,-5.793374,seed20705.png
3.0201776,-10.174582,seed20706.png
-2.0044985,-8.7082615,seed20707.png
7.685244,-40.112873,seed20708.png
-22.137592,7.608052,seed20709.png
34.672543,2.7260776,seed2071.png
5.248448,18.49883,seed20710.png
-28.147503,-0.31731817,seed20711.png
28.730812,26.8834,seed20712.png
2.5112867,-22.683163,seed20713.png
23.412437,4.9567027,seed20714.png
-2.313915,18.927036,seed20715.png
3.046901,14.487325,seed20716.png
4.6207757,18.578936,seed20717.png
-30.26915,-3.179562,seed20718.png
-32.978115,-6.3846006,seed20719.png
5.2824793,23.163994,seed2072.png
9.388542,29.248606,seed20720.png
34.87672,13.867212,seed20721.png
10.917652,-42.46649,seed20722.png
-33.564285,23.282307,seed20723.png
3.3515172,10.63361,seed20724.png
-32.266617,19.01479,seed20725.png
29.871712,16.843458,seed20726.png
-20.334116,-14.988146,seed20727.png
7.1079288,15.589757,seed20728.png
19.976254,-7.1869497,seed20729.png
5.9089584,-7.580253,seed2073.png
36.57217,26.282118,seed20730.png
25.819153,-6.8877916,seed20731.png
-16.82558,-12.411527,seed20732.png
-1.7935741,-11.074556,seed20733.png
14.283256,-11.922715,seed20734.png
6.673967,15.696637,seed20735.png
29.029533,7.4238434,seed20736.png
32.628735,9.180162,seed20737.png
-16.317184,-10.852039,seed20738.png
27.892265,17.807371,seed20739.png
-28.942799,-12.899543,seed2074.png
37.099667,22.963383,seed20740.png
32.59846,10.786984,seed20741.png
-31.791422,22.757862,seed20742.png
27.62202,6.9659305,seed20743.png
-33.166046,19.417456,seed20744.png
17.141487,24.087421,seed20745.png
-22.170635,18.279512,seed20746.png
6.0200434,-0.18050915,seed20747.png
-23.56815,-24.722403,seed20748.png
-28.973648,3.3234565,seed20749.png
-25.791527,-14.879123,seed2075.png
25.737368,12.487581,seed20750.png
6.884519,-39.042267,seed20751.png
-32.46031,14.146441,seed20752.png
11.273004,5.75921,seed20753.png
-23.378002,12.858542,seed20754.png
13.085546,-8.311753,seed20755.png
-16.562147,9.31239,seed20756.png
4.685694,4.483826,seed20757.png
8.533527,14.682002,seed20758.png
23.960083,-3.6884644,seed20759.png
8.984485,29.862522,seed2076.png
30.392706,6.5374665,seed20760.png
-21.285517,-2.168156,seed20761.png
-31.5062,18.395237,seed20762.png
-5.972658,-11.516682,seed20763.png
-27.32783,10.549065,seed20764.png
27.557034,18.538368,seed20765.png
31.650434,18.248934,seed20766.png
-33.4476,-2.4891315,seed20767.png
-14.307032,3.4115064,seed20768.png
-31.169357,22.291666,seed20769.png
-15.014449,-18.632074,seed2077.png
0.45124888,19.169724,seed20770.png
13.501174,-2.0222988,seed20771.png
-25.514063,-14.3245945,seed20772.png
-25.065157,-10.342717,seed20773.png
-36.94606,22.008419,seed20774.png
-9.5276985,-27.41221,seed20775.png
-25.61965,-0.31863376,seed20776.png
22.022211,19.353777,seed20777.png
-20.558987,11.2890415,seed20778.png
-7.5643096,-9.330585,seed20779.png
-15.242121,-12.62128,seed2078.png
-22.655571,14.084338,seed20780.png
-17.151344,-29.384499,seed20781.png
9.422312,-27.121645,seed20782.png
-20.924784,7.2299905,seed20783.png
-19.196526,5.5676007,seed20784.png
-9.5477,-22.437988,seed20785.png
31.856365,9.734301,seed20786.png
36.19737,11.71228,seed20787.png
26.893747,12.763799,seed20788.png
-13.350315,-29.059793,seed20789.png
9.661854,29.78205,seed2079.png
24.928623,6.0707664,seed20790.png
18.173634,-0.00041876573,seed20791.png
28.524008,26.049187,seed20792.png
14.6313715,27.823503,seed20793.png
14.735052,-3.2910473,seed20794.png
2.1035,14.410748,seed20795.png
19.436903,9.594998,seed20796.png
-12.253967,-23.84429,seed20797.png
6.2680783,-6.921485,seed20798.png
-6.9703307,-7.2937083,seed20799.png
4.5682817,4.0892606,seed2080.png
2.4882607,-3.304946,seed20800.png
7.19316,10.373935,seed20801.png
-29.043255,8.436844,seed20802.png
-29.566689,1.9485414,seed20803.png
-15.553432,-6.9732704,seed20804.png
28.224934,3.3957748,seed20805.png
-31.187895,-9.005327,seed20806.png
-13.81718,-8.677741,seed20807.png
-25.794878,-4.493805,seed20808.png
35.956696,24.620344,seed20809.png
38.101532,23.622417,seed2081.png
36.3577,10.168288,seed20810.png
-24.685318,6.248307,seed20811.png
-17.293446,-12.477883,seed20812.png
-29.207972,9.9154415,seed20813.png
3.392029,22.949419,seed20814.png
-31.677534,14.252068,seed20815.png
-23.68611,-1.1273361,seed20816.png
34.143555,26.271969,seed20817.png
-2.143535,15.635841,seed20818.png
-17.920372,-20.629055,seed20819.png
-5.9277325,15.235793,seed2082.png
9.022222,0.08343717,seed20820.png
-33.863167,-9.111228,seed20821.png
8.783297,25.300644,seed20822.png
17.664005,28.766708,seed20823.png
15.288874,1.8204684,seed20824.png
1.7667514,-14.020908,seed20825.png
-26.824284,-0.08432811,seed20826.png
-21.855452,-12.033706,seed20827.png
12.839242,-26.58057,seed20828.png
17.62956,10.492363,seed20829.png
16.50259,6.4867673,seed2083.png
6.2528324,-33.71573,seed20830.png
15.8873,23.287315,seed20831.png
-1.5438561,19.123322,seed20832.png
-21.287338,-15.932751,seed20833.png
5.342747,-2.4001017,seed20834.png
-30.423891,5.8326983,seed20835.png
9.000204,8.140525,seed20836.png
-22.768908,16.99769,seed20837.png
-20.65298,6.915426,seed20838.png
22.010233,-7.8422446,seed20839.png
8.102372,-37.25806,seed2084.png
-31.80448,2.0527005,seed20840.png
-13.821787,-6.029366,seed20841.png
31.242107,11.701852,seed20842.png
-26.915623,2.446599,seed20843.png
-27.498203,13.841821,seed20844.png
-22.165846,14.002971,seed20845.png
15.6762495,13.692464,seed20846.png
-7.4013233,-9.892688,seed20847.png
11.528676,-40.177887,seed20848.png
-28.24342,6.5139008,seed20849.png
1.4169803,-30.080523,seed2085.png
17.490479,14.272476,seed20850.png
-21.27124,-17.009062,seed20851.png
2.8420854,14.085233,seed20852.png
-9.919377,-16.089819,seed20853.png
-29.050077,3.9372005,seed20854.png
29.607607,10.453685,seed20855.png
8.168463,22.372143,seed20856.png
-18.052496,-17.538025,seed20857.png
-21.794043,-4.1513743,seed20858.png
38.36987,18.02737,seed20859.png
19.380491,5.41652,seed2086.png
6.8460894,9.367705,seed20860.png
-14.41287,-23.671139,seed20861.png
-33.39405,4.259215,seed20862.png
-20.384546,-7.223994,seed20863.png
24.502926,16.789131,seed20864.png
-14.49274,-13.211716,seed20865.png
14.06294,-10.229972,seed20866.png
-13.73172,-1.9229202,seed20867.png
-30.79041,5.99103,seed20868.png
5.619179,23.791634,seed20869.png
16.902514,21.732313,seed2087.png
-20.960585,-23.274286,seed20870.png
-22.100851,-13.677834,seed20871.png
-37.459953,-4.239051,seed20872.png
-32.14486,-10.240849,seed20873.png
29.742369,-0.41989836,seed20874.png
-6.851298,-6.835564,seed20875.png
21.828043,-8.049861,seed20876.png
-10.384577,-14.1233015,seed20877.png
-10.864971,-23.96754,seed20878.png
34.096035,27.848886,seed20879.png
-13.256152,-27.192503,seed2088.png
-18.075909,-17.76515,seed20880.png
-10.377794,-10.2332945,seed20881.png
22.527498,2.3656697,seed20882.png
-31.020044,6.1064386,seed20883.png
-35.108,17.91789,seed20884.png
-16.789955,-1.2067735,seed20885.png
30.442055,26.862614,seed20886.png
31.329102,13.338868,seed20887.png
-7.674408,-21.335146,seed20888.png
20.640392,-4.5965276,seed20889.png
-25.153025,-22.417507,seed2089.png
41.12585,20.783943,seed20890.png
25.709345,8.697626,seed20891.png
25.2159,3.1882036,seed20892.png
-26.260172,-14.002457,seed20893.png
22.221357,2.991509,seed20894.png
-27.648397,-8.315821,seed20895.png
-18.316673,-4.6649036,seed20896.png
29.827232,3.598395,seed20897.png
19.819923,1.4172468,seed20898.png
18.642181,-2.7887924,seed20899.png
-32.97149,11.20665,seed2090.png
-13.306279,-17.015182,seed20900.png
-26.052858,-7.2418447,seed20901.png
-30.944431,-8.062851,seed20902.png
-6.631563,-7.2628226,seed20903.png
-17.465586,-19.701654,seed20904.png
-21.241026,12.609146,seed20905.png
4.063264,-28.363579,seed20906.png
7.1902575,-25.944088,seed20907.png
-17.883743,-15.796503,seed20908.png
-37.87079,25.607916,seed20909.png
0.33913785,20.124098,seed2091.png
30.686165,13.601839,seed20910.png
-26.434278,-17.41492,seed20911.png
-20.767176,-21.970003,seed20912.png
-31.112976,12.051003,seed20913.png
0.4771217,7.4212646,seed20914.png
-26.438957,-5.5447574,seed20915.png
-2.7459316,-25.743877,seed20916.png
4.831961,1.2990335,seed20917.png
9.830818,-32.380466,seed20918.png
-24.902948,-19.981678,seed20919.png
-21.433237,-8.297952,seed2092.png
19.815626,22.839155,seed20920.png
-20.044456,-19.657871,seed20921.png
11.379822,7.474599,seed20922.png
15.493636,-36.979214,seed20923.png
-9.195901,-18.462847,seed20924.png
-19.789318,-3.3067882,seed20925.png
-25.694931,-21.803791,seed20926.png
-27.119345,9.202814,seed20927.png
-26.80248,8.232008,seed20928.png
-1.4121238,-18.490646,seed20929.png
-33.455917,12.283022,seed2093.png
-32.4029,21.456877,seed20930.png
10.654658,28.253578,seed20931.png
9.18937,-27.964102,seed20932.png
-25.196323,14.174143,seed20933.png
-22.478815,-17.679934,seed20934.png
40.56313,20.306532,seed20935.png
-19.792381,-25.786034,seed20936.png
-21.363546,-20.772287,seed20937.png
23.095676,2.5462375,seed20938.png
25.323578,2.1069238,seed20939.png
14.537492,16.871008,seed2094.png
-19.489458,-12.654436,seed20940.png
18.35924,-3.2665098,seed20941.png
-6.7494717,-7.517639,seed20942.png
0.555064,23.202347,seed20943.png
-25.980139,-7.0224624,seed20944.png
-20.629747,7.4269032,seed20945.png
9.6458235,2.7740598,seed20946.png
-20.210785,-27.06555,seed20947.png
15.174833,-3.8091028,seed20948.png
-32.184765,25.960665,seed20949.png
8.979317,11.59865,seed2095.png
-1.7091098,4.3321733,seed20950.png
-16.103123,-28.491398,seed20951.png
18.04319,15.213548,seed20952.png
3.6774933,-25.429924,seed20953.png
-32.559147,-7.95328,seed20954.png
12.274728,-0.06828056,seed20955.png
33.659817,16.453043,seed20956.png
-22.743502,-9.043025,seed20957.png
10.696161,27.476294,seed20958.png
3.5864675,-36.0713,seed20959.png
26.779116,-3.9713404,seed2096.png
10.682985,-24.442575,seed20960.png
15.633942,-38.660995,seed20961.png
17.517624,-5.392843,seed20962.png
38.36263,6.5626388,seed20963.png
10.7604065,29.077492,seed20964.png
-23.57554,11.105778,seed20965.png
19.199715,22.193346,seed20966.png
-33.334576,15.197009,seed20967.png
34.262646,11.052464,seed20968.png
-24.662394,5.3016963,seed20969.png
-21.519327,6.5600834,seed2097.png
34.847702,24.088787,seed20970.png
-5.9444995,-17.041248,seed20971.png
4.676967,-14.711834,seed20972.png
-3.3568938,9.407067,seed20973.png
8.773389,-28.86228,seed20974.png
-20.010231,5.9305577,seed20975.png
30.761583,12.466886,seed20976.png
13.628391,28.666862,seed20977.png
14.794703,-5.4294934,seed20978.png
-23.054754,5.8100276,seed20979.png
30.748995,4.926116,seed2098.png
-23.007416,-23.512617,seed20980.png
-17.862267,2.1052415,seed20981.png
-16.027103,-11.506834,seed20982.png
15.315314,10.780469,seed20983.png
13.735741,2.331295,seed20984.png
-28.511822,22.546808,seed20985.png
-21.267305,-5.473703,seed20986.png
-25.489372,-11.333262,seed20987.png
9.62283,-8.219146,seed20988.png
37.0938,13.620189,seed20989.png
-11.633533,-23.578617,seed2099.png
-31.170105,12.232447,seed20990.png
19.385502,3.7723916,seed20991.png
35.7454,11.901349,seed20992.png
16.319054,26.90436,seed20993.png
-22.3242,-4.6147943,seed20994.png
-25.998888,0.23388845,seed20995.png
-8.737338,-9.450475,seed20996.png
0.37014982,-17.928892,seed20997.png
4.792179,7.5276847,seed20998.png
-31.58857,9.960028,seed20999.png
-28.794895,16.855116,seed2100.png
7.969157,-24.388187,seed21000.png
18.191973,20.576616,seed21001.png
-12.726975,-12.090181,seed21002.png
38.027336,23.316376,seed21003.png
-18.388063,10.281508,seed21004.png
16.698956,-34.98734,seed21005.png
-25.700922,15.664241,seed21006.png
-3.7953248,-17.756527,seed21007.png
29.390347,12.587679,seed21008.png
17.355612,13.142766,seed21009.png
22.871727,21.32365,seed2101.png
-35.234066,11.533057,seed21010.png
1.4787493,-0.38092,seed21011.png
-2.0755384,-12.760935,seed21012.png
-11.481329,-10.101346,seed21013.png
24.125862,10.175995,seed21014.png
15.307799,18.322704,seed21015.png
-26.219797,3.4609091,seed21016.png
0.6386756,21.123833,seed21017.png
-15.951895,-10.7362795,seed21018.png
32.221535,5.356755,seed21019.png
37.12099,17.76506,seed2102.png
-13.912203,-9.001634,seed21020.png
22.750273,1.9388659,seed21021.png
-24.419245,-20.206102,seed21022.png
-27.966026,-5.3810825,seed21023.png
-20.992683,-29.720137,seed21024.png
5.7341037,-10.091441,seed21025.png
-20.415722,6.2892876,seed21026.png
11.730802,24.63524,seed21027.png
24.777205,-7.4749556,seed21028.png
0.3006853,14.654558,seed21029.png
-19.962496,-1.2599719,seed2103.png
8.815517,-12.742224,seed21030.png
-13.77616,-14.838761,seed21031.png
29.434124,10.354308,seed21032.png
30.558998,3.6515791,seed21033.png
-8.427027,17.13017,seed21034.png
30.908062,3.5121214,seed21035.png
13.237491,28.000662,seed21036.png
-17.727945,-16.175285,seed21037.png
11.28027,-6.668455,seed21038.png
14.922722,-2.964634,seed21039.png
-33.03087,9.822096,seed2104.png
23.754583,13.130921,seed21040.png
-2.8486683,-8.857802,seed21041.png
9.851018,-37.745613,seed21042.png
-11.149499,5.5125566,seed21043.png
-11.822709,-20.307676,seed21044.png
25.280378,12.915004,seed21045.png
15.740101,14.73593,seed21046.png
38.257244,18.122408,seed21047.png
-21.353226,-6.063239,seed21048.png
-18.492874,-18.371845,seed21049.png
27.917683,18.824371,seed2105.png
-19.232765,-24.871939,seed21050.png
-34.03867,11.660642,seed21051.png
-18.222826,0.25819936,seed21052.png
-19.578321,15.172149,seed21053.png
13.225088,-35.409275,seed21054.png
28.758102,29.217272,seed21055.png
27.807468,21.97025,seed21056.png
11.362179,22.5038,seed21057.png
-22.198275,15.490801,seed21058.png
-21.117208,2.495548,seed21059.png
-24.026686,-11.737939,seed2106.png
12.070696,1.5428643,seed21060.png
15.449457,-11.800144,seed21061.png
-2.0222595,18.386854,seed21062.png
-29.394932,-17.64568,seed21063.png
15.248523,-29.843166,seed21064.png
-25.718903,-2.838385,seed21065.png
38.131004,20.996601,seed21066.png
9.26373,-19.741884,seed21067.png
-14.205007,-23.335203,seed21068.png
-13.837553,-15.320722,seed21069.png
13.9793825,2.1585002,seed2107.png
38.096607,22.064243,seed21070.png
-12.407131,3.475792,seed21071.png
38.360428,15.701357,seed21072.png
-1.0250143,12.229676,seed21073.png
11.445735,19.308659,seed21074.png
-12.306984,-22.587395,seed21075.png
17.66403,-8.900318,seed21076.png
32.40328,17.013968,seed21077.png
-0.20648131,-8.531477,seed21078.png
-27.856726,-10.854188,seed21079.png
-18.450466,-1.0962979,seed2108.png
-22.962059,-16.420824,seed21080.png
-0.31701934,-13.41839,seed21081.png
18.15145,11.743391,seed21082.png
-20.692833,-25.790268,seed21083.png
8.482524,13.248168,seed21084.png
7.176884,-25.66542,seed21085.png
21.855062,7.6322713,seed21086.png
12.481315,13.984231,seed21087.png
6.1702085,-26.334202,seed21088.png
-16.872654,-14.937919,seed21089.png
-33.713966,21.109493,seed2109.png
18.946444,5.2218604,seed21090.png
-17.909828,-2.5632663,seed21091.png
-25.234936,6.7150245,seed21092.png
15.240551,28.993397,seed21093.png
-26.637775,10.55882,seed21094.png
19.824278,1.8300602,seed21095.png
16.82531,-33.60197,seed21096.png
-17.86481,-3.7709792,seed21097.png
26.317913,29.093037,seed21098.png
16.016605,-2.5743656,seed21099.png
19.339758,-4.2251067,seed2110.png
-10.496067,-26.652525,seed21100.png
-21.86593,9.782722,seed21101.png
-14.495501,-21.255686,seed21102.png
-22.03197,-12.512998,seed21103.png
16.399591,7.6478086,seed21104.png
40.744186,22.012135,seed21105.png
3.077286,4.560827,seed21106.png
-19.389875,-13.337375,seed21107.png
16.483578,8.598053,seed21108.png
-5.131106,-19.15161,seed21109.png
10.342946,7.8238044,seed2111.png
30.607298,14.128665,seed21110.png
-12.446961,-0.5458687,seed21111.png
31.034958,9.78964,seed21112.png
-23.29232,-17.833176,seed21113.png
-32.552586,-11.844563,seed21114.png
2.9054978,25.709599,seed21115.png
34.00138,27.52957,seed21116.png
-12.70651,-4.4642634,seed21117.png
-11.483882,-26.314865,seed21118.png
29.525717,11.354528,seed21119.png
-1.7821339,22.128366,seed2112.png
13.852164,-40.74339,seed21120.png
-13.007212,-16.01104,seed21121.png
-29.795948,7.752907,seed21122.png
3.7848372,11.930662,seed21123.png
10.638202,-21.71217,seed21124.png
-31.866625,23.51915,seed21125.png
-7.908742,-10.903231,seed21126.png
3.567935,-5.423074,seed21127.png
-9.354479,-5.451913,seed21128.png
-4.6141043,-17.995481,seed21129.png
4.6247196,-1.2236447,seed2113.png
-18.303934,-1.625033,seed21130.png
-10.386023,12.047002,seed21131.png
28.621023,24.973034,seed21132.png
18.542303,1.1142313,seed21133.png
-31.032213,24.302406,seed21134.png
19.41933,24.304483,seed21135.png
18.29681,19.736765,seed21136.png
-18.466043,-1.7944641,seed21137.png
-25.450123,-18.988892,seed21138.png
-23.766157,14.393124,seed21139.png
-30.221704,-4.292386,seed2114.png
40.203445,16.368406,seed21140.png
11.197273,-4.990258,seed21141.png
34.256805,11.751222,seed21142.png
-26.49988,4.8750854,seed21143.png
-32.72911,24.682714,seed21144.png
-19.507109,0.67510664,seed21145.png
32.896217,10.901188,seed21146.png
11.180224,-42.136868,seed21147.png
32.99163,13.166983,seed21148.png
17.053505,-35.5636,seed21149.png
21.580069,-5.100818,seed2115.png
10.329596,-0.06385813,seed21150.png
-31.90524,18.719944,seed21151.png
-25.544954,-20.407738,seed21152.png
33.958584,20.394123,seed21153.png
-13.386228,-3.031362,seed21154.png
23.79041,19.941547,seed21155.png
-12.023822,2.2037828,seed21156.png
-17.639307,-29.431849,seed21157.png
-30.416763,17.324762,seed21158.png
26.42157,20.21673,seed21159.png
3.7622616,-33.046738,seed2116.png
-21.408443,-1.2010909,seed21160.png
18.08293,23.586956,seed21161.png
33.98475,16.328886,seed21162.png
3.3304086,13.656799,seed21163.png
-15.11274,-31.324345,seed21164.png
17.722656,5.0473037,seed21165.png
-8.084092,-6.016732,seed21166.png
24.30218,8.488748,seed21167.png
5.6547523,-36.63084,seed21168.png
18.9586,1.4954797,seed21169.png
-19.29164,9.398596,seed2117.png
-16.891521,-26.2853,seed21170.png
0.5447324,25.321928,seed21171.png
-13.961196,-1.9025503,seed21172.png
-21.891632,-12.222745,seed21173.png
-23.834534,-4.3833203,seed21174.png
23.782618,15.019953,seed21175.png
8.018531,-38.606407,seed21176.png
-30.626734,12.474231,seed21177.png
16.83871,-9.256136,seed21178.png
9.7395,22.786911,seed21179.png
-22.334785,15.331997,seed2118.png
3.4315336,-29.895954,seed21180.png
-19.629438,15.1161,seed21181.png
27.196772,26.453938,seed21182.png
-17.31717,-3.3446894,seed21183.png
14.390758,26.791346,seed21184.png
6.3986626,-5.7752724,seed21185.png
-15.4777155,0.07935339,seed21186.png
30.979227,16.135834,seed21187.png
4.110906,-34.394276,seed21188.png
12.020978,-11.441086,seed21189.png
34.30628,10.9588175,seed2119.png
4.595652,24.055569,seed21190.png
-26.03255,-17.230265,seed21191.png
-15.455164,-0.84620166,seed21192.png
35.965336,22.88149,seed21193.png
-12.814322,-9.990177,seed21194.png
-36.238464,17.687952,seed21195.png
11.149485,-5.7246394,seed21196.png
-19.666105,4.561097,seed21197.png
33.498764,7.7921886,seed21198.png
-16.15507,-9.2720175,seed21199.png
7.8915105,-37.02523,seed2120.png
-10.698082,-26.0011,seed21200.png
1.5179578,14.280809,seed21201.png
-11.725548,-25.025646,seed21202.png
-15.517409,-11.202027,seed21203.png
18.938448,23.453709,seed21204.png
7.68026,-33.507137,seed21205.png
22.09674,-5.9179296,seed21206.png
-16.666489,-19.173193,seed21207.png
3.6903143,10.858771,seed21208.png
-32.568584,5.207033,seed21209.png
-21.42895,-18.101198,seed2121.png
-20.129877,-17.739063,seed21210.png
-20.436895,15.494791,seed21211.png
11.018652,-35.57864,seed21212.png
0.6943152,-22.378935,seed21213.png
18.45867,-6.2366977,seed21214.png
15.230009,11.118868,seed21215.png
14.863735,13.551143,seed21216.png
-29.61154,-0.361394,seed21217.png
-15.156668,5.993613,seed21218.png
10.82911,15.799752,seed21219.png
-24.291443,-12.542061,seed2122.png
-25.074867,-4.100883,seed21220.png
-20.284819,-7.3027086,seed21221.png
36.144085,21.576014,seed21222.png
-30.152643,15.214747,seed21223.png
23.446379,19.891743,seed21224.png
25.793756,12.590897,seed21225.png
26.08742,19.599709,seed21226.png
19.864767,17.52765,seed21227.png
-2.6935523,20.62658,seed21228.png
-13.617565,-7.140218,seed21229.png
-2.7528417,-13.740683,seed2123.png
-11.562231,-18.131529,seed21230.png
11.576353,-8.499259,seed21231.png
29.447317,13.25931,seed21232.png
18.239498,25.597582,seed21233.png
14.596241,-33.035492,seed21234.png
-24.490032,-5.497662,seed21235.png
-29.148731,-0.6251979,seed21236.png
33.70604,8.707544,seed21237.png
9.8742075,27.295992,seed21238.png
2.4414248,-29.321047,seed21239.png
35.386528,25.368612,seed2124.png
-13.615913,-16.258795,seed21240.png
-25.827824,7.449311,seed21241.png
13.436014,-3.3866231,seed21242.png
9.928466,-33.506424,seed21243.png
6.646694,5.1774793,seed21244.png
-31.875078,8.004872,seed21245.png
11.104826,14.599353,seed21246.png
39.262135,24.290815,seed21247.png
-20.121952,-21.102844,seed21248.png
-32.218456,25.92009,seed21249.png
-31.319643,-12.682476,seed2125.png
-33.86417,19.14793,seed21250.png
-27.27945,-9.823708,seed21251.png
-24.17806,-26.649801,seed21252.png
-19.339384,-14.530761,seed21253.png
-35.14178,3.274579,seed21254.png
-17.33509,-19.532602,seed21255.png
26.390156,0.19236498,seed21256.png
4.4211316,-32.19355,seed21257.png
3.7977095,-32.08937,seed21258.png
42.3803,17.89678,seed21259.png
-21.682407,-26.588125,seed2126.png
33.66535,19.567902,seed21260.png
-16.143991,7.1248927,seed21261.png
33.00006,12.051883,seed21262.png
-23.677185,-18.696886,seed21263.png
-2.7405024,-12.014884,seed21264.png
-21.448965,18.9115,seed21265.png
24.332773,3.4202914,seed21266.png
14.6471405,20.467129,seed21267.png
10.327466,-6.209333,seed21268.png
-35.825188,26.823065,seed21269.png
-16.659515,-19.281837,seed2127.png
-12.481461,9.353823,seed21270.png
29.20508,25.49167,seed21271.png
34.28843,18.332773,seed21272.png
15.124486,-35.156124,seed21273.png
33.79265,26.749325,seed21274.png
10.384423,21.351156,seed21275.png
-21.504211,6.5346527,seed21276.png
1.8033029,11.13291,seed21277.png
33.309162,21.176825,seed21278.png
-10.587578,-28.71763,seed21279.png
11.98998,1.848582,seed2128.png
6.3005443,-25.790943,seed21280.png
-32.97291,23.32452,seed21281.png
12.582688,25.754574,seed21282.png
-27.5148,-0.7435865,seed21283.png
33.888515,20.053698,seed21284.png
40.327377,21.26904,seed21285.png
12.484503,-33.647312,seed21286.png
-28.435308,4.096583,seed21287.png
-17.001617,-25.097422,seed21288.png
2.9149811,16.371468,seed21289.png
10.027065,-38.626526,seed2129.png
0.12831365,20.310196,seed21290.png
-32.521233,14.884857,seed21291.png
24.413134,13.087775,seed21292.png
15.477418,-34.917908,seed21293.png
12.996924,-22.854961,seed21294.png
14.848378,3.7825077,seed21295.png
-16.834198,-17.032444,seed21296.png
-0.77051365,21.513311,seed21297.png
8.184187,4.461616,seed21298.png
-17.12835,5.0179963,seed21299.png
-15.1931715,-31.108398,seed2130.png
22.699465,18.588749,seed21300.png
24.44487,1.6842599,seed21301.png
-9.268134,-17.54734,seed21302.png
5.6783977,-37.85332,seed21303.png
12.069766,-42.629894,seed21304.png
7.8821254,-8.290238,seed21305.png
-26.72589,-20.350323,seed21306.png
-23.038612,-12.374002,seed21307.png
4.9620214,9.8419485,seed21308.png
8.134753,-35.826668,seed21309.png
9.707129,-37.403755,seed2131.png
-10.838822,-23.761526,seed21310.png
-2.2429912,-4.679826,seed21311.png
-24.525732,6.714143,seed21312.png
-23.217632,-27.758501,seed21313.png
-10.810481,-27.920204,seed21314.png
20.34033,-2.2329597,seed21315.png
9.594531,-1.9590646,seed21316.png
-15.741645,-13.375069,seed21317.png
10.269821,8.531879,seed21318.png
36.5246,15.631717,seed21319.png
-38.36975,21.727785,seed2132.png
23.547026,12.592926,seed21320.png
26.105412,0.33946225,seed21321.png
-0.0048139226,14.354506,seed21322.png
33.63687,15.884098,seed21323.png
-18.216734,-3.7736888,seed21324.png
13.816726,22.945492,seed21325.png
19.4457,-3.4664943,seed21326.png
-21.67118,6.2651777,seed21327.png
-14.672843,2.89458,seed21328.png
-26.169489,14.405447,seed21329.png
10.93581,-32.01427,seed2133.png
-28.228731,-13.218475,seed21330.png
-15.125593,-10.575501,seed21331.png
-24.698135,4.4283056,seed21332.png
-32.375217,22.745512,seed21333.png
33.368828,24.500826,seed21334.png
10.8657675,22.200247,seed21335.png
34.59197,28.069967,seed21336.png
7.8018885,-5.767591,seed21337.png
-10.278629,-8.11063,seed21338.png
25.19422,2.7552943,seed21339.png
-22.830036,4.6720123,seed2134.png
-23.673056,-27.609314,seed21340.png
-10.0270815,-28.317213,seed21341.png
7.402391,-38.54371,seed21342.png
-17.219378,-28.30897,seed21343.png
-15.439228,-20.998796,seed21344.png
19.370916,-2.3160605,seed21345.png
35.065014,23.236883,seed21346.png
-23.160803,-11.054322,seed21347.png
-12.15466,11.687668,seed21348.png
14.204377,-1.1543348,seed21349.png
20.521032,-10.68963,seed2135.png
-28.746439,5.1851587,seed21350.png
-5.9527454,-7.368802,seed21351.png
13.879187,-3.4312294,seed21352.png
-13.017895,5.168616,seed21353.png
-5.658316,-1.4915679,seed21354.png
30.064651,7.179872,seed21355.png
-8.971655,-22.89658,seed21356.png
1.032229,-0.53224176,seed21357.png
-16.726034,11.819068,seed21358.png
24.786541,3.460656,seed21359.png
-35.028748,6.5687265,seed2136.png
29.866642,14.14192,seed21360.png
-22.644506,5.0622964,seed21361.png
21.320185,12.115021,seed21362.png
10.283825,-22.699732,seed21363.png
-9.8989,6.0894117,seed21364.png
24.25033,19.864307,seed21365.png
-12.504949,-12.8998995,seed21366.png
-26.718725,-11.020878,seed21367.png
-27.37633,6.949706,seed21368.png
7.078473,-24.121965,seed21369.png
3.9884758,20.526247,seed2137.png
-20.56546,-14.77425,seed21370.png
31.32269,29.89723,seed21371.png
-17.208117,-27.258232,seed21372.png
-3.8317175,-1.9428918,seed21373.png
-28.868511,-15.697887,seed21374.png
-3.9166555,-15.780362,seed21375.png
3.3953264,-30.432882,seed21376.png
32.65704,19.889166,seed21377.png
-30.217293,-9.219887,seed21378.png
19.015018,13.44486,seed21379.png
-21.647743,-12.162132,seed2138.png
-15.980529,-0.06494996,seed21380.png
22.64923,2.281008,seed21381.png
39.002533,7.1189575,seed21382.png
-35.49,18.331524,seed21383.png
13.107489,14.430873,seed21384.png
8.363286,-33.110867,seed21385.png
-19.586605,-24.79052,seed21386.png
27.386663,-4.294704,seed21387.png
21.104204,10.364525,seed21388.png
6.964798,-6.006413,seed21389.png
-25.814411,-20.753067,seed2139.png
12.094623,-35.079403,seed21390.png
-16.283707,-9.449666,seed21391.png
-30.670559,14.85016,seed21392.png
-10.291473,-23.821577,seed21393.png
-20.027863,-27.81193,seed21394.png
-33.942593,16.201431,seed21395.png
35.33105,22.14585,seed21396.png
-33.85568,20.59028,seed21397.png
7.458957,-39.86507,seed21398.png
-35.525677,7.4693894,seed21399.png
-20.30093,-9.1648245,seed2140.png
-26.709698,9.915136,seed21400.png
35.45363,15.2221775,seed21401.png
-9.916143,-0.81014484,seed21402.png
26.586254,7.900063,seed21403.png
10.956247,26.958569,seed21404.png
13.936235,-3.3935888,seed21405.png
6.858122,-31.298454,seed21406.png
29.251667,22.761593,seed21407.png
-22.271397,-12.131748,seed21408.png
15.444379,-1.8050834,seed21409.png
-26.075338,-12.48658,seed2141.png
16.325766,-32.686802,seed21410.png
-5.996485,-27.123163,seed21411.png
27.265104,6.203551,seed21412.png
-2.969304,14.837495,seed21413.png
7.6022744,6.9699626,seed21414.png
-24.19841,-12.611744,seed21415.png
22.982012,26.76028,seed21416.png
22.093077,15.245121,seed21417.png
-15.06634,-10.556915,seed21418.png
10.926655,-43.460575,seed21419.png
41.302322,19.926682,seed2142.png
-34.811455,6.069247,seed21420.png
-6.3798323,-25.066816,seed21421.png
0.12845871,4.4896984,seed21422.png
39.575874,24.994091,seed21423.png
15.195343,-8.974197,seed21424.png
-19.730717,-13.018147,seed21425.png
-12.289295,-8.291296,seed21426.png
9.365602,29.62013,seed21427.png
20.57963,19.301231,seed21428.png
-23.270111,12.092489,seed21429.png
-6.4706025,10.041766,seed2143.png
-15.593938,2.8235652,seed21430.png
-32.973366,-11.714962,seed21431.png
7.310395,7.2054186,seed21432.png
14.701871,15.64548,seed21433.png
33.71549,27.135994,seed21434.png
-32.288986,2.50455,seed21435.png
-21.391884,-14.787767,seed21436.png
-26.62703,-4.6039195,seed21437.png
8.278625,-9.948809,seed21438.png
14.454879,-4.489077,seed21439.png
17.349226,23.708357,seed2144.png
18.957958,15.677961,seed21440.png
13.20333,-34.077667,seed21441.png
8.191311,-22.812063,seed21442.png
-25.238579,10.462204,seed21443.png
-14.214107,-24.335028,seed21444.png
13.435681,1.9503754,seed21445.png
11.491476,1.8124133,seed21446.png
4.0339503,8.213627,seed21447.png
-4.864254,-19.685148,seed21448.png
-19.571514,-2.0881464,seed21449.png
16.63787,20.669077,seed2145.png
20.03911,-0.08532404,seed21450.png
23.66059,15.003476,seed21451.png
-21.42735,20.325594,seed21452.png
-32.762558,5.8966866,seed21453.png
3.7535505,5.617233,seed21454.png
-33.527752,4.049727,seed21455.png
33.61041,21.77229,seed21456.png
-28.105118,-11.622566,seed21457.png
-20.691938,-29.53389,seed21458.png
31.56368,10.844486,seed21459.png
5.037079,-32.54698,seed2146.png
26.416975,16.551569,seed21460.png
0.811372,20.89826,seed21461.png
17.709284,20.371431,seed21462.png
-20.349426,9.126477,seed21463.png
-23.007303,14.306105,seed21464.png
-0.3152155,-12.9285345,seed21465.png
-10.597073,-14.797428,seed21466.png
-20.15036,-31.744646,seed21467.png
-32.4448,14.714768,seed21468.png
27.978235,11.049984,seed21469.png
-2.2670615,-6.0110016,seed2147.png
7.259987,-28.452288,seed21470.png
31.661404,1.111849,seed21471.png
1.946126,-9.996389,seed21472.png
-2.0434918,-16.836632,seed21473.png
25.761246,7.4081864,seed21474.png
19.406454,11.954568,seed21475.png
-7.7614613,-15.616499,seed21476.png
35.523647,14.637515,seed21477.png
16.29886,-33.246326,seed21478.png
-28.417551,-16.99108,seed21479.png
-19.00624,-11.951767,seed2148.png
-0.08780414,6.866505,seed21480.png
-26.617054,-10.216626,seed21481.png
-26.47861,15.956545,seed21482.png
24.511333,12.11389,seed21483.png
25.532598,4.5111732,seed21484.png
-0.32223713,19.052074,seed21485.png
-6.7556634,2.0424159,seed21486.png
-31.874842,-9.981425,seed21487.png
10.736819,-42.81825,seed21488.png
13.473789,-2.2952657,seed21489.png
33.46819,9.346655,seed2149.png
-23.406235,-3.740555,seed21490.png
37.386387,11.6122,seed21491.png
6.0980325,-3.0152693,seed21492.png
26.44011,18.263792,seed21493.png
-18.016628,-8.411944,seed21494.png
-24.38705,0.56508136,seed21495.png
9.235802,-34.21351,seed21496.png
16.896753,26.897888,seed21497.png
-15.055598,-3.4983768,seed21498.png
-16.545471,13.447604,seed21499.png
-3.9535155,-25.210567,seed2150.png
2.9965382,-27.049334,seed21500.png
11.385372,-40.82336,seed21501.png
-18.664877,-1.666873,seed21502.png
-11.041559,-24.594053,seed21503.png
13.0945425,23.312443,seed21504.png
16.013748,-36.132504,seed21505.png
-14.931825,-16.733904,seed21506.png
20.384737,3.6553955,seed21507.png
10.519623,9.52781,seed21508.png
-14.514652,-12.518141,seed21509.png
-18.029928,-32.59034,seed2151.png
-17.183897,5.6602116,seed21510.png
3.9662187,21.594534,seed21511.png
-22.227243,9.761003,seed21512.png
3.2267988,20.698637,seed21513.png
2.3130815,-30.656584,seed21514.png
11.94946,-36.26811,seed21515.png
16.636894,-2.3862827,seed21516.png
-28.923325,-8.198738,seed21517.png
-3.7966459,-12.1746645,seed21518.png
23.052591,2.4028301,seed21519.png
-7.760869,-9.457823,seed2152.png
28.053226,10.987666,seed21520.png
-12.528289,-17.784414,seed21521.png
1.7717671,23.167593,seed21522.png
24.177532,9.878506,seed21523.png
-12.813774,-17.217396,seed21524.png
10.500532,-39.262123,seed21525.png
-7.0845118,-11.158868,seed21526.png
22.696985,-2.8318176,seed21527.png
21.482529,12.383298,seed21528.png
-20.09118,-28.690584,seed21529.png
-34.537033,0.18675396,seed2153.png
8.954143,-27.129974,seed21530.png
-19.917427,-5.9377637,seed21531.png
5.5053697,9.6975975,seed21532.png
4.5903378,-3.6539545,seed21533.png
13.959333,2.2021134,seed21534.png
29.384747,24.28276,seed21535.png
-9.826241,-29.330647,seed21536.png
-15.107717,-26.91402,seed21537.png
-32.610214,24.186293,seed21538.png
-15.374424,3.7932727,seed21539.png
26.370106,23.391743,seed2154.png
-16.714893,-13.631526,seed21540.png
-19.070631,-7.69067,seed21541.png
12.598017,18.853146,seed21542.png
12.606136,25.665691,seed21543.png
9.703278,25.21161,seed21544.png
17.033756,-9.386625,seed21545.png
7.5622396,11.016443,seed21546.png
25.331501,-1.8917884,seed21547.png
-19.089602,-27.88219,seed21548.png
-10.513346,-12.784021,seed21549.png
-27.707453,-17.060343,seed2155.png
-22.90039,8.40784,seed21550.png
30.855616,-0.22034465,seed21551.png
-14.709834,-27.43647,seed21552.png
31.208036,27.952944,seed21553.png
-23.331558,19.302614,seed21554.png
-22.713274,-16.013344,seed21555.png
-13.243628,-25.972263,seed21556.png
-32.48348,22.459044,seed21557.png
-25.726864,5.624941,seed21558.png
-13.074671,-6.5454607,seed21559.png
16.043497,-33.657078,seed2156.png
-29.317848,-21.104141,seed21560.png
7.4505143,4.4281383,seed21561.png
-29.361767,17.379921,seed21562.png
36.997826,8.091151,seed21563.png
-28.7041,-13.260777,seed21564.png
6.660851,6.21907,seed21565.png
-27.222378,13.820689,seed21566.png
-24.922577,3.0794458,seed21567.png
23.58232,0.26580834,seed21568.png
6.2954197,19.696173,seed21569.png
-21.47276,19.876013,seed2157.png
-11.748079,-10.85624,seed21570.png
13.811261,-15.872876,seed21571.png
-0.46253705,8.798972,seed21572.png
14.45438,4.2018547,seed21573.png
28.959944,11.250276,seed21574.png
-1.4256644,-0.19708712,seed21575.png
17.55994,21.24774,seed21576.png
-12.640566,5.04126,seed21577.png
-0.024103051,-18.550093,seed21578.png
17.609718,15.062711,seed21579.png
-34.232517,22.104101,seed2158.png
-16.937628,3.9330955,seed21580.png
-32.893387,19.438662,seed21581.png
15.52029,-1.248588,seed21582.png
28.464413,-1.3050894,seed21583.png
-30.475945,18.17233,seed21584.png
23.688593,24.777433,seed21585.png
-1.6000009,16.255445,seed21586.png
-13.908327,-23.905346,seed21587.png
-16.798183,-31.959549,seed21588.png
36.333153,15.515435,seed21589.png
-28.910898,-6.9922957,seed2159.png
27.427187,10.646925,seed21590.png
-27.654129,2.7461975,seed21591.png
-31.158384,10.50717,seed21592.png
10.003744,-25.632029,seed21593.png
12.0757475,20.948307,seed21594.png
-22.662949,-6.881241,seed21595.png
-12.061742,-7.746741,seed21596.png
6.141733,-40.386353,seed21597.png
-16.084333,-14.147291,seed21598.png
19.986914,-2.8649392,seed21599.png
12.448349,-40.98271,seed2160.png
-26.207678,-7.1321697,seed21600.png
-16.372107,-24.064709,seed21601.png
14.411025,-39.3901,seed21602.png
-11.444859,-8.86407,seed21603.png
-17.920189,2.9215314,seed21604.png
-36.11466,10.987275,seed21605.png
14.444023,-31.472704,seed21606.png
1.9100504,-27.31887,seed21607.png
-24.55014,-4.2643213,seed21608.png
13.095114,10.842133,seed21609.png
18.544191,17.866613,seed2161.png
-34.507042,-0.8432931,seed21610.png
14.366692,-40.133663,seed21611.png
-25.945543,-14.509848,seed21612.png
13.269179,12.247341,seed21613.png
29.79835,24.545012,seed21614.png
15.007618,18.295778,seed21615.png
8.610607,-41.4324,seed21616.png
34.136425,8.50525,seed21617.png
37.896717,12.228789,seed21618.png
-6.880787,-23.379261,seed21619.png
-23.84515,-23.041285,seed2162.png
18.563824,-7.428121,seed21620.png
-10.479602,2.8428605,seed21621.png
-2.5118964,-13.905111,seed21622.png
-21.99146,20.039824,seed21623.png
12.407443,2.8407779,seed21624.png
14.685361,-35.086838,seed21625.png
33.547264,22.490526,seed21626.png
2.97802,10.494621,seed21627.png
35.024876,25.553675,seed21628.png
-2.7593102,-12.271543,seed21629.png
-18.91642,8.254189,seed2163.png
-25.65235,12.333961,seed21630.png
-21.50463,17.90888,seed21631.png
-13.536429,-27.112263,seed21632.png
-21.767159,1.3192072,seed21633.png
9.147203,6.949688,seed21634.png
-11.448822,-26.727222,seed21635.png
26.028389,14.051945,seed21636.png
-27.336231,-15.310411,seed21637.png
28.608717,8.914081,seed21638.png
-7.963496,5.1204967,seed21639.png
33.7305,24.577925,seed2164.png
-19.64937,7.355486,seed21640.png
-0.21792315,-10.613775,seed21641.png
24.256813,9.082895,seed21642.png
-21.28397,2.005418,seed21643.png
-29.484972,9.162892,seed21644.png
31.250929,9.721238,seed21645.png
-21.837328,-18.264048,seed21646.png
-8.538588,2.4400775,seed21647.png
-18.527096,14.808896,seed21648.png
5.639514,6.258704,seed21649.png
31.670565,29.328506,seed2165.png
-9.673999,-1.5010282,seed21650.png
22.402332,-5.4416385,seed21651.png
25.928993,10.022502,seed21652.png
18.450733,14.284265,seed21653.png
-31.744135,24.314827,seed21654.png
12.799712,-41.52478,seed21655.png
19.811882,-9.486637,seed21656.png
-30.64065,-12.743129,seed21657.png
-26.039217,-26.221798,seed21658.png
8.269098,3.3374043,seed21659.png
5.317615,1.2645155,seed2166.png
-27.125078,-22.641554,seed21660.png
34.050518,6.799209,seed21661.png
8.92501,14.125556,seed21662.png
15.514352,8.387868,seed21663.png
10.053133,0.6477298,seed21664.png
-15.060449,-22.138187,seed21665.png
-1.2798805,24.944202,seed21666.png
15.730464,7.532983,seed21667.png
10.761066,28.67668,seed21668.png
2.781492,-1.551768,seed21669.png
-13.945083,0.55661297,seed2167.png
3.2960703,-35.420975,seed21670.png
14.549112,27.808458,seed21671.png
0.021610798,5.378348,seed21672.png
-32.141853,11.55211,seed21673.png
15.277688,13.043259,seed21674.png
21.364357,7.0912766,seed21675.png
-20.941872,-26.36661,seed21676.png
-17.636135,-13.9269285,seed21677.png
29.67151,26.696009,seed21678.png
-12.976446,1.746243,seed21679.png
-22.2576,2.5533204,seed2168.png
-17.352476,3.5667205,seed21680.png
37.465427,24.061417,seed21681.png
1.2779583,9.911558,seed21682.png
-25.36517,0.54790586,seed21683.png
8.46466,-38.199768,seed21684.png
-11.920317,-10.881566,seed21685.png
-1.7387769,-17.31835,seed21686.png
11.842323,-30.13264,seed21687.png
26.602736,14.507313,seed21688.png
-31.750652,12.89348,seed21689.png
18.527319,8.990053,seed2169.png
-11.139814,-16.943157,seed21690.png
12.802326,-30.777409,seed21691.png
8.06994,7.7354393,seed21692.png
16.404291,23.692022,seed21693.png
35.310356,11.476082,seed21694.png
-30.914328,12.312427,seed21695.png
-22.958366,13.374608,seed21696.png
-17.637995,-3.126565,seed21697.png
32.874367,13.639685,seed21698.png
-19.711557,-4.7495837,seed21699.png
-0.30785206,-15.033593,seed2170.png
-14.832643,-23.446157,seed21700.png
-16.311415,-1.0235771,seed21701.png
-9.325042,-13.310581,seed21702.png
7.767133,15.813295,seed21703.png
-23.95593,10.652153,seed21704.png
-14.234024,-23.75015,seed21705.png
16.74116,-33.49021,seed21706.png
15.954808,24.677956,seed21707.png
15.568263,1.6420125,seed21708.png
-16.576843,-2.003339,seed21709.png
8.813407,-5.822821,seed2171.png
-26.735067,-15.692655,seed21710.png
-20.357327,-13.382645,seed21711.png
25.337524,16.597721,seed21712.png
-0.50741446,-17.946247,seed21713.png
12.840457,-10.985443,seed21714.png
32.28386,21.09422,seed21715.png
8.667033,-28.762333,seed21716.png
19.551569,-1.5219,seed21717.png
22.378202,13.292644,seed21718.png
39.429268,11.041229,seed21719.png
-4.680925,-8.543878,seed2172.png
5.7401567,-37.510544,seed21720.png
-9.017908,-13.527884,seed21721.png
16.732777,-32.368877,seed21722.png
-22.888054,10.440901,seed21723.png
-36.156384,8.273652,seed21724.png
13.546789,-9.045436,seed21725.png
-24.769785,2.636479,seed21726.png
17.248411,-1.927989,seed21727.png
-4.177411,10.591197,seed21728.png
12.444176,-41.442715,seed21729.png
6.7428207,-27.382116,seed2173.png
40.013752,16.505032,seed21730.png
17.140112,23.022488,seed21731.png
38.367718,26.401081,seed21732.png
-23.883404,9.358761,seed21733.png
-8.682655,11.33723,seed21734.png
-16.916113,1.5365036,seed21735.png
-35.111275,-7.910292,seed21736.png
5.5422826,-30.037216,seed21737.png
17.01409,21.499044,seed21738.png
22.937191,12.678917,seed21739.png
-1.2495415,-13.705465,seed2174.png
15.413206,-2.0660098,seed21740.png
-5.9859815,-27.699102,seed21741.png
-32.713715,2.6302044,seed21742.png
1.9316865,-22.813091,seed21743.png
25.892666,23.081059,seed21744.png
-32.636288,4.0334473,seed21745.png
-31.340677,20.521158,seed21746.png
-15.477974,-26.726076,seed21747.png
13.811256,26.206747,seed21748.png
5.927386,15.221659,seed21749.png
-34.699547,-9.875119,seed2175.png
-34.604404,23.128143,seed21750.png
-20.398155,1.6945196,seed21751.png
-23.584633,-2.1471355,seed21752.png
19.417824,-7.499722,seed21753.png
-9.155664,-14.989704,seed21754.png
-24.200891,0.688527,seed21755.png
-31.120934,-7.505105,seed21756.png
19.479252,22.348284,seed21757.png
-17.30378,-4.1520705,seed21758.png
12.099492,-29.81845,seed21759.png
30.492361,5.121964,seed2176.png
3.0453851,-28.970592,seed21760.png
-36.541576,-3.561398,seed21761.png
12.844765,-4.644015,seed21762.png
24.3295,1.2910776,seed21763.png
-30.231226,-12.104612,seed21764.png
28.675861,16.420063,seed21765.png
-2.9461381,-15.283326,seed21766.png
0.2534205,-16.34438,seed21767.png
-13.803951,-19.705265,seed21768.png
-1.0626988,16.899775,seed21769.png
15.076122,-37.557377,seed2177.png
26.778936,0.24700432,seed21770.png
37.49977,11.874502,seed21771.png
27.347118,9.690452,seed21772.png
-14.452312,-19.340982,seed21773.png
9.864959,-9.37951,seed21774.png
18.452469,6.784475,seed21775.png
-35.321423,-0.03987425,seed21776.png
2.322853,15.212373,seed21777.png
-15.048844,-2.9754598,seed21778.png
25.50196,16.269836,seed21779.png
-15.35299,1.2601397,seed2178.png
38.49449,24.291492,seed21780.png
-14.631504,9.384079,seed21781.png
-27.212713,-19.058958,seed21782.png
9.2879,-29.367622,seed21783.png
-32.84225,20.311348,seed21784.png
-7.934577,-18.168633,seed21785.png
16.43569,19.972042,seed21786.png
15.54095,1.476146,seed21787.png
-20.717525,-5.2435865,seed21788.png
-33.834312,-9.801956,seed21789.png
24.601137,4.3799524,seed2179.png
-19.625246,-19.7036,seed21790.png
7.8993545,-25.588783,seed21791.png
22.65397,-1.7252377,seed21792.png
-33.044594,26.692652,seed21793.png
20.706358,13.651113,seed21794.png
-21.368172,19.784046,seed21795.png
-15.38855,0.7839811,seed21796.png
24.488132,-4.043009,seed21797.png
18.442858,24.535568,seed21798.png
12.248568,27.196657,seed21799.png
31.929722,13.586463,seed2180.png
0.93590647,13.781253,seed21800.png
-1.2797928,8.051261,seed21801.png
9.964991,-31.976845,seed21802.png
29.340094,11.275163,seed21803.png
-33.309937,20.096294,seed21804.png
-34.26686,25.44073,seed21805.png
-18.438711,-22.504604,seed21806.png
-30.614258,11.844498,seed21807.png
3.434079,11.040799,seed21808.png
17.40056,18.739635,seed21809.png
-25.29948,1.7369114,seed2181.png
-0.33509517,25.170246,seed21810.png
15.820767,27.138084,seed21811.png
-17.38851,4.0834293,seed21812.png
-29.644176,19.931923,seed21813.png
-17.961563,-4.494122,seed21814.png
-3.7772555,-13.212075,seed21815.png
-19.439938,0.01251185,seed21816.png
-30.900463,-3.91003,seed21817.png
-30.511566,15.901697,seed21818.png
30.780407,23.008831,seed21819.png
-32.77035,2.8444006,seed2182.png
-31.50245,-11.958525,seed21820.png
27.44827,21.002213,seed21821.png
40.621967,22.601278,seed21822.png
1.9430208,-14.28826,seed21823.png
12.703159,-10.48362,seed21824.png
8.737503,-7.875528,seed21825.png
-1.124061,24.696878,seed21826.png
24.566662,3.5842783,seed21827.png
25.012125,18.14349,seed21828.png
-22.381586,-24.449339,seed21829.png
37.270763,25.200554,seed2183.png
16.366165,-32.100117,seed21830.png
-11.673725,-23.092329,seed21831.png
20.622883,17.707432,seed21832.png
-27.430714,-4.367547,seed21833.png
-21.579315,-23.789373,seed21834.png
22.605324,-2.697692,seed21835.png
32.75961,22.865385,seed21836.png
-15.136549,0.3231359,seed21837.png
16.317587,9.024336,seed21838.png
2.97853,-28.726208,seed21839.png
-14.140506,2.446639,seed2184.png
18.767061,15.304274,seed21840.png
-32.737415,4.5699234,seed21841.png
-10.738367,7.477887,seed21842.png
-34.597145,17.74465,seed21843.png
11.598487,-30.305103,seed21844.png
-1.1004555,-25.096788,seed21845.png
-29.061888,3.7909095,seed21846.png
16.036314,24.665041,seed21847.png
-14.088213,-15.345975,seed21848.png
-17.620094,-29.623276,seed21849.png
14.135999,-1.3542129,seed2185.png
-22.042719,-26.95924,seed21850.png
-22.006823,7.728932,seed21851.png
13.481254,6.15802,seed21852.png
8.694413,-29.711643,seed21853.png
14.28555,-30.43274,seed21854.png
23.11993,15.995621,seed21855.png
9.71532,25.270285,seed21856.png
10.461333,21.728527,seed21857.png
-0.34778437,22.79007,seed21858.png
10.938997,23.248951,seed21859.png
11.802874,-28.62198,seed2186.png
12.759511,-23.165884,seed21860.png
4.5706544,16.008133,seed21861.png
10.803982,26.908287,seed21862.png
-21.711939,16.242481,seed21863.png
23.330585,7.0110855,seed21864.png
-8.701163,-9.281975,seed21865.png
-30.918705,14.604346,seed21866.png
-31.83663,18.530396,seed21867.png
18.38907,23.01685,seed21868.png
-28.77175,17.37254,seed21869.png
-19.892492,-3.5422199,seed2187.png
14.960987,-7.899036,seed21870.png
-9.07422,-1.4724667,seed21871.png
14.999806,-8.983967,seed21872.png
28.224386,8.520214,seed21873.png
13.841066,8.026526,seed21874.png
-16.346413,-18.5503,seed21875.png
-21.19465,18.329683,seed21876.png
-11.704983,-21.099442,seed21877.png
31.236313,21.738947,seed21878.png
12.508892,12.265491,seed21879.png
2.5411162,-9.806746,seed2188.png
39.284798,10.780191,seed21880.png
-2.5066843,18.619194,seed21881.png
-28.795527,-4.9770703,seed21882.png
1.5295997,20.85525,seed21883.png
4.6859603,-31.654911,seed21884.png
-4.08478,-21.459806,seed21885.png
-18.45814,2.1836605,seed21886.png
35.262264,12.22453,seed21887.png
4.510364,22.712301,seed21888.png
-26.218008,-5.926389,seed21889.png
9.550682,-42.10608,seed2189.png
-32.802303,5.5760174,seed21890.png
26.56071,1.1094235,seed21891.png
-32.34959,19.622986,seed21892.png
-10.95218,-23.72003,seed21893.png
-30.70075,-17.628828,seed21894.png
28.040339,5.9304156,seed21895.png
37.462822,21.887672,seed21896.png
26.837719,21.252863,seed21897.png
-4.2600627,-23.714512,seed21898.png
-18.059378,7.0311737,seed21899.png
-3.997691,-16.78116,seed2190.png
7.859142,8.506801,seed21900.png
-0.6776586,-13.598817,seed21901.png
4.6378827,-27.287657,seed21902.png
14.644125,18.428051,seed21903.png
-4.1762385,-12.21136,seed21904.png
-24.220184,-12.318621,seed21905.png
-33.030334,17.924221,seed21906.png
-3.598543,0.8281209,seed21907.png
-31.968788,2.853569,seed21908.png
30.975,4.9551373,seed21909.png
11.996398,23.976734,seed2191.png
-16.288975,-9.099345,seed21910.png
17.11537,21.420637,seed21911.png
-2.2912405,24.183468,seed21912.png
-20.102526,-15.627965,seed21913.png
-25.569622,-15.404,seed21914.png
-19.64367,-12.581218,seed21915.png
23.31573,18.357546,seed21916.png
-19.088404,-8.923557,seed21917.png
29.257828,1.0786977,seed21918.png
-25.094086,1.6658189,seed21919.png
8.489261,-39.81667,seed2192.png
17.089659,9.160647,seed21920.png
-23.541313,-26.528616,seed21921.png
26.129694,13.727142,seed21922.png
-23.81878,6.585505,seed21923.png
-8.053666,-4.9581275,seed21924.png
6.0788617,-11.477588,seed21925.png
-34.545624,10.843857,seed21926.png
-31.895811,-0.41663572,seed21927.png
-22.455976,0.93257916,seed21928.png
24.264616,0.78382534,seed21929.png
7.0273576,3.5828705,seed2193.png
10.206448,-41.52292,seed21930.png
-1.6355807,12.307918,seed21931.png
-20.477179,9.622741,seed21932.png
22.534073,10.288252,seed21933.png
-25.761703,-9.981543,seed21934.png
-33.942463,-2.8292968,seed21935.png
-24.004412,-0.27993175,seed21936.png
7.7157173,7.504816,seed21937.png
-13.64316,-13.748181,seed21938.png
18.759048,-1.6700665,seed21939.png
15.936652,8.61205,seed2194.png
-14.117704,-4.2912016,seed21940.png
-21.533484,9.977424,seed21941.png
-14.23262,10.290875,seed21942.png
31.450687,11.966471,seed21943.png
-2.1721005,-16.268827,seed21944.png
-30.212236,-9.443682,seed21945.png
-34.476227,21.243845,seed21946.png
-5.996589,-7.626587,seed21947.png
12.201237,-39.48167,seed21948.png
40.33724,18.006468,seed21949.png
37.912415,9.874363,seed2195.png
-20.892025,7.775092,seed21950.png
-26.159824,0.61531395,seed21951.png
6.5403347,-32.84615,seed21952.png
-1.1674032,-15.372361,seed21953.png
35.28967,21.195324,seed21954.png
-30.66701,-2.8892832,seed21955.png
-31.620543,-12.951791,seed21956.png
15.196201,-33.70443,seed21957.png
-35.42479,10.274595,seed21958.png
23.7751,-0.119563006,seed21959.png
-23.530937,11.358361,seed2196.png
39.764313,12.234224,seed21960.png
13.401302,-9.767111,seed21961.png
28.564783,26.424784,seed21962.png
29.221031,7.9508176,seed21963.png
12.312344,-39.248634,seed21964.png
-21.404175,12.7584915,seed21965.png
8.104724,-5.4990635,seed21966.png
13.757021,27.48328,seed21967.png
11.743323,21.804882,seed21968.png
-18.90844,-29.582933,seed21969.png
37.272068,22.20148,seed2197.png
8.050612,-40.22257,seed21970.png
-34.87939,18.061853,seed21971.png
-1.0697473,-3.0512917,seed21972.png
22.85371,4.3745856,seed21973.png
-31.425457,9.73624,seed21974.png
-16.356405,-22.066784,seed21975.png
14.308415,0.20126423,seed21976.png
-17.914684,-4.6546535,seed21977.png
12.531895,-10.475053,seed21978.png
-18.596067,18.119278,seed21979.png
-21.134163,4.801073,seed2198.png
-31.064602,20.866861,seed21980.png
15.800053,2.546543,seed21981.png
5.5207143,-28.048563,seed21982.png
-20.670252,-23.950659,seed21983.png
-25.462175,-10.991065,seed21984.png
-9.850668,0.62907493,seed21985.png
25.591042,19.63934,seed21986.png
-25.310833,9.188417,seed21987.png
-21.316689,4.4113946,seed21988.png
-18.775282,-31.226625,seed21989.png
-20.01361,-21.684095,seed2199.png
23.626122,5.501162,seed21990.png
16.532614,23.28327,seed21991.png
-22.993336,4.657603,seed21992.png
-14.589214,-17.347052,seed21993.png
-13.859036,-9.706391,seed21994.png
-30.298403,21.622042,seed21995.png
4.896621,-25.199427,seed21996.png
-21.60377,11.881537,seed21997.png
26.386795,11.694946,seed21998.png
13.091747,-4.894596,seed21999.png
11.352489,-39.345234,seed2200.png
-30.686245,-15.432577,seed22000.png
24.339682,15.403006,seed22001.png
-14.029492,-7.208683,seed22002.png
-0.9483975,-18.01735,seed22003.png
18.494894,6.286902,seed22004.png
-17.709734,-18.923553,seed22005.png
34.128883,6.1789365,seed22006.png
20.859114,0.9473822,seed22007.png
-3.5442336,-2.5927434,seed22008.png
-12.640269,3.7607944,seed22009.png
12.8933525,10.866542,seed2201.png
36.719692,9.64084,seed22010.png
-28.55219,-12.140831,seed22011.png
12.174041,-42.000656,seed22012.png
11.161802,-39.33986,seed22013.png
9.871743,-41.033028,seed22014.png
-6.575448,-23.452713,seed22015.png
-26.289028,14.20344,seed22016.png
12.349357,10.9066,seed22017.png
-21.438442,-20.148623,seed22018.png
7.495898,-28.393742,seed22019.png
15.700707,-2.7339795,seed2202.png
36.32699,4.769352,seed22020.png
17.474087,1.7073882,seed22021.png
-1.8633901,11.104897,seed22022.png
-16.74248,-16.086126,seed22023.png
-20.424421,-18.74831,seed22024.png
25.545944,15.117881,seed22025.png
-8.10488,-2.0113087,seed22026.png
30.876743,-0.3930031,seed22027.png
-13.079165,-26.69849,seed22028.png
-34.24775,5.1917953,seed22029.png
-0.491453,14.572366,seed2203.png
-31.674814,11.424261,seed22030.png
-23.90728,-6.548602,seed22031.png
-19.712029,-22.231653,seed22032.png
-32.610157,14.897241,seed22033.png
31.832521,6.757362,seed22034.png
33.740482,27.728207,seed22035.png
-16.685596,-1.2462145,seed22036.png
27.27725,8.679056,seed22037.png
-18.356327,-17.689413,seed22038.png
-22.480198,14.726594,seed22039.png
-19.907665,16.363253,seed2204.png
6.5978827,-23.488897,seed22040.png
3.1450088,17.033672,seed22041.png
3.025778,-29.313839,seed22042.png
20.382832,9.61473,seed22043.png
1.3826746,12.906136,seed22044.png
-2.7272441,-12.743657,seed22045.png
39.45298,16.359837,seed22046.png
27.869602,16.507935,seed22047.png
10.462293,-24.037264,seed22048.png
12.099508,-36.058018,seed22049.png
-12.430498,0.31753218,seed2205.png
12.476798,3.6562283,seed22050.png
-19.903019,5.8102098,seed22051.png
13.6886015,6.4028654,seed22052.png
30.08238,18.833538,seed22053.png
-26.095001,14.873314,seed22054.png
2.2629519,17.961311,seed22055.png
4.32506,-37.256012,seed22056.png
-6.700159,3.2901597,seed22057.png
-21.806244,-6.557313,seed22058.png
41.852116,21.412148,seed22059.png
35.488438,21.851849,seed2206.png
-21.54431,-25.703447,seed22060.png
18.181463,25.07402,seed22061.png
15.193057,-38.605904,seed22062.png
-9.813663,1.1591253,seed22063.png
19.851849,-8.366185,seed22064.png
17.66137,22.425728,seed22065.png
-20.542524,3.0860257,seed22066.png
26.88221,8.702993,seed22067.png
0.58411294,-3.6032743,seed22068.png
-9.994087,-2.1135504,seed22069.png
-4.369088,-12.681619,seed2207.png
-34.130497,-1.2009755,seed22070.png
-20.636745,17.811064,seed22071.png
15.268257,21.943752,seed22072.png
-15.785014,3.5446713,seed22073.png
-12.294197,-14.482211,seed22074.png
11.226394,-6.8156495,seed22075.png
25.997334,21.061853,seed22076.png
10.151171,17.451311,seed22077.png
10.182352,-35.32028,seed22078.png
-26.571024,-24.570395,seed22079.png
27.512968,4.5485077,seed2208.png
8.895152,-32.138645,seed22080.png
32.78479,14.909884,seed22081.png
14.0417595,16.483107,seed22082.png
8.264386,19.992226,seed22083.png
10.486338,-36.35016,seed22084.png
-19.506374,-31.020102,seed22085.png
26.99705,2.4601898,seed22086.png
23.023113,18.86155,seed22087.png
29.466597,17.320126,seed22088.png
-35.23862,14.288017,seed22089.png
9.35135,3.404321,seed2209.png
-36.305134,-0.24879427,seed22090.png
9.938208,-27.26016,seed22091.png
-17.06883,-26.241035,seed22092.png
11.506229,20.28034,seed22093.png
31.659624,20.440866,seed22094.png
1.4170398,0.44448993,seed22095.png
13.807023,23.861416,seed22096.png
-15.064859,-8.705432,seed22097.png
8.494741,-25.623602,seed22098.png
-17.105566,-20.303253,seed22099.png
-11.775353,-24.697496,seed2210.png
9.488487,-29.507828,seed22100.png
7.647887,8.5037155,seed22101.png
-34.96799,20.377247,seed22102.png
18.707531,23.01296,seed22103.png
17.531408,22.772526,seed22104.png
22.443054,3.6200056,seed22105.png
-24.853605,-22.904358,seed22106.png
0.048044976,-3.2047977,seed22107.png
21.995901,22.033989,seed22108.png
27.68997,12.243399,seed22109.png
-12.456236,-11.023762,seed2211.png
7.5539036,-30.432302,seed22110.png
8.170475,-28.37508,seed22111.png
13.868588,12.697697,seed22112.png
3.8933077,-38.274105,seed22113.png
-11.08062,-10.983783,seed22114.png
-1.3081852,24.690573,seed22115.png
10.9625025,-4.3148046,seed22116.png
11.771682,-35.403706,seed22117.png
24.893427,16.105743,seed22118.png
27.49794,0.18274167,seed22119.png
12.767313,-0.14334941,seed2212.png
19.471739,19.285019,seed22120.png
16.311031,28.123539,seed22121.png
11.551185,-23.618155,seed22122.png
-14.482255,-7.17684,seed22123.png
-31.33428,23.390057,seed22124.png
22.167543,22.049957,seed22125.png
-25.110167,-3.2759182,seed22126.png
-19.158772,-22.4594,seed22127.png
6.92732,2.8563197,seed22128.png
27.961609,13.884126,seed22129.png
-10.036102,-11.30122,seed2213.png
-0.3771629,-12.067832,seed22130.png
-12.313362,-10.497476,seed22131.png
22.54064,12.932687,seed22132.png
-3.9486518,15.865788,seed22133.png
14.33537,-33.153187,seed22134.png
-19.085644,9.092564,seed22135.png
-19.207067,-17.756475,seed22136.png
0.053040292,24.814474,seed22137.png
-14.499109,-9.200919,seed22138.png
-20.035006,-19.060692,seed22139.png
-12.861254,-8.635369,seed2214.png
35.237064,6.4333024,seed22140.png
31.635134,18.83068,seed22141.png
3.7772467,-31.150105,seed22142.png
37.406563,24.695965,seed22143.png
-17.56439,1.1815436,seed22144.png
23.438208,6.518205,seed22145.png
22.043095,15.433493,seed22146.png
0.23640808,8.78162,seed22147.png
-2.0342534,-14.184916,seed22148.png
-11.501245,-30.257288,seed22149.png
-21.023994,15.920606,seed2215.png
12.675336,4.6851673,seed22150.png
6.1630445,7.192365,seed22151.png
-21.481401,-15.184969,seed22152.png
17.683626,20.851908,seed22153.png
-26.910002,8.93009,seed22154.png
-13.056241,-22.032219,seed22155.png
14.150136,-38.257683,seed22156.png
-25.072016,-1.0406777,seed22157.png
-16.387306,-27.301334,seed22158.png
18.320723,24.575294,seed22159.png
-30.502735,13.044352,seed2216.png
11.732586,24.370033,seed22160.png
-19.607445,-26.88457,seed22161.png
-22.69942,-11.744268,seed22162.png
-23.042725,-5.789741,seed22163.png
19.835798,3.1332824,seed22164.png
-25.713015,-25.79408,seed22165.png
-12.147711,-15.593168,seed22166.png
-27.299412,-14.46353,seed22167.png
9.852891,-42.074726,seed22168.png
14.098104,-33.645058,seed22169.png
8.519655,-29.032324,seed2217.png
-32.087803,-5.9129577,seed22170.png
3.3070788,20.128687,seed22171.png
6.216443,-1.3520083,seed22172.png
27.99963,17.529205,seed22173.png
31.349236,8.609847,seed22174.png
10.630443,-4.2814884,seed22175.png
5.1856837,5.4956803,seed22176.png
5.4247503,-33.776794,seed22177.png
-22.82995,-17.537893,seed22178.png
29.644335,1.8732216,seed22179.png
-25.399214,5.991941,seed2218.png
30.127367,11.651447,seed22180.png
9.293837,12.524955,seed22181.png
-32.18057,23.654633,seed22182.png
-26.722872,12.2702055,seed22183.png
8.310929,-31.754425,seed22184.png
18.188946,-6.3135734,seed22185.png
14.481659,0.5295094,seed22186.png
34.771137,25.141256,seed22187.png
13.895491,-34.05874,seed22188.png
11.850018,1.93969,seed22189.png
-12.382503,-9.664963,seed2219.png
-29.302372,-10.911226,seed22190.png
18.159872,-1.7424594,seed22191.png
13.559142,3.7608287,seed22192.png
-20.513834,-19.563997,seed22193.png
24.1895,27.161772,seed22194.png
14.230892,17.283648,seed22195.png
18.182707,10.228259,seed22196.png
11.542596,-43.199474,seed22197.png
-31.123356,13.116115,seed22198.png
3.7822964,4.4391665,seed22199.png
19.448181,28.070984,seed2220.png
-11.361617,-23.913809,seed22200.png
13.6763,7.952664,seed22201.png
-15.854554,-25.75968,seed22202.png
-31.244867,8.014073,seed22203.png
-13.232549,-27.219856,seed22204.png
18.566061,19.99541,seed22205.png
6.5672975,-27.185366,seed22206.png
-28.247108,16.249786,seed22207.png
-17.47834,15.7669325,seed22208.png
-14.489308,-19.993456,seed22209.png
12.00049,-31.17577,seed2221.png
4.0927377,23.596842,seed22210.png
25.128267,13.841102,seed22211.png
-8.057378,-22.231983,seed22212.png
2.8647852,-14.163427,seed22213.png
-2.5114317,-14.37981,seed22214.png
34.56504,17.686806,seed22215.png
36.75538,20.279568,seed22216.png
-6.7193856,11.47125,seed22217.png
5.859899,-34.553093,seed22218.png
-31.644258,-8.326186,seed22219.png
8.955564,-31.620834,seed2222.png
6.51621,11.90687,seed22220.png
-31.366854,26.209799,seed22221.png
-17.899723,-1.7084795,seed22222.png
31.46463,16.189234,seed22223.png
-24.435484,7.2400208,seed22224.png
-8.0215225,11.130801,seed22225.png
34.49654,27.17975,seed22226.png
11.486634,-25.004093,seed22227.png
20.108648,7.180942,seed22228.png
19.491697,-0.11381886,seed22229.png
-20.67755,-5.684608,seed2223.png
34.574627,13.834522,seed22230.png
10.604731,-26.465689,seed22231.png
34.957047,26.881666,seed22232.png
-22.151766,1.037704,seed22233.png
-9.261533,-1.3230853,seed22234.png
-33.24526,-2.3721452,seed22235.png
11.637252,9.498166,seed22236.png
-29.37247,-16.694893,seed22237.png
12.695128,14.505149,seed22238.png
-7.6443677,-20.171879,seed22239.png
30.841387,28.70018,seed2224.png
6.4035573,-24.723452,seed22240.png
5.8478513,19.247828,seed22241.png
-15.223997,-14.446927,seed22242.png
-19.50847,11.019063,seed22243.png
-19.720024,10.409858,seed22244.png
12.167299,20.884085,seed22245.png
-21.579342,19.572828,seed22246.png
32.987972,4.2447357,seed22247.png
15.169518,12.235847,seed22248.png
28.47005,3.9297752,seed22249.png
-18.798857,6.208686,seed2225.png
25.016047,3.1830113,seed22250.png
6.8337784,-28.06578,seed22251.png
2.2442858,1.1337237,seed22252.png
28.13658,15.623046,seed22253.png
25.91646,2.0990894,seed22254.png
-26.382832,-4.586624,seed22255.png
-28.782108,20.40071,seed22256.png
-11.971879,-14.440227,seed22257.png
-24.944262,7.1802044,seed22258.png
-36.186893,11.131257,seed22259.png
40.645885,19.239956,seed2226.png
37.69261,4.8703136,seed22260.png
-5.0713167,-12.020367,seed22261.png
14.384935,-36.955845,seed22262.png
24.150229,18.817623,seed22263.png
-12.565847,-18.723888,seed22264.png
-15.867447,-25.671103,seed22265.png
-20.928818,6.1549315,seed22266.png
24.066488,8.770495,seed22267.png
-34.65729,26.781143,seed22268.png
11.51896,-23.02898,seed22269.png
-16.628946,-13.099526,seed2227.png
-30.097359,-10.640228,seed22270.png
-19.427732,3.078907,seed22271.png
-32.40909,-9.166912,seed22272.png
21.119068,4.612357,seed22273.png
-31.448673,2.275018,seed22274.png
-12.424975,-12.128222,seed22275.png
25.604582,16.556149,seed22276.png
33.5513,26.066444,seed22277.png
-31.45959,7.5966606,seed22278.png
-32.37799,25.393925,seed22279.png
-20.57036,6.7487826,seed2228.png
0.1551163,19.420128,seed22280.png
-23.43017,-10.204545,seed22281.png
-16.935677,-29.20638,seed22282.png
-28.526487,10.494518,seed22283.png
21.67273,-5.590905,seed22284.png
-7.0451207,2.2126622,seed22285.png
13.466547,21.745777,seed22286.png
12.55428,-41.20889,seed22287.png
8.807001,16.932198,seed22288.png
6.4992237,6.9658036,seed22289.png
-25.16817,-0.116754875,seed2229.png
-2.2519922,-13.099112,seed22290.png
22.74048,13.413174,seed22291.png
31.587208,14.460317,seed22292.png
-34.44621,27.115963,seed22293.png
37.602245,13.470164,seed22294.png
-19.102753,4.568298,seed22295.png
-22.832817,13.037431,seed22296.png
18.878561,18.673138,seed22297.png
10.83404,-37.827366,seed22298.png
-22.894197,0.9941571,seed22299.png
7.959506,-28.501099,seed2230.png
0.74017954,23.694067,seed22300.png
-14.714985,-18.257315,seed22301.png
33.45314,7.3247414,seed22302.png
39.71861,26.474028,seed22303.png
-20.177816,-3.0726092,seed22304.png
12.405315,-19.940928,seed22305.png
34.806313,5.418429,seed22306.png
-12.7006,-29.586731,seed22307.png
39.106346,21.731478,seed22308.png
-38.35947,13.608565,seed22309.png
-33.427647,17.026674,seed2231.png
14.426488,3.1300786,seed22310.png
33.77618,27.787233,seed22311.png
29.088211,11.801469,seed22312.png
-34.792496,15.612933,seed22313.png
-25.677801,-3.0353286,seed22314.png
9.080746,3.8189232,seed22315.png
-7.964147,-10.768365,seed22316.png
-1.4281825,-16.023806,seed22317.png
15.139926,-4.767342,seed22318.png
-27.142538,-11.977242,seed22319.png
-32.09203,-1.8716896,seed2232.png
37.0582,8.879499,seed22320.png
15.237171,6.6743407,seed22321.png
-30.928097,21.948298,seed22322.png
-32.299778,16.392508,seed22323.png
-29.9209,11.547959,seed22324.png
-36.29821,26.360249,seed22325.png
15.874602,10.897935,seed22326.png
-19.945358,-19.912933,seed22327.png
39.393818,18.207945,seed22328.png
2.6204998,20.352528,seed22329.png
-21.693138,-29.726671,seed2233.png
6.366951,2.2545443,seed22330.png
20.20748,-8.264877,seed22331.png
-33.995647,17.230877,seed22332.png
-21.286825,-9.741391,seed22333.png
-16.370312,-22.833086,seed22334.png
33.748493,21.65919,seed22335.png
-14.333186,-29.88524,seed22336.png
4.225891,22.323626,seed22337.png
-14.262254,-3.5159936,seed22338.png
-19.57165,3.9152777,seed22339.png
12.925973,-37.226665,seed2234.png
26.04409,6.54419,seed22340.png
26.61359,13.336816,seed22341.png
17.136522,-9.581434,seed22342.png
21.481333,0.29159924,seed22343.png
-7.6017795,-17.723686,seed22344.png
21.444002,23.144321,seed22345.png
-16.56303,-21.545504,seed22346.png
-20.859516,-11.640427,seed22347.png
6.618965,-27.816822,seed22348.png
14.336523,-31.313736,seed22349.png
-6.3085938,-12.204236,seed2235.png
26.79357,-3.75103,seed22350.png
33.25341,6.8028493,seed22351.png
-3.9523165,3.999009,seed22352.png
-6.0073037,-24.094654,seed22353.png
-17.476742,-5.161857,seed22354.png
10.462738,-2.2570055,seed22355.png
22.709654,3.8598077,seed22356.png
-0.3587493,20.704437,seed22357.png
-14.837142,-22.210392,seed22358.png
-10.553763,-22.701963,seed22359.png
-23.586203,-4.991497,seed2236.png
10.639232,3.681134,seed22360.png
12.549483,-4.463384,seed22361.png
11.754903,-0.4451153,seed22362.png
-10.543799,-6.1760697,seed22363.png
25.756353,12.5790615,seed22364.png
-22.991877,12.544924,seed22365.png
27.985498,13.511337,seed22366.png
-8.810175,-1.8170236,seed22367.png
4.344157,-35.196262,seed22368.png
2.6978614,12.960433,seed22369.png
-1.4979,-11.868135,seed2237.png
31.196653,17.207624,seed22370.png
7.698349,-35.772152,seed22371.png
-31.092289,-0.09096601,seed22372.png
8.311461,-12.304351,seed22373.png
31.962807,26.883114,seed22374.png
-0.10312063,-12.732342,seed22375.png
20.98842,0.0006337658,seed22376.png
-19.564127,-0.40396038,seed22377.png
-23.768642,5.9705167,seed22378.png
41.14085,20.914827,seed22379.png
36.064342,13.8200035,seed2238.png
17.16074,21.802992,seed22380.png
0.27750865,-23.988508,seed22381.png
12.220517,-37.886307,seed22382.png
-1.7940942,-14.421998,seed22383.png
26.865263,21.393387,seed22384.png
24.828009,5.582428,seed22385.png
-29.032581,6.2381754,seed22386.png
-31.867275,20.853983,seed22387.png
-32.291412,18.396446,seed22388.png
-1.0924749,-14.504428,seed22389.png
29.086412,-1.290733,seed2239.png
-16.430954,3.750622,seed22390.png
35.55732,20.923801,seed22391.png
28.049364,13.039256,seed22392.png
9.4996805,12.116706,seed22393.png
13.563593,-1.3113985,seed22394.png
-19.85634,-12.450495,seed22395.png
-0.9865832,-0.71027094,seed22396.png
36.125298,11.862286,seed22397.png
-1.5090164,-13.530935,seed22398.png
22.809387,-3.7391374,seed22399.png
13.716033,5.3638473,seed2240.png
32.89766,20.079575,seed22400.png
26.227432,2.0836613,seed22401.png
-19.276154,-27.358494,seed22402.png
18.497084,12.224651,seed22403.png
13.15451,-36.90474,seed22404.png
-27.992126,-19.792667,seed22405.png
0.092091024,25.164999,seed22406.png
-18.433954,-14.852681,seed22407.png
11.528451,-3.9953363,seed22408.png
38.355804,26.48811,seed22409.png
-22.048521,0.47183758,seed2241.png
-1.0197067,21.020336,seed22410.png
36.42534,21.424595,seed22411.png
-2.2607627,-18.547136,seed22412.png
-11.045207,-24.78738,seed22413.png
20.872343,-4.7148776,seed22414.png
32.07644,5.807917,seed22415.png
34.003925,11.495592,seed22416.png
13.887849,13.6782,seed22417.png
-16.046026,2.7137592,seed22418.png
15.609327,2.5088882,seed22419.png
15.832107,-32.288353,seed2242.png
6.0144773,-34.000225,seed22420.png
18.406782,25.086355,seed22421.png
-24.670992,2.458949,seed22422.png
-26.04074,13.468976,seed22423.png
41.93705,21.302639,seed22424.png
33.14946,6.636501,seed22425.png
-2.1020813,13.339294,seed22426.png
18.20363,3.456925,seed22427.png
39.977425,22.135063,seed22428.png
21.476946,20.14018,seed22429.png
11.185139,-33.38636,seed2243.png
33.284058,25.932234,seed22430.png
26.400606,5.823321,seed22431.png
-32.20569,25.916748,seed22432.png
17.71006,20.707727,seed22433.png
-22.230326,-26.020184,seed22434.png
-6.6771245,-24.499159,seed22435.png
21.81092,24.641626,seed22436.png
15.9801655,26.612755,seed22437.png
39.22538,17.315855,seed22438.png
22.836172,18.153214,seed22439.png
-22.248901,-27.853558,seed2244.png
-31.694796,20.953346,seed22440.png
11.322749,11.130371,seed22441.png
10.764423,13.935963,seed22442.png
13.09601,-22.106743,seed22443.png
6.8429747,10.069157,seed22444.png
22.506409,24.61725,seed22445.png
-24.634123,-26.75695,seed22446.png
0.78869486,-15.7489605,seed22447.png
-32.92716,4.693315,seed22448.png
-12.978715,2.8502543,seed22449.png
-34.40409,27.415232,seed2245.png
24.963337,-3.3282013,seed22450.png
-16.56433,-22.010292,seed22451.png
-28.478514,-2.3534555,seed22452.png
32.865826,4.800337,seed22453.png
-32.097836,23.882938,seed22454.png
6.476405,10.163045,seed22455.png
-14.271781,-3.251307,seed22456.png
6.912426,-24.617805,seed22457.png
13.801563,-3.4368517,seed22458.png
-0.6973315,-12.988026,seed22459.png
28.46568,7.754634,seed2246.png
19.325813,-6.328751,seed22460.png
-30.322989,-9.152393,seed22461.png
8.22433,-38.68119,seed22462.png
-20.60934,-7.5088005,seed22463.png
7.2973266,-35.554935,seed22464.png
-25.193834,-20.833832,seed22465.png
17.231552,19.193346,seed22466.png
11.864467,1.5772439,seed22467.png
16.32847,0.09768758,seed22468.png
-17.977499,4.621699,seed22469.png
5.7594295,10.284558,seed2247.png
-10.294655,-28.646078,seed22470.png
-32.88911,17.256691,seed22471.png
-25.573565,0.57813257,seed22472.png
14.948457,14.332688,seed22473.png
-21.287642,1.0099244,seed22474.png
8.52826,-25.562366,seed22475.png
-25.190277,3.6959305,seed22476.png
26.83923,27.027912,seed22477.png
-19.409666,6.6065273,seed22478.png
-13.324932,-20.700666,seed22479.png
-9.813047,-26.35772,seed2248.png
-2.0435295,17.84263,seed22480.png
-2.1877022,-19.409307,seed22481.png
-21.36068,-2.9609601,seed22482.png
10.336254,6.7685847,seed22483.png
26.872583,26.609495,seed22484.png
31.288946,21.168282,seed22485.png
-10.225735,-5.717454,seed22486.png
-34.73378,27.27268,seed22487.png
-36.27117,15.613567,seed22488.png
-20.072638,13.503663,seed22489.png
23.415255,25.367207,seed2249.png
11.589978,1.3963315,seed22490.png
-28.958515,-13.630665,seed22491.png
17.99324,15.704285,seed22492.png
5.2454944,7.000791,seed22493.png
-14.991482,4.0421023,seed22494.png
10.213164,27.322388,seed22495.png
1.7644507,22.838573,seed22496.png
-8.805683,-7.055034,seed22497.png
-26.942421,7.39265,seed22498.png
32.293545,11.335826,seed22499.png
-33.14576,15.610766,seed2250.png
-19.686096,-12.652793,seed22500.png
40.73697,15.583808,seed22501.png
6.9408107,-41.320362,seed22502.png
-9.36376,6.0052414,seed22503.png
-24.39931,-7.0094333,seed22504.png
-29.170778,4.9838233,seed22505.png
-28.660173,9.132754,seed22506.png
6.698155,14.779869,seed22507.png
34.08906,16.10443,seed22508.png
12.225614,25.832308,seed22509.png
-36.90784,7.5727735,seed2251.png
32.388126,14.621453,seed22510.png
27.50164,19.378025,seed22511.png
42.305523,21.186872,seed22512.png
-27.042833,15.875015,seed22513.png
-29.601917,-3.928223,seed22514.png
36.028534,17.549412,seed22515.png
-33.327526,-7.5579824,seed22516.png
-37.28289,21.208254,seed22517.png
-34.35794,13.434974,seed22518.png
-15.35697,0.9305904,seed22519.png
-24.831408,-17.532541,seed2252.png
34.68314,12.370098,seed22520.png
10.769144,9.076974,seed22521.png
39.396637,22.460629,seed22522.png
21.222818,0.8093082,seed22523.png
11.047515,8.6217575,seed22524.png
5.136556,11.321044,seed22525.png
20.206997,0.52118134,seed22526.png
9.101898,-28.190832,seed22527.png
37.72534,25.40476,seed22528.png
2.5365963,5.8242226,seed22529.png
17.379492,25.323936,seed2253.png
-17.359531,15.7689905,seed22530.png
26.243954,17.46351,seed22531.png
14.417898,-0.5603322,seed22532.png
9.257288,12.819939,seed22533.png
-16.697952,-23.69395,seed22534.png
-0.48552403,-1.6383828,seed22535.png
19.359324,-7.18347,seed22536.png
10.573599,-12.581443,seed22537.png
-13.394903,-17.30512,seed22538.png
35.20352,26.828127,seed22539.png
1.6668137,18.601463,seed2254.png
-16.24438,-23.903252,seed22540.png
10.069135,0.34994707,seed22541.png
-28.893461,-18.66805,seed22542.png
-32.0084,15.185168,seed22543.png
-13.994526,0.4089623,seed22544.png
-22.50663,15.270988,seed22545.png
-20.511217,-24.65249,seed22546.png
3.406504,16.611715,seed22547.png
30.688686,8.520611,seed22548.png
-15.691223,-27.266365,seed22549.png
-9.999468,-23.217745,seed2255.png
5.050004,-24.989992,seed22550.png
-10.109816,-12.393548,seed22551.png
35.986,16.577944,seed22552.png
4.2567916,9.865096,seed22553.png
32.298805,7.190839,seed22554.png
-26.479303,14.724633,seed22555.png
2.6237311,-14.031864,seed22556.png
30.096172,26.31962,seed22557.png
-14.088706,-1.2496152,seed22558.png
8.801323,25.922016,seed22559.png
-19.61736,-18.503351,seed2256.png
-13.04163,-15.393612,seed22560.png
-21.64787,-26.669565,seed22561.png
-19.04267,12.150129,seed22562.png
-5.8515244,4.9965267,seed22563.png
-26.24284,1.8129857,seed22564.png
-32.863808,23.41343,seed22565.png
-31.01905,-3.9507546,seed22566.png
13.050891,-34.623493,seed22567.png
36.6218,3.2829087,seed22568.png
-24.084957,-10.613964,seed22569.png
26.9913,18.955597,seed2257.png
-32.12985,-5.8191605,seed22570.png
-26.477785,0.99234515,seed22571.png
33.529804,17.49472,seed22572.png
20.195208,5.1702404,seed22573.png
-14.950913,3.1028848,seed22574.png
-31.601791,5.090334,seed22575.png
-36.80696,9.526125,seed22576.png
21.568224,20.846138,seed22577.png
21.69503,2.4247053,seed22578.png
-19.665737,19.159803,seed22579.png
-6.898218,-24.02904,seed2258.png
-19.325441,-14.324997,seed22580.png
3.8517866,-28.444374,seed22581.png
0.3385608,1.0881741,seed22582.png
23.451141,0.9090131,seed22583.png
-15.393304,9.539411,seed22584.png
-32.912994,25.584505,seed22585.png
-25.613277,-16.076328,seed22586.png
2.1432974,13.9470825,seed22587.png
-5.1592426,21.456905,seed22588.png
32.258366,24.787231,seed22589.png
5.3430557,-8.348156,seed2259.png
10.085935,-5.5426283,seed22590.png
-8.174688,-2.8875284,seed22591.png
34.13321,6.9007792,seed22592.png
26.39211,13.176581,seed22593.png
34.40067,10.252433,seed22594.png
12.283971,22.568157,seed22595.png
39.05392,23.04077,seed22596.png
32.51959,7.015266,seed22597.png
-21.643177,14.571957,seed22598.png
12.404441,26.3275,seed22599.png
-16.379354,-17.629238,seed2260.png
-26.217766,3.6349287,seed22600.png
-12.005452,9.279862,seed22601.png
22.679039,10.1983595,seed22602.png
8.73373,4.1929264,seed22603.png
6.872946,8.451527,seed22604.png
11.068145,-27.736778,seed22605.png
10.622101,23.967834,seed22606.png
6.4228735,25.565378,seed22607.png
40.50308,25.185482,seed22608.png
-31.249,4.969975,seed22609.png
13.23175,-3.9558558,seed2261.png
-33.075546,6.866909,seed22610.png
-32.277073,13.118458,seed22611.png
13.514244,-30.705446,seed22612.png
-20.201126,-22.194117,seed22613.png
-9.607692,4.123877,seed22614.png
11.667966,-43.31334,seed22615.png
17.732819,21.63474,seed22616.png
6.06173,6.9487543,seed22617.png
29.347237,3.1752102,seed22618.png
38.259033,16.70348,seed22619.png
15.112907,-2.0389643,seed2262.png
-19.862455,-29.466095,seed22620.png
0.09712836,15.295189,seed22621.png
8.328668,-3.5442333,seed22622.png
-23.298191,-12.955328,seed22623.png
1.0021653,4.7398357,seed22624.png
33.506992,7.59961,seed22625.png
28.394415,26.062515,seed22626.png
6.918137,6.899773,seed22627.png
-7.738378,-7.5563164,seed22628.png
-10.3084755,0.34723902,seed22629.png
-38.20421,15.325638,seed2263.png
13.481424,-2.2007406,seed22630.png
26.995867,3.2468479,seed22631.png
-28.67534,-8.54375,seed22632.png
32.717876,23.662647,seed22633.png
19.321001,-8.985887,seed22634.png
2.6683147,12.453924,seed22635.png
-22.542112,4.369963,seed22636.png
-17.175209,-23.573252,seed22637.png
8.460142,-39.512512,seed22638.png
-13.320235,-29.540182,seed22639.png
32.370934,24.795017,seed2264.png
-23.361649,-23.791327,seed22640.png
-20.883018,18.383808,seed22641.png
23.472095,22.280516,seed22642.png
-30.190975,6.601853,seed22643.png
1.9833137,-15.401067,seed22644.png
15.215852,28.018293,seed22645.png
-18.427313,-29.038168,seed22646.png
-34.504196,27.12254,seed22647.png
22.70647,5.2804704,seed22648.png
-23.613976,-11.598045,seed22649.png
-30.18316,9.1455555,seed2265.png
-22.710987,13.178628,seed22650.png
18.161125,-3.4829056,seed22651.png
8.431037,9.066339,seed22652.png
-0.36674216,6.922745,seed22653.png
42.10267,21.41857,seed22654.png
35.08567,2.9584196,seed22655.png
9.471826,-5.689928,seed22656.png
-18.053076,-18.381098,seed22657.png
8.929194,-2.4674604,seed22658.png
30.626553,5.960553,seed22659.png
13.627088,8.08995,seed2266.png
16.148115,-34.71112,seed22660.png
-18.475586,-0.49652427,seed22661.png
25.144405,25.514753,seed22662.png
3.1610649,-5.9778304,seed22663.png
18.312273,-5.087325,seed22664.png
29.244408,1.42064,seed22665.png
3.9088159,-28.951984,seed22666.png
38.041233,6.4840484,seed22667.png
39.674194,12.228468,seed22668.png
30.173506,14.595207,seed22669.png
15.092489,9.888512,seed2267.png
9.563771,29.004608,seed22670.png
18.157507,4.5902452,seed22671.png
15.922448,27.513618,seed22672.png
12.611499,19.435667,seed22673.png
-22.140564,2.8384893,seed22674.png
24.775629,17.01076,seed22675.png
-19.307531,-27.152046,seed22676.png
-30.827314,-8.996103,seed22677.png
17.174969,14.385036,seed22678.png
16.36925,-35.694843,seed22679.png
-18.287338,-18.908957,seed2268.png
-11.990689,2.3530133,seed22680.png
5.7108703,11.766363,seed22681.png
-21.509775,8.919732,seed22682.png
-24.044218,-17.071339,seed22683.png
9.186989,10.673271,seed22684.png
21.50324,-8.816836,seed22685.png
17.285316,9.388926,seed22686.png
-4.0466638,10.578246,seed22687.png
-3.6266096,-0.9051253,seed22688.png
-19.36736,-31.807184,seed22689.png
2.0002913,-31.83643,seed2269.png
-2.2861838,-0.94647926,seed22690.png
-21.393827,-3.3637068,seed22691.png
-28.550346,15.805964,seed22692.png
19.126326,24.14179,seed22693.png
30.3513,1.0996342,seed22694.png
22.08776,1.2383071,seed22695.png
15.515633,17.726164,seed22696.png
26.209402,20.444136,seed22697.png
-7.4710855,-26.549587,seed22698.png
-23.549417,11.846933,seed22699.png
2.289689,-8.094359,seed2270.png
-27.052511,12.822949,seed22700.png
7.192235,11.789804,seed22701.png
4.822248,9.631266,seed22702.png
-12.303095,9.738521,seed22703.png
-26.880087,-0.032752965,seed22704.png
16.241676,3.9801238,seed22705.png
-2.7424042,-13.698739,seed22706.png
-15.342684,-17.559788,seed22707.png
6.6058826,5.1667275,seed22708.png
-1.2862589,-26.906488,seed22709.png
21.02696,25.176956,seed2271.png
-16.711271,4.249314,seed22710.png
-17.502365,-14.394193,seed22711.png
-20.533873,-20.712566,seed22712.png
35.760395,16.082422,seed22713.png
28.625885,27.861855,seed22714.png
-34.123962,21.872326,seed22715.png
-21.572887,-10.453785,seed22716.png
-33.39868,23.908583,seed22717.png
15.435313,14.913111,seed22718.png
7.4242334,1.8477013,seed22719.png
17.380068,9.795362,seed2272.png
-27.786184,-2.9220889,seed22720.png
-19.210201,8.702993,seed22721.png
1.3765602,-23.744326,seed22722.png
14.747729,29.086096,seed22723.png
-29.068233,5.800135,seed22724.png
-16.378492,3.1936805,seed22725.png
25.050581,-1.4530077,seed22726.png
-23.083645,12.11357,seed22727.png
-8.910883,4.7036324,seed22728.png
31.129261,19.512094,seed22729.png
8.050556,-4.615705,seed2273.png
6.2612476,9.870157,seed22730.png
11.654533,28.747906,seed22731.png
21.601938,12.076859,seed22732.png
32.13091,20.159224,seed22733.png
-26.232082,-8.917384,seed22734.png
-0.14380307,16.213104,seed22735.png
-11.281042,-18.652105,seed22736.png
31.148748,8.254252,seed22737.png
-30.31413,14.360902,seed22738.png
-25.36047,5.356797,seed22739.png
1.7609476,-14.755661,seed2274.png
-2.6301055,-18.480297,seed22740.png
-11.144332,-28.930922,seed22741.png
-13.544875,-23.38272,seed22742.png
39.436172,16.994188,seed22743.png
4.63793,20.298887,seed22744.png
-37.08491,23.946766,seed22745.png
6.547355,6.6607814,seed22746.png
20.047508,25.443644,seed22747.png
13.201367,7.352874,seed22748.png
-32.345924,-4.22352,seed22749.png
7.953728,-39.516964,seed2275.png
34.77534,2.9976494,seed22750.png
-6.926307,-23.058355,seed22751.png
1.3978714,-2.9503047,seed22752.png
-15.522963,-24.244396,seed22753.png
-8.214992,-23.579624,seed22754.png
-13.629734,-15.836741,seed22755.png
-15.67123,-8.152181,seed22756.png
39.28959,7.9904695,seed22757.png
-29.002007,9.088117,seed22758.png
-26.230827,-5.0558863,seed22759.png
12.26894,15.760664,seed2276.png
38.067993,20.214052,seed22760.png
3.940877,18.149137,seed22761.png
-29.551453,-9.082501,seed22762.png
16.594927,8.949398,seed22763.png
-0.5290155,-17.314262,seed22764.png
-9.739865,-26.12795,seed22765.png
-2.5332131,20.296434,seed22766.png
-11.124884,-4.213198,seed22767.png
-6.482413,3.0450292,seed22768.png
12.835512,-32.569695,seed22769.png
-29.017832,22.231407,seed2277.png
10.954683,-43.07302,seed22770.png
9.661143,10.112985,seed22771.png
-20.897692,12.527006,seed22772.png
17.13934,1.6821537,seed22773.png
-16.651554,-6.0002503,seed22774.png
-25.455103,4.859029,seed22775.png
19.716087,16.825949,seed22776.png
25.218588,-1.527087,seed22777.png
27.07904,1.449162,seed22778.png
-26.979248,-3.9523628,seed22779.png
26.713097,18.078197,seed2278.png
-19.588875,-6.1128187,seed22780.png
13.587479,13.051607,seed22781.png
19.643404,27.664047,seed22782.png
-27.756933,-7.060143,seed22783.png
-21.500813,3.300205,seed22784.png
-28.637491,12.654099,seed22785.png
-23.921335,-10.040627,seed22786.png
-1.4039512,24.40825,seed22787.png
-19.041857,-16.1809,seed22788.png
-11.487688,-25.372011,seed22789.png
-23.216045,2.909632,seed2279.png
14.255901,-13.376987,seed22790.png
-27.15555,15.730975,seed22791.png
-18.984346,-13.60594,seed22792.png
21.169323,6.5153184,seed22793.png
24.314014,11.653251,seed22794.png
31.650408,26.652912,seed22795.png
15.410061,-39.06174,seed22796.png
-20.881474,-17.48419,seed22797.png
-22.706089,-8.892432,seed22798.png
-17.508722,-22.994463,seed22799.png
9.0362,6.8140907,seed2280.png
6.527378,14.075848,seed22800.png
18.185589,22.478401,seed22801.png
38.091953,20.034367,seed22802.png
35.26435,12.85617,seed22803.png
-14.776661,4.470145,seed22804.png
-1.325911,-16.277798,seed22805.png
15.226691,-8.151832,seed22806.png
-8.4038725,-7.1474657,seed22807.png
-32.023045,14.744431,seed22808.png
4.5645967,-30.62481,seed22809.png
11.334616,-28.253927,seed2281.png
36.646023,20.132776,seed22810.png
6.9550953,11.967232,seed22811.png
-23.042635,6.235429,seed22812.png
-17.145779,3.9760575,seed22813.png
41.32295,20.05258,seed22814.png
16.211536,0.82634306,seed22815.png
23.381876,16.162497,seed22816.png
12.246508,-27.2069,seed22817.png
17.386896,14.35675,seed22818.png
-34.728405,17.980335,seed22819.png
-9.381743,-5.747606,seed2282.png
7.827467,20.335493,seed22820.png
-33.662766,3.5881028,seed22821.png
35.82451,18.531015,seed22822.png
-1.0240716,-3.3586798,seed22823.png
-22.82142,-5.6155744,seed22824.png
8.760983,-7.0884175,seed22825.png
-0.110596284,25.01231,seed22826.png
32.164703,7.1937633,seed22827.png
30.090895,12.799987,seed22828.png
16.525654,8.362412,seed22829.png
12.233269,-37.995316,seed2283.png
-26.124735,-12.609136,seed22830.png
-1.185572,9.972034,seed22831.png
-33.45969,21.460907,seed22832.png
-25.283327,-0.4686159,seed22833.png
15.25049,23.248735,seed22834.png
33.613213,16.617567,seed22835.png
-34.338562,-5.8734894,seed22836.png
22.218786,6.7721434,seed22837.png
-27.1454,-14.869603,seed22838.png
-9.07539,-2.3954918,seed22839.png
-24.237848,10.576271,seed2284.png
-32.996346,23.165983,seed22840.png
4.7463703,23.000937,seed22841.png
-32.908947,22.944067,seed22842.png
-26.505743,6.53507,seed22843.png
-9.8003025,-8.896006,seed22844.png
28.02527,15.855165,seed22845.png
30.219099,9.674459,seed22846.png
27.09796,10.830612,seed22847.png
1.9912918,-9.918334,seed22848.png
-22.659021,1.9194677,seed22849.png
-15.124589,-5.235277,seed2285.png
-15.816875,3.0008469,seed22850.png
-14.046138,-17.587059,seed22851.png
14.791693,20.041758,seed22852.png
-27.723711,8.580032,seed22853.png
9.429129,-1.3637136,seed22854.png
-30.875914,6.4839015,seed22855.png
-12.620444,-20.60345,seed22856.png
28.652126,9.627402,seed22857.png
-17.73181,-23.878357,seed22858.png
-15.42333,3.557269,seed22859.png
-26.556562,9.696824,seed2286.png
18.055382,20.423681,seed22860.png
8.619848,-40.306557,seed22861.png
-10.3342,-32.25268,seed22862.png
25.695244,19.58585,seed22863.png
20.617065,-4.2263217,seed22864.png
29.350765,12.293767,seed22865.png
-19.481878,-11.356267,seed22866.png
8.646143,-29.605963,seed22867.png
3.4683034,-34.97425,seed22868.png
-18.079535,-29.152683,seed22869.png
-18.427023,5.268455,seed2287.png
33.75796,7.692231,seed22870.png
-19.803131,1.7780641,seed22871.png
0.50792724,-15.823684,seed22872.png
8.220673,19.213524,seed22873.png
32.534935,23.220322,seed22874.png
4.2668324,-31.751537,seed22875.png
4.771568,-3.9989681,seed22876.png
8.276837,-8.369761,seed22877.png
9.226812,-30.759876,seed22878.png
29.317154,13.240638,seed22879.png
14.276378,-1.8665284,seed2288.png
-8.188827,-24.462366,seed22880.png
-13.230977,-20.178854,seed22881.png
18.912683,27.164467,seed22882.png
15.528289,19.439152,seed22883.png
2.9712408,15.810501,seed22884.png
12.2408905,-21.244217,seed22885.png
-36.58472,9.447052,seed22886.png
6.673834,1.6521202,seed22887.png
27.822035,11.22176,seed22888.png
6.2079206,13.371429,seed22889.png
12.80177,16.06405,seed2289.png
30.863552,17.61307,seed22890.png
15.013363,23.341236,seed22891.png
16.886778,-6.8783298,seed22892.png
-23.57961,-11.599333,seed22893.png
-21.153486,-19.036839,seed22894.png
6.1536913,-28.345673,seed22895.png
-18.83558,-25.852612,seed22896.png
11.83527,-3.0869846,seed22897.png
-12.616579,5.1517305,seed22898.png
4.027942,3.6532006,seed22899.png
-21.668592,-0.44614172,seed2290.png
23.541742,8.969702,seed22900.png
-12.592745,-6.4264107,seed22901.png
24.797628,21.268778,seed22902.png
-23.635485,2.2310581,seed22903.png
-5.95147,5.623227,seed22904.png
-34.13181,20.392286,seed22905.png
6.3269997,-37.657063,seed22906.png
-3.619139,-11.576373,seed22907.png
-33.40973,8.67627,seed22908.png
12.372237,17.536074,seed22909.png
-20.675611,-25.989744,seed2291.png
-22.317198,9.418033,seed22910.png
-3.202609,-10.857896,seed22911.png
-23.66361,-8.517076,seed22912.png
11.697762,28.430601,seed22913.png
12.9361515,-12.410486,seed22914.png
14.693641,-33.929348,seed22915.png
22.609959,20.518097,seed22916.png
-5.5947866,-4.329775,seed22917.png
12.606205,8.90909,seed22918.png
-11.760155,-1.1213018,seed22919.png
-10.568959,9.994963,seed2292.png
-32.08785,22.746595,seed22920.png
-32.85504,7.368116,seed22921.png
-21.85931,11.068345,seed22922.png
36.623352,21.34372,seed22923.png
31.36043,28.594843,seed22924.png
-26.240126,-13.303788,seed22925.png
19.630812,4.7736373,seed22926.png
-36.9791,0.4460683,seed22927.png
32.77912,13.385635,seed22928.png
-17.559324,-30.189611,seed22929.png
-0.62779915,22.745342,seed2293.png
-13.466537,-11.64121,seed22930.png
22.548376,-4.835593,seed22931.png
-22.044403,7.400672,seed22932.png
-17.497652,-11.024104,seed22933.png
23.279902,8.223296,seed22934.png
-3.2883909,19.92601,seed22935.png
-28.210344,-13.758091,seed22936.png
-21.802797,-15.084975,seed22937.png
29.115145,19.008064,seed22938.png
-17.097218,-4.1172132,seed22939.png
-2.8830988,3.083399,seed2294.png
21.12195,5.2093873,seed22940.png
-11.76409,-15.61137,seed22941.png
-16.254776,9.604547,seed22942.png
13.288235,-25.881643,seed22943.png
-22.189543,15.513709,seed22944.png
12.153346,12.087342,seed22945.png
4.563147,4.304741,seed22946.png
37.794544,19.248135,seed22947.png
-20.366272,-3.7403066,seed22948.png
-18.73505,-28.83164,seed22949.png
-31.631472,3.6991556,seed2295.png
-14.94532,-29.427412,seed22950.png
-21.175915,-7.736146,seed22951.png
-13.424729,-5.375076,seed22952.png
29.32268,-4.109943,seed22953.png
33.217606,23.684166,seed22954.png
-23.370573,-10.929444,seed22955.png
-12.127482,-8.282394,seed22956.png
-11.682429,-14.235978,seed22957.png
5.483145,-25.803219,seed22958.png
20.295406,24.23443,seed22959.png
33.77738,16.738022,seed2296.png
30.712437,9.521725,seed22960.png
-18.00278,-14.190532,seed22961.png
1.869845,0.021344315,seed22962.png
-35.322178,13.2396145,seed22963.png
5.087895,12.961276,seed22964.png
34.753887,16.874842,seed22965.png
-14.004753,1.2021374,seed22966.png
4.5292244,20.373257,seed22967.png
10.355321,5.1800895,seed22968.png
-0.981378,19.216364,seed22969.png
11.685385,1.8097813,seed2297.png
0.011736563,-2.499721,seed22970.png
10.708284,-41.065304,seed22971.png
-30.615849,-6.2170987,seed22972.png
18.481825,21.17086,seed22973.png
-15.30938,-9.91573,seed22974.png
-24.775854,15.428598,seed22975.png
-25.16701,-17.274643,seed22976.png
-7.9435816,-7.4656825,seed22977.png
-23.816713,-20.746511,seed22978.png
24.694492,-7.5878296,seed22979.png
-33.026337,3.6741836,seed2298.png
34.44589,16.095997,seed22980.png
8.467873,12.980888,seed22981.png
-7.7155595,-7.0967827,seed22982.png
5.5615087,-35.315247,seed22983.png
6.293348,16.971659,seed22984.png
-1.1823984,11.2338085,seed22985.png
-22.263786,15.885109,seed22986.png
-8.27809,12.995706,seed22987.png
4.717824,14.932417,seed22988.png
-33.759483,26.976223,seed22989.png
13.094585,20.253342,seed2299.png
14.969096,-0.68556505,seed22990.png
17.535912,17.160868,seed22991.png
-16.285046,5.0206165,seed22992.png
-5.927,-5.2419996,seed22993.png
21.207426,21.110659,seed22994.png
13.911798,15.5050955,seed22995.png
-31.788532,4.1212983,seed22996.png
-34.445198,13.977547,seed22997.png
6.705945,-1.0742031,seed22998.png
-28.931051,16.046276,seed22999.png
35.235138,6.8115253,seed2300.png
7.6615005,-32.911594,seed23000.png
-32.487648,8.461756,seed23001.png
-11.132251,-30.309832,seed23002.png
15.696382,20.261673,seed23003.png
-20.766338,6.631112,seed23004.png
-33.12013,8.232834,seed23005.png
0.7232825,-14.881041,seed23006.png
-0.7638497,4.674571,seed23007.png
40.248253,16.548708,seed23008.png
-10.785018,-25.985085,seed23009.png
33.210705,15.963539,seed2301.png
-21.5174,17.070646,seed23010.png
-15.513372,-18.013464,seed23011.png
-23.900791,-5.8909283,seed23012.png
1.2606721,-17.661015,seed23013.png
32.19975,21.194553,seed23014.png
-3.7496836,-1.324337,seed23015.png
-9.1514225,-22.111889,seed23016.png
12.8590145,0.25181,seed23017.png
-33.12487,-12.707166,seed23018.png
21.608522,-0.5607152,seed23019.png
-10.456065,1.6187943,seed2302.png
-3.9979017,-24.394653,seed23020.png
-4.4328504,-15.450811,seed23021.png
0.688601,-16.888418,seed23022.png
32.29049,21.973743,seed23023.png
28.130816,27.262844,seed23024.png
8.06604,-4.8055706,seed23025.png
24.386774,9.859513,seed23026.png
21.789764,5.0130424,seed23027.png
10.7776575,11.740536,seed23028.png
-34.36804,-9.863513,seed23029.png
-26.51743,-20.806181,seed2303.png
-20.886694,-15.060122,seed23030.png
-27.229078,17.489126,seed23031.png
0.10823758,24.547459,seed23032.png
13.262244,-24.253122,seed23033.png
11.546178,-39.849983,seed23034.png
-7.4442234,-4.5109224,seed23035.png
-11.26198,-29.07119,seed23036.png
21.713303,12.024719,seed23037.png
-13.646587,-22.830984,seed23038.png
4.9134226,-33.52033,seed23039.png
40.296024,10.632823,seed2304.png
29.3025,24.985737,seed23040.png
31.8375,-2.0642953,seed23041.png
8.530143,-41.701668,seed23042.png
-12.762278,-11.077129,seed23043.png
1.1764485,-9.316559,seed23044.png
-20.83565,5.2709904,seed23045.png
-15.752601,-14.525243,seed23046.png
8.705832,-40.219917,seed23047.png
6.3051267,-6.599411,seed23048.png
4.635886,8.045142,seed23049.png
-23.12636,16.357033,seed2305.png
20.979895,1.5896075,seed23050.png
-19.059414,-20.108393,seed23051.png
10.9275255,7.043242,seed23052.png
-11.259641,-22.705189,seed23053.png
23.93544,16.59268,seed23054.png
-12.883332,-9.882516,seed23055.png
2.7201855,-2.7538528,seed23056.png
7.650788,-31.646397,seed23057.png
9.622196,29.230139,seed23058.png
-15.246819,-29.910019,seed23059.png
11.443141,-40.61077,seed2306.png
13.440316,26.110147,seed23060.png
-32.573925,2.3904805,seed23061.png
-25.967836,7.2247915,seed23062.png
21.214092,-4.410946,seed23063.png
6.803019,-8.789314,seed23064.png
-30.07302,0.02798866,seed23065.png
-28.081924,-3.832519,seed23066.png
-15.584739,-19.432617,seed23067.png
0.26681167,-19.822002,seed23068.png
29.756582,12.146681,seed23069.png
1.6504741,-13.243372,seed2307.png
6.8892255,-36.950714,seed23070.png
-18.524734,-5.882885,seed23071.png
35.57683,15.359843,seed23072.png
-4.206777,23.504805,seed23073.png
-33.89613,24.193285,seed23074.png
35.504036,7.9644537,seed23075.png
-26.48589,-18.36092,seed23076.png
2.2862444,-16.980822,seed23077.png
-12.915645,-14.928476,seed23078.png
-16.342464,-0.8199402,seed23079.png
10.729123,28.606314,seed2308.png
13.353306,17.196949,seed23080.png
-11.274346,-14.996517,seed23081.png
19.102808,25.408571,seed23082.png
30.665155,3.6860561,seed23083.png
29.9961,9.323264,seed23084.png
-22.876093,-23.332386,seed23085.png
-37.221096,7.8063517,seed23086.png
12.246474,-34.0844,seed23087.png
-24.386114,13.001956,seed23088.png
35.748795,6.955136,seed23089.png
-9.12356,-19.181995,seed2309.png
-7.5180035,-27.75897,seed23090.png
4.8603973,-35.21237,seed23091.png
13.558341,27.81092,seed23092.png
29.161009,24.877335,seed23093.png
11.329294,6.210092,seed23094.png
1.8199149,22.844118,seed23095.png
37.574333,15.564386,seed23096.png
-11.666829,-5.191313,seed23097.png
4.5072784,14.768025,seed23098.png
38.390415,6.76827,seed23099.png
-10.126116,-5.601393,seed2310.png
-1.0995533,23.18362,seed23100.png
29.1025,23.399904,seed23101.png
31.996132,8.502703,seed23102.png
25.592813,-0.82622415,seed23103.png
14.575537,-29.36027,seed23104.png
8.612988,24.265974,seed23105.png
-13.899606,-18.536943,seed23106.png
-10.0137,-13.603711,seed23107.png
13.886842,14.75457,seed23108.png
11.709834,-34.031227,seed23109.png
-32.77034,-0.51254374,seed2311.png
0.9413017,9.785928,seed23110.png
-26.816437,-12.679172,seed23111.png
37.37119,11.683195,seed23112.png
30.231188,26.536367,seed23113.png
-27.865385,-0.31172028,seed23114.png
28.563543,17.573334,seed23115.png
-14.810777,-25.020912,seed23116.png
12.487288,22.229113,seed23117.png
37.77754,13.558442,seed23118.png
-30.745846,4.0552273,seed23119.png
9.904544,-36.587154,seed2312.png
38.47791,19.905275,seed23120.png
-1.3440448,24.643934,seed23121.png
-10.575159,-0.9359613,seed23122.png
-21.605907,-26.534893,seed23123.png
15.704803,-38.803764,seed23124.png
-18.576462,9.967521,seed23125.png
17.15117,25.46019,seed23126.png
0.10509953,22.983345,seed23127.png
6.615387,-35.452477,seed23128.png
28.56851,5.954846,seed23129.png
14.728066,-3.1284933,seed2313.png
-26.677969,-20.663681,seed23130.png
-30.392103,14.167637,seed23131.png
-24.045288,1.8326379,seed23132.png
-31.028471,18.973232,seed23133.png
16.718811,-0.5756938,seed23134.png
7.02804,5.3552856,seed23135.png
2.5758295,-13.520557,seed23136.png
-15.776604,-18.816402,seed23137.png
-22.055101,-6.4303703,seed23138.png
12.997908,13.475555,seed23139.png
15.259207,5.519643,seed2314.png
12.939519,-34.08231,seed23140.png
-1.6647503,24.141321,seed23141.png
-16.429296,1.9289013,seed23142.png
-28.27489,5.6704736,seed23143.png
-26.461721,13.53032,seed23144.png
-24.652658,3.4557476,seed23145.png
-31.867216,7.228443,seed23146.png
-17.883537,13.016254,seed23147.png
-18.085941,-20.728151,seed23148.png
-19.335272,-31.165632,seed23149.png
-19.722454,-25.284878,seed2315.png
-1.7598828,-12.914213,seed23150.png
-31.659016,19.640688,seed23151.png
-8.271386,-15.603166,seed23152.png
-19.319204,1.9668959,seed23153.png
30.668777,8.984678,seed23154.png
-26.990616,-19.767897,seed23155.png
-4.5710626,9.121544,seed23156.png
19.862873,-6.0634975,seed23157.png
2.6434336,22.53967,seed23158.png
11.8340845,6.520048,seed23159.png
6.5006456,-31.127808,seed2316.png
-26.974005,13.640938,seed23160.png
19.265196,21.820177,seed23161.png
-6.89002,-0.2991491,seed23162.png
-26.58456,10.810077,seed23163.png
19.635187,4.4474483,seed23164.png
16.202396,15.832996,seed23165.png
-15.762999,-18.75737,seed23166.png
27.338879,2.574451,seed23167.png
-14.689154,-21.127241,seed23168.png
18.832205,1.7129582,seed23169.png
34.235954,4.6926813,seed2317.png
-21.100508,-26.91434,seed23170.png
31.022026,14.192863,seed23171.png
-14.043479,-9.160749,seed23172.png
-23.906218,-17.874184,seed23173.png
3.7561736,-0.4374402,seed23174.png
2.27054,-0.26220277,seed23175.png
34.346745,16.807877,seed23176.png
29.282412,13.987848,seed23177.png
-12.662517,-31.27405,seed23178.png
34.382294,9.253578,seed23179.png
37.760773,14.104186,seed2318.png
-26.14675,6.7053313,seed23180.png
22.602589,11.442011,seed23181.png
-18.176754,-25.427275,seed23182.png
-0.2366419,-7.0178785,seed23183.png
10.46216,-41.455387,seed23184.png
-24.498137,-14.678982,seed23185.png
-20.439926,-22.34895,seed23186.png
-20.741573,6.6949344,seed23187.png
37.06358,19.232306,seed23188.png
-1.2242241,-12.365799,seed23189.png
-10.372366,-0.5692816,seed2319.png
-10.132048,9.139247,seed23190.png
-7.8777504,-0.48045734,seed23191.png
30.923338,28.151064,seed23192.png
-8.362929,-14.701049,seed23193.png
9.394155,23.681103,seed23194.png
26.871359,20.184015,seed23195.png
38.397675,16.334316,seed23196.png
5.5853744,18.95287,seed23197.png
-26.869066,-14.287819,seed23198.png
-34.67161,20.643867,seed23199.png
-32.54649,24.425388,seed2320.png
-5.051711,-12.452406,seed23200.png
-35.952946,-0.2181486,seed23201.png
-19.745092,-26.43891,seed23202.png
-27.911867,10.618416,seed23203.png
11.903062,9.013421,seed23204.png
18.24415,27.62453,seed23205.png
-15.276802,13.624367,seed23206.png
-20.312319,-8.475318,seed23207.png
-21.343458,-15.832594,seed23208.png
-6.400637,-0.021094631,seed23209.png
-2.6808944,-11.879999,seed2321.png
-7.387395,6.8436055,seed23210.png
22.373983,16.065569,seed23211.png
37.15335,10.920171,seed23212.png
-21.666418,16.505203,seed23213.png
22.114632,-5.999026,seed23214.png
13.004462,26.181095,seed23215.png
-1.5170227,-12.613642,seed23216.png
5.0831747,-29.568974,seed23217.png
-18.695145,10.021393,seed23218.png
-13.696799,-23.565508,seed23219.png
2.8123858,-30.263128,seed2322.png
25.194445,14.493628,seed23220.png
-31.950312,-7.9387593,seed23221.png
9.368766,-3.7226176,seed23222.png
18.662563,21.109484,seed23223.png
-11.45362,-30.948631,seed23224.png
-23.477087,-10.354289,seed23225.png
-4.1117716,-22.033215,seed23226.png
-38.131935,14.187119,seed23227.png
-26.214151,-16.99177,seed23228.png
1.0826616,13.27802,seed23229.png
26.700682,-1.0357245,seed2323.png
-0.17354724,-19.941383,seed23230.png
-14.823325,-20.29801,seed23231.png
14.172193,-0.49357426,seed23232.png
13.663685,-33.874454,seed23233.png
-32.31887,19.471825,seed23234.png
22.65195,-4.245127,seed23235.png
18.75817,27.219107,seed23236.png
-30.891848,0.8838269,seed23237.png
35.708225,18.975346,seed23238.png
12.54241,-30.181385,seed23239.png
19.989262,14.747903,seed2324.png
21.712795,19.423584,seed23240.png
-31.841751,-11.422392,seed23241.png
-26.703587,-11.644248,seed23242.png
-22.568148,2.538929,seed23243.png
-30.710041,19.451405,seed23244.png
-4.6362996,-16.646688,seed23245.png
34.5966,12.244421,seed23246.png
-9.619167,-27.424961,seed23247.png
18.955114,-4.1615443,seed23248.png
-32.060104,26.083006,seed23249.png
9.26332,-24.138088,seed2325.png
17.697561,4.542083,seed23250.png
-15.09788,-1.5213748,seed23251.png
11.406253,-31.308613,seed23252.png
14.08945,-39.4834,seed23253.png
-34.8202,14.558026,seed23254.png
-25.310087,5.480504,seed23255.png
10.3290615,1.6276765,seed23256.png
-21.035885,10.613851,seed23257.png
-27.585537,11.4186945,seed23258.png
33.874977,6.552712,seed23259.png
36.1116,21.86687,seed2326.png
7.9148827,-24.47386,seed23260.png
-22.075619,4.973972,seed23261.png
-20.909718,19.525713,seed23262.png
-14.326848,-25.838913,seed23263.png
13.521417,19.8893,seed23264.png
-19.080183,8.560507,seed23265.png
18.536867,22.891396,seed23266.png
-22.903994,-17.581055,seed23267.png
13.232835,25.234964,seed23268.png
31.317839,18.629051,seed23269.png
4.2850056,-7.8938327,seed2327.png
18.261353,-6.4335256,seed23270.png
18.794577,-2.0647383,seed23271.png
15.675747,4.813122,seed23272.png
12.026555,-41.740158,seed23273.png
-1.386217,-14.882921,seed23274.png
12.388128,9.518301,seed23275.png
31.447226,2.7254093,seed23276.png
15.5345,10.67949,seed23277.png
2.4617865,-14.417834,seed23278.png
20.02457,12.245508,seed23279.png
2.8455784,1.721749,seed2328.png
8.041684,-32.59019,seed23280.png
-29.857779,-13.355884,seed23281.png
-18.300287,-17.859177,seed23282.png
-20.844643,9.91263,seed23283.png
14.915202,11.321074,seed23284.png
9.200402,-43.69507,seed23285.png
-29.02826,-9.966972,seed23286.png
13.015325,-33.525246,seed23287.png
38.67659,20.795969,seed23288.png
-32.92683,13.890403,seed23289.png
-20.974514,-12.034005,seed2329.png
11.38529,-41.306553,seed23290.png
-15.629354,-30.977692,seed23291.png
26.320145,19.201015,seed23292.png
-14.473815,-29.843418,seed23293.png
-27.987278,-4.634002,seed23294.png
13.989289,-40.182777,seed23295.png
0.75468314,-12.017914,seed23296.png
-21.977087,14.418337,seed23297.png
-19.208204,9.769774,seed23298.png
-19.417149,-2.3535416,seed23299.png
-9.877383,-24.790106,seed2330.png
-5.48345,17.141804,seed23300.png
-30.732027,18.53155,seed23301.png
14.154497,27.216513,seed23302.png
19.895094,8.685027,seed23303.png
31.506783,7.542661,seed23304.png
-30.245512,15.997959,seed23305.png
-34.399693,11.883216,seed23306.png
-32.244804,0.6259636,seed23307.png
22.330584,15.719489,seed23308.png
-7.20906,-18.94385,seed23309.png
-0.21819106,24.488913,seed2331.png
-23.077412,-3.6017053,seed23310.png
11.130709,8.666419,seed23311.png
8.661288,-28.492521,seed23312.png
20.408264,6.100386,seed23313.png
18.964214,7.891156,seed23314.png
-35.175774,9.658501,seed23315.png
-23.294935,5.7140145,seed23316.png
25.652166,20.092636,seed23317.png
-21.346804,-0.065997854,seed23318.png
-13.575417,-21.204622,seed23319.png
-18.887783,-24.88882,seed2332.png
-31.497185,24.233622,seed23320.png
13.093753,24.606697,seed23321.png
-7.304577,-18.618103,seed23322.png
7.966945,5.35206,seed23323.png
-29.4306,10.477426,seed23324.png
-23.50818,-5.977276,seed23325.png
-33.963474,5.167327,seed23326.png
-16.84364,-11.029537,seed23327.png
8.308579,9.82047,seed23328.png
16.688404,8.237081,seed23329.png
-38.672173,14.54037,seed2333.png
3.0330887,-25.833553,seed23330.png
17.625393,3.6517787,seed23331.png
33.794704,25.754774,seed23332.png
11.291047,-1.0153407,seed23333.png
-20.497019,-27.253517,seed23334.png
2.5188181,-12.262585,seed23335.png
25.839062,17.01506,seed23336.png
9.659383,-35.26482,seed23337.png
-18.398851,-4.4061604,seed23338.png
15.867713,-38.841087,seed23339.png
39.90109,20.855991,seed2334.png
11.257348,-9.584154,seed23340.png
20.907042,-4.8516808,seed23341.png
20.50364,16.667501,seed23342.png
17.936415,25.830503,seed23343.png
-27.70164,-0.54114413,seed23344.png
-14.981106,-1.1333333,seed23345.png
-29.052744,-9.098603,seed23346.png
-35.634064,0.86847186,seed23347.png
-32.900562,14.579792,seed23348.png
-18.032198,-22.401281,seed23349.png
-32.729477,-6.0245295,seed2335.png
10.564969,-42.085484,seed23350.png
15.431763,12.488131,seed23351.png
-32.144512,15.836456,seed23352.png
-13.383477,-21.769295,seed23353.png
-3.6309886,15.528471,seed23354.png
2.895152,16.412598,seed23355.png
19.813648,17.431534,seed23356.png
-29.933834,-6.772483,seed23357.png
21.109133,13.910056,seed23358.png
-1.0839121,-22.615168,seed23359.png
-32.297623,7.1922717,seed2336.png
9.767489,-1.4263645,seed23360.png
9.822258,-34.933556,seed23361.png
-12.243937,-13.567613,seed23362.png
6.6953645,-32.065723,seed23363.png
6.320934,18.70498,seed23364.png
-28.956833,-10.695393,seed23365.png
-11.455335,-13.588894,seed23366.png
36.28968,14.199224,seed23367.png
29.085066,7.224094,seed23368.png
-25.202126,-12.858671,seed23369.png
15.535216,18.20933,seed2337.png
-0.01014654,-12.662423,seed23370.png
-5.038066,4.724894,seed23371.png
29.930622,24.640623,seed23372.png
36.86594,21.224785,seed23373.png
18.035652,2.4688063,seed23374.png
5.6686153,-27.020285,seed23375.png
-11.742705,-22.169487,seed23376.png
14.393471,-4.808883,seed23377.png
-11.882022,-26.264925,seed23378.png
-36.995537,10.467044,seed23379.png
-21.164814,10.974498,seed2338.png
-26.378479,-13.16236,seed23380.png
10.274768,28.84078,seed23381.png
4.5828905,22.531628,seed23382.png
25.692558,20.118446,seed23383.png
15.752135,-35.61189,seed23384.png
-35.616585,24.481,seed23385.png
-10.003718,-14.082694,seed23386.png
-17.236534,-7.0636487,seed23387.png
9.090278,5.6496954,seed23388.png
26.315115,17.472845,seed23389.png
8.202329,-29.245098,seed2339.png
-18.070864,3.1676393,seed23390.png
20.749521,9.348099,seed23391.png
-6.3545213,-3.352264,seed23392.png
-15.951113,-26.602613,seed23393.png
-18.33391,15.891702,seed23394.png
4.057251,23.787123,seed23395.png
-6.7466316,-18.173197,seed23396.png
7.4726477,12.604637,seed23397.png
-34.454254,21.651821,seed23398.png
17.942326,10.341573,seed23399.png
38.82286,12.435738,seed2340.png
19.236233,22.696703,seed23400.png
-39.520443,20.80193,seed23401.png
-19.34368,6.6900926,seed23402.png
32.360558,11.576241,seed23403.png
-38.31203,25.867031,seed23404.png
-11.641518,-8.287231,seed23405.png
11.714773,-39.72428,seed23406.png
11.805857,21.332268,seed23407.png
0.31550992,12.350695,seed23408.png
19.456146,27.995584,seed23409.png
3.1313307,-13.281061,seed2341.png
1.1525028,-17.232027,seed23410.png
-19.52561,-15.1761465,seed23411.png
-21.07836,-15.824016,seed23412.png
20.281643,23.76167,seed23413.png
-18.080954,-2.0175717,seed23414.png
-28.757317,-0.025718587,seed23415.png
25.653822,5.4160204,seed23416.png
6.248267,-41.347767,seed23417.png
-20.830523,17.004215,seed23418.png
-22.545044,-22.43602,seed23419.png
-12.994575,-29.060938,seed2342.png
-12.566851,-6.4193563,seed23420.png
3.6455038,25.86897,seed23421.png
28.316034,12.81685,seed23422.png
-23.43527,5.863391,seed23423.png
32.937496,28.24987,seed23424.png
16.224926,-36.76239,seed23425.png
19.164827,26.383799,seed23426.png
-11.79456,-10.521915,seed23427.png
18.262987,-5.710166,seed23428.png
-26.413248,2.92506,seed23429.png
34.50755,18.429104,seed2343.png
3.6852953,10.185574,seed23430.png
-35.837788,23.383816,seed23431.png
18.3937,13.655909,seed23432.png
20.667908,2.5636332,seed23433.png
-30.414572,6.628227,seed23434.png
11.21012,0.05156428,seed23435.png
-25.042664,11.22107,seed23436.png
15.646387,22.470924,seed23437.png
-29.83963,-5.02557,seed23438.png
-34.556175,25.83214,seed23439.png
12.646735,4.3028946,seed2344.png
-32.200905,-9.474713,seed23440.png
-14.298623,6.116341,seed23441.png
31.590351,16.37756,seed23442.png
-16.268812,-26.794636,seed23443.png
13.581291,-22.864002,seed23444.png
-20.041546,-14.798743,seed23445.png
-27.830256,-0.88394195,seed23446.png
13.73612,-0.23440415,seed23447.png
-37.68892,17.968466,seed23448.png
-23.285532,5.7022376,seed23449.png
11.091646,-38.339558,seed2345.png
-9.984955,-13.411986,seed23450.png
-27.32874,-15.576813,seed23451.png
-31.209688,-5.536885,seed23452.png
24.709377,-0.42396134,seed23453.png
21.087687,16.188663,seed23454.png
-24.88605,-21.205366,seed23455.png
28.46671,18.050526,seed23456.png
-27.31862,-12.785375,seed23457.png
9.197974,-0.8442225,seed23458.png
-20.173975,14.118507,seed23459.png
-16.455902,-0.6834461,seed2346.png
-22.492651,-0.589623,seed23460.png
15.677289,-31.784588,seed23461.png
-27.436169,-0.9566402,seed23462.png
-18.783922,-29.709303,seed23463.png
-33.59289,21.431713,seed23464.png
-19.203993,-19.205002,seed23465.png
-32.423332,14.473984,seed23466.png
30.981293,28.943623,seed23467.png
-19.85999,-16.510376,seed23468.png
-28.204634,-9.232473,seed23469.png
35.34709,23.85112,seed2347.png
4.42351,-33.81177,seed23470.png
30.26004,9.002565,seed23471.png
-13.733179,-24.16272,seed23472.png
23.677088,-5.8609138,seed23473.png
-24.008099,-9.345479,seed23474.png
-26.128546,-9.124197,seed23475.png
-13.496696,-30.466118,seed23476.png
17.181717,15.595276,seed23477.png
-12.039159,-3.1555965,seed23478.png
36.333385,15.309281,seed23479.png
16.40616,21.90378,seed2348.png
34.607956,11.1303835,seed23480.png
-34.789783,17.615582,seed23481.png
32.59362,21.599768,seed23482.png
11.092758,-24.450333,seed23483.png
-23.90822,12.891814,seed23484.png
7.8398795,-33.155815,seed23485.png
-25.851728,13.112169,seed23486.png
8.767877,-30.115568,seed23487.png
19.160807,9.471685,seed23488.png
-27.951395,7.181946,seed23489.png
3.503574,1.4876437,seed2349.png
0.58558464,-4.939477,seed23490.png
-21.549784,-3.6007352,seed23491.png
-19.057623,-6.2620673,seed23492.png
-18.834085,-22.637367,seed23493.png
-4.2587085,-14.355956,seed23494.png
25.5889,16.073343,seed23495.png
-36.494976,9.735133,seed23496.png
-6.5032945,2.5996256,seed23497.png
-29.792866,7.7892103,seed23498.png
-10.987716,-5.3905044,seed23499.png
-24.418695,-18.86969,seed2350.png
-15.599306,-16.642393,seed23500.png
-17.065004,1.5547986,seed23501.png
-22.746513,13.639418,seed23502.png
-28.834965,-13.15979,seed23503.png
7.924845,9.150015,seed23504.png
18.943401,16.000122,seed23505.png
-1.3690219,24.8045,seed23506.png
17.163277,26.133087,seed23507.png
-4.5493255,-0.9869865,seed23508.png
12.19035,-42.034218,seed23509.png
-8.692707,4.3403277,seed2351.png
1.0297536,-13.849235,seed23510.png
-34.304665,-9.892044,seed23511.png
-17.056046,-20.553791,seed23512.png
32.48826,24.689066,seed23513.png
4.171956,8.999944,seed23514.png
5.504754,-30.233244,seed23515.png
-31.398228,19.910244,seed23516.png
6.3089585,24.094786,seed23517.png
-31.434288,-2.9199226,seed23518.png
14.977773,-12.42384,seed23519.png
-13.497171,-22.01687,seed2352.png
-20.786457,12.572981,seed23520.png
-16.449532,2.8259964,seed23521.png
8.296389,-13.268237,seed23522.png
24.82263,4.3847914,seed23523.png
20.172745,6.142275,seed23524.png
12.638715,-0.4557956,seed23525.png
-24.984575,-22.384012,seed23526.png
23.046576,17.6441,seed23527.png
-24.56732,-10.226686,seed23528.png
-2.6238093,-0.94871974,seed23529.png
18.430271,25.247766,seed2353.png
-28.763348,8.394894,seed23530.png
10.239376,13.863956,seed23531.png
-7.057334,-22.744747,seed23532.png
7.3920856,-1.5061188,seed23533.png
2.6806157,14.972,seed23534.png
-3.9945376,-17.621271,seed23535.png
9.478491,-36.486145,seed23536.png
-14.920842,-19.724726,seed23537.png
17.73424,-7.086519,seed23538.png
-27.319902,-21.0819,seed23539.png
-31.664066,2.8275104,seed2354.png
34.649372,3.531768,seed23540.png
19.934717,-0.42188504,seed23541.png
14.085264,-30.790459,seed23542.png
-3.906119,13.997247,seed23543.png
-19.256182,-14.956345,seed23544.png
26.758408,23.153173,seed23545.png
21.977936,14.598813,seed23546.png
-17.422005,-20.619228,seed23547.png
9.233185,8.858268,seed23548.png
11.6282835,9.355222,seed23549.png
5.8758965,-5.296014,seed2355.png
-32.872936,-1.725953,seed23550.png
6.03197,-26.428766,seed23551.png
13.636623,-6.1090126,seed23552.png
-24.740957,2.2791348,seed23553.png
10.151664,-1.4857235,seed23554.png
7.5084534,18.076654,seed23555.png
-18.512798,-21.925268,seed23556.png
34.660236,9.463731,seed23557.png
-12.946675,-18.906364,seed23558.png
-29.23249,-0.48129082,seed23559.png
-19.208214,15.267229,seed2356.png
-25.03542,17.068216,seed23560.png
11.837784,13.204095,seed23561.png
21.223303,26.210232,seed23562.png
11.0666685,24.40449,seed23563.png
15.144118,18.61879,seed23564.png
-32.809193,12.066948,seed23565.png
-24.029306,10.858166,seed23566.png
-0.09596591,-11.86091,seed23567.png
14.406642,-27.759377,seed23568.png
25.927721,5.7864656,seed23569.png
18.752377,26.77402,seed2357.png
10.2796545,29.719168,seed23570.png
-33.24929,23.548094,seed23571.png
2.5783556,6.318461,seed23572.png
20.249018,-2.684829,seed23573.png
-10.2605915,-2.4946904,seed23574.png
-21.353086,8.245889,seed23575.png
37.48033,5.350677,seed23576.png
12.64691,-35.82769,seed23577.png
-25.603277,-23.412931,seed23578.png
22.445278,5.967231,seed23579.png
-2.9452808,-12.70197,seed2358.png
35.50032,13.654847,seed23580.png
-0.3855332,18.65261,seed23581.png
17.87885,26.304348,seed23582.png
21.40782,-1.8666028,seed23583.png
19.517927,23.848032,seed23584.png
28.522419,15.570781,seed23585.png
13.562849,-38.456726,seed23586.png
-32.106037,16.250528,seed23587.png
38.448376,14.364459,seed23588.png
17.355553,1.4401197,seed23589.png
21.745892,16.486113,seed2359.png
4.1157455,14.843434,seed23590.png
-5.7476354,16.116032,seed23591.png
16.660385,27.18711,seed23592.png
18.0343,-9.175349,seed23593.png
25.156454,8.89291,seed23594.png
17.540394,27.93393,seed23595.png
-35.884075,13.24048,seed23596.png
-33.956497,-5.752529,seed23597.png
21.314775,-5.5891438,seed23598.png
15.345288,12.907489,seed23599.png
35.23871,8.930398,seed2360.png
12.047298,-39.434418,seed23600.png
-28.849796,6.511353,seed23601.png
-18.333958,-6.7554994,seed23602.png
-32.592106,22.386013,seed23603.png
-1.8856319,-15.396569,seed23604.png
6.4377823,17.13654,seed23605.png
-27.142632,10.484783,seed23606.png
38.663235,12.689886,seed23607.png
35.701973,7.57784,seed23608.png
35.902447,17.9402,seed23609.png
19.106596,10.983159,seed2361.png
-26.660688,4.078669,seed23610.png
24.153921,22.338736,seed23611.png
2.3676238,-14.521046,seed23612.png
4.9958396,6.500669,seed23613.png
13.974165,-38.964985,seed23614.png
-35.809418,26.191193,seed23615.png
-17.29414,-15.602718,seed23616.png
-1.424264,-15.57526,seed23617.png
15.071486,5.58852,seed23618.png
-25.949684,5.413631,seed23619.png
16.896965,5.488901,seed2362.png
31.789894,10.035426,seed23620.png
-31.047543,17.219627,seed23621.png
-14.611706,8.954399,seed23622.png
-21.174026,14.857169,seed23623.png
25.021544,20.99095,seed23624.png
-19.139032,3.129737,seed23625.png
-0.45475405,-17.881004,seed23626.png
-33.84474,5.7955084,seed23627.png
-18.172987,-18.878399,seed23628.png
3.4559913,-0.056641016,seed23629.png
32.820995,18.543684,seed2363.png
-10.773308,-23.726414,seed23630.png
9.2645645,-22.930515,seed23631.png
12.142881,-1.1681432,seed23632.png
8.856457,6.9967594,seed23633.png
6.2271557,12.709413,seed23634.png
19.907398,24.353209,seed23635.png
-18.570423,-20.862911,seed23636.png
1.0585221,23.670582,seed23637.png
29.976583,3.5341408,seed23638.png
-21.574858,-10.172056,seed23639.png
1.014081,-17.110209,seed2364.png
9.260212,-29.254835,seed23640.png
-33.23872,23.158699,seed23641.png
-4.839231,-18.06261,seed23642.png
-16.535826,-17.512526,seed23643.png
-12.989404,-20.871391,seed23644.png
34.02323,5.6247787,seed23645.png
14.063389,-29.558073,seed23646.png
5.891786,1.0425864,seed23647.png
-36.668045,12.79399,seed23648.png
35.115337,21.43886,seed23649.png
28.753206,5.240211,seed2365.png
6.573326,-36.28605,seed23650.png
6.8257914,-6.8883486,seed23651.png
23.5836,20.255568,seed23652.png
32.62881,18.430868,seed23653.png
21.399998,5.574398,seed23654.png
36.932568,20.841337,seed23655.png
34.084644,27.679935,seed23656.png
-10.83257,-13.949193,seed23657.png
36.706135,23.717035,seed23658.png
-14.260734,5.667771,seed23659.png
-14.584356,-15.668961,seed2366.png
-24.09561,11.406867,seed23660.png
30.429947,11.522876,seed23661.png
30.585611,16.57735,seed23662.png
-26.22476,8.344452,seed23663.png
14.161412,-30.099514,seed23664.png
33.462128,18.216402,seed23665.png
5.8691554,-35.703922,seed23666.png
13.935021,-37.320793,seed23667.png
-12.4610815,-12.740982,seed23668.png
13.150824,-0.81466234,seed23669.png
-30.584988,21.448952,seed2367.png
13.026344,-40.07314,seed23670.png
-7.527007,-15.432102,seed23671.png
37.483715,18.552658,seed23672.png
-10.145011,12.773463,seed23673.png
37.156174,10.273817,seed23674.png
-14.175842,4.403272,seed23675.png
-25.381397,-0.53902364,seed23676.png
21.786356,3.9024847,seed23677.png
9.360274,10.830066,seed23678.png
9.395633,-34.323517,seed23679.png
2.7144794,19.914284,seed2368.png
26.758665,16.657202,seed23680.png
-37.587418,13.140401,seed23681.png
-31.671982,3.992234,seed23682.png
-15.799792,8.825079,seed23683.png
25.146748,-0.34233558,seed23684.png
25.410566,5.9673295,seed23685.png
8.31656,-37.661335,seed23686.png
29.406403,20.004517,seed23687.png
31.910652,26.718847,seed23688.png
35.834682,11.381674,seed23689.png
-7.4990335,-9.041285,seed2369.png
-19.124819,-30.411425,seed23690.png
-16.956646,-19.069895,seed23691.png
-0.66736895,-15.000307,seed23692.png
14.245437,-34.945385,seed23693.png
7.9750857,-21.015726,seed23694.png
-24.437103,-23.139427,seed23695.png
9.0211735,-37.76651,seed23696.png
-19.283833,-10.431223,seed23697.png
36.111317,9.716358,seed23698.png
15.162546,14.161187,seed23699.png
9.127164,-32.764374,seed2370.png
18.552418,22.816725,seed23700.png
6.1560907,-4.1077595,seed23701.png
3.7861166,-1.2587508,seed23702.png
-33.117653,13.332993,seed23703.png
5.1515903,-15.769044,seed23704.png
-19.386225,-8.948121,seed23705.png
-18.536871,-9.436414,seed23706.png
17.409489,-4.9630113,seed23707.png
19.899313,7.830738,seed23708.png
24.319359,14.761772,seed23709.png
6.4304066,-5.9151325,seed2371.png
-32.208473,5.403312,seed23710.png
24.87798,19.365719,seed23711.png
27.069197,23.653606,seed23712.png
11.506966,-42.69667,seed23713.png
7.4601297,-35.57725,seed23714.png
34.51906,24.135658,seed23715.png
11.360879,24.939152,seed23716.png
-12.119938,-24.5509,seed23717.png
-12.059674,-29.199852,seed23718.png
-7.2133183,2.3015444,seed23719.png
-4.296609,-6.685549,seed2372.png
-20.634802,-1.9980818,seed23720.png
-1.624587,-2.765182,seed23721.png
1.1432058,-13.644729,seed23722.png
24.014484,16.73512,seed23723.png
21.418533,-8.203185,seed23724.png
31.230984,28.860004,seed23725.png
-17.827908,-23.110134,seed23726.png
-23.084976,-14.495044,seed23727.png
-36.242905,8.750885,seed23728.png
14.511309,-0.40565908,seed23729.png
-21.078608,-3.2102177,seed2373.png
-7.574737,2.4192147,seed23730.png
-14.828253,-6.7920666,seed23731.png
6.597867,-28.13207,seed23732.png
-28.401426,7.658205,seed23733.png
-15.126731,-0.3068555,seed23734.png
-22.813002,-26.509714,seed23735.png
16.752216,0.5584642,seed23736.png
-20.73631,12.58261,seed23737.png
7.2114534,-38.054623,seed23738.png
-23.218288,5.043124,seed23739.png
-15.32208,-12.115571,seed2374.png
-21.614878,6.8765936,seed23740.png
23.846273,4.9638586,seed23741.png
-21.640636,15.537161,seed23742.png
37.534775,20.420515,seed23743.png
15.425702,-8.548557,seed23744.png
-18.957678,-6.077486,seed23745.png
33.411324,12.609775,seed23746.png
20.168777,25.049845,seed23747.png
18.554228,28.680124,seed23748.png
10.56473,-35.59348,seed23749.png
-10.621996,2.9736953,seed2375.png
-17.83966,-4.5912447,seed23750.png
-22.51062,-23.017872,seed23751.png
17.291664,24.806265,seed23752.png
6.425005,20.233063,seed23753.png
-14.207494,-27.879208,seed23754.png
-28.304483,16.317987,seed23755.png
-19.70668,-4.6104345,seed23756.png
5.3523726,-7.177337,seed23757.png
-28.116789,-2.389297,seed23758.png
-8.515104,-15.294199,seed23759.png
8.478255,-37.485474,seed2376.png
-12.034054,-17.588345,seed23760.png
-24.855412,2.8388062,seed23761.png
3.92565,-32.43722,seed23762.png
6.9920325,23.579538,seed23763.png
-27.527998,15.631236,seed23764.png
-3.3506927,0.8309819,seed23765.png
-21.368183,-29.014702,seed23766.png
5.2638106,11.796598,seed23767.png
-18.320023,5.807141,seed23768.png
8.327946,11.606804,seed23769.png
16.190872,19.246706,seed2377.png
23.98078,0.51909167,seed23770.png
14.2690735,-40.38211,seed23771.png
-16.322086,-14.489199,seed23772.png
18.312878,-7.985447,seed23773.png
32.949852,9.404032,seed23774.png
21.93014,0.24583371,seed23775.png
6.4193034,12.032187,seed23776.png
9.885409,6.9439826,seed23777.png
-20.777546,19.779305,seed23778.png
39.19842,22.986362,seed23779.png
-17.122423,-2.7612624,seed2378.png
-34.354504,18.481209,seed23780.png
-25.619051,6.5373178,seed23781.png
26.967653,9.554405,seed23782.png
-33.00288,12.9874525,seed23783.png
-31.141722,15.252224,seed23784.png
11.051094,17.38651,seed23785.png
12.23183,-36.515503,seed23786.png
15.438378,27.830748,seed23787.png
-32.245144,4.428207,seed23788.png
-0.971351,10.239085,seed23789.png
14.925235,14.027067,seed2379.png
15.810595,25.452158,seed23790.png
-27.605724,17.01816,seed23791.png
10.932963,11.177345,seed23792.png
-28.86032,-5.108285,seed23793.png
-15.0755005,-5.82969,seed23794.png
27.268879,17.313635,seed23795.png
-30.708136,19.884531,seed23796.png
36.646137,24.068659,seed23797.png
-8.217462,-15.85223,seed23798.png
-29.965933,3.3999007,seed23799.png
20.45904,22.057175,seed2380.png
-23.401487,4.7881193,seed23800.png
-15.020331,-23.089247,seed23801.png
-25.076534,-11.883542,seed23802.png
-5.0769515,-3.976782,seed23803.png
10.409636,11.757547,seed23804.png
-32.39057,13.87866,seed23805.png
-13.579653,-22.184916,seed23806.png
5.61077,0.07749018,seed23807.png
11.729298,-41.918995,seed23808.png
-9.507825,-11.0534115,seed23809.png
-16.649824,-22.075687,seed2381.png
38.33829,20.946535,seed23810.png
-13.791915,-19.262974,seed23811.png
-3.2631907,-6.613742,seed23812.png
27.073772,19.296656,seed23813.png
15.966228,3.121833,seed23814.png
-2.8462372,-14.390032,seed23815.png
-17.486937,-2.980945,seed23816.png
-28.61663,3.4641633,seed23817.png
-29.883913,-18.911488,seed23818.png
-31.696947,8.791641,seed23819.png
-17.184309,-21.84038,seed2382.png
-20.23784,4.286322,seed23820.png
-16.82434,-22.025784,seed23821.png
12.773202,-39.06749,seed23822.png
-26.095158,-7.445413,seed23823.png
-30.103226,11.273382,seed23824.png
-17.15907,-8.5107565,seed23825.png
-4.5541725,-13.467721,seed23826.png
31.642752,28.481316,seed23827.png
9.651957,-42.527294,seed23828.png
13.323065,16.662825,seed23829.png
26.855728,-2.4276447,seed2383.png
12.946533,-40.606884,seed23830.png
3.150891,16.38088,seed23831.png
-9.976892,-0.4337135,seed23832.png
-36.263004,11.117638,seed23833.png
-28.584608,4.036004,seed23834.png
38.800816,14.012773,seed23835.png
-20.603642,-19.125927,seed23836.png
-12.998187,-13.367911,seed23837.png
-31.993553,17.894686,seed23838.png
31.652058,7.4609795,seed23839.png
-2.5187414,-17.860437,seed2384.png
-31.380241,19.067509,seed23840.png
-23.782352,-0.23541284,seed23841.png
2.8598192,15.181239,seed23842.png
-27.990364,-15.871103,seed23843.png
26.15908,10.984242,seed23844.png
8.208415,1.0578394,seed23845.png
12.970526,0.50280446,seed23846.png
23.716177,2.3616734,seed23847.png
-1.3272386,11.837068,seed23848.png
25.958118,2.8835504,seed23849.png
-29.460228,6.0014586,seed2385.png
3.8813043,13.067835,seed23850.png
-19.48203,8.507497,seed23851.png
0.33179975,25.343756,seed23852.png
9.695173,-35.764423,seed23853.png
-5.124605,15.676514,seed23854.png
-15.508818,-15.023601,seed23855.png
37.29026,16.54272,seed23856.png
5.8264847,-23.135555,seed23857.png
-13.889613,-20.334438,seed23858.png
10.677164,-42.771194,seed23859.png
26.223322,11.045552,seed2386.png
-26.794771,10.223752,seed23860.png
-31.216225,-8.984535,seed23861.png
21.314528,1.8123941,seed23862.png
-24.466507,-15.364681,seed23863.png
11.766707,-43.19369,seed23864.png
-13.354967,-24.345543,seed23865.png
8.410532,4.6850276,seed23866.png
-15.255391,-4.4953313,seed23867.png
30.841047,22.06266,seed23868.png
20.376106,-7.451578,seed23869.png
36.253654,17.588596,seed2387.png
9.814165,14.866602,seed23870.png
14.814856,-4.510354,seed23871.png
-39.71126,18.428682,seed23872.png
30.04299,21.493073,seed23873.png
11.533733,-21.30636,seed23874.png
-23.48418,-20.794556,seed23875.png
26.119982,23.212822,seed23876.png
11.110995,-29.44038,seed23877.png
40.68216,22.39652,seed23878.png
-14.672522,4.291737,seed23879.png
-15.006398,-17.609608,seed2388.png
-9.469573,-27.49029,seed23880.png
-22.878138,-7.5842757,seed23881.png
-24.372086,-15.754514,seed23882.png
31.137573,6.9879975,seed23883.png
9.387905,-43.02065,seed23884.png
23.023289,0.78876996,seed23885.png
-30.823807,0.4111952,seed23886.png
-20.88343,-14.041606,seed23887.png
-7.7527623,-4.6697445,seed23888.png
36.34105,13.584385,seed23889.png
-11.82719,-7.5479918,seed2389.png
-33.04948,-4.8714128,seed23890.png
-27.76732,-21.692717,seed23891.png
9.331321,-41.542686,seed23892.png
-39.331547,21.524237,seed23893.png
24.332758,11.067021,seed23894.png
0.8962961,14.072368,seed23895.png
-17.084377,-18.625408,seed23896.png
1.9593171,22.64906,seed23897.png
-9.953755,-25.593609,seed23898.png
-20.121412,18.336071,seed23899.png
11.139584,-40.525547,seed2390.png
7.4462395,-8.057481,seed23900.png
8.052894,15.670035,seed23901.png
-18.58853,18.068235,seed23902.png
-32.61132,1.2817475,seed23903.png
27.4384,29.42824,seed23904.png
-14.816392,-8.591333,seed23905.png
16.6576,27.597578,seed23906.png
22.519684,17.627522,seed23907.png
-0.9114478,24.971392,seed23908.png
31.192865,8.5802555,seed23909.png
37.208702,12.19664,seed2391.png
-23.59064,-16.190481,seed23910.png
14.571371,-39.957676,seed23911.png
3.176609,3.4170313,seed23912.png
-23.660465,10.377982,seed23913.png
7.4344234,-5.3042283,seed23914.png
-9.482821,-3.7436764,seed23915.png
-20.686714,-13.990836,seed23916.png
-16.487028,4.6572213,seed23917.png
-27.620506,11.762213,seed23918.png
-27.630016,2.2438736,seed23919.png
20.450577,27.713093,seed2392.png
35.136646,20.05191,seed23920.png
-16.836397,-27.079964,seed23921.png
-20.070045,6.8334455,seed23922.png
-3.1586742,15.639913,seed23923.png
1.4344012,-12.95555,seed23924.png
-19.792776,-11.705563,seed23925.png
12.892416,-26.54613,seed23926.png
39.46571,17.979383,seed23927.png
26.905636,22.421255,seed23928.png
-10.913673,7.1173587,seed23929.png
-22.833174,14.503983,seed2393.png
-25.625418,-13.540464,seed23930.png
-31.831898,-15.88519,seed23931.png
-24.657537,-5.121645,seed23932.png
29.201973,18.162104,seed23933.png
28.450235,10.618872,seed23934.png
-24.354292,1.0281782,seed23935.png
31.84958,21.138668,seed23936.png
17.433174,27.09907,seed23937.png
7.593231,-41.16723,seed23938.png
10.613903,19.172056,seed23939.png
-31.078728,-18.75296,seed2394.png
4.8641887,1.1231831,seed23940.png
37.27212,16.65207,seed23941.png
11.140828,27.771986,seed23942.png
-10.850058,-2.9076061,seed23943.png
32.04758,0.15033028,seed23944.png
8.053837,-32.372383,seed23945.png
-36.3763,18.375137,seed23946.png
-1.5420365,24.049667,seed23947.png
35.576477,20.723139,seed23948.png
25.346163,10.517317,seed23949.png
24.818424,10.813152,seed2395.png
10.952839,-31.039917,seed23950.png
-20.405699,17.475677,seed23951.png
14.007222,-38.975883,seed23952.png
-14.196396,-14.311107,seed23953.png
-8.829582,8.740305,seed23954.png
-14.631494,10.211837,seed23955.png
29.141973,6.6775694,seed23956.png
-33.44832,17.69634,seed23957.png
6.7467413,-23.74737,seed23958.png
-1.6840421,18.409708,seed23959.png
6.2811007,-37.738853,seed2396.png
14.082385,-41.271484,seed23960.png
20.890102,27.062231,seed23961.png
12.984386,-33.32622,seed23962.png
29.232458,29.980173,seed23963.png
12.66963,-1.6644255,seed23964.png
-22.144253,-20.037243,seed23965.png
11.868648,19.68579,seed23966.png
-34.32779,21.707762,seed23967.png
8.96219,-30.56245,seed23968.png
-21.595242,12.593643,seed23969.png
1.671783,11.326581,seed2397.png
0.7974073,-18.486847,seed23970.png
-2.492612,-15.333799,seed23971.png
-22.775423,-10.289337,seed23972.png
-21.657522,10.035389,seed23973.png
-26.455395,15.078529,seed23974.png
37.123024,4.7722325,seed23975.png
28.3195,6.4111705,seed23976.png
1.5927564,16.540836,seed23977.png
17.046137,13.781821,seed23978.png
3.9008682,25.78749,seed23979.png
-22.909716,-21.6103,seed2398.png
-20.308691,-15.587474,seed23980.png
33.453884,23.396572,seed23981.png
15.025748,26.281143,seed23982.png
25.312866,4.514667,seed23983.png
-15.53432,-29.961304,seed23984.png
4.851786,17.394428,seed23985.png
25.812569,12.783944,seed23986.png
-22.714119,-26.183247,seed23987.png
7.398716,0.7483376,seed23988.png
12.231606,5.1958985,seed23989.png
-28.166302,-9.914242,seed2399.png
-31.93741,24.262487,seed23990.png
5.12278,-35.55818,seed23991.png
32.721127,18.783052,seed23992.png
4.840872,12.582796,seed23993.png
-23.432306,12.222294,seed23994.png
-31.757849,25.04313,seed23995.png
27.201685,28.060844,seed23996.png
18.254507,9.375349,seed23997.png
33.37836,27.48004,seed23998.png
-0.27122256,22.574846,seed23999.png
-11.984408,-14.442858,seed2400.png
39.33903,14.480938,seed24000.png
-34.643597,26.477594,seed24001.png
21.745161,-1.8441663,seed24002.png
-8.813749,11.41949,seed24003.png
11.144452,8.981014,seed24004.png
-24.487354,-18.681114,seed24005.png
34.416218,21.608803,seed24006.png
8.062765,-25.74547,seed24007.png
-25.434189,3.8184054,seed24008.png
10.592711,7.755546,seed24009.png
-30.040525,12.727667,seed2401.png
14.340891,-30.159798,seed24010.png
13.008822,0.17620416,seed24011.png
-17.0935,-7.4702544,seed24012.png
-12.727989,4.06367,seed24013.png
-27.956741,11.361614,seed24014.png
-16.398804,1.2062919,seed24015.png
-17.692366,-19.509682,seed24016.png
8.667452,-35.898243,seed24017.png
31.068867,24.16614,seed24018.png
-32.144337,-7.745016,seed24019.png
36.694107,19.160671,seed2402.png
10.103005,19.528526,seed24020.png
14.018186,-37.922802,seed24021.png
9.722705,27.283102,seed24022.png
-20.157053,12.512901,seed24023.png
3.8906662,-14.560261,seed24024.png
14.731585,1.9322668,seed24025.png
38.565063,22.813745,seed24026.png
-35.221886,-1.1432945,seed24027.png
-21.518639,-21.888838,seed24028.png
20.141777,-9.322139,seed24029.png
-13.286179,-18.4731,seed2403.png
-19.973864,-4.641687,seed24030.png
13.378356,13.84023,seed24031.png
-0.39318648,20.899895,seed24032.png
-26.244295,-19.027859,seed24033.png
15.8803625,-8.845483,seed24034.png
4.667864,3.05984,seed24035.png
-30.8822,7.4556594,seed24036.png
24.558996,3.707095,seed24037.png
39.241585,21.77336,seed24038.png
-15.38842,-24.97909,seed24039.png
0.010276303,-14.482055,seed2404.png
-10.208504,-2.5003757,seed24040.png
12.38064,26.791225,seed24041.png
-26.028614,0.65106595,seed24042.png
6.362532,14.909944,seed24043.png
-18.410494,-10.09459,seed24044.png
-12.662498,-10.723118,seed24045.png
-17.813463,-1.8100021,seed24046.png
-33.60947,10.623657,seed24047.png
18.986176,10.066163,seed24048.png
10.918401,25.657106,seed24049.png
23.280935,20.193213,seed2405.png
-10.740859,-26.592968,seed24050.png
-8.244928,-23.600626,seed24051.png
17.558512,25.905643,seed24052.png
-19.416325,-8.333346,seed24053.png
-20.785498,9.167275,seed24054.png
12.753634,-39.771317,seed24055.png
-22.514288,4.3289733,seed24056.png
17.704077,0.41463506,seed24057.png
24.974253,17.757143,seed24058.png
5.3593435,-29.0504,seed24059.png
-22.716606,15.008879,seed2406.png
-28.212896,3.2242668,seed24060.png
11.911559,5.3922596,seed24061.png
-38.726913,14.377995,seed24062.png
40.340763,23.589079,seed24063.png
-16.564215,-3.0391915,seed24064.png
-28.923855,-12.133589,seed24065.png
-0.319854,-32.248936,seed24066.png
12.653948,-33.13751,seed24067.png
-32.405865,15.562708,seed24068.png
14.528311,28.156376,seed24069.png
12.612191,19.945421,seed2407.png
9.291355,13.563173,seed24070.png
12.547007,16.126423,seed24071.png
0.040305633,-14.245772,seed24072.png
-25.400894,-14.357854,seed24073.png
16.52168,23.72558,seed24074.png
37.973232,14.474284,seed24075.png
15.298495,-1.7522496,seed24076.png
22.588,24.684563,seed24077.png
37.30308,14.954792,seed24078.png
-29.76164,14.521451,seed24079.png
-22.602726,2.330138,seed2408.png
-12.697868,-10.033741,seed24080.png
18.874975,16.964262,seed24081.png
21.748154,19.678486,seed24082.png
29.296818,25.755814,seed24083.png
-34.599277,11.756116,seed24084.png
32.525375,28.296946,seed24085.png
20.399023,25.692245,seed24086.png
8.07254,-7.894779,seed24087.png
10.639941,-36.718605,seed24088.png
10.464506,-42.21127,seed24089.png
-16.753075,-1.9111899,seed2409.png
-30.603806,19.458662,seed24090.png
9.463338,27.23894,seed24091.png
31.46776,16.024553,seed24092.png
11.009232,-34.067844,seed24093.png
-23.679537,-13.20257,seed24094.png
-23.087032,-6.9568734,seed24095.png
-20.02294,-13.819311,seed24096.png
-28.269732,9.654817,seed24097.png
-1.1267496,-11.625788,seed24098.png
-20.97789,-12.910365,seed24099.png
-30.897121,1.0227472,seed2410.png
36.664883,14.399297,seed24100.png
7.9361825,-41.89416,seed24101.png
21.33635,7.010138,seed24102.png
5.989058,22.285126,seed24103.png
-34.231773,-7.9346466,seed24104.png
26.949076,23.355452,seed24105.png
22.4238,0.6104116,seed24106.png
-16.951506,2.7136362,seed24107.png
-30.661644,15.433241,seed24108.png
-1.2174163,12.170884,seed24109.png
13.280198,-34.750607,seed2411.png
-10.954136,-7.1145973,seed24110.png
-19.950161,-31.14185,seed24111.png
17.448872,-36.494442,seed24112.png
11.255773,-6.0857806,seed24113.png
12.064136,-27.455812,seed24114.png
-28.516092,15.114695,seed24115.png
14.498269,-31.142479,seed24116.png
3.2137835,-28.049368,seed24117.png
4.576783,24.62638,seed24118.png
5.7385173,-36.436787,seed24119.png
10.595213,-10.2490425,seed2412.png
-36.649822,-0.5279152,seed24120.png
3.3388472,16.969418,seed24121.png
34.911663,12.656486,seed24122.png
-34.31412,8.531691,seed24123.png
33.427177,14.477749,seed24124.png
7.092861,-26.99843,seed24125.png
9.6586,-23.529022,seed24126.png
-18.662909,-18.699663,seed24127.png
10.711986,-39.213615,seed24128.png
19.705975,1.5914441,seed24129.png
2.953701,22.575336,seed2413.png
8.680266,-29.727882,seed24130.png
-2.8577893,-15.577775,seed24131.png
6.627512,-6.6832595,seed24132.png
35.9784,15.55501,seed24133.png
-24.797638,-13.114037,seed24134.png
-20.909256,-1.1619779,seed24135.png
9.04884,12.9640465,seed24136.png
-3.5910761,12.287284,seed24137.png
-28.023932,10.691239,seed24138.png
-28.068462,17.26088,seed24139.png
11.409904,-8.981866,seed2414.png
-22.255608,7.6430526,seed24140.png
14.87621,11.706954,seed24141.png
20.286875,21.17105,seed24142.png
6.231385,15.241639,seed24143.png
-20.743229,-0.2811494,seed24144.png
36.943344,5.13564,seed24145.png
-36.486095,8.245773,seed24146.png
6.7528057,-35.360245,seed24147.png
-12.471121,-23.242556,seed24148.png
-13.720061,-3.163272,seed24149.png
2.9185889,15.579659,seed2415.png
-11.376887,-4.5792294,seed24150.png
18.401915,9.283658,seed24151.png
11.033161,-8.716111,seed24152.png
24.64114,-2.0643356,seed24153.png
-27.633738,-21.791437,seed24154.png
-23.153742,-8.170027,seed24155.png
3.3088667,-12.440245,seed24156.png
-9.729081,-4.8735886,seed24157.png
13.07678,1.9578193,seed24158.png
-16.475039,-18.068256,seed24159.png
-20.498043,-27.219303,seed2416.png
32.990025,10.885473,seed24160.png
29.521547,29.556505,seed24161.png
12.941859,-24.20745,seed24162.png
37.485657,17.876528,seed24163.png
10.478222,6.8428764,seed24164.png
-19.922665,-4.5791783,seed24165.png
23.222702,9.366534,seed24166.png
6.1990366,21.269556,seed24167.png
22.088575,9.464543,seed24168.png
-17.45949,-9.1360035,seed24169.png
31.875355,25.445183,seed2417.png
-13.75715,-8.319265,seed24170.png
0.3365591,-16.901423,seed24171.png
-0.37485254,20.60829,seed24172.png
16.485422,-35.431705,seed24173.png
-22.710552,5.077944,seed24174.png
-12.591096,-12.074525,seed24175.png
22.474144,6.1392665,seed24176.png
29.86947,7.9157395,seed24177.png
-30.903889,0.6604118,seed24178.png
13.223915,7.94265,seed24179.png
-33.87346,22.496672,seed2418.png
6.594527,-4.9456677,seed24180.png
5.377494,10.504749,seed24181.png
-7.762822,-27.07982,seed24182.png
-15.495935,-27.637701,seed24183.png
35.837242,8.899834,seed24184.png
25.180273,19.380878,seed24185.png
-2.777924,22.080965,seed24186.png
38.060608,25.44971,seed24187.png
-27.800514,7.8956804,seed24188.png
10.83487,-8.186325,seed24189.png
-19.315351,-30.818356,seed2419.png
27.167582,15.603713,seed24190.png
-3.5662408,-26.22383,seed24191.png
-0.39918,-2.0283322,seed24192.png
-29.04472,-1.7758852,seed24193.png
5.8318553,7.6141176,seed24194.png
10.047371,5.8364854,seed24195.png
8.555838,-4.042596,seed24196.png
3.023114,25.905914,seed24197.png
16.458902,-34.665367,seed24198.png
-19.832142,-20.059803,seed24199.png
1.792188,23.355455,seed2420.png
0.6273029,24.756983,seed24200.png
-20.486303,3.5490797,seed24201.png
7.2544928,-36.501343,seed24202.png
24.65519,10.867554,seed24203.png
-8.984212,-23.364414,seed24204.png
16.745066,-1.8338853,seed24205.png
0.46393564,-18.299004,seed24206.png
17.465801,-33.907375,seed24207.png
-16.990139,2.6219,seed24208.png
36.3942,16.161879,seed24209.png
-17.173225,-21.264431,seed2421.png
-29.622725,4.007618,seed24210.png
-18.5101,-13.540192,seed24211.png
-20.032187,-2.1389987,seed24212.png
33.503193,14.910589,seed24213.png
-2.0469933,-16.991032,seed24214.png
-29.051537,-12.508566,seed24215.png
-32.128048,22.668386,seed24216.png
41.4499,11.302316,seed24217.png
-29.325214,-0.7628132,seed24218.png
27.841879,8.825697,seed24219.png
-12.728453,-22.186281,seed2422.png
-22.091671,18.088045,seed24220.png
-24.384823,4.772785,seed24221.png
4.613542,-25.35689,seed24222.png
3.3511956,-30.998783,seed24223.png
16.064936,-33.161633,seed24224.png
29.8324,11.800773,seed24225.png
-31.759531,-0.16444665,seed24226.png
-15.039304,-8.88301,seed24227.png
-1.5072378,-14.720044,seed24228.png
11.7334585,-1.0093591,seed24229.png
7.0723925,24.193415,seed2423.png
19.489008,25.41065,seed24230.png
-1.481423,21.387455,seed24231.png
-19.414488,-23.021706,seed24232.png
4.7178698,-26.90927,seed24233.png
-21.487474,-8.256178,seed24234.png
16.858295,-2.5592003,seed24235.png
-20.876406,-10.328443,seed24236.png
32.855064,24.688257,seed24237.png
-4.537074,-14.405583,seed24238.png
13.08263,17.033012,seed24239.png
21.898415,-6.3474255,seed2424.png
14.5391245,18.960472,seed24240.png
-33.218967,-8.867218,seed24241.png
3.210131,0.2666816,seed24242.png
9.059724,-29.74889,seed24243.png
-9.086625,-22.901508,seed24244.png
28.735151,27.580519,seed24245.png
14.302978,-7.768404,seed24246.png
-11.020167,1.5877602,seed24247.png
-30.439878,-12.56371,seed24248.png
14.569552,-35.85228,seed24249.png
10.281767,20.015387,seed2425.png
-24.69554,-16.24103,seed24250.png
-13.106017,-15.198855,seed24251.png
3.1118994,18.546999,seed24252.png
21.791136,4.998,seed24253.png
-17.091894,-5.219754,seed24254.png
25.816938,-2.4257803,seed24255.png
34.09935,23.274702,seed24256.png
5.6534147,4.5110674,seed24257.png
-5.5098104,-27.78721,seed24258.png
-7.794018,10.980636,seed24259.png
38.120598,7.263447,seed2426.png
37.048817,24.84695,seed24260.png
-23.977274,-17.624685,seed24261.png
-8.471284,-14.556543,seed24262.png
7.646005,-35.66515,seed24263.png
-12.406893,-13.3139,seed24264.png
11.925218,-40.866615,seed24265.png
-20.715343,12.804099,seed24266.png
-7.227293,-23.334599,seed24267.png
8.516601,-34.207253,seed24268.png
-18.31145,-21.563015,seed24269.png
-16.120861,-4.5843115,seed2427.png
25.693073,19.608288,seed24270.png
9.045169,29.27141,seed24271.png
20.956495,20.321827,seed24272.png
-30.917503,15.5121975,seed24273.png
-31.111164,24.333597,seed24274.png
13.13517,-39.893284,seed24275.png
-33.759964,25.90295,seed24276.png
-25.147429,7.9691706,seed24277.png
-30.346039,14.349724,seed24278.png
-22.236164,-22.53199,seed24279.png
11.832189,18.754566,seed2428.png
-33.864975,19.905657,seed24280.png
-23.501795,-0.05374194,seed24281.png
9.704189,16.75159,seed24282.png
27.547823,28.362907,seed24283.png
-14.481813,8.975989,seed24284.png
-17.409878,-7.1440806,seed24285.png
5.710917,-36.93902,seed24286.png
-5.0631495,9.597572,seed24287.png
33.374435,20.607538,seed24288.png
-29.403822,-7.3826714,seed24289.png
-12.731934,2.9650586,seed2429.png
12.100897,26.75896,seed24290.png
-32.96418,7.310461,seed24291.png
10.038303,2.9543798,seed24292.png
7.3654127,-26.992077,seed24293.png
10.683087,-35.92924,seed24294.png
-33.525787,4.21329,seed24295.png
14.040995,-35.82964,seed24296.png
29.542757,22.899982,seed24297.png
-15.944129,6.783408,seed24298.png
-34.126442,15.91208,seed24299.png
-9.86074,-28.616508,seed2430.png
10.607565,-36.560844,seed24300.png
-16.868635,-26.76509,seed24301.png
0.66459304,-23.409071,seed24302.png
21.811787,-2.0581734,seed24303.png
5.1882324,-26.679352,seed24304.png
8.523254,4.031124,seed24305.png
10.419198,-29.928041,seed24306.png
-28.464804,-2.2627387,seed24307.png
-25.181545,14.26474,seed24308.png
-3.1287313,22.994461,seed24309.png
-17.819714,-1.2135417,seed2431.png
24.184383,-2.156854,seed24310.png
15.659599,14.777311,seed24311.png
15.965435,22.37922,seed24312.png
-3.181714,-13.335447,seed24313.png
8.77287,-29.543434,seed24314.png
-2.4987562,22.19866,seed24315.png
26.600962,11.789377,seed24316.png
35.65231,25.916313,seed24317.png
14.904978,-2.2980497,seed24318.png
-21.152008,9.886116,seed24319.png
-1.0136006,5.257919,seed2432.png
-4.5696235,-1.1001683,seed24320.png
-11.66536,-10.627307,seed24321.png
-20.50675,-9.134625,seed24322.png
11.64381,25.979193,seed24323.png
16.642574,-2.3351648,seed24324.png
-13.989702,-9.517089,seed24325.png
3.8137445,18.536228,seed24326.png
33.805153,7.1475415,seed24327.png
7.948192,-7.238999,seed24328.png
-24.25314,11.398228,seed24329.png
5.409349,-31.892607,seed2433.png
-10.840438,-22.949516,seed24330.png
-18.356287,-28.823444,seed24331.png
23.595734,23.058065,seed24332.png
18.09132,-6.1951737,seed24333.png
-11.090684,-6.080352,seed24334.png
-34.13026,-6.3633065,seed24335.png
9.328299,-27.843018,seed24336.png
-26.32658,7.1296105,seed24337.png
-22.936092,11.310299,seed24338.png
17.997675,16.275042,seed24339.png
7.696023,10.051412,seed2434.png
12.006456,-32.3077,seed24340.png
-36.845158,16.76569,seed24341.png
-30.094843,24.703777,seed24342.png
-17.215502,-16.104534,seed24343.png
-18.762047,-21.500927,seed24344.png
31.42765,11.676382,seed24345.png
-19.424265,4.83519,seed24346.png
-15.147578,-15.136982,seed24347.png
-26.87827,6.1732874,seed24348.png
8.041612,-4.7068276,seed24349.png
-19.591269,1.022243,seed2435.png
21.92076,1.0596299,seed24350.png
5.995389,-28.714117,seed24351.png
19.122606,25.544767,seed24352.png
-15.9969635,8.946766,seed24353.png
-11.035223,-26.479607,seed24354.png
10.655639,14.120328,seed24355.png
15.59887,1.9346495,seed24356.png
-10.141748,-9.803532,seed24357.png
15.861433,25.040926,seed24358.png
33.541218,26.484938,seed24359.png
17.763922,2.3308988,seed2436.png
-1.7797115,13.738326,seed24360.png
9.215698,-12.48359,seed24361.png
1.0091856,13.191424,seed24362.png
-32.578346,19.393887,seed24363.png
30.233486,13.2723,seed24364.png
17.423836,-8.071033,seed24365.png
-12.289518,-24.090528,seed24366.png
35.69689,24.416664,seed24367.png
-32.425224,-12.249199,seed24368.png
-31.367964,-0.7127136,seed24369.png
36.35496,10.2332115,seed2437.png
28.931396,4.204447,seed24370.png
11.8485,-40.422215,seed24371.png
34.06544,27.055773,seed24372.png
15.458048,-37.94586,seed24373.png
11.249497,7.3573065,seed24374.png
9.72905,-37.732006,seed24375.png
25.598368,1.5687007,seed24376.png
10.932647,2.8339124,seed24377.png
21.801939,20.402868,seed24378.png
9.502172,1.3550818,seed24379.png
-22.232254,14.058031,seed2438.png
23.216255,14.872321,seed24380.png
22.014017,-4.702766,seed24381.png
-11.705359,-10.132254,seed24382.png
33.157524,25.188686,seed24383.png
6.4130917,-6.8856573,seed24384.png
-23.848312,5.5421133,seed24385.png
-5.55658,-25.988693,seed24386.png
-5.1078224,-14.700233,seed24387.png
-25.58691,-9.768719,seed24388.png
7.4869723,1.4453391,seed24389.png
-14.893361,10.398439,seed2439.png
37.415447,20.23702,seed24390.png
-15.484333,-5.973373,seed24391.png
-16.21074,-22.827906,seed24392.png
15.975171,-6.487968,seed24393.png
33.01414,1.0006585,seed24394.png
8.228347,15.366725,seed24395.png
17.25962,27.814045,seed24396.png
-22.050987,0.33135214,seed24397.png
10.461386,13.990685,seed24398.png
7.6696343,-41.136204,seed24399.png
34.038223,22.248322,seed2440.png
1.890608,-14.90136,seed24400.png
11.68762,0.06367041,seed24401.png
-23.31026,10.87059,seed24402.png
10.038919,26.187208,seed24403.png
21.726633,-5.197281,seed24404.png
-8.380551,-3.1167967,seed24405.png
-10.509361,-23.899645,seed24406.png
-13.946,-13.059713,seed24407.png
23.401312,2.0062094,seed24408.png
-24.715704,10.643037,seed24409.png
5.5199857,-34.909058,seed2441.png
40.436054,16.254316,seed24410.png
15.292648,-7.4462686,seed24411.png
31.80848,26.135525,seed24412.png
19.227552,22.431171,seed24413.png
-12.152051,2.0967531,seed24414.png
22.807722,15.580558,seed24415.png
19.189316,5.6721587,seed24416.png
9.088455,-0.50638926,seed24417.png
-0.4803185,-12.167426,seed24418.png
-4.3122396,-2.063185,seed24419.png
20.600758,12.361456,seed2442.png
-37.747726,16.611626,seed24420.png
12.975747,-6.446246,seed24421.png
33.852894,6.771954,seed24422.png
14.417143,25.814457,seed24423.png
39.56383,20.370874,seed24424.png
11.275633,-24.589056,seed24425.png
-11.391775,-30.806515,seed24426.png
-25.109402,-4.981061,seed24427.png
1.7699988,-5.669228,seed24428.png
28.53999,6.13379,seed24429.png
22.613504,10.447497,seed2443.png
35.47944,11.420527,seed24430.png
24.68968,17.645622,seed24431.png
10.135756,-4.245695,seed24432.png
-16.162296,-29.83361,seed24433.png
7.4284916,9.81141,seed24434.png
37.958412,12.6093025,seed24435.png
37.8216,24.750751,seed24436.png
1.2564073,-26.930359,seed24437.png
36.030254,12.633799,seed24438.png
-34.657352,10.55063,seed24439.png
-11.610188,8.048815,seed2444.png
14.425431,-32.804707,seed24440.png
31.106209,12.969376,seed24441.png
4.6939454,16.596302,seed24442.png
-1.783497,-19.435734,seed24443.png
-1.3945022,-18.311,seed24444.png
-24.908007,-12.219423,seed24445.png
-8.586441,-9.792133,seed24446.png
-5.7026286,-9.74426,seed24447.png
-30.597925,13.223276,seed24448.png
4.8500533,17.45681,seed24449.png
-11.685142,-15.740463,seed2445.png
2.3793242,-1.6094893,seed24450.png
22.124926,19.354422,seed24451.png
-30.514568,18.012733,seed24452.png
13.7509365,12.609545,seed24453.png
-37.913197,16.948917,seed24454.png
-2.036098,25.010218,seed24455.png
-11.294608,-25.372187,seed24456.png
13.1326065,-10.524696,seed24457.png
15.876778,-35.51463,seed24458.png
14.427529,-24.236013,seed24459.png
35.299377,26.909655,seed2446.png
-13.267577,-25.542824,seed24460.png
18.25787,17.342056,seed24461.png
34.230274,17.976929,seed24462.png
-15.950505,7.0989356,seed24463.png
-10.184095,-14.442684,seed24464.png
33.994286,25.324396,seed24465.png
13.436006,29.545368,seed24466.png
13.779993,14.05515,seed24467.png
19.235704,16.516699,seed24468.png
-19.574072,-6.6413393,seed24469.png
-17.186058,4.4787507,seed2447.png
32.054207,21.401655,seed24470.png
-32.870247,-2.8498495,seed24471.png
15.022694,26.212305,seed24472.png
17.997564,4.683798,seed24473.png
-16.17204,5.822118,seed24474.png
11.573134,-36.880287,seed24475.png
-12.367471,-20.167492,seed24476.png
5.486546,6.0247974,seed24477.png
15.860488,-35.818317,seed24478.png
-25.724901,7.3394737,seed24479.png
15.654056,-33.867176,seed2448.png
7.4497657,-41.793068,seed24480.png
-35.661427,18.04236,seed24481.png
2.9476326,17.929672,seed24482.png
8.466436,-2.8325906,seed24483.png
17.149801,-4.5276318,seed24484.png
14.601264,24.98796,seed24485.png
-30.615927,-0.30560884,seed24486.png
10.9844885,21.823246,seed24487.png
2.7650933,23.729609,seed24488.png
-24.053738,-16.955475,seed24489.png
-34.83977,26.860943,seed2449.png
9.920922,28.156614,seed24490.png
-27.482414,4.3923264,seed24491.png
-1.4271317,-1.587132,seed24492.png
5.001124,7.742068,seed24493.png
23.128918,2.8055253,seed24494.png
-16.663042,7.0777125,seed24495.png
-18.16466,2.186648,seed24496.png
5.0366144,23.099829,seed24497.png
-35.040573,2.2243745,seed24498.png
-20.879854,11.744381,seed24499.png
-27.706251,1.4070342,seed2450.png
-14.539485,-4.917817,seed24500.png
10.177989,-6.8242216,seed24501.png
5.210964,18.165434,seed24502.png
-17.7929,6.53312,seed24503.png
-28.805017,8.870982,seed24504.png
37.20996,22.936644,seed24505.png
-8.852359,-1.4124086,seed24506.png
16.571318,8.598802,seed24507.png
29.422966,17.541534,seed24508.png
-29.784977,23.642212,seed24509.png
10.702521,-0.5472082,seed2451.png
10.9334755,-29.569778,seed24510.png
-33.36482,20.342707,seed24511.png
14.678636,4.5208206,seed24512.png
27.557695,-0.05414581,seed24513.png
13.136271,22.751118,seed24514.png
33.71273,8.360024,seed24515.png
38.601387,17.102844,seed24516.png
-27.064528,0.61917245,seed24517.png
-13.263312,6.645452,seed24518.png
34.974365,26.003428,seed24519.png
-8.655576,-15.602736,seed2452.png
21.33995,13.643698,seed24520.png
-13.962577,-25.98129,seed24521.png
11.780966,-43.06045,seed24522.png
-13.935058,-25.073118,seed24523.png
16.814695,0.8382961,seed24524.png
29.55947,26.079601,seed24525.png
-30.762932,11.998491,seed24526.png
-29.076965,6.3589535,seed24527.png
6.6950293,-8.367136,seed24528.png
-3.43886,-19.219118,seed24529.png
-22.076649,-8.22354,seed2453.png
-20.88694,13.592657,seed24530.png
-18.694662,-8.263294,seed24531.png
20.785017,18.961803,seed24532.png
29.046791,10.831122,seed24533.png
1.1517285,20.580564,seed24534.png
2.2211645,4.8727474,seed24535.png
-22.691061,5.850416,seed24536.png
10.527302,-5.3137746,seed24537.png
-14.656665,-11.70924,seed24538.png
31.379232,24.030876,seed24539.png
-33.3986,14.013544,seed2454.png
-30.686441,14.110141,seed24540.png
-29.774338,-14.712961,seed24541.png
-33.160286,20.750965,seed24542.png
-33.49063,1.8619014,seed24543.png
-14.08337,-7.8402696,seed24544.png
-3.6364164,16.032284,seed24545.png
23.813139,13.488604,seed24546.png
-32.33017,-15.352485,seed24547.png
8.84952,22.470036,seed24548.png
9.772231,-34.20007,seed24549.png
12.109395,20.25732,seed2455.png
16.321714,-34.454136,seed24550.png
7.0132685,-2.059563,seed24551.png
-10.845281,-3.3351083,seed24552.png
11.623955,-25.523098,seed24553.png
3.4426947,14.010922,seed24554.png
15.640088,7.271517,seed24555.png
13.491943,-32.40501,seed24556.png
-32.866055,20.407373,seed24557.png
10.040601,12.610584,seed24558.png
37.16843,11.523803,seed24559.png
-31.893816,2.088982,seed2456.png
-20.335346,-24.95717,seed24560.png
-11.183297,-28.449375,seed24561.png
-25.224268,-21.788427,seed24562.png
19.134771,10.64045,seed24563.png
17.039902,13.393733,seed24564.png
-21.380507,-11.313901,seed24565.png
4.418099,-36.143932,seed24566.png
6.0862346,-7.211392,seed24567.png
-31.873737,22.65547,seed24568.png
-14.105707,-8.12833,seed24569.png
-12.332672,-20.370352,seed2457.png
4.2512655,17.293398,seed24570.png
2.3752923,16.584682,seed24571.png
18.655357,12.65603,seed24572.png
11.475451,1.8260262,seed24573.png
5.5153584,4.385793,seed24574.png
-18.481352,-27.730034,seed24575.png
14.455773,4.552645,seed24576.png
-10.826566,-11.352291,seed24577.png
12.027431,-21.293278,seed24578.png
-27.571121,15.315849,seed24579.png
13.052491,-34.3877,seed2458.png
-29.145056,7.750593,seed24580.png
10.699836,11.805534,seed24581.png
0.25462085,-28.426239,seed24582.png
-38.138584,15.094984,seed24583.png
7.526219,-40.31855,seed24584.png
-0.5212016,24.544369,seed24585.png
-28.931398,-8.820909,seed24586.png
-7.313798,-23.839575,seed24587.png
11.941557,0.44752738,seed24588.png
-32.02894,21.047638,seed24589.png
-30.679905,17.083813,seed2459.png
31.944736,25.263521,seed24590.png
16.351143,13.137419,seed24591.png
17.7761,21.704117,seed24592.png
2.102873,15.332884,seed24593.png
24.907652,21.289413,seed24594.png
-16.207859,-22.215422,seed24595.png
-16.05383,-32.077213,seed24596.png
14.475663,13.72354,seed24597.png
39.818176,24.39234,seed24598.png
27.824244,27.889006,seed24599.png
-15.958943,-28.38473,seed2460.png
-13.402542,-22.350388,seed24600.png
15.289786,26.499027,seed24601.png
30.543644,4.6804347,seed24602.png
6.5972195,-2.8503575,seed24603.png
11.879168,-35.164116,seed24604.png
15.626288,-36.24118,seed24605.png
-23.346022,-27.444012,seed24606.png
30.933073,6.801819,seed24607.png
5.267125,-31.303736,seed24608.png
6.5412354,8.319323,seed24609.png
-19.03419,-25.495892,seed2461.png
11.417554,-4.883542,seed24610.png
9.655882,28.263506,seed24611.png
9.486127,-3.6664,seed24612.png
14.2038145,-39.023968,seed24613.png
-21.043644,-27.82584,seed24614.png
15.530254,7.4153852,seed24615.png
-22.39898,-8.730458,seed24616.png
-18.947784,-30.01997,seed24617.png
-11.736887,-24.054695,seed24618.png
32.733803,15.141378,seed24619.png
39.98579,16.867466,seed2462.png
4.5854096,-28.681574,seed24620.png
-0.8028051,22.452774,seed24621.png
-20.134323,2.635379,seed24622.png
38.172985,12.615522,seed24623.png
5.965788,0.22355786,seed24624.png
28.857826,1.1739522,seed24625.png
16.201412,13.832094,seed24626.png
12.503026,-9.663371,seed24627.png
-32.871407,18.008059,seed24628.png
-31.38818,20.37137,seed24629.png
8.389805,-26.012075,seed2463.png
10.595609,16.342432,seed24630.png
31.456718,-0.040742427,seed24631.png
5.558637,-8.885702,seed24632.png
30.160486,29.944616,seed24633.png
23.904352,-7.4474144,seed24634.png
-26.981617,-4.7453585,seed24635.png
20.534962,-8.639019,seed24636.png
28.027246,24.873894,seed24637.png
8.617726,12.479734,seed24638.png
9.275927,6.4774637,seed24639.png
5.861906,9.793764,seed2464.png
13.024001,-7.742339,seed24640.png
-30.728107,12.261389,seed24641.png
-17.749905,2.6009336,seed24642.png
-19.021002,-13.780381,seed24643.png
36.6338,19.159414,seed24644.png
-36.13011,22.638363,seed24645.png
-35.479862,26.400524,seed24646.png
-8.381581,-26.397362,seed24647.png
-28.905128,-20.477922,seed24648.png
10.38714,-20.834192,seed24649.png
-15.171024,-24.429373,seed2465.png
16.864574,-35.78937,seed24650.png
4.8106427,-36.722782,seed24651.png
-29.436335,-18.019735,seed24652.png
17.999344,16.696663,seed24653.png
13.411803,14.008241,seed24654.png
-26.523733,-3.2886286,seed24655.png
1.9314674,18.556429,seed24656.png
-11.91463,-7.960177,seed24657.png
-26.562798,-0.3825182,seed24658.png
-30.011705,6.564535,seed24659.png
-16.737045,-7.2765565,seed2466.png
-33.828583,21.762615,seed24660.png
6.3175464,-34.675777,seed24661.png
37.218494,20.36954,seed24662.png
-25.93844,10.377308,seed24663.png
-33.032356,25.812672,seed24664.png
-31.949574,23.388058,seed24665.png
4.7085567,-29.946276,seed24666.png
-19.281124,-18.74387,seed24667.png
-16.051176,-16.421453,seed24668.png
15.292978,-31.914152,seed24669.png
-24.367426,-26.357275,seed2467.png
-25.257355,-21.112381,seed24670.png
-26.698622,4.5450754,seed24671.png
-16.08479,-8.803937,seed24672.png
-30.192383,22.939665,seed24673.png
14.886257,21.503212,seed24674.png
37.178425,10.062103,seed24675.png
23.383678,24.47722,seed24676.png
-31.628305,15.125788,seed24677.png
-15.050328,-21.573223,seed24678.png
-13.483444,-7.251684,seed24679.png
19.011513,21.237051,seed2468.png
12.542942,8.259357,seed24680.png
-30.572384,7.327584,seed24681.png
11.771445,-6.341663,seed24682.png
26.797728,6.502749,seed24683.png
20.206001,16.978823,seed24684.png
6.516057,-21.203783,seed24685.png
22.579252,12.652442,seed24686.png
10.153562,22.447737,seed24687.png
-31.064346,-7.5853667,seed24688.png
17.292746,-6.6767097,seed24689.png
-33.417244,8.724868,seed2469.png
14.092911,-2.0592952,seed24690.png
-21.793472,17.42561,seed24691.png
35.03053,12.36466,seed24692.png
-33.34496,-5.6378675,seed24693.png
6.2526984,-38.727585,seed24694.png
-31.528482,-2.0755925,seed24695.png
-35.723476,9.50896,seed24696.png
0.41754013,-13.536279,seed24697.png
-34.904488,19.112417,seed24698.png
8.837126,-31.666628,seed24699.png
21.595692,2.9170442,seed2470.png
40.55686,18.013464,seed24700.png
-33.19871,-10.904527,seed24701.png
11.3905945,-26.27869,seed24702.png
5.69144,13.324876,seed24703.png
-23.713087,8.743608,seed24704.png
7.390049,-26.49984,seed24705.png
6.6011868,10.72631,seed24706.png
-32.2796,19.516188,seed24707.png
-32.92415,8.416814,seed24708.png
37.542606,10.852881,seed24709.png
20.87636,14.0381775,seed2471.png
8.815024,1.1705027,seed24710.png
13.93683,-37.575573,seed24711.png
-34.24507,14.995306,seed24712.png
19.164972,3.839812,seed24713.png
-14.836098,-3.6147687,seed24714.png
-23.548445,-28.805796,seed24715.png
8.822004,-39.879196,seed24716.png
11.38092,-29.294445,seed24717.png
11.667028,-31.319601,seed24718.png
-17.477924,-27.484493,seed24719.png
3.7605674,-26.3918,seed2472.png
7.4429126,-39.0769,seed24720.png
28.489613,15.848007,seed24721.png
18.388796,-7.5653095,seed24722.png
-0.46444398,-19.29722,seed24723.png
7.0690145,9.19604,seed24724.png
2.7478352,1.5244122,seed24725.png
-6.4083133,-9.618818,seed24726.png
-0.029381411,21.085556,seed24727.png
24.136534,19.603638,seed24728.png
-19.72393,-17.391312,seed24729.png
-29.834732,-4.960479,seed2473.png
25.19384,-1.0840821,seed24730.png
-28.103937,-18.74145,seed24731.png
-19.711727,-13.613104,seed24732.png
22.302828,8.317966,seed24733.png
-19.815584,13.054958,seed24734.png
-9.755771,-8.831014,seed24735.png
-10.140171,-18.025944,seed24736.png
-18.497421,-18.671202,seed24737.png
-12.996806,-26.600643,seed24738.png
-26.567957,3.217544,seed24739.png
8.131859,-35.922897,seed2474.png
23.102835,17.61784,seed24740.png
-24.811201,2.2712514,seed24741.png
18.212866,6.913337,seed24742.png
-30.394226,18.805183,seed24743.png
37.426735,14.404984,seed24744.png
-15.697604,-8.502752,seed24745.png
-24.084639,0.21008575,seed24746.png
28.827837,11.552609,seed24747.png
-20.685873,-12.883793,seed24748.png
8.927325,-28.22621,seed24749.png
4.865649,7.7025113,seed2475.png
-35.57463,24.58645,seed24750.png
8.173079,-42.889374,seed24751.png
-18.759842,10.805941,seed24752.png
-2.4690604,-11.724748,seed24753.png
-32.46334,24.051712,seed24754.png
-9.813428,-10.915358,seed24755.png
8.092821,-37.508938,seed24756.png
-38.74849,13.465223,seed24757.png
11.46384,27.534569,seed24758.png
26.328966,18.282673,seed24759.png
17.841225,12.427236,seed2476.png
-30.66973,-7.7368436,seed24760.png
11.313425,-2.0956671,seed24761.png
-21.695297,6.769557,seed24762.png
25.995388,11.234975,seed24763.png
-18.256325,-19.114761,seed24764.png
0.09423944,-1.6151848,seed24765.png
12.236853,-41.124187,seed24766.png
-10.731342,-27.460117,seed24767.png
25.161444,1.8061434,seed24768.png
32.232777,2.3834586,seed24769.png
17.467402,6.3751802,seed2477.png
-1.8124863,-5.328585,seed24770.png
12.753397,-3.671372,seed24771.png
12.595285,-29.41256,seed24772.png
35.2969,21.397203,seed24773.png
32.95937,12.277625,seed24774.png
22.624678,-6.985253,seed24775.png
-8.950424,-15.058735,seed24776.png
-17.648655,-26.416363,seed24777.png
14.715306,-35.666798,seed24778.png
13.682997,26.282255,seed24779.png
-26.656956,-12.728152,seed2478.png
15.380941,-8.267538,seed24780.png
25.019194,15.0465145,seed24781.png
-14.322631,-6.882178,seed24782.png
-5.123941,12.958816,seed24783.png
20.783792,25.301277,seed24784.png
-15.084723,0.3354006,seed24785.png
-18.707771,-10.593494,seed24786.png
-12.11873,-19.570127,seed24787.png
-19.798483,-27.811434,seed24788.png
14.402978,4.8690805,seed24789.png
-12.156766,-21.204906,seed2479.png
35.828255,7.707672,seed24790.png
28.91041,23.36903,seed24791.png
9.640666,22.215527,seed24792.png
-19.396292,1.3579957,seed24793.png
0.34156942,-19.002592,seed24794.png
31.658428,0.7605255,seed24795.png
12.769564,14.881465,seed24796.png
-28.044762,-8.697046,seed24797.png
10.637998,18.087112,seed24798.png
-38.15385,13.406105,seed24799.png
34.092644,9.158536,seed2480.png
10.912657,-40.810516,seed24800.png
-26.934586,-1.9123884,seed24801.png
-24.012665,4.640871,seed24802.png
-9.651242,-13.098569,seed24803.png
-26.876087,-5.580797,seed24804.png
15.371062,9.58149,seed24805.png
36.267895,7.438776,seed24806.png
-7.5875287,9.107361,seed24807.png
-30.519344,-9.667766,seed24808.png
9.516527,26.028708,seed24809.png
18.217638,1.6088853,seed2481.png
-17.032862,-26.144941,seed24810.png
3.5706332,9.848848,seed24811.png
34.75276,13.146846,seed24812.png
-10.383589,-19.047209,seed24813.png
14.69819,-12.628946,seed24814.png
30.443903,16.371452,seed24815.png
14.25788,-37.704796,seed24816.png
-13.133952,-20.853304,seed24817.png
-22.06911,-11.420223,seed24818.png
-33.417175,9.127428,seed24819.png
31.292883,10.608684,seed2482.png
-37.45808,0.62617004,seed24820.png
8.929958,-13.017319,seed24821.png
11.126903,-42.92567,seed24822.png
2.513854,22.546648,seed24823.png
-30.980846,-9.159101,seed24824.png
-23.610727,9.359476,seed24825.png
39.501335,21.419144,seed24826.png
3.0409317,14.000469,seed24827.png
17.173243,25.30141,seed24828.png
9.661387,-10.004955,seed24829.png
-19.154139,-19.410917,seed2483.png
-1.477344,-15.505466,seed24830.png
-18.987577,-6.912884,seed24831.png
10.107093,-41.75055,seed24832.png
-11.168923,-4.101917,seed24833.png
35.132904,18.499594,seed24834.png
6.2808547,-9.465933,seed24835.png
24.356411,-1.1523207,seed24836.png
32.84241,7.457409,seed24837.png
-36.109104,15.982977,seed24838.png
11.978129,22.758953,seed24839.png
22.358248,-0.7377177,seed2484.png
35.574448,14.074827,seed24840.png
2.0213356,8.220542,seed24841.png
-1.8507929,18.023806,seed24842.png
-22.188128,17.82826,seed24843.png
-6.0329957,11.978672,seed24844.png
22.019922,18.791506,seed24845.png
32.67617,4.070741,seed24846.png
-20.409101,13.233895,seed24847.png
17.153986,19.426638,seed24848.png
15.098119,-31.255064,seed24849.png
31.891672,9.052779,seed2485.png
-33.43289,-4.242464,seed24850.png
4.1813664,-30.916567,seed24851.png
-32.100544,11.694686,seed24852.png
-11.106783,-30.702478,seed24853.png
-1.3807166,-3.123109,seed24854.png
20.784616,0.58322054,seed24855.png
36.95841,22.510403,seed24856.png
-22.174797,-9.192087,seed24857.png
-1.584606,12.312112,seed24858.png
-23.395763,13.331133,seed24859.png
-34.689194,27.228094,seed2486.png
13.303148,-8.002775,seed24860.png
27.000496,12.133055,seed24861.png
19.16721,-5.351514,seed24862.png
30.86355,9.386202,seed24863.png
-25.545637,2.8935757,seed24864.png
0.53868276,21.688345,seed24865.png
-26.409227,-3.0546248,seed24866.png
33.019142,12.522243,seed24867.png
1.92027,-28.771786,seed24868.png
-1.857942,21.829119,seed24869.png
-31.81398,17.147808,seed2487.png
-14.191446,-10.565828,seed24870.png
4.960055,17.66613,seed24871.png
-38.1729,15.468363,seed24872.png
-27.537199,-20.348255,seed24873.png
24.536226,3.9328759,seed24874.png
16.075819,-6.5607386,seed24875.png
-33.05682,-7.818019,seed24876.png
35.02608,26.001621,seed24877.png
14.290311,-29.255112,seed24878.png
16.227175,-35.50049,seed24879.png
33.861893,27.296373,seed2488.png
-14.938673,-2.7946694,seed24880.png
12.410089,-8.920822,seed24881.png
-34.68728,27.768497,seed24882.png
38.178074,9.713992,seed24883.png
12.295625,-39.481716,seed24884.png
-14.215958,-6.495684,seed24885.png
14.081163,-2.70327,seed24886.png
31.176167,7.74506,seed24887.png
-0.70289886,26.550783,seed24888.png
28.415157,25.92245,seed24889.png
23.706743,3.365789,seed2489.png
27.009544,18.917715,seed24890.png
-5.2829504,-12.576215,seed24891.png
1.7106112,18.316994,seed24892.png
-10.713092,-5.970715,seed24893.png
-18.171041,1.2268318,seed24894.png
11.094995,20.123352,seed24895.png
16.576078,-33.478752,seed24896.png
35.22543,14.762021,seed24897.png
-3.205148,-22.964954,seed24898.png
18.110374,14.022354,seed24899.png
-34.573563,11.9675455,seed2490.png
-2.0692976,-3.6257412,seed24900.png
22.04657,18.560822,seed24901.png
37.58646,26.612017,seed24902.png
-12.365534,-22.942453,seed24903.png
22.019943,5.832584,seed24904.png
16.046595,17.760565,seed24905.png
18.175747,-6.8640747,seed24906.png
-32.569736,-11.858131,seed24907.png
-9.09136,6.0082135,seed24908.png
38.95734,15.432112,seed24909.png
9.843775,29.29599,seed2491.png
-37.428257,8.793094,seed24910.png
21.319008,0.29538688,seed24911.png
5.717147,-24.20214,seed24912.png
16.613604,17.836391,seed24913.png
-29.521776,-9.350112,seed24914.png
5.494242,1.7044193,seed24915.png
-1.6964269,-12.107396,seed24916.png
-18.83528,4.054369,seed24917.png
-9.198106,-26.820946,seed24918.png
10.157546,-39.18675,seed24919.png
-18.65979,-30.906204,seed2492.png
14.222821,-8.396002,seed24920.png
-28.258526,-6.1156106,seed24921.png
-18.12793,2.7325916,seed24922.png
-36.104282,12.035563,seed24923.png
-14.826495,-13.3082905,seed24924.png
14.837396,11.080658,seed24925.png
-29.490025,-11.199664,seed24926.png
27.924147,5.3285146,seed24927.png
-25.269636,10.358372,seed24928.png
-20.122585,-16.069324,seed24929.png
19.756838,4.9334826,seed2493.png
16.154234,6.8182735,seed24930.png
37.123814,12.278218,seed24931.png
7.1923127,13.8014555,seed24932.png
-9.185454,-19.725782,seed24933.png
24.791615,13.435825,seed24934.png
11.927174,20.137928,seed24935.png
-27.74382,13.359389,seed24936.png
26.28758,10.026002,seed24937.png
-25.713598,-15.135712,seed24938.png
19.533539,-10.780337,seed24939.png
-12.697313,-9.649438,seed2494.png
-8.578006,9.817151,seed24940.png
-17.399776,-0.71258396,seed24941.png
24.483315,18.590437,seed24942.png
14.010013,17.76223,seed24943.png
30.50597,25.152714,seed24944.png
16.625666,25.06054,seed24945.png
16.873985,26.516666,seed24946.png
13.014408,-38.432163,seed24947.png
36.001373,11.901366,seed24948.png
-1.1593642,25.005602,seed24949.png
1.2470105,-2.8998609,seed2495.png
11.830257,25.351315,seed24950.png
22.789783,12.568934,seed24951.png
-22.859028,14.056235,seed24952.png
-17.644749,-29.559483,seed24953.png
-12.43163,-27.023663,seed24954.png
15.557162,19.247663,seed24955.png
40.130386,15.4128895,seed24956.png
-26.58211,16.796207,seed24957.png
-24.543478,-21.499306,seed24958.png
18.442982,-7.053457,seed24959.png
13.259788,20.728344,seed2496.png
5.113914,17.61053,seed24960.png
-4.999035,22.620512,seed24961.png
10.416969,15.158145,seed24962.png
-10.765686,13.007516,seed24963.png
-16.666433,-29.980455,seed24964.png
-27.65915,12.432414,seed24965.png
-16.238514,-24.91702,seed24966.png
-9.624375,-6.686177,seed24967.png
-9.095639,-26.042421,seed24968.png
-15.401597,-29.346863,seed24969.png
16.156275,-31.264753,seed2497.png
-25.363588,-11.34383,seed24970.png
13.7059,-16.33221,seed24971.png
19.615274,9.886788,seed24972.png
-8.425736,-6.433549,seed24973.png
-33.105915,22.609505,seed24974.png
26.913094,5.9916444,seed24975.png
-32.608013,26.255503,seed24976.png
10.32802,-9.629541,seed24977.png
-12.6943245,-15.936948,seed24978.png
-19.249546,-21.962006,seed24979.png
27.142403,4.2793636,seed2498.png
-32.877018,22.988085,seed24980.png
-30.273642,6.0983863,seed24981.png
4.260636,0.66899914,seed24982.png
12.912655,-9.132069,seed24983.png
8.166461,22.88135,seed24984.png
40.626118,17.7456,seed24985.png
-18.020554,-26.210922,seed24986.png
-23.319008,-25.856794,seed24987.png
-9.506855,-22.140865,seed24988.png
-34.328194,26.923553,seed24989.png
34.565044,25.25429,seed2499.png
17.95187,16.013824,seed24990.png
22.354792,15.055741,seed24991.png
-32.29942,10.0957155,seed24992.png
19.02068,11.576684,seed24993.png
-3.9055185,16.114777,seed24994.png
6.8332543,-8.611409,seed24995.png
18.26887,18.524044,seed24996.png
-13.513647,-13.32313,seed24997.png
1.8760587,5.0259004,seed24998.png
4.091202,-35.66462,seed24999.png
-19.089449,-20.122034,seed2500.png
16.42544,10.581609,seed25000.png
-33.72906,19.937487,seed25001.png
-29.38927,-0.8248468,seed25002.png
16.748539,13.3602,seed25003.png
16.409746,-6.731772,seed25004.png
-22.894459,-23.338633,seed25005.png
-1.0338767,-17.353008,seed25006.png
-33.527695,2.1004243,seed25007.png
-17.108564,2.333832,seed25008.png
13.115697,-27.880562,seed25009.png
-25.79227,-23.373774,seed2501.png
-14.829147,-19.490543,seed25010.png
20.991846,24.607382,seed25011.png
-21.53602,17.210342,seed25012.png
10.231574,22.573807,seed25013.png
17.262875,1.1376603,seed25014.png
-7.9372964,-12.369504,seed25015.png
14.648298,11.307547,seed25016.png
4.860053,17.18696,seed25017.png
30.145418,8.856359,seed25018.png
1.4838763,19.79346,seed25019.png
2.5585747,16.935051,seed2502.png
0.9233887,14.544754,seed25020.png
-29.776993,10.20496,seed25021.png
-13.863849,-27.939667,seed25022.png
21.201395,-2.3171635,seed25023.png
-27.395367,-11.808428,seed25024.png
-0.35992372,-16.986944,seed25025.png
12.778953,-12.837573,seed25026.png
12.724145,-19.728281,seed25027.png
7.858354,-23.372583,seed25028.png
-17.784061,-3.037715,seed25029.png
-15.866902,1.5241504,seed2503.png
12.155895,-42.69191,seed25030.png
12.027068,30.165339,seed25031.png
-24.635382,-19.654238,seed25032.png
22.50256,-5.661192,seed25033.png
13.2668915,-38.814102,seed25034.png
-26.556055,-6.067644,seed25035.png
-13.6414,-15.08435,seed25036.png
-6.2727575,13.412006,seed25037.png
6.558816,-36.890587,seed25038.png
-28.757116,-15.551379,seed25039.png
-14.018852,-5.7966986,seed2504.png
22.248608,17.846071,seed25040.png
-16.419645,-25.113556,seed25041.png
21.927446,21.223726,seed25042.png
-11.415748,-7.679281,seed25043.png
20.373535,25.18852,seed25044.png
21.326473,20.847805,seed25045.png
-17.019941,-10.48605,seed25046.png
18.684563,6.3028374,seed25047.png
-22.810673,-5.078721,seed25048.png
-24.623596,-17.767645,seed25049.png
-34.972553,13.999249,seed2505.png
41.31298,19.181467,seed25050.png
12.292496,-41.880745,seed25051.png
-14.920587,-23.798141,seed25052.png
-19.83696,1.8712465,seed25053.png
-13.748301,-21.590609,seed25054.png
6.532385,3.8720436,seed25055.png
-4.938653,18.524902,seed25056.png
38.294888,17.245974,seed25057.png
13.342967,23.757614,seed25058.png
-12.258594,-9.108721,seed25059.png
24.299517,6.314681,seed2506.png
-28.987173,-3.6083264,seed25060.png
24.907673,14.511905,seed25061.png
10.291326,24.611988,seed25062.png
-24.576574,-20.059477,seed25063.png
-18.857025,-26.00385,seed25064.png
-6.882076,4.7686095,seed25065.png
-23.542818,0.35782364,seed25066.png
-0.84148735,12.942809,seed25067.png
-31.2252,-5.0462027,seed25068.png
-21.938257,-24.301804,seed25069.png
9.22125,10.983737,seed2507.png
33.261894,25.767353,seed25070.png
-12.058215,-24.640108,seed25071.png
-28.497284,17.952883,seed25072.png
19.03795,-0.9628632,seed25073.png
11.801724,-41.91819,seed25074.png
8.984038,3.9896986,seed25075.png
-5.8836617,-21.304214,seed25076.png
15.022233,4.3599515,seed25077.png
-25.82827,10.421992,seed25078.png
-13.32463,-25.683857,seed25079.png
-27.149223,-13.419141,seed2508.png
-2.0564013,-12.621761,seed25080.png
0.49774152,1.2537644,seed25081.png
-21.869267,4.0175633,seed25082.png
12.352726,-27.030897,seed25083.png
37.03569,7.974346,seed25084.png
-8.631742,-13.408343,seed25085.png
8.52023,4.4201093,seed25086.png
13.802604,-9.452161,seed25087.png
2.0002828,-4.36389,seed25088.png
4.560638,9.48102,seed25089.png
1.3996117,2.9851677,seed2509.png
18.651865,15.758645,seed25090.png
-4.7025485,-22.623417,seed25091.png
-16.319498,-24.725199,seed25092.png
9.132907,-42.509544,seed25093.png
20.722683,19.550886,seed25094.png
-22.755167,6.497855,seed25095.png
11.301829,9.387672,seed25096.png
27.694368,20.536629,seed25097.png
36.69314,11.423842,seed25098.png
-17.00733,3.67052,seed25099.png
-11.398494,-7.8822503,seed2510.png
24.084959,25.943636,seed25100.png
-29.355227,1.4348794,seed25101.png
28.768513,16.714659,seed25102.png
-23.907679,-24.93867,seed25103.png
-4.875191,-6.908054,seed25104.png
-18.314333,-20.472595,seed25105.png
34.398163,18.923307,seed25106.png
36.92844,6.759657,seed25107.png
-30.65155,2.6304379,seed25108.png
32.724815,24.88403,seed25109.png
-23.445036,-6.503135,seed2511.png
-12.979723,-23.841389,seed25110.png
32.52502,24.08492,seed25111.png
38.4606,5.8569813,seed25112.png
17.480364,-6.7962694,seed25113.png
-22.345488,-18.705688,seed25114.png
26.471676,19.34106,seed25115.png
25.037512,24.448137,seed25116.png
11.482196,22.89917,seed25117.png
-37.075603,25.658316,seed25118.png
-12.484684,-18.986465,seed25119.png
31.99516,6.539461,seed2512.png
26.059183,14.075061,seed25120.png
-30.083504,5.28142,seed25121.png
-23.644867,-24.276724,seed25122.png
-15.164767,-21.280695,seed25123.png
13.52915,-1.1311537,seed25124.png
4.1687126,-29.477667,seed25125.png
5.966099,-28.96775,seed25126.png
-0.11227784,19.0592,seed25127.png
19.086985,2.3822606,seed25128.png
13.42128,-40.205383,seed25129.png
16.716063,-0.19677393,seed2513.png
26.631496,21.893307,seed25130.png
20.097092,25.91762,seed25131.png
-0.004888937,-8.973801,seed25132.png
-29.527828,13.887067,seed25133.png
15.466109,-37.79896,seed25134.png
2.0160584,-4.1020803,seed25135.png
38.07939,25.103188,seed25136.png
28.78579,24.919336,seed25137.png
-23.829845,19.269867,seed25138.png
-14.500956,-15.841678,seed25139.png
-22.255083,14.41387,seed2514.png
-17.328184,1.9656931,seed25140.png
-12.388949,-21.875294,seed25141.png
6.3790627,-0.5345997,seed25142.png
-30.485212,15.630939,seed25143.png
9.758894,-42.380165,seed25144.png
-25.419731,17.80669,seed25145.png
21.676601,-0.6575737,seed25146.png
15.741806,19.674768,seed25147.png
-2.764516,11.84387,seed25148.png
22.409708,-4.1823545,seed25149.png
29.666128,29.629639,seed2515.png
-10.323089,-28.582766,seed25150.png
9.934831,-34.74529,seed25151.png
9.141085,14.582336,seed25152.png
-26.947586,19.923265,seed25153.png
-11.337639,-33.046017,seed25154.png
10.654971,-42.960056,seed25155.png
25.991594,-2.5736525,seed25156.png
-21.75373,18.189138,seed25157.png
2.3912735,-0.06366246,seed25158.png
17.07177,19.635605,seed25159.png
30.46786,8.392789,seed2516.png
9.798115,-36.8655,seed25160.png
-0.7899132,-11.328255,seed25161.png
0.32813802,2.544829,seed25162.png
10.169376,18.74002,seed25163.png
2.428416,-28.831638,seed25164.png
19.49439,14.184043,seed25165.png
-37.33551,19.048338,seed25166.png
-22.086649,8.869967,seed25167.png
12.114164,-37.80413,seed25168.png
-3.9838321,-17.293722,seed25169.png
-25.935791,-18.431976,seed2517.png
-19.201977,-19.09504,seed25170.png
-25.306822,-20.484383,seed25171.png
25.208082,0.6482821,seed25172.png
14.748561,-41.816216,seed25173.png
17.081837,-5.777258,seed25174.png
-8.38936,2.5046675,seed25175.png
-29.447197,-11.68318,seed25176.png
20.06657,17.606228,seed25177.png
-13.331246,-8.522568,seed25178.png
7.972204,-1.6700425,seed25179.png
-5.2536974,0.95355076,seed2518.png
5.9737396,-40.60695,seed25180.png
14.020724,-10.515156,seed25181.png
1.5803837,-5.210111,seed25182.png
40.39819,23.236443,seed25183.png
-19.232264,-2.0020163,seed25184.png
9.825178,7.3552217,seed25185.png
-27.020098,16.839302,seed25186.png
30.75552,8.518325,seed25187.png
15.034793,6.7102995,seed25188.png
30.448935,3.3795366,seed25189.png
27.602493,9.336966,seed2519.png
3.3358092,-2.9799595,seed25190.png
15.142197,-8.669147,seed25191.png
20.448107,17.108717,seed25192.png
-18.813957,-28.899748,seed25193.png
-24.591082,-21.779995,seed25194.png
-9.704179,-14.856995,seed25195.png
-30.655682,10.337212,seed25196.png
-10.406923,-16.658083,seed25197.png
32.055813,10.24151,seed25198.png
18.204966,22.414808,seed25199.png
1.3197088,14.935485,seed2520.png
-37.697388,11.066181,seed25200.png
6.102424,20.439367,seed25201.png
-33.664948,24.059038,seed25202.png
-32.20196,2.4987476,seed25203.png
4.139502,15.308727,seed25204.png
13.2188,-39.91192,seed25205.png
17.2112,-33.336143,seed25206.png
-13.507687,-10.23635,seed25207.png
-17.982449,6.436346,seed25208.png
-12.041271,1.2831446,seed25209.png
-28.636173,-9.639636,seed2521.png
-30.608706,-19.992315,seed25210.png
-34.385353,26.908777,seed25211.png
-32.61601,22.522589,seed25212.png
23.992123,20.233393,seed25213.png
20.99273,10.010291,seed25214.png
-25.759617,7.839817,seed25215.png
8.321313,-40.56678,seed25216.png
-9.890078,-14.273502,seed25217.png
3.7123673,-14.555324,seed25218.png
11.328428,-1.2597874,seed25219.png
-38.205036,13.99773,seed2522.png
-6.8010516,0.46781564,seed25220.png
-20.068668,-3.078892,seed25221.png
19.637138,18.560183,seed25222.png
-30.974226,10.568901,seed25223.png
36.144356,17.672903,seed25224.png
-16.273445,10.133418,seed25225.png
16.608932,4.7628508,seed25226.png
3.0487568,-35.13596,seed25227.png
-26.192707,8.643247,seed25228.png
-38.04879,17.937523,seed25229.png
-13.262737,-10.080907,seed2523.png
-20.193027,13.378795,seed25230.png
-28.144907,19.710407,seed25231.png
1.8867427,0.6637206,seed25232.png
-20.38096,2.2500825,seed25233.png
30.248966,18.549677,seed25234.png
21.855755,5.8393555,seed25235.png
13.315931,7.7015085,seed25236.png
17.513891,9.967162,seed25237.png
25.141563,15.508797,seed25238.png
-20.646744,-16.375484,seed25239.png
-26.538193,-10.54703,seed2524.png
27.054638,16.593489,seed25240.png
-4.9737263,-18.959461,seed25241.png
36.844322,5.6684403,seed25242.png
9.594706,18.354145,seed25243.png
-15.9368,-15.927005,seed25244.png
10.9473505,21.076458,seed25245.png
-29.129978,1.7491558,seed25246.png
-18.495892,-18.80467,seed25247.png
28.383139,12.785118,seed25248.png
1.1152278,-5.7099824,seed25249.png
9.857597,-4.7470565,seed2525.png
-20.415113,13.459927,seed25250.png
-6.889972,-13.071233,seed25251.png
15.397471,-33.391815,seed25252.png
27.936432,29.474539,seed25253.png
-33.116524,23.258488,seed25254.png
-3.9059026,-8.757387,seed25255.png
-0.099314086,-15.9251,seed25256.png
16.837694,19.082024,seed25257.png
-3.872358,-8.965955,seed25258.png
23.614418,15.843961,seed25259.png
5.813638,-26.511988,seed2526.png
20.875502,16.232374,seed25260.png
21.859772,0.12700735,seed25261.png
14.614977,24.308126,seed25262.png
-32.647198,17.97136,seed25263.png
-31.345022,16.284636,seed25264.png
-33.85008,17.264622,seed25265.png
-31.941862,19.856974,seed25266.png
9.066496,19.092308,seed25267.png
-7.115744,-14.392238,seed25268.png
-29.97282,21.318125,seed25269.png
-22.28159,9.04167,seed2527.png
5.863718,3.8815486,seed25270.png
-16.285213,-23.100567,seed25271.png
13.242059,-31.25405,seed25272.png
-19.679258,-15.128017,seed25273.png
21.244308,24.121576,seed25274.png
21.799921,0.24699908,seed25275.png
-21.433214,-19.775562,seed25276.png
-30.550127,-15.099294,seed25277.png
7.1708765,15.578241,seed25278.png
32.769157,19.479204,seed25279.png
-23.819412,-4.0168934,seed2528.png
-32.315353,17.774916,seed25280.png
39.236134,24.662846,seed25281.png
25.986727,28.528067,seed25282.png
24.73045,11.661162,seed25283.png
-7.3141627,-13.223588,seed25284.png
-33.67104,23.16959,seed25285.png
5.975375,2.366333,seed25286.png
-24.656157,8.818829,seed25287.png
-11.278696,-24.52057,seed25288.png
-18.799559,7.3523755,seed25289.png
-0.3522447,-16.810888,seed2529.png
35.02478,12.415873,seed25290.png
-20.492853,-14.965748,seed25291.png
-34.319206,-3.2421212,seed25292.png
28.051819,24.812616,seed25293.png
-31.823195,6.803932,seed25294.png
21.668354,14.53807,seed25295.png
25.60465,13.378348,seed25296.png
23.8282,22.585407,seed25297.png
21.823368,11.535341,seed25298.png
3.4425747,-0.77576226,seed25299.png
-18.426022,-8.611106,seed2530.png
-17.393602,-12.850105,seed25300.png
-15.218689,-30.784815,seed25301.png
8.454556,-1.1385036,seed25302.png
2.2012846,0.766886,seed25303.png
28.856157,10.499078,seed25304.png
-26.200981,-16.057507,seed25305.png
0.33136776,21.060402,seed25306.png
18.935871,25.214859,seed25307.png
-26.463669,15.722624,seed25308.png
-15.023308,-8.359719,seed25309.png
7.5848327,26.418642,seed2531.png
15.632357,-36.44459,seed25310.png
-29.194899,2.459375,seed25311.png
17.59424,28.749607,seed25312.png
-38.70857,15.166732,seed25313.png
8.238562,9.644363,seed25314.png
-33.239124,-4.149774,seed25315.png
-23.099676,-10.976656,seed25316.png
-37.415268,7.761794,seed25317.png
-13.162679,6.983621,seed25318.png
27.1703,19.286377,seed25319.png
-22.008333,6.4839478,seed2532.png
13.551687,-22.00688,seed25320.png
-29.054285,4.10455,seed25321.png
-26.149595,5.9163675,seed25322.png
-0.60808295,21.031591,seed25323.png
-2.245314,12.002233,seed25324.png
39.87778,18.860481,seed25325.png
0.52556217,22.731014,seed25326.png
-2.6008186,-12.341684,seed25327.png
-27.956738,16.20385,seed25328.png
14.612364,-34.65875,seed25329.png
8.412831,-8.329295,seed2533.png
-26.658398,13.657953,seed25330.png
16.113832,-35.43425,seed25331.png
-14.002116,-16.236298,seed25332.png
15.773031,-35.825954,seed25333.png
5.1399884,-27.259731,seed25334.png
-36.41909,10.330664,seed25335.png
31.10757,1.3619485,seed25336.png
-22.285965,-24.637993,seed25337.png
2.389581,16.793547,seed25338.png
-22.663183,-4.6647906,seed25339.png
5.912101,-37.994537,seed2534.png
-33.192013,23.26462,seed25340.png
0.4425055,0.6680514,seed25341.png
-6.7183514,3.425101,seed25342.png
24.793173,17.528433,seed25343.png
10.234726,20.63785,seed25344.png
22.123146,19.355675,seed25345.png
-19.312447,-11.76835,seed25346.png
14.77465,-33.339275,seed25347.png
5.7059374,-0.5162541,seed25348.png
-17.269953,-31.895542,seed25349.png
-17.762278,-16.377762,seed2535.png
-27.46181,5.063109,seed25350.png
-28.795553,5.688949,seed25351.png
-16.234917,5.3562956,seed25352.png
-29.518816,5.6438847,seed25353.png
32.384254,27.186749,seed25354.png
-34.50037,23.59132,seed25355.png
-25.40471,-21.133959,seed25356.png
-8.081886,7.1663647,seed25357.png
38.693283,9.463863,seed25358.png
24.449917,5.0445795,seed25359.png
12.471291,11.773476,seed2536.png
-10.44682,-9.818907,seed25360.png
-24.875189,9.283983,seed25361.png
5.5516553,-11.59301,seed25362.png
25.299604,1.9780611,seed25363.png
24.101473,18.687355,seed25364.png
-31.165882,-2.0709074,seed25365.png
8.8438225,-0.025412325,seed25366.png
13.840447,14.883386,seed25367.png
11.445478,0.29553044,seed25368.png
-22.843288,4.9475,seed25369.png
-18.790186,11.185202,seed2537.png
-34.581837,27.386438,seed25370.png
27.722975,21.42384,seed25371.png
6.398985,5.3329606,seed25372.png
4.1864653,8.874331,seed25373.png
7.340348,-7.4514894,seed25374.png
-33.200287,-0.20412186,seed25375.png
12.257743,-25.261211,seed25376.png
22.45421,26.153961,seed25377.png
-19.4807,4.1955075,seed25378.png
12.096303,-29.087046,seed25379.png
-13.055963,-1.9520823,seed2538.png
25.17643,15.232772,seed25380.png
-22.972485,-0.047519997,seed25381.png
0.7335819,-27.7219,seed25382.png
3.2014608,-13.070887,seed25383.png
14.818747,-33.299755,seed25384.png
-25.236048,9.646074,seed25385.png
-17.047089,1.08519,seed25386.png
-20.42422,9.087626,seed25387.png
17.213638,23.676506,seed25388.png
9.380403,14.032115,seed25389.png
2.252699,7.577738,seed2539.png
-5.0667257,-21.258268,seed25390.png
4.477524,-29.440125,seed25391.png
10.886941,3.3077998,seed25392.png
-0.28360936,24.38928,seed25393.png
-26.343372,-1.6631826,seed25394.png
-14.125562,-22.624743,seed25395.png
8.77031,18.061522,seed25396.png
3.7051976,-33.44504,seed25397.png
-19.363226,-0.8729804,seed25398.png
-31.015896,12.98436,seed25399.png
-36.49228,9.263524,seed2540.png
-29.329613,12.448208,seed25400.png
-18.805775,-20.103611,seed25401.png
15.942506,22.92694,seed25402.png
29.794243,15.895444,seed25403.png
6.0993156,12.802769,seed25404.png
-1.2200077,-18.371485,seed25405.png
38.061924,8.345681,seed25406.png
-29.34452,8.810445,seed25407.png
28.403791,25.58585,seed25408.png
-32.241146,17.886566,seed25409.png
-24.722168,-1.5732285,seed2541.png
-14.918781,6.506158,seed25410.png
-2.3612714,1.2649896,seed25411.png
-21.173197,-7.019144,seed25412.png
-1.297762,6.6718044,seed25413.png
8.422139,16.03337,seed25414.png
-17.213772,-16.520765,seed25415.png
6.8198214,-31.502728,seed25416.png
16.466722,3.7086442,seed25417.png
-17.737083,0.26672012,seed25418.png
3.3786235,-31.922417,seed25419.png
-11.339148,4.9882984,seed2542.png
38.65739,12.361198,seed25420.png
15.7465725,7.200199,seed25421.png
5.6023126,13.227501,seed25422.png
-34.021763,-9.74274,seed25423.png
27.753458,16.26588,seed25424.png
-16.130333,-23.641684,seed25425.png
35.530132,22.46046,seed25426.png
-20.616196,-23.179848,seed25427.png
11.323803,-8.566259,seed25428.png
38.96331,15.952973,seed25429.png
-11.710101,-20.80124,seed2543.png
-33.353283,19.391981,seed25430.png
13.79252,-32.505215,seed25431.png
17.186281,-33.732162,seed25432.png
-29.088783,22.204004,seed25433.png
22.523687,-1.9126333,seed25434.png
-11.452064,-14.129306,seed25435.png
11.612174,-34.771698,seed25436.png
-29.578503,5.863242,seed25437.png
-25.419662,-13.890305,seed25438.png
11.340006,-31.990871,seed25439.png
16.216425,-1.4766699,seed2544.png
-28.987135,5.9250264,seed25440.png
-12.514008,-28.952362,seed25441.png
-27.401592,10.029116,seed25442.png
-11.486173,-0.24339303,seed25443.png
9.858741,-34.70334,seed25444.png
-29.262472,-12.715377,seed25445.png
-19.311993,11.5165205,seed25446.png
2.6342282,11.99301,seed25447.png
-25.236313,-23.670607,seed25448.png
-1.677376,11.549181,seed25449.png
-21.692192,-26.793488,seed2545.png
30.51994,16.803944,seed25450.png
16.482033,23.33858,seed25451.png
14.218867,6.6102347,seed25452.png
13.896106,-40.09439,seed25453.png
-11.772464,-28.337431,seed25454.png
-31.249264,-7.9577484,seed25455.png
-5.715583,1.0734563,seed25456.png
-12.41479,10.00656,seed25457.png
-20.14895,-6.2005286,seed25458.png
27.74939,6.9651113,seed25459.png
-19.666882,-22.489502,seed2546.png
-35.872147,10.080352,seed25460.png
20.566486,18.85545,seed25461.png
-16.948248,-10.5764885,seed25462.png
-8.412094,-15.939112,seed25463.png
1.4490504,19.502302,seed25464.png
-25.032902,7.30607,seed25465.png
13.51784,22.706448,seed25466.png
1.4608225,-17.761274,seed25467.png
25.822493,1.3513812,seed25468.png
-1.0326055,-1.5692499,seed25469.png
5.666485,7.5383496,seed2547.png
-26.059265,-18.022505,seed25470.png
2.2168884,17.233534,seed25471.png
-12.550543,-22.713638,seed25472.png
16.382347,24.636671,seed25473.png
18.343513,22.112846,seed25474.png
-20.110111,-2.7854962,seed25475.png
23.141989,-5.6295433,seed25476.png
5.764345,-6.349669,seed25477.png
-17.534103,-27.805063,seed25478.png
8.547586,7.956627,seed25479.png
38.399498,11.371252,seed2548.png
20.533403,9.406822,seed25480.png
-34.61518,15.74356,seed25481.png
-22.560022,-11.080943,seed25482.png
24.506393,15.17358,seed25483.png
13.888714,18.310795,seed25484.png
19.460375,22.59297,seed25485.png
35.92279,25.525463,seed25486.png
-16.202814,-0.5899887,seed25487.png
14.793172,-32.932674,seed25488.png
34.70883,13.593737,seed25489.png
23.13069,14.549152,seed2549.png
-12.174195,-17.700014,seed25490.png
13.284613,-3.5273027,seed25491.png
-12.826354,-25.883966,seed25492.png
-18.916754,-25.613384,seed25493.png
13.206238,-39.06202,seed25494.png
-2.3975341,3.2131643,seed25495.png
-22.309011,-27.468075,seed25496.png
20.458115,8.541522,seed25497.png
-35.110947,24.183212,seed25498.png
11.310356,-2.6742702,seed25499.png
0.81927615,24.997246,seed2550.png
-4.5492477,13.7431555,seed25500.png
-30.143047,-5.419877,seed25501.png
-3.6278543,11.980219,seed25502.png
-36.07251,16.637796,seed25503.png
30.304562,1.7527565,seed25504.png
-29.786171,-3.008739,seed25505.png
38.415825,17.713442,seed25506.png
-17.333998,-22.993864,seed25507.png
-30.678818,18.681551,seed25508.png
-19.76186,-17.335606,seed25509.png
-12.721552,-22.861553,seed2551.png
5.774861,23.80665,seed25510.png
8.246008,29.1397,seed25511.png
-12.983919,-4.098692,seed25512.png
5.2165036,-35.315876,seed25513.png
-28.59604,2.821543,seed25514.png
9.337096,-34.955612,seed25515.png
3.201085,7.5584426,seed25516.png
25.309242,2.190056,seed25517.png
26.501001,4.916125,seed25518.png
20.736605,7.491553,seed25519.png
40.442177,19.87675,seed2552.png
5.238735,24.467691,seed25520.png
12.855336,-2.81406,seed25521.png
-34.733936,22.168009,seed25522.png
-27.318388,-8.319166,seed25523.png
18.723127,1.0687509,seed25524.png
-21.926586,7.9620447,seed25525.png
8.144599,5.7671423,seed25526.png
36.64207,25.809221,seed25527.png
9.010994,11.5343275,seed25528.png
28.767378,8.721494,seed25529.png
8.230695,-22.73612,seed2553.png
-9.860375,-4.0867615,seed25530.png
27.563438,12.921112,seed25531.png
1.4956843,-11.432321,seed25532.png
-31.12264,15.297021,seed25533.png
-33.89325,-0.6804688,seed25534.png
34.937084,26.275316,seed25535.png
13.127502,18.219114,seed25536.png
-35.096706,8.299773,seed25537.png
-19.416157,-31.389297,seed25538.png
-13.714248,-29.567062,seed25539.png
-24.954767,4.1899724,seed2554.png
-13.266754,-29.412502,seed25540.png
13.6790085,20.88836,seed25541.png
23.904049,7.171733,seed25542.png
-36.27761,9.3900795,seed25543.png
-9.403363,-10.150133,seed25544.png
-8.551318,-8.985338,seed25545.png
6.4761677,19.084997,seed25546.png
11.529217,-2.874616,seed25547.png
-2.3419006,-15.183065,seed25548.png
13.008008,-41.13519,seed25549.png
37.638332,26.936092,seed2555.png
25.77102,18.587769,seed25550.png
24.41723,17.974348,seed25551.png
38.414505,24.140182,seed25552.png
32.394573,22.590721,seed25553.png
4.5158234,-35.63658,seed25554.png
-14.783196,-9.999678,seed25555.png
6.1809163,-22.761189,seed25556.png
10.228605,-38.15856,seed25557.png
10.235097,24.578392,seed25558.png
22.315441,9.579495,seed25559.png
-31.709324,10.65037,seed2556.png
-8.176467,12.945719,seed25560.png
-13.640386,-28.505941,seed25561.png
6.2945666,9.310004,seed25562.png
16.694138,-0.9265409,seed25563.png
9.652102,-43.33965,seed25564.png
24.655502,18.191015,seed25565.png
26.167315,21.327078,seed25566.png
11.168967,-41.29334,seed25567.png
13.498036,-38.80739,seed25568.png
29.583576,9.3832655,seed25569.png
5.697189,-40.494465,seed2557.png
20.141243,24.809483,seed25570.png
-22.773903,-26.083109,seed25571.png
-27.596197,13.338437,seed25572.png
32.40971,14.449901,seed25573.png
-0.94358987,-11.692459,seed25574.png
-0.56409353,-12.241186,seed25575.png
-16.156643,-6.2254195,seed25576.png
-35.010883,9.463849,seed25577.png
26.770546,16.519491,seed25578.png
-15.900666,-12.423341,seed25579.png
-16.813143,-18.683752,seed2558.png
27.885809,5.438932,seed25580.png
15.688582,-2.7457693,seed25581.png
-11.387239,-25.55073,seed25582.png
-11.681053,-2.144054,seed25583.png
6.5380864,-5.2631035,seed25584.png
38.548874,16.284203,seed25585.png
-21.004858,-14.083541,seed25586.png
18.009706,2.29598,seed25587.png
11.894871,8.618579,seed25588.png
-5.040722,-3.5910869,seed25589.png
36.87959,11.137481,seed2559.png
18.337414,-7.2383323,seed25590.png
1.6907191,25.355688,seed25591.png
7.925201,1.7215234,seed25592.png
-21.474277,19.365152,seed25593.png
-6.395979,-5.8798795,seed25594.png
-28.781363,7.0873456,seed25595.png
-11.8740635,-9.880657,seed25596.png
-21.41434,-19.541992,seed25597.png
-28.256855,-6.39207,seed25598.png
-21.350643,13.358119,seed25599.png
4.8911486,4.771019,seed2560.png
-6.7213936,1.846994,seed25600.png
10.4352,-31.662838,seed25601.png
3.4845498,-14.155508,seed25602.png
-13.274474,-25.256725,seed25603.png
33.342037,21.971615,seed25604.png
16.197687,-9.360423,seed25605.png
8.74004,28.98417,seed25606.png
-29.777674,12.1715355,seed25607.png
11.4337225,-4.7358117,seed25608.png
-21.990908,11.572384,seed25609.png
16.2272,23.721033,seed2561.png
12.687778,-24.811771,seed25610.png
2.3852756,3.4218514,seed25611.png
7.1775146,-24.27827,seed25612.png
18.754253,-5.931815,seed25613.png
1.0855497,18.7597,seed25614.png
-17.367992,-19.438173,seed25615.png
-27.077719,8.232687,seed25616.png
38.840885,10.194693,seed25617.png
-1.3637451,24.725368,seed25618.png
12.906674,-0.9608476,seed25619.png
22.425457,6.822386,seed2562.png
15.254047,1.922889,seed25620.png
-26.634209,3.90584,seed25621.png
-30.942228,22.286188,seed25622.png
31.054228,18.680853,seed25623.png
15.69651,-36.946835,seed25624.png
9.076116,5.614743,seed25625.png
-21.009342,-19.30558,seed25626.png
-24.898157,3.0796468,seed25627.png
10.456607,4.484639,seed25628.png
3.9784255,-34.179855,seed25629.png
21.859272,-6.372363,seed2563.png
33.95284,19.325994,seed25630.png
17.680748,-7.8853307,seed25631.png
7.367496,-1.4152287,seed25632.png
33.935547,28.679577,seed25633.png
0.500174,-23.971813,seed25634.png
-16.120178,1.7744067,seed25635.png
-10.765066,-11.948715,seed25636.png
36.165646,5.26018,seed25637.png
1.7580041,7.183515,seed25638.png
20.871588,17.161942,seed25639.png
-8.231809,-14.736981,seed2564.png
-16.130827,-28.667818,seed25640.png
32.16174,10.629971,seed25641.png
-30.156858,20.845789,seed25642.png
-21.03056,16.250048,seed25643.png
-20.728973,1.767626,seed25644.png
16.870691,22.875065,seed25645.png
-29.620613,10.412774,seed25646.png
-21.600775,10.667972,seed25647.png
-20.466978,-13.403372,seed25648.png
39.04845,24.637877,seed25649.png
-31.439367,17.162758,seed2565.png
5.281445,-38.357307,seed25650.png
-0.7855973,-1.0819553,seed25651.png
1.9532528,21.669535,seed25652.png
15.0335245,-32.01746,seed25653.png
-16.600374,-14.812656,seed25654.png
-18.358347,-10.891081,seed25655.png
-10.627963,-20.87268,seed25656.png
-31.395391,24.041798,seed25657.png
-15.703421,-11.915285,seed25658.png
-6.584817,-17.762138,seed25659.png
-17.504995,-28.177288,seed2566.png
39.578575,16.809742,seed25660.png
8.054199,-5.1172595,seed25661.png
12.557593,11.405886,seed25662.png
-11.847952,5.164462,seed25663.png
27.038097,24.03583,seed25664.png
10.005012,-0.4836675,seed25665.png
-37.465523,6.3891864,seed25666.png
-23.542656,-8.385441,seed25667.png
34.439648,4.2160687,seed25668.png
23.585094,15.495384,seed25669.png
3.6721196,-5.8530784,seed2567.png
-31.432053,26.147547,seed25670.png
-35.846756,-1.280032,seed25671.png
3.7989876,10.954798,seed25672.png
9.190294,21.123482,seed25673.png
-23.342447,1.1233286,seed25674.png
-30.627625,-12.339151,seed25675.png
35.02125,22.39565,seed25676.png
-32.44665,-7.1499343,seed25677.png
-19.162447,-2.8461623,seed25678.png
3.4983277,-30.636536,seed25679.png
38.571514,15.841349,seed2568.png
3.3445675,-4.6450744,seed25680.png
-36.44517,11.187021,seed25681.png
-31.167267,-18.472612,seed25682.png
36.78689,16.681206,seed25683.png
18.58151,-8.524555,seed25684.png
10.901663,-0.20458165,seed25685.png
8.822898,-8.353833,seed25686.png
-15.7488365,-1.114379,seed25687.png
34.375996,1.5576719,seed25688.png
-4.5835223,20.344488,seed25689.png
3.545746,9.403425,seed2569.png
-36.283722,26.537506,seed25690.png
24.54431,18.498741,seed25691.png
-7.941634,-22.755917,seed25692.png
-4.7354503,-16.057905,seed25693.png
-33.86227,7.4878473,seed25694.png
13.965655,4.451684,seed25695.png
-0.9381671,24.75023,seed25696.png
39.71385,21.364098,seed25697.png
27.967796,21.963182,seed25698.png
15.1580305,-8.134521,seed25699.png
37.551777,13.083122,seed2570.png
-13.409556,0.2876519,seed25700.png
-16.912756,-20.616398,seed25701.png
15.036561,15.664254,seed25702.png
-24.48918,-9.547352,seed25703.png
29.048586,24.253134,seed25704.png
37.789326,13.0856905,seed25705.png
-36.198887,8.335358,seed25706.png
-15.456307,-30.390505,seed25707.png
-29.560352,-13.288403,seed25708.png
6.981645,-5.9357114,seed25709.png
29.287447,19.437576,seed2571.png
19.192783,-6.638684,seed25710.png
8.960998,2.4660313,seed25711.png
38.052513,17.448925,seed25712.png
18.568491,26.882751,seed25713.png
3.2739792,-26.556524,seed25714.png
29.874277,14.644948,seed25715.png
37.547024,17.333553,seed25716.png
-15.608839,-4.733922,seed25717.png
34.76645,20.693289,seed25718.png
20.099157,15.5019865,seed25719.png
13.800884,-38.905506,seed2572.png
11.599428,-42.656433,seed25720.png
10.575504,-37.29036,seed25721.png
7.805086,4.2706366,seed25722.png
6.1391754,-26.594715,seed25723.png
-26.391138,-10.800944,seed25724.png
-26.459566,6.72137,seed25725.png
-17.524443,-28.664911,seed25726.png
16.119442,0.7354994,seed25727.png
-2.9098637,1.6508578,seed25728.png
-13.223268,-17.552898,seed25729.png
-9.957416,-5.4854517,seed2573.png
-10.906263,-15.981266,seed25730.png
23.861572,3.6748621,seed25731.png
-19.75407,-12.115707,seed25732.png
-29.942049,-10.091719,seed25733.png
9.935034,-34.62782,seed25734.png
-32.14715,16.837795,seed25735.png
-26.021412,-14.755857,seed25736.png
15.313165,-36.149647,seed25737.png
10.695761,-9.979589,seed25738.png
15.848124,-36.34402,seed25739.png
-6.8431745,11.096099,seed2574.png
-14.378664,-28.783201,seed25740.png
15.112914,-30.326908,seed25741.png
24.87682,5.8633533,seed25742.png
36.73989,22.893167,seed25743.png
11.117566,-40.277935,seed25744.png
-31.419727,-11.806844,seed25745.png
-13.381346,-18.618874,seed25746.png
-19.934862,-21.738974,seed25747.png
-16.271284,4.234758,seed25748.png
-14.953471,-15.979306,seed25749.png
7.7770205,-38.25193,seed2575.png
-0.37502855,24.512875,seed25750.png
40.70391,16.693115,seed25751.png
-23.793821,-7.280231,seed25752.png
14.858684,-33.815525,seed25753.png
-32.968285,-5.0431542,seed25754.png
-7.9715657,10.461022,seed25755.png
-21.498178,19.013426,seed25756.png
13.10937,-28.54501,seed25757.png
-9.866057,-18.03395,seed25758.png
-22.497042,-24.994827,seed25759.png
-23.887775,-0.46011037,seed2576.png
-11.049433,-12.984296,seed25760.png
40.043697,20.48482,seed25761.png
-26.78993,-1.3134391,seed25762.png
7.6148977,-36.85168,seed25763.png
-35.995678,23.318491,seed25764.png
35.443897,26.039667,seed25765.png
2.8423665,-4.7770243,seed25766.png
15.626055,-6.712323,seed25767.png
-16.571413,13.31829,seed25768.png
-2.4831805,14.663586,seed25769.png
32.72815,18.05729,seed2577.png
23.39421,-3.825758,seed25770.png
37.842644,20.616304,seed25771.png
-25.224287,5.948935,seed25772.png
-9.632518,-17.026047,seed25773.png
26.468906,11.277342,seed25774.png
10.58761,-1.4460208,seed25775.png
-13.965706,-24.54973,seed25776.png
-18.93592,-30.58136,seed25777.png
-33.080463,9.77123,seed25778.png
31.68627,-0.37795916,seed25779.png
-29.42435,7.8431015,seed2578.png
-30.047894,-10.101342,seed25780.png
17.25316,22.258545,seed25781.png
-36.083153,8.255608,seed25782.png
23.5037,0.28257814,seed25783.png
-21.184399,-11.407791,seed25784.png
-15.354761,-14.915496,seed25785.png
-21.730965,19.769733,seed25786.png
-22.601692,14.9326315,seed25787.png
-3.965238,10.51076,seed25788.png
15.893459,20.019646,seed25789.png
37.03243,4.3227167,seed2579.png
-21.689814,20.026257,seed25790.png
11.670253,-32.579258,seed25791.png
-33.04205,22.905724,seed25792.png
-19.71781,-19.507387,seed25793.png
12.768243,28.869001,seed25794.png
33.263035,22.683857,seed25795.png
-7.9063354,-18.49485,seed25796.png
13.6149435,-24.181705,seed25797.png
31.47411,28.101439,seed25798.png
5.856681,23.221817,seed25799.png
-32.007828,19.355558,seed2580.png
9.155516,29.60924,seed25800.png
7.710071,13.149692,seed25801.png
-17.118761,13.954179,seed25802.png
36.98145,13.261118,seed25803.png
13.799019,8.350125,seed25804.png
2.4399354,15.88161,seed25805.png
10.324035,19.789341,seed25806.png
-28.074614,-0.90336293,seed25807.png
4.1874046,19.259573,seed25808.png
16.421577,-36.068497,seed25809.png
13.436718,-42.156643,seed2581.png
-32.214157,-2.2626843,seed25810.png
2.2652993,17.488543,seed25811.png
-26.294756,10.97919,seed25812.png
9.946152,5.8162713,seed25813.png
19.657625,-2.183714,seed25814.png
24.507425,3.183979,seed25815.png
-16.443756,-24.397303,seed25816.png
13.173356,-23.185865,seed25817.png
-25.049093,2.4518576,seed25818.png
18.01687,10.602562,seed25819.png
36.186726,20.454916,seed2582.png
29.675438,2.719015,seed25820.png
-0.95137036,13.5546,seed25821.png
17.46497,-35.55518,seed25822.png
30.639795,6.4915204,seed25823.png
10.850522,-29.810957,seed25824.png
-9.195994,-25.365156,seed25825.png
-34.53364,14.557322,seed25826.png
-34.17905,18.377228,seed25827.png
-27.325518,10.200136,seed25828.png
-7.496558,-1.4537551,seed25829.png
-1.0122188,-12.009239,seed2583.png
-30.786722,15.232746,seed25830.png
13.805615,-33.642914,seed25831.png
-21.030704,-26.247416,seed25832.png
12.328619,16.737535,seed25833.png
-12.45181,-4.308373,seed25834.png
-9.690984,3.8378918,seed25835.png
-17.328892,-11.385259,seed25836.png
3.2035666,-13.866115,seed25837.png
-11.810271,-26.073631,seed25838.png
-15.230357,-14.159499,seed25839.png
35.296974,14.423116,seed2584.png
-5.0832815,-25.509453,seed25840.png
12.9654455,7.4116373,seed25841.png
10.443006,-39.315495,seed25842.png
-19.838139,11.62722,seed25843.png
5.078173,10.086928,seed25844.png
17.228176,-7.40971,seed25845.png
-29.550842,2.3506289,seed25846.png
-23.516565,0.5473078,seed25847.png
-2.809844,0.9965787,seed25848.png
17.3734,12.885176,seed25849.png
9.001339,-0.787531,seed2585.png
-13.577002,-30.574844,seed25850.png
35.838387,17.930958,seed25851.png
-34.84784,8.943855,seed25852.png
5.8873897,-30.76714,seed25853.png
-32.001446,19.837385,seed25854.png
-28.437757,11.097335,seed25855.png
4.508502,8.222191,seed25856.png
-14.797647,-15.699567,seed25857.png
31.81465,4.049411,seed25858.png
2.6511962,-4.4393373,seed25859.png
-12.647444,-27.65187,seed2586.png
-18.706266,19.28296,seed25860.png
-17.55025,-21.529911,seed25861.png
10.255881,28.504269,seed25862.png
3.3906415,14.389551,seed25863.png
-22.675611,-9.603558,seed25864.png
-20.126572,1.8057419,seed25865.png
16.215403,-37.24617,seed25866.png
10.488587,-31.839413,seed25867.png
20.138382,3.3128462,seed25868.png
32.725994,10.298243,seed25869.png
13.754962,10.293535,seed2587.png
27.509443,23.762018,seed25870.png
-26.970974,-20.954563,seed25871.png
9.992565,9.458107,seed25872.png
-17.50609,14.4330635,seed25873.png
9.445047,13.088857,seed25874.png
4.03129,7.920375,seed25875.png
-1.5217729,-12.523355,seed25876.png
14.4457655,-38.872375,seed25877.png
-13.491797,1.5684857,seed25878.png
5.2938786,-26.21445,seed25879.png
-17.366455,5.370015,seed2588.png
12.772027,26.396706,seed25880.png
-13.571229,-23.524601,seed25881.png
7.5464616,-1.3402232,seed25882.png
-22.104622,-23.193586,seed25883.png
35.913277,22.872837,seed25884.png
-3.1151698,18.495401,seed25885.png
-10.435519,0.89485675,seed25886.png
14.269345,-12.775342,seed25887.png
16.870945,25.659023,seed25888.png
-10.809456,-20.163742,seed25889.png
-26.58334,17.788853,seed2589.png
5.6994777,10.885622,seed25890.png
0.71957356,-16.407343,seed25891.png
22.245829,16.844353,seed25892.png
-24.39884,-7.101951,seed25893.png
-25.852055,-13.593385,seed25894.png
-23.775711,-7.2710476,seed25895.png
-17.582777,-18.785656,seed25896.png
12.423768,-7.144113,seed25897.png
-1.6636198,3.4499938,seed25898.png
11.643241,-21.692572,seed25899.png
34.37051,11.157115,seed2590.png
25.435766,16.409225,seed25900.png
4.960974,22.536886,seed25901.png
-15.20707,7.0266247,seed25902.png
-19.97579,-15.343004,seed25903.png
-31.631691,18.447384,seed25904.png
-25.56366,-1.33619,seed25905.png
-0.95219076,-2.0508306,seed25906.png
7.947409,-35.828365,seed25907.png
9.424535,-36.1667,seed25908.png
-20.499218,-25.916142,seed25909.png
19.458708,28.411242,seed2591.png
-5.888553,-4.4269695,seed25910.png
-36.451218,27.265886,seed25911.png
23.464155,-2.1782324,seed25912.png
-26.410675,-15.811193,seed25913.png
6.7178974,10.818718,seed25914.png
37.253662,8.122679,seed25915.png
15.391664,25.548653,seed25916.png
33.832485,28.953989,seed25917.png
-15.354752,-1.9071927,seed25918.png
-34.878086,27.003468,seed25919.png
9.030268,-34.90739,seed2592.png
30.734535,13.71015,seed25920.png
9.823317,29.817163,seed25921.png
-7.8542385,10.58807,seed25922.png
-0.27499303,23.110933,seed25923.png
9.779842,-40.040066,seed25924.png
37.619797,24.159872,seed25925.png
27.974403,12.964812,seed25926.png
-21.738956,10.703609,seed25927.png
-16.777733,-16.8841,seed25928.png
5.4914384,4.154432,seed25929.png
30.304668,10.199909,seed2593.png
28.957344,20.071764,seed25930.png
28.428686,18.613794,seed25931.png
-10.994608,-15.937323,seed25932.png
-26.481218,-9.406185,seed25933.png
15.453663,-9.472917,seed25934.png
8.235651,-29.926514,seed25935.png
-5.7945714,-3.4573066,seed25936.png
14.66472,-35.708908,seed25937.png
25.188917,9.084191,seed25938.png
30.306944,3.7884486,seed25939.png
4.7274723,-34.955704,seed2594.png
-8.928484,-26.77198,seed25940.png
-22.610659,3.0059884,seed25941.png
-2.7488174,-1.6409538,seed25942.png
11.41158,-28.433998,seed25943.png
-16.08099,-17.343437,seed25944.png
18.045218,6.506028,seed25945.png
35.61287,18.21998,seed25946.png
-31.553476,-1.8643968,seed25947.png
-0.982029,23.354532,seed25948.png
29.886873,4.282641,seed25949.png
-35.414913,21.138653,seed2595.png
28.139973,9.139173,seed25950.png
-25.92579,-27.241343,seed25951.png
3.566893,-15.48109,seed25952.png
27.176563,10.898198,seed25953.png
12.164943,-43.14359,seed25954.png
9.892388,-41.27391,seed25955.png
-9.307126,-26.189451,seed25956.png
39.450752,6.2164207,seed25957.png
17.606747,20.51635,seed25958.png
-19.723028,-2.9044056,seed25959.png
21.385584,-2.4375389,seed2596.png
-20.861609,-18.311707,seed25960.png
28.227917,23.12383,seed25961.png
-34.38088,-5.087921,seed25962.png
7.5266523,-5.011668,seed25963.png
-30.159786,-1.8310095,seed25964.png
-31.288635,25.008091,seed25965.png
13.912037,-31.083233,seed25966.png
28.443445,20.488037,seed25967.png
12.786568,25.699018,seed25968.png
9.360804,-24.2512,seed25969.png
35.31102,9.785641,seed2597.png
3.1423032,-15.959466,seed25970.png
21.64364,15.308735,seed25971.png
23.720402,-2.8467522,seed25972.png
-27.07986,-14.070108,seed25973.png
-17.802887,-11.508816,seed25974.png
16.87924,-32.976887,seed25975.png
23.818779,12.375974,seed25976.png
36.92561,24.718044,seed25977.png
28.10628,3.9848168,seed25978.png
4.8737555,-8.681101,seed25979.png
27.48639,4.0002728,seed2598.png
-5.5282674,-23.084682,seed25980.png
-21.579466,14.515068,seed25981.png
-19.819857,-18.379879,seed25982.png
-5.110616,-19.40936,seed25983.png
5.2643547,19.08531,seed25984.png
-19.857498,-10.590902,seed25985.png
-26.574196,-19.7134,seed25986.png
-25.506863,10.833943,seed25987.png
-16.413826,-11.088721,seed25988.png
10.027426,0.21781267,seed25989.png
2.7422717,-24.099396,seed2599.png
-0.6326726,-8.335419,seed25990.png
7.751926,-31.8604,seed25991.png
-20.94012,-3.2234757,seed25992.png
10.578015,6.751179,seed25993.png
12.260521,-34.249043,seed25994.png
-4.1558228,4.2920747,seed25995.png
-6.817694,-5.517361,seed25996.png
-17.70892,-29.65235,seed25997.png
-4.8936625,-4.067142,seed25998.png
5.055782,19.671965,seed25999.png
-0.23516038,6.2702265,seed2600.png
-31.59711,7.637228,seed26000.png
15.690987,7.6045866,seed26001.png
13.046639,-38.37264,seed26002.png
-0.38405165,-15.806101,seed26003.png
-22.425236,6.9454336,seed26004.png
23.184036,19.752804,seed26005.png
30.578165,27.402254,seed26006.png
1.2804328,-12.492864,seed26007.png
-8.488337,-12.9653015,seed26008.png
-15.270108,-12.387409,seed26009.png
-11.4209385,-25.459549,seed2601.png
-33.020096,21.572792,seed26010.png
13.429252,17.896198,seed26011.png
15.609726,-3.064942,seed26012.png
-21.240387,1.9702642,seed26013.png
-14.524607,-29.693237,seed26014.png
-25.940256,14.301893,seed26015.png
13.981613,-0.6634744,seed26016.png
34.273586,17.232874,seed26017.png
31.404423,5.0205736,seed26018.png
0.39256376,18.817736,seed26019.png
9.877224,13.026434,seed2602.png
-20.804522,7.581209,seed26020.png
22.336212,15.829038,seed26021.png
41.359863,17.714691,seed26022.png
6.787918,-6.4013906,seed26023.png
24.718697,-0.57035774,seed26024.png
-13.002484,-21.634235,seed26025.png
15.752211,5.556911,seed26026.png
5.8680673,5.3485436,seed26027.png
-20.46052,10.821723,seed26028.png
-13.2928505,9.07812,seed26029.png
4.4526315,17.17175,seed2603.png
6.9233713,-39.871895,seed26030.png
22.117224,23.16026,seed26031.png
-14.167254,-21.095524,seed26032.png
7.5601254,16.849897,seed26033.png
-20.730906,2.0269449,seed26034.png
-8.900378,-15.457027,seed26035.png
19.419516,4.589028,seed26036.png
-22.328665,-11.373836,seed26037.png
-14.555992,-16.280489,seed26038.png
-19.51495,-22.652021,seed26039.png
-4.1210423,-2.4468496,seed2604.png
21.70959,13.842615,seed26040.png
-13.4629135,8.511653,seed26041.png
-3.8231258,-20.673847,seed26042.png
-19.343405,4.5693755,seed26043.png
-5.0214343,17.916561,seed26044.png
30.355692,23.705997,seed26045.png
9.838557,17.09041,seed26046.png
-30.10067,6.031598,seed26047.png
-9.223663,-6.6898017,seed26048.png
-35.055416,11.31833,seed26049.png
-19.1424,-22.276484,seed2605.png
-17.616213,-15.687762,seed26050.png
-28.389523,1.5989424,seed26051.png
26.941566,2.2353077,seed26052.png
-24.388437,8.623886,seed26053.png
37.05515,11.603781,seed26054.png
-15.632053,-26.145145,seed26055.png
-21.042177,-30.966736,seed26056.png
36.322514,9.802714,seed26057.png
5.383437,-4.8155103,seed26058.png
-25.74148,7.6744084,seed26059.png
-3.0611768,-17.61531,seed2606.png
24.14688,7.0935087,seed26060.png
-30.458366,15.999035,seed26061.png
20.124735,9.114911,seed26062.png
18.740086,17.949078,seed26063.png
-1.1080178,24.51098,seed26064.png
7.066711,10.309626,seed26065.png
-35.892223,26.975134,seed26066.png
36.64029,22.3486,seed26067.png
-21.293772,3.9073834,seed26068.png
-9.446969,-3.8105054,seed26069.png
-21.923838,12.090453,seed2607.png
12.442228,-41.30056,seed26070.png
-17.538477,1.2811341,seed26071.png
-30.660686,8.308515,seed26072.png
-37.212296,10.6242695,seed26073.png
15.789022,-6.03908,seed26074.png
9.746792,-4.7455907,seed26075.png
-17.024523,5.104125,seed26076.png
32.468056,22.340668,seed26077.png
-29.05421,-10.412355,seed26078.png
-16.00299,-16.234238,seed26079.png
10.636769,10.11871,seed2608.png
-21.839693,8.429821,seed26080.png
-32.06841,5.4265375,seed26081.png
-6.9570227,-14.676846,seed26082.png
-15.607067,-29.834143,seed26083.png
-19.283903,-7.0180326,seed26084.png
1.0472881,23.7963,seed26085.png
18.935604,24.155476,seed26086.png
29.961014,3.6539083,seed26087.png
7.8947387,27.458025,seed26088.png
-20.41334,-1.0388376,seed26089.png
-24.351229,-14.886766,seed2609.png
-30.553312,21.454403,seed26090.png
-22.887081,15.333345,seed26091.png
41.201385,12.298388,seed26092.png
-13.519738,-20.346704,seed26093.png
9.231217,8.56844,seed26094.png
-28.206203,-9.676376,seed26095.png
-30.889349,1.2437052,seed26096.png
-14.234985,-23.1432,seed26097.png
-4.056475,-16.366152,seed26098.png
-21.349525,-19.21031,seed26099.png
13.5533495,-4.7211127,seed2610.png
-18.861094,-28.112125,seed26100.png
12.104318,-33.201393,seed26101.png
-13.047388,-11.537887,seed26102.png
-16.855434,-22.250671,seed26103.png
26.080637,15.983216,seed26104.png
36.007397,23.01995,seed26105.png
11.284426,-32.62834,seed26106.png
-12.742754,8.416648,seed26107.png
11.108243,13.285763,seed26108.png
13.061246,-3.145057,seed26109.png
31.749128,15.358938,seed2611.png
-30.951748,17.216583,seed26110.png
26.095257,14.668779,seed26111.png
-13.070457,-9.536238,seed26112.png
-33.004753,15.202414,seed26113.png
-17.196056,-22.470745,seed26114.png
6.4870076,-24.771183,seed26115.png
14.068873,-8.000392,seed26116.png
11.405326,9.064632,seed26117.png
-10.45311,-15.185089,seed26118.png
11.076296,9.396685,seed26119.png
-12.163353,-29.475008,seed2612.png
35.944275,20.632977,seed26120.png
31.372313,18.696075,seed26121.png
-21.289524,15.871021,seed26122.png
5.8453736,-13.906515,seed26123.png
-14.908697,-20.24109,seed26124.png
37.75401,23.150528,seed26125.png
-19.11583,9.015806,seed26126.png
-28.384441,-10.594796,seed26127.png
5.318745,-37.270245,seed26128.png
-20.315393,6.818736,seed26129.png
-20.645323,-12.845343,seed2613.png
18.173697,23.84394,seed26130.png
-18.904995,-2.9103134,seed26131.png
14.739844,-12.212538,seed26132.png
14.1486435,-2.764007,seed26133.png
32.064674,14.723925,seed26134.png
24.392485,2.2014,seed26135.png
-3.3593137,14.064541,seed26136.png
16.274342,28.082483,seed26137.png
-4.0477443,23.253048,seed26138.png
-5.482109,-9.062404,seed26139.png
11.391659,22.883472,seed2614.png
-19.7297,3.984059,seed26140.png
20.075813,2.4838,seed26141.png
20.751833,20.352667,seed26142.png
7.1521,-38.481316,seed26143.png
-23.568314,-13.2314825,seed26144.png
28.227703,13.671094,seed26145.png
-21.885551,8.874179,seed26146.png
8.233237,-32.90056,seed26147.png
32.65402,2.1805315,seed26148.png
-33.6212,-8.774898,seed26149.png
-29.827988,-15.8154545,seed2615.png
15.789152,23.58921,seed26150.png
-37.955074,13.719542,seed26151.png
-28.880579,16.345005,seed26152.png
12.191943,25.74904,seed26153.png
5.0200624,-26.012974,seed26154.png
13.5142765,0.41154677,seed26155.png
8.786773,-4.010295,seed26156.png
-21.769632,8.788915,seed26157.png
-14.3720665,-6.003086,seed26158.png
37.84007,11.245329,seed26159.png
-29.246765,-3.464954,seed2616.png
19.733372,25.042282,seed26160.png
-9.370388,-5.8194075,seed26161.png
-16.188755,-30.686373,seed26162.png
-28.293915,16.522047,seed26163.png
-23.132761,-2.1821644,seed26164.png
25.994116,-3.3066416,seed26165.png
20.74816,-3.8873076,seed26166.png
24.118217,25.678112,seed26167.png
-18.25921,-8.953266,seed26168.png
3.4718173,17.86681,seed26169.png
-21.960133,15.638401,seed2617.png
-24.20184,-3.1649392,seed26170.png
7.356936,-33.687344,seed26171.png
17.706732,-34.991856,seed26172.png
23.981064,-5.6363626,seed26173.png
-3.3588514,-10.15124,seed26174.png
0.58602226,-25.7848,seed26175.png
-21.086466,-2.6250863,seed26176.png
-16.988634,-0.7617548,seed26177.png
9.0362835,12.441718,seed26178.png
-36.545,1.3187985,seed26179.png
-18.62678,11.341439,seed2618.png
20.509964,19.92456,seed26180.png
-28.926313,-18.918,seed26181.png
34.01692,12.089955,seed26182.png
34.760357,9.506434,seed26183.png
25.57411,3.6032336,seed26184.png
-33.331867,19.163649,seed26185.png
13.530618,-35.18943,seed26186.png
-17.978863,-18.455694,seed26187.png
15.275258,22.709152,seed26188.png
-29.912512,-1.6078306,seed26189.png
10.592709,-40.67309,seed2619.png
-21.999216,-13.733461,seed26190.png
-19.391273,-16.46706,seed26191.png
-16.675665,-15.8452635,seed26192.png
30.819628,16.105608,seed26193.png
-1.3442947,-27.351908,seed26194.png
13.864432,-33.682182,seed26195.png
20.225111,-0.02872807,seed26196.png
10.772162,10.484355,seed26197.png
13.835196,-30.732323,seed26198.png
17.970678,17.829203,seed26199.png
-20.829412,-28.871471,seed2620.png
-19.01342,8.201133,seed26200.png
13.80416,-5.061991,seed26201.png
20.398233,17.935276,seed26202.png
13.036353,-30.829777,seed26203.png
-23.369276,-15.414854,seed26204.png
18.978508,5.929202,seed26205.png
-17.78538,0.5655844,seed26206.png
-11.45726,-24.274363,seed26207.png
1.1590575,2.1512644,seed26208.png
-23.320784,-3.788993,seed26209.png
28.061989,13.137096,seed2621.png
18.308403,25.978014,seed26210.png
14.104586,-36.95466,seed26211.png
12.336882,-42.1164,seed26212.png
35.628025,9.412945,seed26213.png
-19.899586,-15.719666,seed26214.png
6.300385,16.381313,seed26215.png
7.7272897,24.69252,seed26216.png
7.405419,-8.990027,seed26217.png
-31.632126,19.356773,seed26218.png
-28.856283,-10.039321,seed26219.png
19.822496,13.2587805,seed2622.png
8.885618,-32.011086,seed26220.png
15.999415,-3.1018746,seed26221.png
24.322256,16.946012,seed26222.png
26.250296,4.7298045,seed26223.png
-19.16784,-15.020765,seed26224.png
-27.623945,-9.06175,seed26225.png
-14.97398,-30.140354,seed26226.png
13.557895,-1.3918023,seed26227.png
-12.614813,-3.0722835,seed26228.png
11.282725,0.08677718,seed26229.png
-27.534777,-9.450152,seed2623.png
4.395524,9.922302,seed26230.png
14.54216,-31.405993,seed26231.png
19.484474,6.847969,seed26232.png
2.162617,16.297163,seed26233.png
-24.292126,15.033752,seed26234.png
-5.2564535,4.036918,seed26235.png
33.341476,25.145657,seed26236.png
14.246621,-9.936887,seed26237.png
17.474041,13.791226,seed26238.png
-13.969498,-17.862856,seed26239.png
9.913167,-24.474468,seed2624.png
-34.791763,27.468756,seed26240.png
-31.579525,20.839384,seed26241.png
8.880284,29.021341,seed26242.png
20.09551,25.158094,seed26243.png
-23.388584,-7.645276,seed26244.png
-31.078686,22.916197,seed26245.png
-20.637375,-2.1060302,seed26246.png
-30.35504,-12.211537,seed26247.png
7.2248344,-27.670383,seed26248.png
-14.891501,-27.591457,seed26249.png
-30.822834,15.128267,seed2625.png
34.872375,19.341917,seed26250.png
28.06092,19.040247,seed26251.png
25.102686,21.410992,seed26252.png
-11.787943,-18.9451,seed26253.png
7.386481,17.447626,seed26254.png
7.5910196,-37.3334,seed26255.png
22.515402,-7.581291,seed26256.png
7.972813,-28.390562,seed26257.png
-16.212233,7.5971265,seed26258.png
32.468746,25.286547,seed26259.png
-16.8204,-15.939497,seed2626.png
14.964537,-37.345566,seed26260.png
36.742928,5.624345,seed26261.png
7.534247,11.959864,seed26262.png
-25.496542,2.57296,seed26263.png
14.71226,-32.801273,seed26264.png
-12.473694,-9.733018,seed26265.png
19.14644,20.840122,seed26266.png
-18.870373,-30.183767,seed26267.png
9.611123,-28.743246,seed26268.png
17.33264,24.418901,seed26269.png
2.9133575,16.80799,seed2627.png
-33.764053,13.858103,seed26270.png
-16.472551,-15.497889,seed26271.png
13.892302,22.581934,seed26272.png
-20.970892,-7.864185,seed26273.png
-10.76463,-10.314217,seed26274.png
2.8456366,17.358164,seed26275.png
37.09512,20.134785,seed26276.png
20.408186,10.841069,seed26277.png
16.046328,-33.83524,seed26278.png
-10.462564,-14.453533,seed26279.png
2.123629,25.559341,seed2628.png
-30.763859,18.617788,seed26280.png
-14.767989,6.172754,seed26281.png
6.528271,12.947708,seed26282.png
-32.116898,-0.44511658,seed26283.png
16.621126,2.525403,seed26284.png
-15.350572,-23.460402,seed26285.png
35.14607,0.60541105,seed26286.png
-8.441615,-7.0912805,seed26287.png
-31.79408,11.463738,seed26288.png
21.090275,-5.765856,seed26289.png
-21.618784,-24.379326,seed2629.png
29.324448,6.230443,seed26290.png
-36.050083,6.9792986,seed26291.png
20.018887,27.049051,seed26292.png
9.936806,-7.4146724,seed26293.png
-32.42066,15.677835,seed26294.png
27.836222,3.4885058,seed26295.png
21.829548,-3.283205,seed26296.png
-25.30254,2.1233935,seed26297.png
-26.400967,8.134543,seed26298.png
27.553524,26.652891,seed26299.png
-19.528542,-13.80937,seed2630.png
-15.157031,5.7025704,seed26300.png
31.245672,15.051166,seed26301.png
-18.318775,-16.643524,seed26302.png
-36.79406,24.70993,seed26303.png
26.297352,12.12616,seed26304.png
14.186501,-32.20375,seed26305.png
6.1096296,21.48784,seed26306.png
-32.11908,12.469362,seed26307.png
9.708132,3.0638685,seed26308.png
-17.764925,-14.607312,seed26309.png
5.89169,0.994136,seed2631.png
-0.6812959,24.617903,seed26310.png
11.529857,22.143692,seed26311.png
-4.417677,-10.504772,seed26312.png
-0.6703548,-16.435156,seed26313.png
-22.675295,10.731406,seed26314.png
-12.963925,-15.099508,seed26315.png
34.75686,7.7182364,seed26316.png
-27.623583,-0.21889904,seed26317.png
1.5775284,16.585176,seed26318.png
3.6745315,-25.607344,seed26319.png
-0.15212414,-16.275038,seed2632.png
-11.02873,-4.5154243,seed26320.png
6.4634924,-8.168529,seed26321.png
13.558661,1.7861397,seed26322.png
-18.166197,-26.108652,seed26323.png
-23.533516,-2.9957314,seed26324.png
-19.68188,-8.078178,seed26325.png
-32.054535,18.766104,seed26326.png
-22.458948,-0.38374308,seed26327.png
-22.08728,-27.331726,seed26328.png
-24.443892,-4.6162796,seed26329.png
23.668623,17.156977,seed2633.png
-8.715222,-2.2793994,seed26330.png
10.303044,28.04703,seed26331.png
12.984017,-32.941395,seed26332.png
-31.547144,23.58358,seed26333.png
-11.561111,-7.958074,seed26334.png
10.36588,20.71657,seed26335.png
-12.742797,-21.624353,seed26336.png
-29.336094,-8.178115,seed26337.png
24.714725,5.0916944,seed26338.png
-27.985632,9.1362915,seed26339.png
3.6868813,21.918072,seed2634.png
-33.679554,-1.4981505,seed26340.png
13.34446,28.49564,seed26341.png
11.466376,-37.137383,seed26342.png
23.889364,-3.7379558,seed26343.png
-28.476017,-16.591621,seed26344.png
-12.077438,-21.412785,seed26345.png
9.824416,24.820992,seed26346.png
-17.850546,-2.4550877,seed26347.png
14.405268,6.541993,seed26348.png
-34.268738,27.125313,seed26349.png
13.507171,3.9068358,seed2635.png
24.648924,4.4800186,seed26350.png
-19.900059,13.198781,seed26351.png
-34.2046,17.18938,seed26352.png
15.137313,-11.901289,seed26353.png
29.365019,17.654121,seed26354.png
-28.400728,-6.646439,seed26355.png
38.586426,16.295994,seed26356.png
36.00503,10.926824,seed26357.png
-16.824114,-22.963026,seed26358.png
34.83049,7.3812485,seed26359.png
15.796453,29.177757,seed2636.png
12.496266,13.13821,seed26360.png
30.285522,-1.5478463,seed26361.png
-31.482351,19.46343,seed26362.png
-25.911232,-19.746342,seed26363.png
4.054796,10.878498,seed26364.png
-24.140432,-27.441965,seed26365.png
-19.322647,11.853447,seed26366.png
31.409431,16.273294,seed26367.png
-23.382893,2.0629225,seed26368.png
-29.40897,3.707186,seed26369.png
16.484076,-8.3651085,seed2637.png
-21.87799,-26.91799,seed26370.png
10.576863,-33.93785,seed26371.png
11.107373,-35.947826,seed26372.png
-14.1453905,-14.028469,seed26373.png
18.085718,-7.2822204,seed26374.png
-26.766079,-0.48749816,seed26375.png
14.529838,14.216435,seed26376.png
38.919544,14.217998,seed26377.png
37.145638,16.407198,seed26378.png
27.625257,13.375006,seed26379.png
-25.050188,15.439991,seed2638.png
6.2621484,15.2475605,seed26380.png
-22.011827,15.818511,seed26381.png
3.2409735,-31.926622,seed26382.png
-29.978336,9.787993,seed26383.png
11.315918,-26.44932,seed26384.png
11.009427,-41.240623,seed26385.png
-9.222111,7.546006,seed26386.png
-28.22638,-3.7691622,seed26387.png
-18.93069,-19.40205,seed26388.png
3.123744,-30.108873,seed26389.png
18.69738,-3.9180784,seed2639.png
11.071222,-21.41055,seed26390.png
10.572704,25.35824,seed26391.png
-16.405117,-1.7356781,seed26392.png
-19.796406,15.949601,seed26393.png
10.083188,5.5994453,seed26394.png
3.6570926,10.994178,seed26395.png
-10.30439,-25.962393,seed26396.png
-2.263329,-9.568914,seed26397.png
-8.321696,-27.094688,seed26398.png
-18.866074,-22.146969,seed26399.png
-25.516094,2.2334442,seed2640.png
-21.899302,8.713885,seed26400.png
-13.6734705,-14.554946,seed26401.png
-2.7899678,-19.278456,seed26402.png
-24.96171,0.07672175,seed26403.png
-15.084781,-10.17478,seed26404.png
14.41678,-38.353848,seed26405.png
24.928816,-1.6894518,seed26406.png
-26.418783,-8.956528,seed26407.png
23.9261,12.53922,seed26408.png
-8.587026,-13.809751,seed26409.png
3.1817021,24.490322,seed2641.png
-3.3389783,1.0738049,seed26410.png
2.9730237,16.683655,seed26411.png
3.9971526,-31.641447,seed26412.png
-20.756798,-25.642757,seed26413.png
7.0093293,-27.926855,seed26414.png
-16.59917,-26.023045,seed26415.png
9.150169,12.998256,seed26416.png
-21.049885,10.93034,seed26417.png
13.3956995,21.430923,seed26418.png
-29.69488,19.27112,seed26419.png
-14.609047,-9.807462,seed2642.png
6.0840826,-29.954754,seed26420.png
-13.195854,-10.723551,seed26421.png
-13.052029,-30.84155,seed26422.png
-14.996064,5.097659,seed26423.png
-26.430674,-9.777636,seed26424.png
33.428875,26.04512,seed26425.png
11.183804,-41.809967,seed26426.png
-2.5257332,-7.6746264,seed26427.png
-30.203312,17.043688,seed26428.png
7.7139106,7.255017,seed26429.png
-28.844795,-0.6884902,seed2643.png
-22.704964,-14.003286,seed26430.png
-13.70326,2.7782419,seed26431.png
29.722319,4.8410435,seed26432.png
13.216045,-3.0894837,seed26433.png
-33.446423,21.039062,seed26434.png
7.572058,-39.45711,seed26435.png
10.683527,-28.652405,seed26436.png
-17.02069,-20.689407,seed26437.png
23.676208,21.747242,seed26438.png
7.8584013,-33.7984,seed26439.png
15.832482,-0.7651541,seed2644.png
17.591883,-3.4731214,seed26440.png
1.379235,-16.824102,seed26441.png
-18.47998,-23.240793,seed26442.png
6.4838257,-37.263493,seed26443.png
13.340972,-31.53521,seed26444.png
22.70697,-5.6503906,seed26445.png
23.302435,16.687265,seed26446.png
8.914343,-31.125257,seed26447.png
-26.302336,-13.388588,seed26448.png
-23.920595,11.558308,seed26449.png
7.1564755,13.406207,seed2645.png
25.887497,9.616461,seed26450.png
-14.879867,-14.086456,seed26451.png
-18.644724,1.2002997,seed26452.png
-8.646608,-23.35496,seed26453.png
-16.959215,-19.315699,seed26454.png
-21.277187,-26.725657,seed26455.png
9.537134,17.542076,seed26456.png
7.3990555,-40.299767,seed26457.png
-0.5312097,24.94854,seed26458.png
4.9100304,-2.1954641,seed26459.png
18.71919,8.274899,seed2646.png
-22.661413,-25.860395,seed26460.png
21.01427,7.3346257,seed26461.png
9.820858,-3.9047596,seed26462.png
30.825459,3.9073627,seed26463.png
20.555716,-1.3137006,seed26464.png
31.131712,12.933899,seed26465.png
38.147488,7.777195,seed26466.png
0.85001475,-2.2226639,seed26467.png
-7.4356165,-27.561287,seed26468.png
22.508228,13.587877,seed26469.png
-15.149947,-21.002542,seed2647.png
10.133873,-36.012283,seed26470.png
21.987368,9.006793,seed26471.png
-2.6177123,13.025266,seed26472.png
-22.02826,16.835503,seed26473.png
19.998735,3.9162862,seed26474.png
13.869369,26.735615,seed26475.png
-33.34162,9.671883,seed26476.png
16.379513,17.10843,seed26477.png
36.590405,18.69249,seed26478.png
-2.7290823,-15.082171,seed26479.png
-32.16392,-5.6475787,seed2648.png
22.058945,-0.117541805,seed26480.png
6.6263103,-36.172222,seed26481.png
3.074152,3.61328,seed26482.png
-30.316025,-9.82337,seed26483.png
-29.874184,-4.888095,seed26484.png
33.430923,23.18979,seed26485.png
-15.131197,-12.537304,seed26486.png
25.742687,2.543314,seed26487.png
40.371532,14.411746,seed26488.png
15.572634,-32.12579,seed26489.png
8.056686,-11.389647,seed2649.png
12.284431,-14.577713,seed26490.png
-29.739277,3.9083612,seed26491.png
-31.57314,20.011768,seed26492.png
-18.978275,-7.505745,seed26493.png
30.647509,13.039865,seed26494.png
-33.461254,-8.474902,seed26495.png
-35.24254,12.263131,seed26496.png
-21.993711,-14.052935,seed26497.png
24.196245,19.969131,seed26498.png
2.2608252,-27.485603,seed26499.png
31.18725,11.076259,seed2650.png
-4.041415,10.441904,seed26500.png
-14.383053,1.0937507,seed26501.png
16.092588,-2.9835024,seed26502.png
16.780104,11.578719,seed26503.png
7.663262,-13.24902,seed26504.png
15.050198,27.528961,seed26505.png
3.8469589,20.403952,seed26506.png
0.8970878,-1.3378813,seed26507.png
2.9800336,-29.465628,seed26508.png
13.523694,-37.555714,seed26509.png
-11.324403,0.13570127,seed2651.png
-10.556194,-12.533218,seed26510.png
36.067814,5.3880773,seed26511.png
-23.240126,-8.012937,seed26512.png
14.4313345,-34.37805,seed26513.png
-27.206556,-5.8048034,seed26514.png
34.844696,11.843326,seed26515.png
19.809103,-3.0907795,seed26516.png
5.747932,0.43659663,seed26517.png
-7.6937637,3.9440062,seed26518.png
13.349173,4.9248505,seed26519.png
-5.915148,-8.133507,seed2652.png
4.9799247,6.333049,seed26520.png
16.696905,16.55552,seed26521.png
-21.292242,16.298962,seed26522.png
-24.802948,8.056012,seed26523.png
-22.04903,7.549153,seed26524.png
-29.380169,6.949161,seed26525.png
14.713998,-32.942425,seed26526.png
-29.063816,4.5799894,seed26527.png
-22.767315,-7.0407166,seed26528.png
13.042371,-24.71052,seed26529.png
-37.9574,20.57118,seed2653.png
-14.91011,2.9390893,seed26530.png
-18.084375,-12.35444,seed26531.png
25.58158,6.023046,seed26532.png
2.8277252,-24.925598,seed26533.png
-8.092016,14.583909,seed26534.png
-23.810064,-4.6127214,seed26535.png
-21.584469,-13.400046,seed26536.png
-2.1038425,-2.4992867,seed26537.png
9.219325,7.4943566,seed26538.png
-23.760874,-19.615513,seed26539.png
6.4077744,-27.113281,seed2654.png
18.55345,-1.7612541,seed26540.png
30.32717,9.178957,seed26541.png
24.632673,-3.9728613,seed26542.png
-3.7929163,-0.23320477,seed26543.png
3.0072787,9.163103,seed26544.png
-3.0726724,-0.88335127,seed26545.png
-11.438356,-18.794437,seed26546.png
20.683254,14.788149,seed26547.png
5.7986107,9.389898,seed26548.png
-28.471146,9.7954445,seed26549.png
4.647306,9.406271,seed2655.png
-17.903973,-24.869255,seed26550.png
30.971376,30.306591,seed26551.png
-25.679865,-18.623562,seed26552.png
8.667027,-38.93238,seed26553.png
36.249287,12.749408,seed26554.png
-31.292963,-11.507318,seed26555.png
-19.76006,12.128348,seed26556.png
-25.41182,-1.0757294,seed26557.png
39.488598,21.7458,seed26558.png
33.966923,20.526796,seed26559.png
-32.669777,9.151116,seed2656.png
-21.356615,-1.9450943,seed26560.png
32.801434,25.496073,seed26561.png
-26.21549,-12.271465,seed26562.png
-25.599186,-11.785009,seed26563.png
-4.4498982,10.478805,seed26564.png
-23.810297,-9.123942,seed26565.png
31.18313,0.3943511,seed26566.png
19.925667,3.4118397,seed26567.png
11.198126,-39.621796,seed26568.png
-25.60477,5.052454,seed26569.png
6.1929846,2.6152418,seed2657.png
-16.551542,3.3135688,seed26570.png
-18.21034,-22.544693,seed26571.png
-13.374427,-8.576925,seed26572.png
-1.3739675,-2.8768709,seed26573.png
-17.529264,-16.71572,seed26574.png
18.07617,11.451502,seed26575.png
8.994082,7.8168254,seed26576.png
7.6287932,-7.924713,seed26577.png
25.027039,7.1247125,seed26578.png
-32.43061,21.958744,seed26579.png
-25.287506,6.817417,seed2658.png
-18.839973,6.703831,seed26580.png
9.386177,13.462027,seed26581.png
7.495005,-35.78711,seed26582.png
-34.23447,23.052717,seed26583.png
24.201296,10.976081,seed26584.png
33.413948,19.943148,seed26585.png
38.23789,10.25769,seed26586.png
-23.633602,-12.112188,seed26587.png
9.979033,8.917278,seed26588.png
-16.522636,-1.6053077,seed26589.png
0.16107132,-2.5735555,seed2659.png
-24.494661,-14.167023,seed26590.png
7.185029,-2.6541004,seed26591.png
-16.638433,-29.188509,seed26592.png
-16.890352,-1.8847085,seed26593.png
10.6153,-42.45932,seed26594.png
14.296584,-0.38659546,seed26595.png
-17.744427,-20.119804,seed26596.png
-25.479727,6.6421566,seed26597.png
6.3405676,20.138735,seed26598.png
9.127519,-38.323376,seed26599.png
8.45823,-33.772274,seed2660.png
15.612298,24.367702,seed26600.png
19.001333,18.126059,seed26601.png
-21.449266,19.686747,seed26602.png
13.570371,-4.7534533,seed26603.png
4.3448806,6.476561,seed26604.png
-12.350288,-20.567001,seed26605.png
26.950737,11.869258,seed26606.png
16.58236,-36.15649,seed26607.png
-0.92664367,22.193777,seed26608.png
12.302613,13.992224,seed26609.png
-29.164183,18.642376,seed2661.png
-27.876762,12.821636,seed26610.png
22.161583,-1.9444574,seed26611.png
25.332907,11.13319,seed26612.png
-38.55882,23.237862,seed26613.png
29.958065,29.793108,seed26614.png
3.6068587,10.966104,seed26615.png
12.472859,-39.74125,seed26616.png
36.57859,20.967972,seed26617.png
7.2733827,-2.318663,seed26618.png
-29.195547,23.780205,seed26619.png
-21.858618,-6.0854363,seed2662.png
1.2651836,-12.354889,seed26620.png
-34.64187,5.4943414,seed26621.png
-26.012152,17.849796,seed26622.png
24.361626,7.9489703,seed26623.png
10.6210375,-8.212877,seed26624.png
-36.752,16.658281,seed26625.png
-8.290079,11.197879,seed26626.png
6.664697,-31.70645,seed26627.png
-16.112803,-1.3973182,seed26628.png
-20.032959,-16.297546,seed26629.png
22.712772,1.4249237,seed2663.png
1.8332646,25.618484,seed26630.png
-10.9505205,-27.970598,seed26631.png
-9.145345,-13.673612,seed26632.png
-30.678194,2.8729196,seed26633.png
-23.58693,-7.229554,seed26634.png
-16.848532,-22.39316,seed26635.png
4.8734813,-28.098244,seed26636.png
-25.026567,7.3527822,seed26637.png
-1.4574132,14.489607,seed26638.png
8.9702015,-39.095043,seed26639.png
9.727205,-32.844124,seed2664.png
23.1558,3.4271057,seed26640.png
-16.176752,-26.755192,seed26641.png
35.276196,8.412546,seed26642.png
-31.781385,15.656008,seed26643.png
-29.569767,14.273427,seed26644.png
12.106844,-40.76265,seed26645.png
-32.76418,11.313237,seed26646.png
-27.561085,-21.193256,seed26647.png
12.28208,29.26902,seed26648.png
-10.321547,-6.301102,seed26649.png
5.4797974,16.497372,seed2665.png
14.173579,-36.965797,seed26650.png
17.68473,24.592491,seed26651.png
15.96406,-38.72283,seed26652.png
35.04257,10.681853,seed26653.png
-24.601753,4.870523,seed26654.png
13.631834,14.999619,seed26655.png
35.052006,17.82993,seed26656.png
-2.4829874,23.735746,seed26657.png
-29.362896,-0.08202018,seed26658.png
-36.45831,-2.813533,seed26659.png
-16.418901,-22.6107,seed2666.png
24.358059,-4.6461315,seed26660.png
-32.122635,-2.3226676,seed26661.png
4.973509,21.316141,seed26662.png
16.725603,-34.89342,seed26663.png
12.244332,0.079747096,seed26664.png
-28.275314,10.106988,seed26665.png
-31.267134,-13.838971,seed26666.png
24.114752,10.92053,seed26667.png
29.42061,19.166775,seed26668.png
25.16005,20.685688,seed26669.png
14.5790615,28.167377,seed2667.png
-20.134348,21.367037,seed26670.png
-24.3858,1.32315,seed26671.png
6.189808,-25.942503,seed26672.png
-33.846573,-7.132492,seed26673.png
-32.654995,-1.0837262,seed26674.png
-23.606398,6.930994,seed26675.png
13.399045,27.030005,seed26676.png
12.688432,6.660813,seed26677.png
-14.199205,9.84602,seed26678.png
35.27166,22.714504,seed26679.png
13.659447,7.682315,seed2668.png
21.1391,10.661993,seed26680.png
-18.938036,-7.41297,seed26681.png
-23.371365,-11.029592,seed26682.png
-36.11924,21.474415,seed26683.png
25.333689,10.446914,seed26684.png
14.896274,1.6714013,seed26685.png
-31.902246,12.085134,seed26686.png
0.47392774,-25.013641,seed26687.png
-19.105696,2.4669757,seed26688.png
4.998059,-30.500196,seed26689.png
-16.71729,7.274555,seed2669.png
-3.9811845,0.9272613,seed26690.png
11.302866,-27.13391,seed26691.png
-13.098242,-1.3875762,seed26692.png
13.771859,-1.1874706,seed26693.png
-32.06485,19.584995,seed26694.png
-32.7649,24.722418,seed26695.png
13.888253,6.102506,seed26696.png
20.728317,14.200892,seed26697.png
4.288575,-26.123251,seed26698.png
-36.451057,7.39336,seed26699.png
22.990923,0.6412867,seed2670.png
17.477959,14.839951,seed26700.png
9.827298,-3.1967366,seed26701.png
8.910224,-28.728165,seed26702.png
-25.113415,-14.990349,seed26703.png
-0.9283791,-19.070642,seed26704.png
-8.715281,10.969005,seed26705.png
-29.741884,13.90635,seed26706.png
-0.38497758,13.192356,seed26707.png
36.695736,8.908073,seed26708.png
16.771301,-35.286625,seed26709.png
-28.885939,15.306791,seed2671.png
-0.5438422,24.401947,seed26710.png
-23.800991,-21.508728,seed26711.png
29.93257,28.714117,seed26712.png
26.116968,5.940718,seed26713.png
4.482957,11.758049,seed26714.png
28.791054,22.54017,seed26715.png
-19.994894,-30.548143,seed26716.png
3.7016523,12.471413,seed26717.png
29.987886,7.4051533,seed26718.png
-20.886757,5.654833,seed26719.png
17.59835,-3.9649189,seed2672.png
4.6583905,-32.680653,seed26720.png
18.007837,-4.692817,seed26721.png
37.092815,6.274801,seed26722.png
20.513023,13.969216,seed26723.png
-34.781128,24.553001,seed26724.png
14.298859,-1.9869701,seed26725.png
28.587246,-0.5818675,seed26726.png
22.011616,-4.047459,seed26727.png
-21.479933,-5.0019174,seed26728.png
-25.100544,19.340723,seed26729.png
10.898086,-32.657604,seed2673.png
11.828712,-8.241468,seed26730.png
18.632551,22.466593,seed26731.png
-20.496813,-28.25926,seed26732.png
-36.657917,11.503652,seed26733.png
17.389318,-34.000687,seed26734.png
-33.532997,23.490849,seed26735.png
34.768276,6.011974,seed26736.png
3.4549623,-26.846184,seed26737.png
11.341192,-42.039837,seed26738.png
12.626097,-0.18402337,seed26739.png
14.263697,20.571661,seed2674.png
20.404024,16.542475,seed26740.png
-23.732924,-11.160373,seed26741.png
-33.344673,-10.92594,seed26742.png
11.960878,-24.272707,seed26743.png
-32.28236,24.679716,seed26744.png
34.593445,13.577002,seed26745.png
22.244917,13.212507,seed26746.png
-32.692036,20.132498,seed26747.png
6.78122,-29.4166,seed26748.png
-27.198606,8.8468275,seed26749.png
-5.062073,-4.904775,seed2675.png
-25.252562,-18.959398,seed26750.png
-34.403984,28.180643,seed26751.png
4.9411077,-34.58484,seed26752.png
23.675879,7.4216638,seed26753.png
-29.032911,-14.137118,seed26754.png
-10.060438,-20.446981,seed26755.png
5.6033,7.54479,seed26756.png
-25.677473,-19.634295,seed26757.png
-16.421661,-18.403887,seed26758.png
13.119549,-2.460255,seed26759.png
19.115587,10.569919,seed2676.png
30.856335,8.143167,seed26760.png
40.127598,14.75617,seed26761.png
-13.033456,-27.951614,seed26762.png
-14.26748,-20.554968,seed26763.png
34.91808,14.742234,seed26764.png
-8.673004,8.550559,seed26765.png
2.5898921,25.706425,seed26766.png
-29.292976,2.9420788,seed26767.png
12.332524,-40.488937,seed26768.png
30.141857,16.558926,seed26769.png
-23.08241,-22.64776,seed2677.png
-18.431973,-5.699583,seed26770.png
-18.450603,-10.281176,seed26771.png
30.157206,25.429363,seed26772.png
4.672845,-3.3459222,seed26773.png
11.557737,-8.420247,seed26774.png
7.268902,7.7399893,seed26775.png
-2.6419163,10.684104,seed26776.png
-30.07373,-9.595183,seed26777.png
-22.821627,-8.33759,seed26778.png
-8.95944,-27.262192,seed26779.png
-7.0291386,1.9585656,seed2678.png
18.656023,12.284381,seed26780.png
25.997625,-3.885829,seed26781.png
-35.258705,-4.283859,seed26782.png
7.3519125,7.40435,seed26783.png
11.282869,-0.8859803,seed26784.png
19.707308,18.84137,seed26785.png
-15.131282,-9.905311,seed26786.png
6.5386333,-29.52153,seed26787.png
16.569164,-36.891705,seed26788.png
32.605034,2.8527458,seed26789.png
-0.8150702,-17.122452,seed2679.png
18.693165,-5.2221065,seed26790.png
-10.583068,-17.34191,seed26791.png
11.795199,-9.832193,seed26792.png
8.411764,9.521839,seed26793.png
-12.046745,-17.700062,seed26794.png
13.80697,-6.082945,seed26795.png
32.14609,16.77312,seed26796.png
-30.752872,12.241918,seed26797.png
39.615128,23.246332,seed26798.png
6.7383394,6.9229393,seed26799.png
-18.430014,-18.651182,seed2680.png
-9.515417,6.462975,seed26800.png
-16.209469,9.913511,seed26801.png
-20.435661,-0.18316759,seed26802.png
19.23234,20.203362,seed26803.png
34.885906,21.99346,seed26804.png
12.129682,1.7009774,seed26805.png
35.50685,17.190142,seed26806.png
-32.88485,2.0571785,seed26807.png
30.369808,15.393733,seed26808.png
22.731054,14.430223,seed26809.png
-8.422538,-20.220558,seed2681.png
11.1567745,-22.372332,seed26810.png
2.2515657,-0.12575419,seed26811.png
35.332134,12.465337,seed26812.png
22.07129,0.7661221,seed26813.png
14.270455,24.82843,seed26814.png
10.991414,-8.900485,seed26815.png
12.005839,24.757753,seed26816.png
-19.176592,14.520313,seed26817.png
19.144575,11.937276,seed26818.png
-23.504536,-15.077075,seed26819.png
-31.165169,16.694162,seed2682.png
-16.968515,5.2554874,seed26820.png
21.725851,-8.488928,seed26821.png
-11.255292,-3.6158803,seed26822.png
-4.0407224,-19.211931,seed26823.png
-28.619156,10.345613,seed26824.png
-29.73556,9.286,seed26825.png
19.664177,-7.278881,seed26826.png
-30.772703,-0.46330842,seed26827.png
-21.812262,-8.259665,seed26828.png
7.55552,10.055861,seed26829.png
-23.371868,6.1890907,seed2683.png
21.075598,-4.2534027,seed26830.png
42.01868,21.536512,seed26831.png
-28.899704,-11.120254,seed26832.png
-3.7400918,-3.62311,seed26833.png
11.941772,-24.16937,seed26834.png
-20.400484,1.0101067,seed26835.png
-1.1339406,24.956526,seed26836.png
33.437065,9.891735,seed26837.png
-19.55205,18.168573,seed26838.png
12.145351,-34.273617,seed26839.png
-9.380805,-9.644769,seed2684.png
10.585083,-41.524837,seed26840.png
19.524069,-2.7623613,seed26841.png
25.283314,11.515282,seed26842.png
34.64113,19.952497,seed26843.png
-1.1155908,-13.456713,seed26844.png
-1.809067,-0.13165396,seed26845.png
3.6210468,5.9213567,seed26846.png
22.787886,1.0897774,seed26847.png
-18.914078,-1.5434604,seed26848.png
9.96243,-6.2956977,seed26849.png
14.560568,5.1277804,seed2685.png
19.885942,4.4493303,seed26850.png
16.799822,28.523136,seed26851.png
28.514997,24.02644,seed26852.png
-10.3639145,-25.279222,seed26853.png
-22.962322,-14.815786,seed26854.png
-37.937088,12.893911,seed26855.png
27.366928,12.19685,seed26856.png
37.432133,10.076777,seed26857.png
-24.093845,-11.921382,seed26858.png
10.828285,29.044283,seed26859.png
13.445438,4.159598,seed2686.png
36.79014,18.34896,seed26860.png
-13.970901,-19.541122,seed26861.png
-3.099083,-18.399593,seed26862.png
-17.067165,-2.9415393,seed26863.png
-30.507278,2.6233454,seed26864.png
-28.307283,12.238801,seed26865.png
20.182518,17.661774,seed26866.png
-21.84941,15.507894,seed26867.png
-12.656701,-27.246475,seed26868.png
11.922001,-34.444977,seed26869.png
-36.68334,24.85036,seed2687.png
-28.939827,-0.25475925,seed26870.png
34.157852,19.689285,seed26871.png
-26.573784,-14.487784,seed26872.png
41.136803,21.1011,seed26873.png
-20.44402,-18.490618,seed26874.png
-28.403267,-11.203987,seed26875.png
29.201435,11.112111,seed26876.png
31.786425,2.2656238,seed26877.png
-24.604696,-16.894413,seed26878.png
18.35755,23.63288,seed26879.png
36.197815,19.32409,seed2688.png
-14.237843,-14.429343,seed26880.png
23.163792,4.458995,seed26881.png
-22.926249,-19.667349,seed26882.png
16.455185,-33.14511,seed26883.png
-17.857943,-10.839627,seed26884.png
14.3549795,25.894588,seed26885.png
-31.961294,-12.748893,seed26886.png
-18.577702,-17.037924,seed26887.png
7.8669643,8.718481,seed26888.png
13.387198,-40.192894,seed26889.png
12.55316,-42.208008,seed2689.png
5.635324,-38.937782,seed26890.png
-20.638985,17.275434,seed26891.png
-29.436102,-5.6958013,seed26892.png
0.7900358,-15.87013,seed26893.png
16.109003,-36.476063,seed26894.png
23.278835,4.3412247,seed26895.png
10.422838,-9.188641,seed26896.png
25.562775,-1.5053079,seed26897.png
16.005207,11.502669,seed26898.png
15.799466,8.330799,seed26899.png
7.1187167,23.590528,seed2690.png
12.024857,-4.608908,seed26900.png
-19.783346,4.418874,seed26901.png
-13.302127,-21.20476,seed26902.png
-24.44208,-13.48402,seed26903.png
-14.629727,-16.033157,seed26904.png
16.5113,-39.161057,seed26905.png
0.85830474,21.861511,seed26906.png
0.19211754,-3.3237982,seed26907.png
-27.713552,17.697054,seed26908.png
21.051237,8.117093,seed26909.png
-22.275799,13.987778,seed2691.png
-9.610466,-24.939552,seed26910.png
-36.431915,25.614552,seed26911.png
37.073723,9.532518,seed26912.png
-6.8932943,-18.825638,seed26913.png
-27.514297,-22.301836,seed26914.png
-24.766232,-0.8816719,seed26915.png
29.012331,27.637468,seed26916.png
20.176994,12.737422,seed26917.png
24.231647,14.880992,seed26918.png
25.985561,6.9525824,seed26919.png
11.836994,-1.2530493,seed2692.png
-16.14009,-1.9084736,seed26920.png
-10.604892,-16.719416,seed26921.png
33.939,12.841892,seed26922.png
6.4746246,-0.9261176,seed26923.png
18.243824,27.331575,seed26924.png
-31.628407,-12.502759,seed26925.png
19.535936,-3.031123,seed26926.png
25.445204,23.26929,seed26927.png
10.77939,-40.64869,seed26928.png
11.460722,-27.910597,seed26929.png
5.5319257,15.76288,seed2693.png
-20.138313,-24.651876,seed26930.png
26.047934,25.344849,seed26931.png
11.189169,14.61614,seed26932.png
-10.678261,-22.706932,seed26933.png
-24.929312,8.879852,seed26934.png
15.618261,15.049128,seed26935.png
-26.791777,19.271795,seed26936.png
-26.73582,-16.78806,seed26937.png
34.38496,5.079196,seed26938.png
-24.58041,2.6078238,seed26939.png
9.053541,25.40927,seed2694.png
-22.096678,3.3655288,seed26940.png
-12.478307,-23.342726,seed26941.png
34.273052,1.0203485,seed26942.png
-10.291348,-11.882568,seed26943.png
12.5913,-0.37711155,seed26944.png
-25.217335,3.353179,seed26945.png
-17.135681,2.470225,seed26946.png
-9.561943,-10.392232,seed26947.png
-20.687572,-12.853142,seed26948.png
17.514244,-9.659694,seed26949.png
-33.7031,-3.994165,seed2695.png
4.9469967,16.625097,seed26950.png
0.96881455,19.529455,seed26951.png
-21.171902,-13.275476,seed26952.png
18.98955,-7.310106,seed26953.png
-10.643907,-16.14156,seed26954.png
-13.903911,-18.692074,seed26955.png
30.0863,12.021946,seed26956.png
10.283125,-41.62884,seed26957.png
17.562967,3.451654,seed26958.png
-33.66354,21.218302,seed26959.png
34.918007,15.907316,seed2696.png
-33.156578,24.888868,seed26960.png
-31.566313,16.489077,seed26961.png
6.0577536,15.251127,seed26962.png
8.117025,-2.5290012,seed26963.png
7.9229684,6.229847,seed26964.png
-13.420193,-27.067144,seed26965.png
31.871971,18.011425,seed26966.png
2.5948255,14.801706,seed26967.png
8.474008,-31.462486,seed26968.png
31.874533,14.223988,seed26969.png
2.4304366,-21.733564,seed2697.png
4.294349,22.915586,seed26970.png
-27.391073,-3.7203076,seed26971.png
30.924265,9.700718,seed26972.png
-32.331985,-4.0404654,seed26973.png
32.79708,22.673693,seed26974.png
-36.701675,24.450686,seed26975.png
32.98238,22.698904,seed26976.png
30.053555,30.143427,seed26977.png
13.55442,-33.69416,seed26978.png
-32.620518,-9.719838,seed26979.png
15.023089,-36.636646,seed2698.png
1.1114612,20.051228,seed26980.png
0.93054247,-15.778971,seed26981.png
-24.888836,1.610073,seed26982.png
12.361976,22.527458,seed26983.png
25.115877,5.0918965,seed26984.png
-34.77126,-3.4976573,seed26985.png
-10.761831,-30.923836,seed26986.png
-28.634102,7.883302,seed26987.png
19.593903,1.0229204,seed26988.png
-29.183804,-7.285944,seed26989.png
-16.212105,-27.669762,seed2699.png
-26.534224,-2.1597166,seed26990.png
0.16340674,16.827578,seed26991.png
-7.8921003,-16.840181,seed26992.png
-10.746254,-28.38335,seed26993.png
5.964268,4.202057,seed26994.png
-20.305082,-24.681953,seed26995.png
-5.921427,-12.941328,seed26996.png
34.253506,21.251514,seed26997.png
23.039473,7.222884,seed26998.png
18.466883,23.72614,seed26999.png
-37.010773,23.601248,seed2700.png
-23.20938,-3.495137,seed27000.png
14.516707,-3.5145235,seed27001.png
10.010471,-31.600166,seed27002.png
-11.989275,-24.29596,seed27003.png
38.6023,12.688971,seed27004.png
-17.02025,-3.747177,seed27005.png
-20.5809,6.93586,seed27006.png
-11.853625,-15.737327,seed27007.png
-16.279596,-29.136547,seed27008.png
14.325853,13.050874,seed27009.png
5.3588715,22.15811,seed2701.png
29.44073,26.031033,seed27010.png
29.722881,15.521315,seed27011.png
-19.049109,1.0501508,seed27012.png
16.41757,5.027706,seed27013.png
-33.093655,-8.716749,seed27014.png
21.12202,25.718695,seed27015.png
19.769,20.532387,seed27016.png
-10.048802,-26.060268,seed27017.png
5.83692,-26.040972,seed27018.png
-8.584741,-15.648222,seed27019.png
-24.606815,-1.949351,seed2702.png
17.180939,2.2129614,seed27020.png
-15.667054,2.833927,seed27021.png
9.119854,-42.169697,seed27022.png
-23.074802,-5.8858614,seed27023.png
-9.367829,3.012674,seed27024.png
-1.4695029,-17.873192,seed27025.png
-18.073816,1.3861722,seed27026.png
-20.204603,-12.750349,seed27027.png
-13.116275,3.339456,seed27028.png
33.592403,7.230534,seed27029.png
-4.000794,-10.797084,seed2703.png
-29.440937,-12.028138,seed27030.png
7.9049644,14.606303,seed27031.png
-9.890748,-12.92545,seed27032.png
-1.0713791,-4.567192,seed27033.png
-16.043898,0.47149667,seed27034.png
34.938667,15.103962,seed27035.png
3.049148,12.234084,seed27036.png
36.425728,21.297928,seed27037.png
-24.635399,13.484792,seed27038.png
-28.624596,-16.733786,seed27039.png
4.2641916,-29.50814,seed2704.png
-24.696661,4.6199036,seed27040.png
-30.510468,21.087193,seed27041.png
-14.940809,5.336124,seed27042.png
21.086912,11.244022,seed27043.png
-19.762787,-2.571789,seed27044.png
-20.373743,-2.9531221,seed27045.png
17.323427,16.014288,seed27046.png
-7.6165943,-18.531698,seed27047.png
-20.936516,4.469686,seed27048.png
32.3687,27.702093,seed27049.png
5.3109384,14.26134,seed2705.png
-2.59715,-17.109104,seed27050.png
19.392752,27.491055,seed27051.png
-8.050703,-12.000761,seed27052.png
12.550452,-22.761019,seed27053.png
-12.285034,-14.115717,seed27054.png
-8.5648365,-13.200504,seed27055.png
14.912096,-3.3335543,seed27056.png
26.029839,18.86103,seed27057.png
11.1055,29.253752,seed27058.png
9.425146,7.4134407,seed27059.png
-25.929361,9.207153,seed2706.png
18.44865,-3.4297807,seed27060.png
-22.061802,-27.34901,seed27061.png
10.236066,22.202223,seed27062.png
18.797796,17.734013,seed27063.png
5.02056,24.715425,seed27064.png
18.677853,21.012585,seed27065.png
-20.962427,-14.229694,seed27066.png
35.99922,8.305148,seed27067.png
-15.361969,-18.431263,seed27068.png
-13.283611,-21.534431,seed27069.png
-22.208416,2.9934235,seed2707.png
-22.211477,-4.641944,seed27070.png
-4.934064,-17.620897,seed27071.png
-22.850748,-25.193398,seed27072.png
-23.39958,4.957758,seed27073.png
-0.14753887,15.80511,seed27074.png
33.69823,9.6863575,seed27075.png
-15.768851,-19.685648,seed27076.png
-28.147211,-20.384672,seed27077.png
23.115116,5.441811,seed27078.png
-27.710003,15.101628,seed27079.png
-20.00214,-19.76851,seed2708.png
7.8257,9.18492,seed27080.png
2.060929,25.309853,seed27081.png
-31.42088,7.5331006,seed27082.png
17.96114,-6.770157,seed27083.png
17.707376,19.343435,seed27084.png
39.165646,6.3882146,seed27085.png
1.7641853,13.707678,seed27086.png
-6.9047914,3.3972857,seed27087.png
-19.894075,13.491081,seed27088.png
-37.334927,21.857489,seed27089.png
-34.134205,14.624261,seed2709.png
-26.747978,4.2614455,seed27090.png
-1.7969967,12.099063,seed27091.png
-8.663584,-30.015507,seed27092.png
-32.581467,-6.293767,seed27093.png
3.1378613,6.4385877,seed27094.png
-33.17152,21.685732,seed27095.png
-13.565137,-10.836948,seed27096.png
-18.084442,-2.7791936,seed27097.png
-2.905931,-15.554748,seed27098.png
-27.190432,10.793351,seed27099.png
-24.552774,5.2444587,seed2710.png
-23.379545,14.367769,seed27100.png
-24.067778,-14.345975,seed27101.png
12.9946575,23.759514,seed27102.png
16.863632,23.62143,seed27103.png
26.583591,4.352641,seed27104.png
-31.962849,7.641306,seed27105.png
-17.452208,0.108118586,seed27106.png
14.653743,-38.43401,seed27107.png
23.562971,25.551477,seed27108.png
-27.333206,-17.17375,seed27109.png
0.73633367,-19.378597,seed2711.png
-34.95313,17.718292,seed27110.png
-33.935497,-13.402544,seed27111.png
13.783341,28.308048,seed27112.png
39.109676,12.709202,seed27113.png
-11.363916,-11.359394,seed27114.png
-12.579174,-16.203003,seed27115.png
-31.370369,11.001945,seed27116.png
-22.629414,-1.5725988,seed27117.png
-22.998798,1.3262271,seed27118.png
19.116505,-1.2057068,seed27119.png
2.945548,23.362688,seed2712.png
17.596407,21.72063,seed27120.png
-18.55827,-30.619144,seed27121.png
-19.184374,-3.580146,seed27122.png
20.86229,-4.0642815,seed27123.png
24.781504,2.0476923,seed27124.png
2.3469691,-16.078999,seed27125.png
5.2243056,-5.3817625,seed27126.png
7.0605955,-30.760317,seed27127.png
17.277107,9.499376,seed27128.png
14.868923,-7.768391,seed27129.png
20.872366,-5.3254304,seed2713.png
-27.050753,-11.781363,seed27130.png
24.7307,18.995184,seed27131.png
6.0470424,18.647064,seed27132.png
14.390551,11.854725,seed27133.png
-36.4118,20.416086,seed27134.png
13.863493,23.268095,seed27135.png
6.7347894,2.8944972,seed27136.png
-15.147968,-29.194923,seed27137.png
7.221863,-33.69826,seed27138.png
36.70856,15.582456,seed27139.png
-10.686692,4.6703687,seed2714.png
3.40492,-34.921444,seed27140.png
28.404667,8.580253,seed27141.png
2.343243,6.870566,seed27142.png
8.340856,-32.82059,seed27143.png
12.714321,-12.962229,seed27144.png
27.220415,16.804798,seed27145.png
6.8589697,-28.689198,seed27146.png
-29.624388,-17.293207,seed27147.png
-20.286963,0.23070674,seed27148.png
12.234129,21.287062,seed27149.png
34.493095,24.747133,seed2715.png
-15.214821,-16.27423,seed27150.png
-28.102898,9.879091,seed27151.png
11.456544,-6.4926147,seed27152.png
13.433205,-12.773704,seed27153.png
-32.198162,3.981801,seed27154.png
25.948256,22.794472,seed27155.png
17.859123,16.178423,seed27156.png
-16.505308,-16.419973,seed27157.png
-20.63484,-28.985779,seed27158.png
34.660763,24.51149,seed27159.png
-10.980144,0.09388092,seed2716.png
30.679134,23.57749,seed27160.png
28.120457,-3.0620635,seed27161.png
-15.197777,-15.339022,seed27162.png
-12.034169,-21.570898,seed27163.png
-17.481031,-14.65873,seed27164.png
-17.938837,-21.463041,seed27165.png
16.210817,-1.0561913,seed27166.png
39.516308,15.480635,seed27167.png
34.29054,1.9798024,seed27168.png
-19.510681,-20.78753,seed27169.png
-18.703348,-30.33909,seed2717.png
-3.546115,-0.62375396,seed27170.png
38.38927,14.474866,seed27171.png
-16.802021,-28.446814,seed27172.png
-5.2573767,1.9502816,seed27173.png
-27.73761,11.934612,seed27174.png
9.076123,19.425318,seed27175.png
36.71154,8.859912,seed27176.png
27.143658,-1.7398337,seed27177.png
-30.718863,8.484888,seed27178.png
29.583063,10.609004,seed27179.png
33.470837,6.105475,seed2718.png
-24.711216,-14.163095,seed27180.png
-14.456326,-26.86536,seed27181.png
-35.72273,14.199348,seed27182.png
3.870228,-22.268166,seed27183.png
30.46707,26.84521,seed27184.png
17.692217,22.765545,seed27185.png
-13.525224,-16.043076,seed27186.png
27.640293,29.157604,seed27187.png
-18.007114,-29.042658,seed27188.png
-24.279469,-20.109848,seed27189.png
16.694326,20.578285,seed2719.png
-26.84677,-6.891306,seed27190.png
6.7890167,12.213156,seed27191.png
-33.78153,26.748426,seed27192.png
11.943432,15.510106,seed27193.png
-22.563013,-29.380623,seed27194.png
-18.810873,-17.509594,seed27195.png
8.736219,20.351934,seed27196.png
-16.86185,-17.15766,seed27197.png
-20.387365,-24.11016,seed27198.png
-32.359577,-1.6265495,seed27199.png
-17.915236,7.774212,seed2720.png
-29.150875,19.89326,seed27200.png
16.259712,20.402338,seed27201.png
-0.73293525,-17.670525,seed27202.png
-27.22583,-0.5700283,seed27203.png
-13.623069,-30.359858,seed27204.png
-22.316442,-3.7419527,seed27205.png
-7.210875,-17.017534,seed27206.png
24.307133,-1.1343875,seed27207.png
9.961391,14.108136,seed27208.png
27.213047,5.8444653,seed27209.png
14.632521,-5.2638254,seed2721.png
31.809113,6.0398088,seed27210.png
-31.191473,6.7932987,seed27211.png
28.59978,23.679441,seed27212.png
18.383707,-8.001897,seed27213.png
-19.615376,-18.478289,seed27214.png
-22.62037,-20.191969,seed27215.png
-22.432848,-14.715392,seed27216.png
15.784454,-32.94358,seed27217.png
-12.571949,-18.212717,seed27218.png
-5.4183984,-17.976707,seed27219.png
3.7567942,-36.70515,seed2722.png
-24.699617,-0.5587194,seed27220.png
13.575206,-33.811672,seed27221.png
-4.5398903,-25.092272,seed27222.png
10.157947,-3.1302729,seed27223.png
18.556175,3.0349326,seed27224.png
-33.261986,19.026197,seed27225.png
31.3527,16.043715,seed27226.png
10.236932,10.843213,seed27227.png
-30.977356,21.554697,seed27228.png
33.357166,6.7688785,seed27229.png
-32.92966,2.2579324,seed2723.png
-8.960589,-23.537651,seed27230.png
11.460512,12.841342,seed27231.png
-10.761377,-6.4213324,seed27232.png
-23.311745,7.1868906,seed27233.png
-15.459278,-14.714184,seed27234.png
-17.231226,-12.972244,seed27235.png
-18.14308,-14.242459,seed27236.png
19.854239,-6.379796,seed27237.png
-28.78821,2.0919054,seed27238.png
1.2657278,-8.550248,seed27239.png
19.5834,-4.8781204,seed2724.png
-24.101522,9.752325,seed27240.png
15.51471,2.0172246,seed27241.png
-12.249011,-14.634425,seed27242.png
-2.6499445,-17.528942,seed27243.png
7.482595,5.7446823,seed27244.png
3.2820532,-29.946465,seed27245.png
11.320971,13.02509,seed27246.png
12.822942,4.2663546,seed27247.png
1.0867875,-14.799059,seed27248.png
2.920704,-32.345966,seed27249.png
-2.7084842,-15.987447,seed2725.png
-32.736897,13.725769,seed27250.png
15.200263,-39.50573,seed27251.png
-18.958239,-9.782781,seed27252.png
-21.46005,18.073452,seed27253.png
-5.159091,-25.331326,seed27254.png
-0.028927641,24.650957,seed27255.png
-12.287574,1.0082968,seed27256.png
0.59200317,-13.592428,seed27257.png
16.301208,-5.41946,seed27258.png
-34.28857,11.937673,seed27259.png
-11.942816,-12.564601,seed2726.png
-22.41259,8.609288,seed27260.png
-31.582655,10.194418,seed27261.png
9.420589,14.595728,seed27262.png
16.409243,-35.54499,seed27263.png
27.934446,16.408329,seed27264.png
-15.881323,-18.310476,seed27265.png
-6.908743,-7.8840795,seed27266.png
4.9009356,8.970042,seed27267.png
24.997446,0.8452194,seed27268.png
-33.737495,14.169653,seed27269.png
12.278981,-3.313576,seed2727.png
-9.769566,-9.566089,seed27270.png
-20.05066,-18.403177,seed27271.png
10.241023,-35.426582,seed27272.png
-2.964115,-12.450991,seed27273.png
25.831196,17.965141,seed27274.png
6.5858116,-2.43607,seed27275.png
-12.580842,-21.182426,seed27276.png
25.248512,22.802055,seed27277.png
10.583482,13.583372,seed27278.png
-33.068916,15.629561,seed27279.png
36.98954,25.769634,seed2728.png
26.345474,0.13568516,seed27280.png
-26.089611,17.641138,seed27281.png
-18.659647,-4.2654405,seed27282.png
-5.9902015,-5.565805,seed27283.png
-3.0293872,-19.70254,seed27284.png
-19.71441,16.456491,seed27285.png
13.862356,-31.261953,seed27286.png
-28.6792,16.263807,seed27287.png
-19.274796,14.425907,seed27288.png
13.606997,-0.01568462,seed27289.png
-26.867805,-10.235046,seed2729.png
11.1370125,9.149787,seed27290.png
-25.454647,10.903916,seed27291.png
9.327543,-1.9743047,seed27292.png
-28.201267,21.532078,seed27293.png
32.12577,25.947737,seed27294.png
16.477863,12.692627,seed27295.png
-18.11719,-6.551503,seed27296.png
33.750595,21.754707,seed27297.png
-15.300639,5.0699778,seed27298.png
-17.429905,11.973077,seed27299.png
23.078493,20.958342,seed2730.png
37.814587,6.4865932,seed27300.png
13.343358,27.775492,seed27301.png
-13.738506,-18.799664,seed27302.png
14.507223,-40.632286,seed27303.png
22.664263,-2.0994358,seed27304.png
31.49017,25.603615,seed27305.png
15.674056,2.7437425,seed27306.png
27.518063,16.553236,seed27307.png
13.147599,4.7824087,seed27308.png
-21.479614,-10.345566,seed27309.png
-28.119047,7.4082828,seed2731.png
-28.12617,-18.050003,seed27310.png
-13.7682,-18.810268,seed27311.png
14.018934,-12.205535,seed27312.png
17.053518,-35.020237,seed27313.png
5.169104,18.461256,seed27314.png
14.14879,-34.633163,seed27315.png
-22.720007,11.376173,seed27316.png
29.074646,11.673736,seed27317.png
-30.520872,7.4517245,seed27318.png
-16.78229,-2.9890907,seed27319.png
-8.911354,-24.011808,seed2732.png
-30.392275,12.448408,seed27320.png
-33.437775,11.885864,seed27321.png
2.0035696,7.7381988,seed27322.png
-36.73341,9.590354,seed27323.png
10.3479,-3.2193072,seed27324.png
9.072605,-39.583668,seed27325.png
11.79807,6.8452826,seed27326.png
-10.011599,-24.804094,seed27327.png
23.676683,-2.072154,seed27328.png
-29.265015,2.336251,seed27329.png
-36.564598,22.524775,seed2733.png
-23.202415,-23.77917,seed27330.png
-14.007667,4.9125385,seed27331.png
-12.404932,-25.525097,seed27332.png
31.906733,9.250974,seed27333.png
36.928417,5.4254856,seed27334.png
19.636463,20.164862,seed27335.png
-9.7476015,-22.57342,seed27336.png
-20.00957,-17.20507,seed27337.png
-1.8815432,16.054035,seed27338.png
-9.015625,0.14406368,seed27339.png
30.306702,12.642837,seed2734.png
-1.5946764,-16.562944,seed27340.png
2.928983,-13.579996,seed27341.png
-33.013466,23.770075,seed27342.png
0.8273727,-30.16027,seed27343.png
-1.191606,-14.879756,seed27344.png
-22.073893,14.001034,seed27345.png
-17.931229,-12.175565,seed27346.png
-10.9856205,-12.214882,seed27347.png
10.757635,-9.662506,seed27348.png
-19.951895,5.86621,seed27349.png
13.817093,-26.79335,seed2735.png
-16.468346,9.633603,seed27350.png
-0.18364398,23.397533,seed27351.png
-33.745266,19.569101,seed27352.png
12.252745,-36.871216,seed27353.png
12.8809395,-41.372936,seed27354.png
-31.545542,-3.5590205,seed27355.png
-27.244528,-6.0103645,seed27356.png
-24.928007,4.7930756,seed27357.png
21.363367,17.107666,seed27358.png
35.971283,21.15792,seed27359.png
6.7758317,7.262684,seed2736.png
-34.945282,-0.28041795,seed27360.png
31.436228,8.71955,seed27361.png
-16.922564,-19.000542,seed27362.png
30.334957,9.293469,seed27363.png
-31.712399,8.838503,seed27364.png
-32.997234,23.949331,seed27365.png
-12.3720665,-27.64588,seed27366.png
-16.414827,-3.9868052,seed27367.png
26.075369,4.5250316,seed27368.png
27.83222,12.088553,seed27369.png
-10.511418,-18.46889,seed2737.png
28.200996,17.510426,seed27370.png
-18.691797,-16.565552,seed27371.png
-18.823872,-23.29261,seed27372.png
-11.596628,9.010774,seed27373.png
-9.52989,4.8534164,seed27374.png
17.017399,10.851271,seed27375.png
-15.488348,-30.92123,seed27376.png
-32.042866,10.352697,seed27377.png
12.15358,26.717745,seed27378.png
-33.793106,26.467417,seed27379.png
-26.078903,20.837883,seed2738.png
-0.31191555,-13.858204,seed27380.png
-30.676168,19.855629,seed27381.png
15.760574,-0.24728553,seed27382.png
-21.048891,4.27825,seed27383.png
2.3616042,-15.569849,seed27384.png
-12.507753,0.20778474,seed27385.png
-1.2261289,24.357897,seed27386.png
-20.474295,-10.157936,seed27387.png
34.40542,5.5810494,seed27388.png
29.067192,-2.4785173,seed27389.png
-18.630865,-19.190968,seed2739.png
17.818453,4.7315006,seed27390.png
-21.399391,17.72908,seed27391.png
-32.7929,15.452513,seed27392.png
22.14962,23.366283,seed27393.png
30.694208,15.756596,seed27394.png
12.015955,-41.601276,seed27395.png
34.658066,17.913895,seed27396.png
-16.518566,-23.057068,seed27397.png
-20.656675,5.053162,seed27398.png
20.864756,24.098269,seed27399.png
22.191154,2.6605272,seed2740.png
11.992257,13.217108,seed27400.png
10.189428,10.05051,seed27401.png
13.675032,3.6704702,seed27402.png
-21.921112,-13.560231,seed27403.png
4.889882,4.3177423,seed27404.png
-23.02209,1.014657,seed27405.png
13.896543,15.762963,seed27406.png
38.353703,19.351969,seed27407.png
-29.187075,17.51567,seed27408.png
20.05265,15.912236,seed27409.png
10.451812,28.044071,seed2741.png
-4.079129,-9.459561,seed27410.png
-3.7197137,-12.709415,seed27411.png
25.773863,16.556002,seed27412.png
6.2432766,-28.321026,seed27413.png
20.567352,-8.459395,seed27414.png
40.73168,23.871578,seed27415.png
-32.193756,23.780859,seed27416.png
9.120828,-41.26693,seed27417.png
-32.702404,10.681523,seed27418.png
19.858976,1.786362,seed27419.png
-16.469696,-16.39963,seed2742.png
-28.52104,8.354687,seed27420.png
10.55118,12.768314,seed27421.png
-20.94002,-19.652443,seed27422.png
30.284746,12.370614,seed27423.png
-17.03385,-23.401585,seed27424.png
16.206772,-38.30374,seed27425.png
2.3063967,5.016815,seed27426.png
-14.4922905,-3.9139338,seed27427.png
-25.585655,-10.713374,seed27428.png
14.879653,-30.439838,seed27429.png
0.30345437,18.33754,seed2743.png
8.288634,5.4920526,seed27430.png
5.4389825,13.295766,seed27431.png
-24.358717,8.114004,seed27432.png
-16.33674,-30.573322,seed27433.png
33.91312,24.900625,seed27434.png
-19.857147,-21.400148,seed27435.png
-32.434666,25.89339,seed27436.png
6.764567,18.071363,seed27437.png
-32.738728,23.994177,seed27438.png
5.7426047,-6.6394506,seed27439.png
7.1428866,-30.99606,seed2744.png
6.277285,-32.528908,seed27440.png
-22.490343,-24.026731,seed27441.png
-13.141576,-20.074022,seed27442.png
4.84407,8.418698,seed27443.png
-3.7024317,-16.41971,seed27444.png
26.487553,-1.1465603,seed27445.png
-24.954227,-19.109308,seed27446.png
16.691303,0.15139826,seed27447.png
-7.5031123,-10.580795,seed27448.png
-21.573069,-10.053638,seed27449.png
-34.28966,21.414436,seed2745.png
28.362934,2.2406394,seed27450.png
-15.980856,-24.182554,seed27451.png
-3.0474591,-15.564812,seed27452.png
35.725155,10.786867,seed27453.png
15.799325,28.740582,seed27454.png
-17.60495,-16.651714,seed27455.png
5.8912625,-31.284584,seed27456.png
31.694492,6.56089,seed27457.png
30.206474,20.368217,seed27458.png
-27.397072,12.729885,seed27459.png
-28.2047,11.752804,seed2746.png
-1.9212658,-11.8680525,seed27460.png
-22.252558,14.57493,seed27461.png
12.310978,18.368666,seed27462.png
33.688896,2.8737633,seed27463.png
-30.297962,7.5066233,seed27464.png
-18.715906,-21.015139,seed27465.png
-3.4485185,12.061721,seed27466.png
21.054117,1.1594301,seed27467.png
10.72034,-42.089638,seed27468.png
28.431849,-2.1537254,seed27469.png
-33.12501,2.8153117,seed2747.png
1.1841601,9.597379,seed27470.png
-20.79638,-28.87525,seed27471.png
22.126348,4.175582,seed27472.png
4.2643332,-32.49251,seed27473.png
26.102354,-2.6406956,seed27474.png
9.139898,16.70623,seed27475.png
27.24775,18.182827,seed27476.png
-21.084814,-30.026592,seed27477.png
27.748505,25.942968,seed27478.png
10.177531,14.620642,seed27479.png
-16.466885,-23.967228,seed2748.png
26.370483,21.959682,seed27480.png
20.973543,12.758781,seed27481.png
23.122364,6.083294,seed27482.png
14.122328,-10.53095,seed27483.png
-3.5082119,-11.78833,seed27484.png
9.380804,28.80297,seed27485.png
-28.471737,13.084766,seed27486.png
10.724236,7.164887,seed27487.png
-26.020044,5.5991406,seed27488.png
17.04428,25.024536,seed27489.png
-10.144193,-15.373238,seed2749.png
30.918947,25.921982,seed27490.png
33.52667,6.0465684,seed27491.png
-31.668993,24.91366,seed27492.png
8.146362,8.050597,seed27493.png
-17.440565,-3.6425238,seed27494.png
-13.41514,-25.060175,seed27495.png
20.707708,24.206377,seed27496.png
9.256025,29.551624,seed27497.png
-21.488634,15.338267,seed27498.png
14.746407,-36.939205,seed27499.png
31.956005,17.341341,seed2750.png
-28.213413,17.807926,seed27500.png
16.808237,14.617511,seed27501.png
8.4024105,24.016245,seed27502.png
16.45461,12.251827,seed27503.png
-0.40732348,-7.79847,seed27504.png
-0.9839473,-22.78466,seed27505.png
-8.433768,-4.290674,seed27506.png
21.699787,4.8545566,seed27507.png
-30.98228,18.666645,seed27508.png
-20.174356,9.00325,seed27509.png
-4.692463,-19.316008,seed2751.png
-14.525086,-25.503426,seed27510.png
14.655029,-2.0941913,seed27511.png
36.816437,5.2950664,seed27512.png
-0.6052902,-25.957037,seed27513.png
-20.838991,-31.08612,seed27514.png
12.49335,19.8083,seed27515.png
-31.675323,19.826088,seed27516.png
1.3070524,25.537899,seed27517.png
-6.8774195,-8.246629,seed27518.png
-35.44734,22.921051,seed27519.png
-21.38699,-20.108585,seed2752.png
16.267626,-6.078563,seed27520.png
-1.2351284,-11.275459,seed27521.png
5.114098,-6.991086,seed27522.png
-29.87394,17.754831,seed27523.png
33.204636,23.326841,seed27524.png
-10.424276,-4.35362,seed27525.png
7.332712,-33.68257,seed27526.png
-12.400632,-8.093949,seed27527.png
34.12314,7.6739206,seed27528.png
-13.553543,-20.567003,seed27529.png
36.06548,17.135897,seed2753.png
-34.461823,27.767025,seed27530.png
17.391869,-8.560788,seed27531.png
14.9407625,-32.504005,seed27532.png
0.49306172,7.857048,seed27533.png
-33.61156,-3.147089,seed27534.png
12.0955105,24.751116,seed27535.png
-26.083344,-0.6073987,seed27536.png
27.990517,26.971962,seed27537.png
-1.4931214,-16.511768,seed27538.png
12.997893,-2.1350815,seed27539.png
4.0046167,-23.919151,seed2754.png
-11.148938,-2.0461195,seed27540.png
-33.482746,1.3621324,seed27541.png
38.22833,14.43324,seed27542.png
-4.233909,14.093833,seed27543.png
-11.96622,-10.010471,seed27544.png
-24.198757,-23.79458,seed27545.png
35.709473,13.577378,seed27546.png
-29.30705,17.055874,seed27547.png
-31.512949,17.02313,seed27548.png
-24.576529,14.656204,seed27549.png
29.266813,2.593786,seed2755.png
-0.28360292,-13.704212,seed27550.png
-21.17939,12.245717,seed27551.png
15.458336,8.972521,seed27552.png
-24.299067,0.89888203,seed27553.png
-14.804489,-23.730679,seed27554.png
14.593062,-33.688072,seed27555.png
-0.1242369,4.3988957,seed27556.png
10.658531,-0.31287137,seed27557.png
31.599463,22.077757,seed27558.png
4.3937054,-27.526503,seed27559.png
-16.335207,-26.117334,seed2756.png
-1.1419798,-14.996096,seed27560.png
10.455317,-6.2806807,seed27561.png
-18.103865,6.6398435,seed27562.png
28.030304,9.609656,seed27563.png
12.506582,-33.61696,seed27564.png
32.581245,2.0557964,seed27565.png
14.530054,15.680516,seed27566.png
2.7774332,-0.67277586,seed27567.png
-5.378571,-15.065444,seed27568.png
10.881583,2.3226254,seed27569.png
28.770111,0.66900754,seed2757.png
9.083107,2.2028165,seed27570.png
13.1154,10.106715,seed27571.png
21.500977,15.904636,seed27572.png
16.491703,-7.9432573,seed27573.png
-0.9070837,-25.04988,seed27574.png
17.946583,3.492573,seed27575.png
-15.672592,-1.0547116,seed27576.png
7.136008,11.178515,seed27577.png
36.862537,4.890966,seed27578.png
19.00287,0.18720071,seed27579.png
-27.349014,3.2635124,seed2758.png
-18.9893,4.815334,seed27580.png
-33.421337,1.4678574,seed27581.png
9.674459,-32.842022,seed27582.png
-18.147074,-8.043698,seed27583.png
-1.5729661,20.239588,seed27584.png
36.958233,16.552958,seed27585.png
25.779053,23.18912,seed27586.png
-12.83571,-20.946585,seed27587.png
-21.322014,-18.001377,seed27588.png
3.0719397,22.264599,seed27589.png
-1.3677801,-2.4113026,seed2759.png
0.31959525,-18.493647,seed27590.png
-28.15107,6.7087245,seed27591.png
23.214611,22.864439,seed27592.png
10.541912,20.765335,seed27593.png
7.8867936,18.268707,seed27594.png
1.336489,8.066258,seed27595.png
-21.017395,-18.332825,seed27596.png
30.46672,4.4027486,seed27597.png
-13.587913,0.36305496,seed27598.png
-29.582973,21.617258,seed27599.png
6.2118006,4.1333895,seed2760.png
27.566439,9.446943,seed27600.png
9.102022,-7.316252,seed27601.png
-6.8300343,-14.532978,seed27602.png
31.837196,17.351183,seed27603.png
24.670141,14.7760935,seed27604.png
-33.937984,-1.4378796,seed27605.png
-21.781666,12.882136,seed27606.png
-26.675802,14.733914,seed27607.png
-28.496813,-10.15523,seed27608.png
32.76231,10.736071,seed27609.png
-6.693808,-20.406271,seed2761.png
-30.633898,16.751722,seed27610.png
24.368896,16.646492,seed27611.png
9.730808,-41.56519,seed27612.png
-18.274117,-28.725039,seed27613.png
12.384019,14.399772,seed27614.png
6.1489015,-32.219276,seed27615.png
24.50294,-2.6731176,seed27616.png
-22.25316,-20.126072,seed27617.png
1.0695378,-11.854559,seed27618.png
-27.726719,-11.978715,seed27619.png
-17.156933,-16.646902,seed2762.png
30.2888,27.907782,seed27620.png
-0.34666535,21.560802,seed27621.png
-32.42249,3.1234894,seed27622.png
-21.30449,-17.501997,seed27623.png
8.235308,-32.447033,seed27624.png
25.509583,13.85325,seed27625.png
14.199716,24.858707,seed27626.png
-17.021551,-10.150636,seed27627.png
5.9126163,2.2231402,seed27628.png
-32.075996,9.491707,seed27629.png
7.241402,-29.688837,seed2763.png
-22.582653,15.431841,seed27630.png
-18.868238,12.36649,seed27631.png
9.926081,-3.5187206,seed27632.png
-33.367588,18.822021,seed27633.png
-10.976123,-19.626022,seed27634.png
-9.69037,-0.4419679,seed27635.png
6.831189,-23.950146,seed27636.png
13.214107,26.745207,seed27637.png
-34.7395,13.180036,seed27638.png
15.674345,-34.04482,seed27639.png
-18.078402,-23.752388,seed2764.png
35.944553,18.110415,seed27640.png
0.48790526,-17.782413,seed27641.png
14.573372,0.9805855,seed27642.png
20.733332,-1.0450033,seed27643.png
-26.59352,-15.924486,seed27644.png
37.35724,7.9728656,seed27645.png
33.53423,15.663608,seed27646.png
-25.374441,15.8920145,seed27647.png
-17.09387,-3.2610607,seed27648.png
-20.925638,6.90144,seed27649.png
7.600614,-36.497795,seed2765.png
-13.412393,-23.58896,seed27650.png
6.4255013,-12.548968,seed27651.png
16.320795,-37.869392,seed27652.png
25.172577,24.134773,seed27653.png
-15.3921995,-31.148699,seed27654.png
-5.337053,-23.64521,seed27655.png
1.5262756,19.658945,seed27656.png
-35.226135,10.422275,seed27657.png
7.2273674,-31.292128,seed27658.png
34.818073,19.69342,seed27659.png
13.144004,-33.371483,seed2766.png
-26.516747,-3.3029191,seed27660.png
33.541348,14.728326,seed27661.png
21.062885,2.2803438,seed27662.png
6.000044,-33.243645,seed27663.png
-8.145514,-15.359926,seed27664.png
-15.587889,-26.79712,seed27665.png
24.944336,16.426035,seed27666.png
3.4742508,17.392767,seed27667.png
17.776314,-4.6337223,seed27668.png
40.982742,22.849886,seed27669.png
2.4757879,21.722034,seed2767.png
-21.708145,-14.041946,seed27670.png
28.068857,28.604979,seed27671.png
-21.117002,-24.265102,seed27672.png
3.6760583,-30.841312,seed27673.png
-35.69803,26.915323,seed27674.png
-28.188042,17.514101,seed27675.png
1.9752057,-13.878593,seed27676.png
-37.560177,-1.0420693,seed27677.png
-26.921574,-21.2102,seed27678.png
37.695084,7.3203545,seed27679.png
-38.420895,14.171248,seed2768.png
40.52856,19.590462,seed27680.png
1.5046464,17.267384,seed27681.png
-23.665005,4.9828954,seed27682.png
-25.86279,14.845636,seed27683.png
-2.2954094,-4.384571,seed27684.png
-25.914772,-9.967793,seed27685.png
-19.102427,-16.80663,seed27686.png
-24.181372,16.40709,seed27687.png
-32.500458,19.487741,seed27688.png
35.027763,12.657857,seed27689.png
-27.925112,12.35225,seed2769.png
-4.4283867,-20.109407,seed27690.png
37.53877,23.86577,seed27691.png
18.554117,11.420565,seed27692.png
-24.375849,9.571326,seed27693.png
8.2128525,2.8516521,seed27694.png
-14.134866,-23.295046,seed27695.png
10.128144,-42.222168,seed27696.png
-15.602792,0.42858306,seed27697.png
-21.336449,6.989793,seed27698.png
-16.92166,-18.40587,seed27699.png
-27.930008,9.801607,seed2770.png
-27.209652,4.1878853,seed27700.png
8.631036,9.277713,seed27701.png
14.280419,-33.065224,seed27702.png
-31.403204,15.566339,seed27703.png
-20.664993,18.95543,seed27704.png
27.834087,5.5015025,seed27705.png
-9.199178,-17.496328,seed27706.png
8.486929,-26.646921,seed27707.png
12.210976,-23.287281,seed27708.png
-29.748737,-10.151821,seed27709.png
-20.223137,8.036418,seed2771.png
-12.685048,-13.197635,seed27710.png
24.411533,20.71216,seed27711.png
-6.8625646,-5.8793063,seed27712.png
-25.690237,-14.139303,seed27713.png
6.733234,-33.438232,seed27714.png
6.711369,-4.1520033,seed27715.png
-4.179218,-10.875567,seed27716.png
-23.462955,-8.216974,seed27717.png
-28.632013,21.280813,seed27718.png
29.826488,7.167384,seed27719.png
21.332022,17.066023,seed2772.png
16.606321,14.0825815,seed27720.png
-35.434788,25.456598,seed27721.png
-16.379412,-23.066223,seed27722.png
-15.542942,1.7159935,seed27723.png
-28.56132,-12.028745,seed27724.png
20.769985,0.1291956,seed27725.png
-28.278522,7.0072494,seed27726.png
-21.977238,-29.52049,seed27727.png
12.4182,-25.746706,seed27728.png
-29.082191,-5.0470133,seed27729.png
39.477657,23.11777,seed2773.png
13.160372,27.448969,seed27730.png
11.738859,27.729668,seed27731.png
9.214339,-39.75939,seed27732.png
-22.292654,-17.727541,seed27733.png
6.9739037,-33.34117,seed27734.png
7.0178566,6.2568297,seed27735.png
-19.618498,-0.4902028,seed27736.png
-22.95928,-3.3993385,seed27737.png
-4.720087,-13.703728,seed27738.png
36.00243,6.067285,seed27739.png
-20.195774,7.3496537,seed2774.png
13.156783,-33.99796,seed27740.png
16.755259,14.707769,seed27741.png
-18.214436,-18.774893,seed27742.png
-13.187982,-18.27291,seed27743.png
6.4259996,5.358828,seed27744.png
-13.009543,-13.038785,seed27745.png
-9.101449,-15.195566,seed27746.png
29.99917,15.989094,seed27747.png
-15.9152975,-28.293055,seed27748.png
6.0095634,9.696197,seed27749.png
36.77055,21.464964,seed2775.png
-3.0644443,-12.087144,seed27750.png
24.83529,-0.20710725,seed27751.png
28.856625,11.198341,seed27752.png
16.392694,7.2388372,seed27753.png
22.1082,3.2227995,seed27754.png
23.592365,16.293892,seed27755.png
-17.470648,-25.272366,seed27756.png
-33.318253,12.315394,seed27757.png
38.45581,19.009878,seed27758.png
-22.243408,-5.2087593,seed27759.png
27.141699,-0.0752196,seed2776.png
-34.44298,14.277315,seed27760.png
8.763339,2.941378,seed27761.png
-19.659523,-13.820015,seed27762.png
10.77448,-30.280933,seed27763.png
-24.176487,-20.18503,seed27764.png
31.912262,11.755607,seed27765.png
13.208162,27.346054,seed27766.png
-20.16013,-9.324956,seed27767.png
-26.385239,-15.976575,seed27768.png
3.8818462,-2.1822226,seed27769.png
29.510582,5.124087,seed2777.png
8.474697,-2.6676023,seed27770.png
-23.745083,-17.463818,seed27771.png
21.025404,6.6135597,seed27772.png
12.048342,-41.04014,seed27773.png
-17.319614,-23.470156,seed27774.png
-0.33398834,-14.548709,seed27775.png
-36.677406,22.108006,seed27776.png
-13.864936,-9.997854,seed27777.png
14.074324,-37.994728,seed27778.png
-23.693348,-27.191977,seed27779.png
7.568568,-6.582124,seed2778.png
-24.183113,-0.40683168,seed27780.png
39.84736,20.65667,seed27781.png
-20.706951,-27.222391,seed27782.png
-17.09125,7.6519156,seed27783.png
14.005504,20.746582,seed27784.png
-17.660044,-16.88446,seed27785.png
7.341413,4.1804614,seed27786.png
-20.224699,19.400848,seed27787.png
-2.523395,3.9675498,seed27788.png
21.928823,10.156085,seed27789.png
-18.46982,2.387323,seed2779.png
-7.487592,10.474921,seed27790.png
40.32925,23.735235,seed27791.png
29.528416,4.925128,seed27792.png
-16.923746,-10.571896,seed27793.png
16.713713,13.170604,seed27794.png
3.4197562,-28.428404,seed27795.png
-19.499811,-6.3173184,seed27796.png
30.481752,13.850775,seed27797.png
0.5950115,19.423878,seed27798.png
-18.141191,4.445259,seed27799.png
30.375723,12.676205,seed2780.png
10.570749,-0.8049789,seed27800.png
-27.955425,12.125604,seed27801.png
-29.016186,-8.850982,seed27802.png
-3.6094615,-10.550325,seed27803.png
4.8322377,12.857376,seed27804.png
27.56354,11.996782,seed27805.png
31.043453,5.1307282,seed27806.png
14.777784,-39.216743,seed27807.png
-27.557716,-6.7645216,seed27808.png
14.862718,-6.3118515,seed27809.png
16.033405,7.7856865,seed2781.png
15.071593,-36.670147,seed27810.png
-33.43045,-10.68105,seed27811.png
-30.284636,9.80465,seed27812.png
16.037374,19.05849,seed27813.png
-26.712456,9.768115,seed27814.png
10.706078,-42.385487,seed27815.png
38.948006,20.339142,seed27816.png
30.55552,14.004462,seed27817.png
30.7246,19.89239,seed27818.png
22.227188,1.3997564,seed27819.png
-27.72807,1.2270591,seed2782.png
-29.188904,-11.235737,seed27820.png
10.9268875,9.801753,seed27821.png
12.156492,0.9491206,seed27822.png
-36.981495,5.5957904,seed27823.png
-20.929993,-27.53372,seed27824.png
-11.753129,-4.362341,seed27825.png
-27.264753,-18.419926,seed27826.png
5.74729,-30.235252,seed27827.png
-33.268257,11.530432,seed27828.png
4.4765453,5.903783,seed27829.png
-32.683025,21.007488,seed2783.png
27.02551,-2.1986382,seed27830.png
-16.505348,-21.753616,seed27831.png
22.270807,12.633726,seed27832.png
-32.88587,4.3120756,seed27833.png
16.009266,0.46407467,seed27834.png
0.01824079,6.5993705,seed27835.png
15.229912,-32.401245,seed27836.png
19.921885,-6.42977,seed27837.png
-18.63613,-5.283491,seed27838.png
-10.627471,-14.9835,seed27839.png
13.192255,-27.831146,seed2784.png
-18.516108,10.53075,seed27840.png
19.533962,-6.6809096,seed27841.png
13.839605,-40.140823,seed27842.png
-31.812334,16.10568,seed27843.png
-34.39154,24.618788,seed27844.png
-31.88096,19.634039,seed27845.png
-10.415717,-3.3695247,seed27846.png
13.013434,-1.6187998,seed27847.png
16.657946,24.29718,seed27848.png
1.233747,11.350038,seed27849.png
-37.03078,13.818269,seed2785.png
-27.919674,-19.79479,seed27850.png
7.7186956,-1.9734609,seed27851.png
10.688985,-1.2945108,seed27852.png
11.0012,0.8077267,seed27853.png
-24.032936,-5.407282,seed27854.png
-12.695854,-8.543338,seed27855.png
-2.3326256,10.095126,seed27856.png
5.963795,-38.60256,seed27857.png
1.3296573,-1.6567639,seed27858.png
13.481585,26.630404,seed27859.png
-30.848648,-2.162885,seed2786.png
-10.148433,1.7039032,seed27860.png
-15.267524,-19.412521,seed27861.png
-19.615135,3.8510392,seed27862.png
-29.857407,5.025209,seed27863.png
18.108328,26.091066,seed27864.png
-27.76167,-14.48535,seed27865.png
-15.921177,6.329206,seed27866.png
-31.666674,23.09705,seed27867.png
-14.330586,-3.027074,seed27868.png
10.717383,-5.4259186,seed27869.png
-29.173773,3.2573664,seed2787.png
-23.595232,2.0792444,seed27870.png
-33.184334,-9.80462,seed27871.png
17.020372,7.0290146,seed27872.png
14.007171,-10.8119335,seed27873.png
15.623966,7.0643706,seed27874.png
-24.437965,-17.167856,seed27875.png
30.192455,9.859469,seed27876.png
-30.436941,24.913176,seed27877.png
-18.45198,-2.991085,seed27878.png
27.29001,18.05197,seed27879.png
-34.698586,9.901619,seed2788.png
-28.847784,19.812828,seed27880.png
14.019964,16.34595,seed27881.png
-33.94516,7.9244204,seed27882.png
-25.09752,15.0098,seed27883.png
3.4284403,-33.461033,seed27884.png
-8.229595,-8.778517,seed27885.png
11.511249,-43.234802,seed27886.png
20.889648,4.647494,seed27887.png
-27.6868,14.795508,seed27888.png
38.898487,23.690954,seed27889.png
-10.171658,-16.638351,seed2789.png
12.380306,21.870546,seed27890.png
-33.369827,13.317489,seed27891.png
17.11292,4.153862,seed27892.png
41.18765,14.305269,seed27893.png
21.171791,20.855469,seed27894.png
9.646713,0.9711522,seed27895.png
-26.163065,7.2851777,seed27896.png
7.235023,14.745966,seed27897.png
38.5458,22.297827,seed27898.png
-6.9108267,12.836046,seed27899.png
14.434072,22.000168,seed2790.png
-13.224326,-24.215643,seed27900.png
11.151161,-3.8850427,seed27901.png
36.897446,11.165904,seed27902.png
8.232451,-8.880637,seed27903.png
3.5567145,8.869363,seed27904.png
7.4984775,4.9359674,seed27905.png
-8.929954,-18.08534,seed27906.png
-21.252115,4.3580832,seed27907.png
38.20753,10.156419,seed27908.png
-17.262108,1.3378965,seed27909.png
-3.263307,-11.151251,seed2791.png
-22.557144,13.36406,seed27910.png
34.195915,9.623299,seed27911.png
8.568741,-31.646957,seed27912.png
-18.304329,-0.2450961,seed27913.png
-11.972207,-12.889573,seed27914.png
-19.232883,-6.613766,seed27915.png
-18.391577,-7.758103,seed27916.png
25.689846,22.001457,seed27917.png
27.946478,13.0298605,seed27918.png
-36.464455,10.594663,seed27919.png
18.779985,18.465672,seed2792.png
35.147617,15.036675,seed27920.png
-18.273718,12.577227,seed27921.png
-24.24468,-13.35697,seed27922.png
-24.409151,8.635377,seed27923.png
12.017152,-6.6472692,seed27924.png
16.650084,-35.663216,seed27925.png
26.886091,3.1742883,seed27926.png
11.735286,1.139481,seed27927.png
-26.877516,15.013136,seed27928.png
4.6116614,8.45531,seed27929.png
-13.492269,-26.03983,seed2793.png
14.38602,-34.299835,seed27930.png
2.5840628,-29.406843,seed27931.png
-0.6560377,12.286463,seed27932.png
6.144101,5.0379987,seed27933.png
26.21044,7.960653,seed27934.png
6.488371,-26.405178,seed27935.png
13.236593,12.062699,seed27936.png
-13.440513,-20.486103,seed27937.png
-16.401255,15.772965,seed27938.png
-28.277569,11.675865,seed27939.png
11.246951,4.9893765,seed2794.png
-23.208698,-25.942268,seed27940.png
28.368584,26.508844,seed27941.png
-32.979836,-3.0004447,seed27942.png
-17.640804,-7.491627,seed27943.png
-34.527973,27.573074,seed27944.png
34.176666,23.878101,seed27945.png
-21.950909,13.590142,seed27946.png
12.740639,-32.054993,seed27947.png
13.420933,-32.082123,seed27948.png
-17.287184,-7.7542768,seed27949.png
9.439069,-28.806286,seed2795.png
18.856249,6.30522,seed27950.png
-18.475235,2.3682256,seed27951.png
-32.829308,20.319532,seed27952.png
-16.970682,-30.376804,seed27953.png
25.423788,-4.7412763,seed27954.png
19.079742,5.1586103,seed27955.png
9.499474,20.402468,seed27956.png
11.056198,-2.3524349,seed27957.png
-16.635365,-9.835592,seed27958.png
-27.333973,-5.5614705,seed27959.png
-15.67853,6.5760627,seed2796.png
33.835705,27.290665,seed27960.png
7.579101,0.15902765,seed27961.png
12.066906,-42.89276,seed27962.png
13.554594,11.281627,seed27963.png
8.763547,28.686937,seed27964.png
34.794086,22.971045,seed27965.png
-28.331833,4.9929047,seed27966.png
-32.967415,13.753552,seed27967.png
-17.76624,-23.066511,seed27968.png
-2.1227558,24.867485,seed27969.png
35.060158,25.081873,seed2797.png
13.138958,-36.160656,seed27970.png
22.997683,11.491844,seed27971.png
10.869579,23.086113,seed27972.png
-20.174248,13.643988,seed27973.png
-17.634624,11.367881,seed27974.png
-27.064344,-3.827472,seed27975.png
-15.577929,-17.5554,seed27976.png
-0.7269407,21.545918,seed27977.png
-18.337656,-1.544949,seed27978.png
12.103141,-23.398035,seed27979.png
-9.444895,-24.54281,seed2798.png
15.195211,17.157625,seed27980.png
32.2454,15.85293,seed27981.png
29.576876,23.915056,seed27982.png
2.423815,21.113386,seed27983.png
-17.938927,-2.84787,seed27984.png
-4.0350056,-17.211182,seed27985.png
18.627626,0.8508823,seed27986.png
13.668529,-29.710175,seed27987.png
-28.904278,5.4487305,seed27988.png
-13.427467,-22.297747,seed27989.png
4.796465,-24.979177,seed2799.png
-27.149462,-3.2336528,seed27990.png
8.933462,11.518891,seed27991.png
16.035807,7.8316646,seed27992.png
-15.698206,-13.390797,seed27993.png
-2.3992448,-20.22706,seed27994.png
6.099979,2.482485,seed27995.png
17.67696,5.9450536,seed27996.png
1.3593014,-11.381255,seed27997.png
18.547472,25.6605,seed27998.png
-19.018265,-29.304707,seed27999.png
-14.407695,11.976928,seed2800.png
34.473896,11.18311,seed28000.png
7.4653144,-34.108112,seed28001.png
-33.129284,-8.633873,seed28002.png
-33.78102,12.287973,seed28003.png
34.371193,5.0955496,seed28004.png
6.5931563,-33.845757,seed28005.png
-21.205921,-8.543708,seed28006.png
21.783909,17.70084,seed28007.png
16.838194,14.000845,seed28008.png
9.1450405,-23.60969,seed28009.png
9.830655,17.046276,seed2801.png
-19.532822,-6.4653854,seed28010.png
20.29654,6.2377176,seed28011.png
12.687474,20.245722,seed28012.png
-1.2466232,15.60753,seed28013.png
19.905624,-4.0136476,seed28014.png
12.385679,-20.706442,seed28015.png
10.324471,5.567273,seed28016.png
-20.973122,-20.13749,seed28017.png
-33.151596,6.4115367,seed28018.png
1.847834,6.722876,seed28019.png
-2.424907,-15.150823,seed2802.png
36.372223,20.920532,seed28020.png
5.513307,10.234891,seed28021.png
12.41481,1.9925313,seed28022.png
-1.6007881,-14.895963,seed28023.png
-24.409538,-0.14867954,seed28024.png
6.9073734,0.3865293,seed28025.png
-14.588234,0.86942273,seed28026.png
-18.721237,-16.874546,seed28027.png
-33.31554,13.82045,seed28028.png
-32.90445,15.305484,seed28029.png
1.8150057,5.755823,seed2803.png
28.467619,26.791418,seed28030.png
5.552335,15.856997,seed28031.png
-9.419082,-11.947412,seed28032.png
-19.41394,-24.666449,seed28033.png
-34.23015,-10.507265,seed28034.png
8.436558,20.202307,seed28035.png
-26.971575,18.341055,seed28036.png
21.102688,19.274178,seed28037.png
-1.02888,23.78222,seed28038.png
-26.937273,-19.38102,seed28039.png
-16.133045,-21.24356,seed2804.png
38.54141,15.006606,seed28040.png
-0.70504147,-15.907973,seed28041.png
0.5200987,-2.8219202,seed28042.png
12.440565,-30.030918,seed28043.png
-34.81324,-5.3407893,seed28044.png
37.507835,11.260602,seed28045.png
17.300798,18.369951,seed28046.png
12.177567,-25.83992,seed28047.png
-11.869171,1.0756483,seed28048.png
3.2526796,-12.308148,seed28049.png
14.557542,-29.667358,seed2805.png
-0.06382394,-17.691597,seed28050.png
-25.881697,-0.85026395,seed28051.png
-33.51727,16.0022,seed28052.png
23.04971,5.2027297,seed28053.png
15.1654415,14.667207,seed28054.png
1.6306391,12.8256855,seed28055.png
-33.653473,27.665424,seed28056.png
11.056407,-29.023458,seed28057.png
-28.225271,6.5643578,seed28058.png
8.407758,-1.1166844,seed28059.png
26.034613,9.14993,seed2806.png
13.073928,-1.9030713,seed28060.png
23.57855,3.5753436,seed28061.png
21.019684,24.610226,seed28062.png
-27.094658,8.130573,seed28063.png
37.434315,6.9199867,seed28064.png
-16.301998,-1.9123669,seed28065.png
37.52159,15.953813,seed28066.png
-12.899125,-1.4148076,seed28067.png
16.093412,-35.497536,seed28068.png
-16.677057,-29.821447,seed28069.png
12.3198395,-37.758465,seed2807.png
-29.84522,7.554568,seed28070.png
35.91471,26.801186,seed28071.png
-21.116915,-23.024998,seed28072.png
11.302861,3.2508636,seed28073.png
-10.150882,-19.194607,seed28074.png
-19.92777,16.795877,seed28075.png
32.078606,21.786594,seed28076.png
-11.76921,-24.665434,seed28077.png
29.766811,10.964586,seed28078.png
24.878971,1.0387886,seed28079.png
21.903448,18.108843,seed2808.png
18.281507,23.236202,seed28080.png
23.15154,22.564167,seed28081.png
-35.289143,27.147099,seed28082.png
-14.399748,-29.133781,seed28083.png
36.89586,24.97229,seed28084.png
-32.555027,18.167276,seed28085.png
-15.463348,9.490421,seed28086.png
-0.9442841,-18.271303,seed28087.png
-25.036028,3.8615427,seed28088.png
-26.04184,-14.47444,seed28089.png
15.034624,-1.2808596,seed2809.png
-18.840899,-19.962479,seed28090.png
-12.466695,-15.003632,seed28091.png
32.04542,26.92762,seed28092.png
19.097918,0.5795215,seed28093.png
9.345893,5.468304,seed28094.png
1.8294058,17.184675,seed28095.png
-2.3290296,-15.553311,seed28096.png
5.2824063,-34.304955,seed28097.png
28.009449,16.767035,seed28098.png
29.660595,-3.08459,seed28099.png
14.81453,7.717934,seed2810.png
17.224072,8.24985,seed28100.png
0.63252646,-23.8374,seed28101.png
16.249079,18.52408,seed28102.png
27.616383,1.1253572,seed28103.png
-16.541603,-12.595638,seed28104.png
27.587759,16.318666,seed28105.png
28.45477,27.480146,seed28106.png
3.7421575,0.35915557,seed28107.png
-5.794692,-23.91536,seed28108.png
-33.8026,-6.304769,seed28109.png
9.655288,14.988585,seed2811.png
14.637327,24.96312,seed28110.png
4.3231597,-28.689396,seed28111.png
-27.908281,15.71366,seed28112.png
-11.604064,-3.3013399,seed28113.png
-28.633816,-13.346364,seed28114.png
7.329077,15.857493,seed28115.png
32.79535,19.19831,seed28116.png
-32.67865,-14.517961,seed28117.png
27.727793,27.515947,seed28118.png
5.976888,-31.787598,seed28119.png
14.864543,24.355173,seed2812.png
10.9813175,14.113194,seed28120.png
-9.877887,-20.037975,seed28121.png
-29.049038,6.1752343,seed28122.png
8.977733,-40.221478,seed28123.png
-21.38523,19.43679,seed28124.png
20.393421,11.916093,seed28125.png
10.778736,6.3213263,seed28126.png
39.251587,14.256519,seed28127.png
23.678518,-4.9393244,seed28128.png
16.85913,1.3571391,seed28129.png
25.470037,10.515458,seed2813.png
-15.507228,-1.7464548,seed28130.png
-32.351307,26.382444,seed28131.png
7.3123918,4.072112,seed28132.png
31.511099,12.039691,seed28133.png
19.698599,23.70581,seed28134.png
-31.363031,-13.285367,seed28135.png
31.13565,6.2632794,seed28136.png
33.921993,24.834698,seed28137.png
27.624874,15.847336,seed28138.png
7.7151055,3.766444,seed28139.png
-14.329753,-8.589932,seed2814.png
0.95383346,24.084703,seed28140.png
-28.599533,17.917627,seed28141.png
40.596783,22.660896,seed28142.png
-19.699457,-14.694568,seed28143.png
0.06627834,-2.2101457,seed28144.png
17.951134,26.0024,seed28145.png
29.970343,20.730553,seed28146.png
-20.111094,-14.082363,seed28147.png
9.078559,2.1346686,seed28148.png
-13.617507,-2.5510054,seed28149.png
-11.302531,6.9409013,seed2815.png
-28.020872,2.5468905,seed28150.png
-1.0182873,-15.808804,seed28151.png
-13.649603,-7.6614265,seed28152.png
13.697629,-34.676414,seed28153.png
8.460947,15.273014,seed28154.png
-27.940561,11.496329,seed28155.png
9.458053,-4.6392126,seed28156.png
-34.014477,11.958635,seed28157.png
-26.426895,9.28427,seed28158.png
35.868244,23.669374,seed28159.png
17.995953,26.56637,seed2816.png
16.664206,-34.68367,seed28160.png
-26.719791,-19.126516,seed28161.png
8.218192,-39.385292,seed28162.png
16.742113,3.8950458,seed28163.png
-30.879807,15.741073,seed28164.png
-20.548624,-9.138789,seed28165.png
30.505548,-0.117615454,seed28166.png
-12.945853,-12.755216,seed28167.png
22.541212,10.573469,seed28168.png
27.003124,11.994481,seed28169.png
32.714943,24.538147,seed2817.png
-14.757768,-19.346992,seed28170.png
5.4314475,2.0290544,seed28171.png
-32.155556,9.914129,seed28172.png
-28.18287,19.375937,seed28173.png
30.793283,10.814847,seed28174.png
18.297764,15.856574,seed28175.png
30.630392,0.09463456,seed28176.png
17.898703,25.132343,seed28177.png
11.903446,-1.5765746,seed28178.png
30.58587,15.052915,seed28179.png
10.1406765,-28.359713,seed2818.png
6.9479117,20.518349,seed28180.png
-17.158117,4.8014817,seed28181.png
40.77177,22.17759,seed28182.png
10.826473,16.095926,seed28183.png
38.908836,24.284895,seed28184.png
-34.53094,7.1517224,seed28185.png
27.3854,3.0467472,seed28186.png
31.027042,10.877076,seed28187.png
-10.586547,-13.340734,seed28188.png
27.295458,4.0253706,seed28189.png
-24.769365,7.4574523,seed2819.png
1.4538484,-9.2865715,seed28190.png
36.985466,16.742804,seed28191.png
1.518463,16.317139,seed28192.png
1.6235267,13.994972,seed28193.png
-22.948046,6.4639773,seed28194.png
31.920284,12.42678,seed28195.png
-4.262681,17.739285,seed28196.png
-30.499413,1.091284,seed28197.png
13.651363,-35.123074,seed28198.png
-25.194548,-10.852872,seed28199.png
10.815776,-35.6714,seed2820.png
5.375454,16.62391,seed28200.png
26.76316,0.8296823,seed28201.png
-8.721583,-5.370395,seed28202.png
-26.293762,-16.66056,seed28203.png
-4.50084,-15.872338,seed28204.png
32.822838,8.890585,seed28205.png
-21.910315,-0.9117768,seed28206.png
6.728429,-32.18266,seed28207.png
25.138239,18.012726,seed28208.png
-25.451078,-5.3479934,seed28209.png
14.543891,3.5416884,seed2821.png
-4.3332086,12.367418,seed28210.png
-36.92085,22.22118,seed28211.png
1.8260226,15.749425,seed28212.png
-16.019888,-16.36324,seed28213.png
-24.442217,-1.3656905,seed28214.png
-31.51465,25.538877,seed28215.png
11.093471,7.171116,seed28216.png
20.937689,12.911715,seed28217.png
18.75531,9.942714,seed28218.png
19.380318,12.005812,seed28219.png
32.957623,21.526138,seed2822.png
-6.38257,-23.057451,seed28220.png
-5.1425724,0.41478175,seed28221.png
10.759297,20.880949,seed28222.png
-8.246448,-8.881607,seed28223.png
11.529584,-30.178003,seed28224.png
17.071005,0.91984946,seed28225.png
8.696704,6.223388,seed28226.png
-20.825174,-6.9953666,seed28227.png
12.636392,11.34418,seed28228.png
-5.9966416,-10.432223,seed28229.png
-25.590866,10.584691,seed2823.png
-36.52571,15.553657,seed28230.png
-2.9243023,-3.1880946,seed28231.png
-18.490427,12.889599,seed28232.png
10.134642,-38.349426,seed28233.png
-24.36564,17.998697,seed28234.png
-13.234359,-11.371033,seed28235.png
3.1527114,12.889557,seed28236.png
1.6189723,-14.828286,seed28237.png
24.018127,15.309751,seed28238.png
27.903864,-5.1754303,seed28239.png
16.293762,-33.487316,seed2824.png
4.880471,-34.465874,seed28240.png
0.64554584,21.044252,seed28241.png
10.117906,-23.615044,seed28242.png
-15.224015,-1.646453,seed28243.png
15.425973,-31.097223,seed28244.png
33.684887,6.994287,seed28245.png
-27.251463,-0.9218935,seed28246.png
31.21666,26.861874,seed28247.png
24.875961,11.245639,seed28248.png
-2.2254052,1.5874436,seed28249.png
5.1603475,3.643446,seed2825.png
25.306925,12.912884,seed28250.png
7.8126426,28.961178,seed28251.png
10.72253,16.432943,seed28252.png
-11.478437,3.6801205,seed28253.png
-37.696663,17.544847,seed28254.png
-20.841932,-20.392838,seed28255.png
13.345604,-2.5817707,seed28256.png
17.324644,-1.9360231,seed28257.png
16.791376,1.0500084,seed28258.png
-18.636217,0.2454416,seed28259.png
19.134022,25.199675,seed2826.png
6.572837,-26.441816,seed28260.png
14.0136795,-2.5919385,seed28261.png
-4.275374,-11.762759,seed28262.png
-17.684896,-19.88815,seed28263.png
-12.74173,-17.946198,seed28264.png
8.344733,-33.288864,seed28265.png
37.11723,20.872768,seed28266.png
-28.84273,7.674066,seed28267.png
29.479792,3.354746,seed28268.png
7.7642064,-31.408253,seed28269.png
-0.6878606,11.205159,seed2827.png
12.542471,-38.26642,seed28270.png
-31.344341,19.597569,seed28271.png
33.71715,7.522985,seed28272.png
19.472301,12.426691,seed28273.png
-3.1365612,-16.25336,seed28274.png
-29.222204,10.822798,seed28275.png
-19.884916,-13.459198,seed28276.png
29.034414,4.526631,seed28277.png
24.158775,-5.3961368,seed28278.png
-33.35939,-1.9023885,seed28279.png
-12.664799,-21.605984,seed2828.png
4.3365326,-26.154896,seed28280.png
2.1724439,13.603372,seed28281.png
8.127771,11.03097,seed28282.png
-30.615702,22.48809,seed28283.png
27.321325,9.91037,seed28284.png
-14.913182,-25.030163,seed28285.png
35.701893,5.6781754,seed28286.png
-27.552433,-9.03331,seed28287.png
19.786211,14.688637,seed28288.png
-29.82374,0.005373022,seed28289.png
11.449093,9.355915,seed2829.png
8.918476,-36.179497,seed28290.png
-12.597146,-23.007505,seed28291.png
29.937195,5.9586916,seed28292.png
18.867758,9.815668,seed28293.png
-34.96869,3.1718073,seed28294.png
37.220825,9.158303,seed28295.png
-15.338024,-20.735723,seed28296.png
-20.777746,-9.76024,seed28297.png
-24.32252,9.162355,seed28298.png
2.848294,22.383144,seed28299.png
10.307269,-20.608587,seed2830.png
18.471663,5.6798306,seed28300.png
14.611113,-37.877293,seed28301.png
29.918753,14.379108,seed28302.png
25.952843,13.196304,seed28303.png
24.224266,24.70506,seed28304.png
-32.89932,11.122419,seed28305.png
12.470588,-27.833715,seed28306.png
-18.755686,11.815918,seed28307.png
-15.828457,-5.6400714,seed28308.png
6.1813345,14.956622,seed28309.png
-2.403659,9.17076,seed2831.png
-24.000326,-19.075771,seed28310.png
-15.825601,-23.16585,seed28311.png
-3.4266512,14.194074,seed28312.png
28.8547,5.175316,seed28313.png
-24.132208,-16.131721,seed28314.png
-16.433468,13.431675,seed28315.png
-28.433386,2.2358308,seed28316.png
33.587833,7.177143,seed28317.png
-16.554167,-4.1026735,seed28318.png
19.405678,16.184937,seed28319.png
-12.927932,-8.847053,seed2832.png
-0.6583371,-15.005745,seed28320.png
13.520308,-28.739525,seed28321.png
-10.82262,-2.0252805,seed28322.png
-28.844624,-12.005266,seed28323.png
2.7151754,-2.5789542,seed28324.png
32.094902,25.24194,seed28325.png
-9.142907,-23.391964,seed28326.png
-23.138887,1.6426862,seed28327.png
15.923147,24.012222,seed28328.png
-0.6904157,24.264536,seed28329.png
6.4289913,6.3070946,seed2833.png
-27.892323,13.34963,seed28330.png
-28.925234,10.610262,seed28331.png
-0.2937004,-18.756828,seed28332.png
-21.199984,11.8895445,seed28333.png
19.674597,26.772943,seed28334.png
11.790715,-42.70152,seed28335.png
19.44936,12.535724,seed28336.png
-21.504406,-3.6883495,seed28337.png
-25.323994,4.2317104,seed28338.png
-33.024498,-4.573307,seed28339.png
-18.120441,0.93390197,seed2834.png
-22.498795,-21.308502,seed28340.png
15.236391,22.214409,seed28341.png
-34.565414,27.690023,seed28342.png
-10.9120655,4.2934484,seed28343.png
7.765697,-27.410976,seed28344.png
16.235949,-34.740337,seed28345.png
-1.930957,17.845419,seed28346.png
10.873698,-32.532433,seed28347.png
7.211252,-1.3433378,seed28348.png
13.500152,-0.08586571,seed28349.png
5.503001,-38.573574,seed2835.png
-22.275484,-14.369231,seed28350.png
4.398707,25.055588,seed28351.png
-19.56047,-25.76535,seed28352.png
10.9670925,-23.777235,seed28353.png
-26.503271,-3.9781296,seed28354.png
11.602767,-27.636791,seed28355.png
6.947755,-30.196936,seed28356.png
14.517387,-3.8302372,seed28357.png
-37.91873,14.642321,seed28358.png
38.441338,5.8277655,seed28359.png
-5.7715936,-3.947155,seed2836.png
15.665748,-2.5335984,seed28360.png
37.892887,24.028044,seed28361.png
31.445002,19.331322,seed28362.png
-18.125156,6.9540915,seed28363.png
6.184062,14.877065,seed28364.png
17.185396,10.5422735,seed28365.png
29.53736,12.3941965,seed28366.png
-17.887691,-18.235182,seed28367.png
3.288713,-8.577175,seed28368.png
6.190427,-35.714745,seed28369.png
-19.483166,-27.496649,seed2837.png
-12.132022,-17.572992,seed28370.png
-32.20528,23.209904,seed28371.png
-27.788998,0.15857026,seed28372.png
20.091385,24.31091,seed28373.png
28.914965,17.909817,seed28374.png
-35.58599,16.076395,seed28375.png
-21.691324,-8.80046,seed28376.png
23.197601,15.360758,seed28377.png
17.301134,2.8189409,seed28378.png
10.917578,21.283031,seed28379.png
5.27732,24.394604,seed2838.png
-19.39686,15.9641905,seed28380.png
1.1621221,0.87063,seed28381.png
34.692474,7.35556,seed28382.png
-17.69005,-4.073636,seed28383.png
-2.2024505,21.553137,seed28384.png
-8.692637,-8.126594,seed28385.png
2.642296,9.1891365,seed28386.png
17.638739,5.136014,seed28387.png
8.734479,2.7948105,seed28388.png
-29.641129,-5.352955,seed28389.png
3.2617517,-3.0781686,seed2839.png
-18.227955,-2.92194,seed28390.png
-23.652027,-23.052088,seed28391.png
18.445742,-3.8316877,seed28392.png
-37.32317,3.9435055,seed28393.png
11.941707,2.71149,seed28394.png
30.039946,17.58632,seed28395.png
-31.987705,24.50129,seed28396.png
25.404581,20.449196,seed28397.png
-31.752203,6.271895,seed28398.png
33.4629,26.82517,seed28399.png
14.125652,-0.5530194,seed2840.png
35.83647,3.9452932,seed28400.png
5.6826887,-27.20474,seed28401.png
-36.611435,12.437969,seed28402.png
-32.86383,20.327183,seed28403.png
36.903175,17.13542,seed28404.png
-1.7172657,8.925524,seed28405.png
13.354419,5.9950676,seed28406.png
-23.75135,-27.711006,seed28407.png
35.95633,12.756103,seed28408.png
15.292533,7.5742536,seed28409.png
-9.551114,-15.0880575,seed2841.png
-34.773872,27.996094,seed28410.png
40.222305,16.925928,seed28411.png
10.884703,-43.46912,seed28412.png
29.403103,18.382399,seed28413.png
-10.932762,-5.43417,seed28414.png
-33.965065,26.234993,seed28415.png
-19.045286,-11.208797,seed28416.png
-30.297197,5.0432734,seed28417.png
-16.9843,-25.303959,seed28418.png
-20.225578,11.191585,seed28419.png
-9.15986,-4.4511065,seed2842.png
34.86452,1.1578846,seed28420.png
-6.341427,-23.576653,seed28421.png
27.609404,16.027998,seed28422.png
41.179684,23.816015,seed28423.png
28.037188,4.2637124,seed28424.png
20.757881,16.72461,seed28425.png
3.899683,16.396872,seed28426.png
-9.372928,-24.78012,seed28427.png
0.28195283,-15.58573,seed28428.png
15.665817,12.753356,seed28429.png
3.1518884,19.608429,seed2843.png
-20.771797,11.566027,seed28430.png
-7.8057795,2.781428,seed28431.png
-7.9633956,6.3353863,seed28432.png
9.768933,22.36809,seed28433.png
20.256012,14.134124,seed28434.png
15.9493065,1.0755002,seed28435.png
28.46968,26.768879,seed28436.png
-15.129201,-28.025671,seed28437.png
-15.693808,-18.200222,seed28438.png
-9.885467,-10.390335,seed28439.png
-17.475523,-5.656679,seed2844.png
13.744623,12.014313,seed28440.png
-27.303816,7.7366815,seed28441.png
23.24236,3.3017979,seed28442.png
33.515785,12.917372,seed28443.png
11.024449,-42.11025,seed28444.png
-28.837408,1.2117538,seed28445.png
7.110655,-28.684969,seed28446.png
-20.071442,13.573522,seed28447.png
32.254494,6.7867055,seed28448.png
4.3652387,-27.41104,seed28449.png
-0.38621104,22.058496,seed2845.png
18.610254,-7.1337814,seed28450.png
-26.669434,-10.004842,seed28451.png
-17.731277,-27.07741,seed28452.png
6.5655465,22.41731,seed28453.png
-22.7787,11.294893,seed28454.png
34.16063,6.0920997,seed28455.png
-34.29496,6.040011,seed28456.png
22.978018,15.887697,seed28457.png
-1.501827,19.569122,seed28458.png
15.552126,18.93965,seed28459.png
13.376825,-25.268143,seed2846.png
-19.192596,4.7967544,seed28460.png
-9.6264515,-20.579254,seed28461.png
16.241247,2.536499,seed28462.png
1.3852855,4.5815454,seed28463.png
-17.23939,-7.3044147,seed28464.png
37.67693,16.563995,seed28465.png
14.362045,15.086148,seed28466.png
15.573655,8.95057,seed28467.png
-15.431257,-25.940603,seed28468.png
-23.560034,5.0446544,seed28469.png
21.209612,4.3094053,seed2847.png
-22.355957,-28.42879,seed28470.png
-21.922178,-27.103832,seed28471.png
-19.24104,3.016503,seed28472.png
6.2568226,6.5740104,seed28473.png
11.274633,8.0528345,seed28474.png
-33.49176,-10.092643,seed28475.png
-15.699149,-27.31592,seed28476.png
7.251988,17.115303,seed28477.png
31.040884,21.880817,seed28478.png
-20.55225,16.149282,seed28479.png
-14.639263,-16.84562,seed2848.png
37.617725,23.996956,seed28480.png
36.533142,4.379889,seed28481.png
15.560816,16.823082,seed28482.png
18.145569,24.258562,seed28483.png
7.769003,-8.841064,seed28484.png
16.374002,19.804874,seed28485.png
5.7853746,20.117302,seed28486.png
30.747496,11.46429,seed28487.png
-21.152365,3.565918,seed28488.png
1.249469,-23.413044,seed28489.png
12.28442,-1.7264186,seed2849.png
37.35903,21.696217,seed28490.png
-27.618738,17.52147,seed28491.png
35.40693,13.109304,seed28492.png
38.188538,17.672325,seed28493.png
-19.79697,-18.755207,seed28494.png
-22.06314,-20.767136,seed28495.png
12.2047,17.161474,seed28496.png
-21.170845,12.315075,seed28497.png
12.586892,15.265856,seed28498.png
33.143116,10.281974,seed28499.png
10.435049,-32.367588,seed2850.png
3.7089338,16.104382,seed28500.png
-3.4855075,-13.935816,seed28501.png
-15.198979,-4.488771,seed28502.png
13.742382,23.450392,seed28503.png
7.144011,22.697493,seed28504.png
-0.19432248,-1.647005,seed28505.png
6.847353,13.575628,seed28506.png
-17.886848,-3.3600824,seed28507.png
-4.442523,-3.3385086,seed28508.png
34.14704,28.048235,seed28509.png
35.461388,9.0721035,seed2851.png
29.99354,4.0012093,seed28510.png
-8.620921,-16.625906,seed28511.png
26.166443,21.7608,seed28512.png
-22.290537,7.7992134,seed28513.png
-20.413935,-5.464625,seed28514.png
-19.501919,-21.980453,seed28515.png
-29.840395,0.80909216,seed28516.png
29.831425,21.718134,seed28517.png
-18.609285,3.735219,seed28518.png
20.113684,19.655872,seed28519.png
23.377924,-2.3375542,seed2852.png
4.565236,-29.95598,seed28520.png
6.0631523,0.76279974,seed28521.png
-11.338107,-5.2927914,seed28522.png
6.4182086,10.67663,seed28523.png
-23.027634,18.454496,seed28524.png
-33.03427,13.258042,seed28525.png
-24.15162,5.365755,seed28526.png
23.738718,10.678847,seed28527.png
18.110708,14.945794,seed28528.png
-28.195787,13.73805,seed28529.png
-3.6981237,-22.095295,seed2853.png
0.2160501,-11.794585,seed28530.png
12.439054,-30.791521,seed28531.png
-31.944197,17.164522,seed28532.png
31.339752,13.495648,seed28533.png
16.995924,21.554453,seed28534.png
10.581039,6.225224,seed28535.png
-31.249933,11.367461,seed28536.png
36.16228,15.761716,seed28537.png
-31.741463,26.177055,seed28538.png
10.221639,28.471663,seed28539.png
-1.9671513,15.265214,seed2854.png
-21.150139,11.005178,seed28540.png
23.683289,-7.334291,seed28541.png
-5.6416264,-9.8001,seed28542.png
10.68475,-28.627842,seed28543.png
29.272474,8.63341,seed28544.png
23.45348,-7.9948134,seed28545.png
19.254425,-4.5119743,seed28546.png
-29.411015,-2.930395,seed28547.png
11.692987,-38.02224,seed28548.png
18.272505,6.27176,seed28549.png
22.825237,20.302008,seed2855.png
13.405578,-23.072424,seed28550.png
-9.784079,-21.922884,seed28551.png
-30.2969,14.584301,seed28552.png
16.8847,-33.93672,seed28553.png
-20.462803,-6.0493207,seed28554.png
-4.5590577,15.276667,seed28555.png
-12.644366,-4.1692038,seed28556.png
17.86904,-35.85848,seed28557.png
-22.416903,-2.87144,seed28558.png
12.0763035,-6.93003,seed28559.png
-21.053295,-3.4746032,seed2856.png
7.803371,-28.646486,seed28560.png
24.316895,1.412825,seed28561.png
-29.589762,-6.4822125,seed28562.png
13.606808,27.549246,seed28563.png
36.04672,16.933275,seed28564.png
7.756045,-42.08003,seed28565.png
-13.901597,-24.772114,seed28566.png
-8.103747,-15.678858,seed28567.png
-23.607088,5.2093487,seed28568.png
-24.03567,-5.682188,seed28569.png
-15.774276,-3.728389,seed2857.png
30.307459,26.517887,seed28570.png
21.45873,21.20739,seed28571.png
22.091772,21.612495,seed28572.png
30.1551,2.0749063,seed28573.png
-31.290854,12.240361,seed28574.png
21.09226,-3.7541828,seed28575.png
14.906478,2.402377,seed28576.png
4.544098,-36.413597,seed28577.png
17.180511,14.193584,seed28578.png
-0.932955,16.015736,seed28579.png
23.681585,8.99972,seed2858.png
9.342719,-41.560787,seed28580.png
13.621333,-40.321705,seed28581.png
29.764801,3.344592,seed28582.png
1.7423208,19.368309,seed28583.png
27.717386,17.473478,seed28584.png
24.852324,-6.451104,seed28585.png
12.907428,-1.1844417,seed28586.png
6.176034,-27.082047,seed28587.png
-7.6364503,-19.180916,seed28588.png
31.768162,8.941876,seed28589.png
9.563261,-40.27282,seed2859.png
-12.700277,-29.527174,seed28590.png
-25.560066,-19.014177,seed28591.png
-26.902847,13.75515,seed28592.png
-0.7189852,-26.731276,seed28593.png
0.9016618,16.266333,seed28594.png
15.159698,-31.254955,seed28595.png
-35.435593,22.09167,seed28596.png
29.442825,15.9450655,seed28597.png
4.465274,19.42567,seed28598.png
-33.723606,22.448336,seed28599.png
-21.775173,0.32481048,seed2860.png
-17.237978,-22.65479,seed28600.png
-30.293623,9.438033,seed28601.png
-20.06113,-28.485422,seed28602.png
20.771864,-5.2666903,seed28603.png
-29.93266,-2.1550057,seed28604.png
30.39096,25.994423,seed28605.png
-1.8514774,13.994605,seed28606.png
3.8483777,-12.983361,seed28607.png
11.125424,-36.016563,seed28608.png
5.9508805,9.584453,seed28609.png
-20.132309,-1.0576853,seed2861.png
11.093656,-35.01415,seed28610.png
24.457247,19.030716,seed28611.png
-16.5513,-17.344307,seed28612.png
-38.112057,12.722867,seed28613.png
19.794237,2.0668213,seed28614.png
39.233486,22.767036,seed28615.png
-19.608698,7.397248,seed28616.png
-19.208578,-19.833113,seed28617.png
31.807215,28.56151,seed28618.png
28.81433,2.9001994,seed28619.png
-26.122118,14.251345,seed2862.png
-0.6437434,-0.82261926,seed28620.png
-0.8301171,-13.818986,seed28621.png
-15.4428215,-16.087093,seed28622.png
23.96478,1.8512397,seed28623.png
20.082777,11.904124,seed28624.png
-11.028987,-16.08755,seed28625.png
8.14189,-6.3774557,seed28626.png
11.355241,-1.5102538,seed28627.png
-16.353855,-4.919612,seed28628.png
-12.729607,-15.013362,seed28629.png
29.762632,13.235487,seed2863.png
28.498287,24.797005,seed28630.png
-27.400042,-8.023088,seed28631.png
18.766478,-6.2085595,seed28632.png
12.3771305,11.556638,seed28633.png
11.842842,-31.76813,seed28634.png
36.191483,22.089636,seed28635.png
15.288733,27.617456,seed28636.png
-19.877487,-15.656166,seed28637.png
-33.044487,9.474387,seed28638.png
-36.23872,9.341571,seed28639.png
-25.046072,-10.781916,seed2864.png
-4.8819213,1.3846618,seed28640.png
-27.426638,0.15673345,seed28641.png
37.2083,11.834787,seed28642.png
25.895166,24.031147,seed28643.png
-22.394505,16.112707,seed28644.png
-2.9600353,13.284614,seed28645.png
16.49144,-10.673953,seed28646.png
17.032625,-8.533494,seed28647.png
28.760223,21.648045,seed28648.png
-9.565042,-17.595804,seed28649.png
18.092627,-8.633508,seed2865.png
-27.210077,-15.6619005,seed28650.png
-6.0773015,-18.508224,seed28651.png
10.559597,-42.73611,seed28652.png
3.9677901,-35.27232,seed28653.png
-11.978434,1.4576719,seed28654.png
-9.903422,-27.873833,seed28655.png
10.410041,21.16959,seed28656.png
-29.588707,2.6907659,seed28657.png
7.96938,22.858889,seed28658.png
-32.553864,26.35209,seed28659.png
-32.17799,20.669243,seed2866.png
31.186758,9.628586,seed28660.png
-10.143006,-11.540649,seed28661.png
18.262348,-7.804234,seed28662.png
21.336725,-3.4320743,seed28663.png
35.12337,4.3355985,seed28664.png
-0.8062277,-14.150007,seed28665.png
13.611228,-41.652756,seed28666.png
0.06712138,17.934107,seed28667.png
30.72136,13.180923,seed28668.png
34.362816,9.888668,seed28669.png
31.92496,17.647852,seed2867.png
-4.326761,2.797112,seed28670.png
-22.461042,-17.952072,seed28671.png
-37.47903,13.277149,seed28672.png
-10.799981,-5.3546295,seed28673.png
-22.30937,-13.651008,seed28674.png
18.992582,22.291471,seed28675.png
10.866334,22.989933,seed28676.png
-13.1959095,-8.409116,seed28677.png
20.075851,21.144432,seed28678.png
38.621822,24.546621,seed28679.png
2.9535651,16.549067,seed2868.png
11.995617,22.868069,seed28680.png
8.40151,17.703983,seed28681.png
38.552467,23.417551,seed28682.png
-15.861475,9.519744,seed28683.png
-13.579496,-3.7893758,seed28684.png
10.941978,-3.4992218,seed28685.png
30.629969,6.8423777,seed28686.png
11.058017,5.7791233,seed28687.png
-13.62326,-3.5110984,seed28688.png
-8.243473,-1.2126124,seed28689.png
-31.899513,7.1012826,seed2869.png
-32.514263,11.969706,seed28690.png
9.197363,29.73229,seed28691.png
23.154598,20.391243,seed28692.png
-0.858099,7.9613075,seed28693.png
39.06573,15.984374,seed28694.png
6.7137227,-29.420244,seed28695.png
20.451567,-4.7524123,seed28696.png
-30.198362,10.738596,seed28697.png
-7.2582603,9.4198065,seed28698.png
24.514715,9.836696,seed28699.png
25.142944,0.39803728,seed2870.png
-33.677795,26.225225,seed28700.png
2.8144112,-11.439198,seed28701.png
4.237788,11.0671215,seed28702.png
-9.046434,-8.7686205,seed28703.png
33.03905,6.434464,seed28704.png
-5.5431714,3.8320448,seed28705.png
-17.946548,6.7305336,seed28706.png
-7.8200307,12.460109,seed28707.png
15.678683,-38.457886,seed28708.png
-11.722906,-20.031736,seed28709.png
7.394546,-23.858994,seed2871.png
-22.207672,12.344202,seed28710.png
19.573223,24.78566,seed28711.png
-3.5574977,-8.419677,seed28712.png
-15.077021,-20.256582,seed28713.png
8.508133,22.245182,seed28714.png
36.735126,18.413692,seed28715.png
16.068115,23.750757,seed28716.png
35.999996,11.381359,seed28717.png
24.522245,16.5617,seed28718.png
7.1507125,-33.191032,seed28719.png
-14.710799,-17.568537,seed2872.png
-31.954065,-1.5550823,seed28720.png
12.020386,23.888515,seed28721.png
-28.240166,-10.105809,seed28722.png
-14.665569,-18.57814,seed28723.png
-26.948786,0.67945683,seed28724.png
-35.626106,-0.3159102,seed28725.png
-33.567883,14.768402,seed28726.png
-19.764587,-5.7261014,seed28727.png
5.3008094,-34.60285,seed28728.png
16.189657,-31.076326,seed28729.png
-17.844099,-1.1621104,seed2873.png
-28.821064,9.145364,seed28730.png
6.955117,1.197197,seed28731.png
7.318844,10.638621,seed28732.png
-36.99964,24.616344,seed28733.png
-31.459545,-3.3871236,seed28734.png
27.102085,2.076073,seed28735.png
-31.71485,-13.103347,seed28736.png
20.497961,27.70273,seed28737.png
-14.211858,-13.337712,seed28738.png
2.5035932,-11.656352,seed28739.png
-18.096703,-7.170278,seed2874.png
3.6193337,7.8335423,seed28740.png
20.559587,15.807542,seed28741.png
8.119846,16.76339,seed28742.png
-16.33791,-17.596127,seed28743.png
9.260241,0.4890706,seed28744.png
-19.08409,-26.263182,seed28745.png
-7.2193594,-21.536657,seed28746.png
-16.576376,-27.965574,seed28747.png
-25.013945,6.6768622,seed28748.png
-14.571635,-13.054942,seed28749.png
7.4741426,8.470621,seed2875.png
-15.136553,-29.810719,seed28750.png
-7.7523904,-15.579326,seed28751.png
8.445004,2.7935722,seed28752.png
11.724749,0.84719175,seed28753.png
10.199411,-29.443253,seed28754.png
16.495817,-1.3542752,seed28755.png
-31.102154,-21.373188,seed28756.png
11.964836,-31.832691,seed28757.png
-31.695183,-2.1120162,seed28758.png
-11.70775,-22.807245,seed28759.png
-17.268307,-27.767647,seed2876.png
-27.644411,-22.954813,seed28760.png
-23.85411,13.559353,seed28761.png
-2.1841152,-12.696707,seed28762.png
23.752058,1.4290911,seed28763.png
8.768616,-15.399326,seed28764.png
12.823196,23.534687,seed28765.png
9.781342,22.93873,seed28766.png
11.2483835,-38.82148,seed28767.png
41.12075,15.6336355,seed28768.png
11.418504,-27.267988,seed28769.png
40.988503,21.346088,seed2877.png
-19.131708,6.96574,seed28770.png
-37.772285,15.807505,seed28771.png
-13.360141,-7.169614,seed28772.png
21.624249,13.466704,seed28773.png
-16.824453,-22.88838,seed28774.png
-3.7771792,16.107468,seed28775.png
16.9885,12.188345,seed28776.png
-14.321694,-7.0481687,seed28777.png
32.523247,18.992363,seed28778.png
14.12447,7.4362526,seed28779.png
16.108088,29.179081,seed2878.png
-22.652245,-8.292246,seed28780.png
-28.778208,-0.5393001,seed28781.png
6.72619,10.337799,seed28782.png
6.123024,-6.983437,seed28783.png
12.709275,-30.527145,seed28784.png
-19.852987,-11.779172,seed28785.png
19.127708,10.476738,seed28786.png
12.358014,-40.106552,seed28787.png
8.007979,-0.12440542,seed28788.png
32.57328,7.9525905,seed28789.png
30.46099,2.2076926,seed2879.png
25.620037,2.381555,seed28790.png
-18.543661,-27.796743,seed28791.png
12.774337,21.705946,seed28792.png
8.046581,0.51405895,seed28793.png
-12.1185465,-15.755254,seed28794.png
-15.847434,-22.423996,seed28795.png
12.087243,-3.500371,seed28796.png
-33.020718,23.93778,seed28797.png
8.907229,13.929217,seed28798.png
-30.832554,12.691772,seed28799.png
3.7030842,-7.3584785,seed2880.png
30.225832,1.1727458,seed28800.png
9.0492525,16.98042,seed28801.png
17.597876,-2.0128903,seed28802.png
-18.713917,-7.033869,seed28803.png
17.028963,3.0904024,seed28804.png
-26.507275,3.1439872,seed28805.png
20.50701,23.317192,seed28806.png
-25.064327,-0.77773124,seed28807.png
37.95749,21.187376,seed28808.png
26.63774,27.133211,seed28809.png
-14.290679,-14.600967,seed2881.png
-33.994843,26.18932,seed28810.png
3.6347885,-23.676273,seed28811.png
7.616529,23.778109,seed28812.png
-21.300663,14.819635,seed28813.png
-9.800359,-18.35119,seed28814.png
-29.648012,-12.831351,seed28815.png
-21.010983,11.705549,seed28816.png
17.407642,20.891174,seed28817.png
27.620493,8.898699,seed28818.png
-10.121135,-7.045051,seed28819.png
22.997238,-1.0478518,seed2882.png
10.64175,5.9619174,seed28820.png
6.9439473,-23.952179,seed28821.png
18.541456,-9.94505,seed28822.png
-18.075356,-22.724594,seed28823.png
-10.789223,1.4772002,seed28824.png
-12.654698,10.784281,seed28825.png
4.255724,-26.83162,seed28826.png
14.761824,-1.2261796,seed28827.png
-1.5136065,-10.673796,seed28828.png
-21.551216,18.231398,seed28829.png
6.7289276,-2.6517444,seed2883.png
9.620319,18.21503,seed28830.png
30.423721,17.220297,seed28831.png
-18.76922,13.055157,seed28832.png
-23.313448,2.8775997,seed28833.png
-14.611356,0.53695345,seed28834.png
-27.669996,-4.026193,seed28835.png
6.1782417,17.04652,seed28836.png
16.233515,3.0842633,seed28837.png
-19.419378,16.423399,seed28838.png
-20.409756,4.3010635,seed28839.png
23.92139,6.820789,seed2884.png
28.125158,19.28777,seed28840.png
-17.385824,-29.796307,seed28841.png
30.303474,5.6073565,seed28842.png
-8.242946,4.492519,seed28843.png
12.164315,-32.05781,seed28844.png
8.912002,-26.363354,seed28845.png
-32.80038,20.486565,seed28846.png
2.7333498,-26.580555,seed28847.png
-14.464057,-25.421059,seed28848.png
17.36772,24.547628,seed28849.png
-1.1675982,-14.869186,seed2885.png
18.445478,20.133497,seed28850.png
-29.80957,20.9621,seed28851.png
-0.5235345,10.313136,seed28852.png
39.5788,8.264491,seed28853.png
18.498436,27.232286,seed28854.png
20.660118,25.436802,seed28855.png
2.425687,13.305096,seed28856.png
9.690992,-38.498657,seed28857.png
10.650468,-43.480324,seed28858.png
-17.328144,-11.678478,seed28859.png
-29.137194,-10.705464,seed2886.png
30.189287,9.774517,seed28860.png
7.4191957,7.480125,seed28861.png
15.58822,29.504766,seed28862.png
-13.819352,-6.843609,seed28863.png
12.21727,-8.496077,seed28864.png
8.474862,-28.404284,seed28865.png
-2.0605242,25.235727,seed28866.png
31.92768,8.611902,seed28867.png
-7.720328,-17.789062,seed28868.png
-25.516747,4.8052063,seed28869.png
-20.501451,-11.173998,seed2887.png
-31.01083,13.957338,seed28870.png
-23.352592,-28.688631,seed28871.png
8.658144,-26.416172,seed28872.png
-24.131424,3.5406187,seed28873.png
5.9743075,24.001976,seed28874.png
-8.372953,1.2470511,seed28875.png
-2.2178493,-10.887777,seed28876.png
3.9707217,17.439762,seed28877.png
6.078198,-7.2327447,seed28878.png
13.196775,8.337027,seed28879.png
-17.64486,-27.498755,seed2888.png
-34.302536,8.695286,seed28880.png
11.310882,26.131948,seed28881.png
-26.511671,9.12965,seed28882.png
13.984034,-36.22711,seed28883.png
-14.235993,-31.164368,seed28884.png
-13.375125,-7.980067,seed28885.png
9.12698,-30.461668,seed28886.png
-19.802628,-30.308657,seed28887.png
24.698713,14.165391,seed28888.png
-10.572468,-6.7211647,seed28889.png
19.417591,23.205933,seed2889.png
-35.741455,17.269056,seed28890.png
-16.811653,-17.345535,seed28891.png
-6.0819507,-14.813456,seed28892.png
-20.950722,-15.463887,seed28893.png
-28.93763,21.791168,seed28894.png
-22.307034,0.5294322,seed28895.png
-0.3306519,12.823766,seed28896.png
18.470583,3.6388054,seed28897.png
14.484803,-36.674164,seed28898.png
11.97619,-34.45892,seed28899.png
-33.260918,-8.165838,seed2890.png
20.81753,-5.635804,seed28900.png
-25.371372,10.885264,seed28901.png
34.29045,6.734254,seed28902.png
17.791069,26.533562,seed28903.png
-17.217619,-14.815437,seed28904.png
7.609568,8.3850155,seed28905.png
15.301958,25.285818,seed28906.png
0.55932933,-3.565949,seed28907.png
0.11551063,2.6634254,seed28908.png
10.844665,27.521492,seed28909.png
-23.591375,6.7628326,seed2891.png
-24.576294,-21.56686,seed28910.png
0.6881876,-26.207903,seed28911.png
-33.27289,10.10871,seed28912.png
-0.50392413,-9.027662,seed28913.png
0.26236984,12.073809,seed28914.png
-6.7009506,-8.905837,seed28915.png
-22.946285,7.068703,seed28916.png
-22.889307,-8.399901,seed28917.png
2.1551547,-33.02968,seed28918.png
-22.92068,6.2260256,seed28919.png
-21.576693,-6.9438696,seed2892.png
-0.3788704,-16.712194,seed28920.png
-19.51926,-22.875523,seed28921.png
-21.313047,10.331321,seed28922.png
-14.156208,-3.3444266,seed28923.png
-30.154716,-11.505523,seed28924.png
12.871568,24.433935,seed28925.png
24.535883,18.113842,seed28926.png
-1.0321668,-16.447813,seed28927.png
-35.141685,-3.9315736,seed28928.png
-33.631714,4.073228,seed28929.png
-31.517328,5.309592,seed2893.png
14.703341,28.81433,seed28930.png
21.47203,-1.590844,seed28931.png
10.487318,14.393032,seed28932.png
10.192941,-5.875508,seed28933.png
-14.892526,-24.343214,seed28934.png
-17.324091,-3.971501,seed28935.png
-20.23499,-10.041532,seed28936.png
-17.430801,-18.841112,seed28937.png
28.07244,26.96136,seed28938.png
-30.265808,4.7147856,seed28939.png
3.6617072,13.571133,seed2894.png
2.0396569,-17.70909,seed28940.png
-23.462584,-15.845035,seed28941.png
-15.919031,-29.429558,seed28942.png
29.857292,24.382381,seed28943.png
-15.061357,11.333171,seed28944.png
13.783835,21.654058,seed28945.png
19.256275,0.16005415,seed28946.png
5.5393066,-33.59645,seed28947.png
0.6427957,-14.307808,seed28948.png
32.271656,27.038092,seed28949.png
23.902012,-3.0724869,seed2895.png
-20.28687,-1.128996,seed28950.png
10.143637,-4.399394,seed28951.png
16.513205,9.355661,seed28952.png
12.607907,27.161795,seed28953.png
-34.724384,9.809249,seed28954.png
18.723621,25.437664,seed28955.png
-13.522519,-10.539055,seed28956.png
30.808687,15.07938,seed28957.png
-28.370552,-9.255587,seed28958.png
2.9841118,-14.94011,seed28959.png
-22.20745,-15.3255415,seed2896.png
10.216791,-7.277183,seed28960.png
-14.586139,-6.6530004,seed28961.png
-11.250276,-16.040453,seed28962.png
-18.586477,-9.713811,seed28963.png
-20.016327,1.0174257,seed28964.png
41.571728,21.564583,seed28965.png
20.07927,7.924943,seed28966.png
-30.76883,-1.3211763,seed28967.png
16.195658,-0.47012454,seed28968.png
-7.340353,-24.423388,seed28969.png
-0.42442417,10.906032,seed2897.png
17.173027,26.074432,seed28970.png
6.5969505,-26.764065,seed28971.png
-4.1409445,-4.1291857,seed28972.png
-14.346403,-13.158084,seed28973.png
1.9939251,-13.793277,seed28974.png
-20.560652,-17.45555,seed28975.png
21.92073,23.004614,seed28976.png
37.07202,22.819105,seed28977.png
-12.668469,5.4449863,seed28978.png
-24.808216,3.6190002,seed28979.png
-2.1458588,-24.586136,seed2898.png
27.539577,4.1028686,seed28980.png
-2.827053,12.172603,seed28981.png
27.516062,17.509226,seed28982.png
-6.2912602,-20.924496,seed28983.png
22.239174,-6.3411813,seed28984.png
-15.986476,-26.279675,seed28985.png
-16.467829,-25.417664,seed28986.png
-34.01377,-2.301103,seed28987.png
-26.710709,0.6877303,seed28988.png
12.208218,-42.5849,seed28989.png
-15.255347,-9.803283,seed2899.png
-31.39419,12.328588,seed28990.png
14.075657,-8.544646,seed28991.png
29.309357,4.246343,seed28992.png
4.1231027,-37.127007,seed28993.png
-17.284315,1.8542616,seed28994.png
-26.332052,15.550618,seed28995.png
25.201136,2.0298572,seed28996.png
13.097748,20.616558,seed28997.png
5.2228055,8.8039,seed28998.png
31.50621,28.38816,seed28999.png
2.1374047,1.8582398,seed2900.png
9.0973835,0.7500387,seed29000.png
26.204191,0.60222536,seed29001.png
31.738255,28.143316,seed29002.png
14.085295,23.04134,seed29003.png
-12.936051,-21.548777,seed29004.png
-10.581437,-21.627527,seed29005.png
-14.969919,6.661724,seed29006.png
19.5339,2.4363074,seed29007.png
11.469135,-4.8051586,seed29008.png
24.318403,3.1081583,seed29009.png
-19.407866,19.485489,seed2901.png
14.807164,8.002012,seed29010.png
3.5807567,15.79438,seed29011.png
22.250574,5.180994,seed29012.png
9.129735,19.893255,seed29013.png
-0.016447015,-0.4726488,seed29014.png
18.332844,12.892059,seed29015.png
34.114517,10.134001,seed29016.png
-17.942793,-12.415786,seed29017.png
15.65288,7.5870175,seed29018.png
9.700261,9.847452,seed29019.png
-2.4261503,-11.322904,seed2902.png
10.988784,-1.9584215,seed29020.png
29.98517,10.669356,seed29021.png
34.636612,26.408018,seed29022.png
18.356958,25.562279,seed29023.png
-32.090164,23.98638,seed29024.png
-19.496552,5.544923,seed29025.png
-2.6283686,-1.3370711,seed29026.png
11.222293,-5.6803255,seed29027.png
-8.3978,-6.5553517,seed29028.png
20.261988,18.537521,seed29029.png
-13.222466,-26.984554,seed2903.png
-0.43763196,-27.097948,seed29030.png
-22.1007,-15.709415,seed29031.png
31.807585,25.932066,seed29032.png
18.88666,2.0307257,seed29033.png
-14.735381,-27.029211,seed29034.png
-21.428139,4.7572494,seed29035.png
-2.3114254,6.11757,seed29036.png
13.01337,2.6445441,seed29037.png
2.7905529,-21.405382,seed29038.png
1.2768818,13.669531,seed29039.png
22.165583,4.1143146,seed2904.png
11.966998,-33.63062,seed29040.png
32.472443,17.843994,seed29041.png
12.889682,-6.5748763,seed29042.png
9.442055,-1.7095103,seed29043.png
-23.660172,-26.17207,seed29044.png
-29.350946,4.7221446,seed29045.png
25.359703,17.384516,seed29046.png
-14.518862,2.7703414,seed29047.png
-21.10841,8.837617,seed29048.png
-30.76285,18.351147,seed29049.png
27.352827,16.821234,seed2905.png
9.918533,-41.960186,seed29050.png
8.67385,14.457831,seed29051.png
-33.302696,9.683085,seed29052.png
-33.307808,24.431496,seed29053.png
14.873787,22.007557,seed29054.png
11.537384,-29.664238,seed29055.png
-6.722214,13.709998,seed29056.png
12.455155,-35.94665,seed29057.png
-18.696941,-9.374497,seed29058.png
23.851274,18.891628,seed29059.png
12.504637,-20.366459,seed2906.png
-34.43577,24.202135,seed29060.png
11.112617,24.786955,seed29061.png
25.700785,5.172975,seed29062.png
21.271765,-8.688313,seed29063.png
-29.833746,-18.529167,seed29064.png
-6.001005,3.3022966,seed29065.png
-19.071716,-21.375204,seed29066.png
-16.52108,-26.020615,seed29067.png
-30.303413,10.185797,seed29068.png
-18.301855,-2.8878293,seed29069.png
-27.144812,-12.014073,seed2907.png
-25.613043,13.803638,seed29070.png
-21.593973,-19.062302,seed29071.png
-0.42712587,3.3739448,seed29072.png
37.20751,15.14975,seed29073.png
-18.595888,-17.358475,seed29074.png
20.45699,9.545011,seed29075.png
27.557789,9.024923,seed29076.png
-24.197536,13.260106,seed29077.png
19.747822,1.2629029,seed29078.png
-32.105675,-3.256966,seed29079.png
11.597703,-21.938421,seed2908.png
11.79366,-6.987112,seed29080.png
41.06149,13.083447,seed29081.png
-37.760674,16.060696,seed29082.png
-18.526276,6.745966,seed29083.png
-33.355736,9.768252,seed29084.png
18.272371,24.994421,seed29085.png
-28.55873,-8.464147,seed29086.png
30.318872,28.631346,seed29087.png
16.590675,21.767323,seed29088.png
-34.748554,12.169059,seed29089.png
8.931124,-37.30648,seed2909.png
-10.816064,0.7908426,seed29090.png
28.202717,6.4188547,seed29091.png
15.666376,10.331189,seed29092.png
17.925682,-1.5827389,seed29093.png
16.859486,1.4217495,seed29094.png
33.885517,19.284777,seed29095.png
7.6088643,-35.90439,seed29096.png
-0.2150284,21.101667,seed29097.png
13.765731,-6.36051,seed29098.png
7.75093,9.149601,seed29099.png
26.327011,12.792505,seed2910.png
-23.289711,-4.0883446,seed29100.png
26.05133,-3.2077596,seed29101.png
-14.738575,5.775476,seed29102.png
35.754436,8.140295,seed29103.png
13.105205,14.988216,seed29104.png
-32.59896,15.715541,seed29105.png
-25.74923,-7.9680495,seed29106.png
21.38688,24.653492,seed29107.png
-25.812714,4.2432795,seed29108.png
10.965115,26.121977,seed29109.png
2.1102314,21.995775,seed2911.png
11.335996,26.780123,seed29110.png
30.264502,13.56012,seed29111.png
36.783474,22.89588,seed29112.png
3.8950436,8.268736,seed29113.png
36.67008,22.08401,seed29114.png
5.1427584,-38.832775,seed29115.png
7.3235064,-39.929974,seed29116.png
28.660492,10.851408,seed29117.png
27.067965,6.4153285,seed29118.png
-35.17268,-5.8144045,seed29119.png
-4.5544066,-18.888416,seed2912.png
-15.968095,5.9701724,seed29120.png
-21.814276,17.303436,seed29121.png
-10.157432,-11.909049,seed29122.png
-12.473373,-28.50506,seed29123.png
11.925921,14.17274,seed29124.png
-20.478897,-0.6799631,seed29125.png
-31.582739,19.231325,seed29126.png
-8.600308,-18.872646,seed29127.png
31.561554,18.65518,seed29128.png
35.48928,12.538691,seed29129.png
-16.174387,-2.4827697,seed2913.png
11.171366,-24.936071,seed29130.png
27.113249,-2.4237776,seed29131.png
-32.866047,3.7809606,seed29132.png
-15.075003,-6.4594507,seed29133.png
8.73857,0.82399017,seed29134.png
0.42715117,-18.510786,seed29135.png
-24.537373,-17.727772,seed29136.png
2.4853923,14.835079,seed29137.png
21.762203,3.0747976,seed29138.png
-22.123163,-19.091316,seed29139.png
10.877417,-33.464493,seed2914.png
37.014473,19.187754,seed29140.png
19.0483,-5.5983324,seed29141.png
-24.03652,9.682595,seed29142.png
8.428741,-9.002362,seed29143.png
-31.457808,12.02328,seed29144.png
16.369112,20.97041,seed29145.png
37.377766,24.71068,seed29146.png
-16.681839,-11.812928,seed29147.png
0.6797495,19.902126,seed29148.png
31.531021,15.96578,seed29149.png
22.251282,15.162124,seed2915.png
-4.956158,-23.961277,seed29150.png
0.0817743,-12.780802,seed29151.png
11.926887,1.9496636,seed29152.png
5.952136,15.800645,seed29153.png
13.099411,-27.850422,seed29154.png
32.37565,23.772068,seed29155.png
-32.55961,17.5041,seed29156.png
1.2723936,1.4664103,seed29157.png
-34.916595,-6.2625136,seed29158.png
-20.171888,-8.452915,seed29159.png
-14.161851,-28.743864,seed2916.png
-13.571249,-3.1201763,seed29160.png
9.972292,-29.628166,seed29161.png
32.033257,11.6456785,seed29162.png
6.402219,-39.193954,seed29163.png
-21.449722,19.666971,seed29164.png
-18.78202,2.2129653,seed29165.png
16.207386,6.7544217,seed29166.png
12.628752,-14.364558,seed29167.png
-25.267263,12.994106,seed29168.png
28.111055,8.06422,seed29169.png
-33.29834,-3.560525,seed2917.png
16.75223,-34.316864,seed29170.png
-33.923477,23.467459,seed29171.png
21.67658,24.568434,seed29172.png
-18.204384,3.337785,seed29173.png
13.740952,-36.19568,seed29174.png
-21.396852,-19.491827,seed29175.png
-25.42751,-13.6720295,seed29176.png
12.388187,-37.208138,seed29177.png
16.596928,20.208113,seed29178.png
-33.889214,3.8403232,seed29179.png
14.942251,-29.31669,seed2918.png
16.12483,28.449272,seed29180.png
-22.88384,-5.1355004,seed29181.png
4.657554,21.16581,seed29182.png
26.570616,19.539553,seed29183.png
9.709294,-35.372467,seed29184.png
-21.64595,-13.950757,seed29185.png
-14.445261,-12.071287,seed29186.png
19.159342,24.101355,seed29187.png
38.640923,13.94982,seed29188.png
27.39236,28.057213,seed29189.png
30.633804,11.59776,seed2919.png
-13.925844,-5.8416243,seed29190.png
12.900445,3.5453572,seed29191.png
23.913832,-1.9189584,seed29192.png
-33.01084,10.456497,seed29193.png
14.756786,28.4733,seed29194.png
-31.632658,14.899275,seed29195.png
-10.6716795,-26.582308,seed29196.png
31.860157,9.660512,seed29197.png
-27.371681,14.732836,seed29198.png
-14.926128,2.133377,seed29199.png
-7.2275386,-24.179703,seed2920.png
-22.273926,5.3503213,seed29200.png
-6.2313952,9.501127,seed29201.png
-10.680596,-21.566442,seed29202.png
9.625716,3.4042683,seed29203.png
21.373116,-3.7282314,seed29204.png
26.41187,9.489355,seed29205.png
-21.696331,-9.288779,seed29206.png
-13.527106,2.4544916,seed29207.png
-20.577517,12.007143,seed29208.png
11.432503,-31.079422,seed29209.png
21.005661,21.368906,seed2921.png
18.02835,24.633137,seed29210.png
-1.6320798,24.305231,seed29211.png
20.323553,16.904442,seed29212.png
31.79077,29.130919,seed29213.png
7.2089396,-40.529533,seed29214.png
16.16731,10.383918,seed29215.png
-27.42683,-13.921876,seed29216.png
19.139433,-4.685125,seed29217.png
-31.210543,17.657827,seed29218.png
-18.39709,-8.3730955,seed29219.png
0.59580994,-6.5234456,seed2922.png
-27.15912,15.7355175,seed29220.png
-30.035559,12.309956,seed29221.png
-1.0265224,-4.2214622,seed29222.png
-12.420881,-22.046177,seed29223.png
21.720024,23.163322,seed29224.png
28.039883,22.045254,seed29225.png
-16.744143,-17.34533,seed29226.png
-16.264738,-18.945328,seed29227.png
15.737744,-36.94273,seed29228.png
-8.962886,-12.981933,seed29229.png
-19.889027,-6.493833,seed2923.png
8.61995,-37.49895,seed29230.png
7.401743,-34.003536,seed29231.png
39.03594,22.7007,seed29232.png
35.29078,18.888166,seed29233.png
21.04985,11.525694,seed29234.png
19.451836,-2.1673281,seed29235.png
-10.971208,-20.040045,seed29236.png
19.708666,-8.221829,seed29237.png
-14.068397,1.0968666,seed29238.png
-8.839283,-21.352848,seed29239.png
19.41278,-3.3859994,seed2924.png
19.804142,25.771189,seed29240.png
13.1573925,22.035027,seed29241.png
-17.437925,-15.367058,seed29242.png
38.21809,21.239508,seed29243.png
-34.236626,19.545233,seed29244.png
29.805584,11.34506,seed29245.png
-2.7932432,16.417418,seed29246.png
-11.235258,-12.588883,seed29247.png
-0.080552965,-15.810471,seed29248.png
-2.7581344,16.696915,seed29249.png
26.831776,4.1150627,seed2925.png
36.962902,8.827296,seed29250.png
25.73926,1.3347331,seed29251.png
33.68492,25.06611,seed29252.png
10.968756,-7.5458775,seed29253.png
-8.559788,-3.235053,seed29254.png
2.6408205,-17.344336,seed29255.png
-19.365599,16.472307,seed29256.png
23.338871,16.937807,seed29257.png
-22.492535,18.775951,seed29258.png
15.176547,7.02278,seed29259.png
26.655268,5.503802,seed2926.png
5.474382,-25.07647,seed29260.png
-1.6307862,-16.207872,seed29261.png
-35.034492,26.829863,seed29262.png
13.300646,15.037817,seed29263.png
-1.3051698,-12.130893,seed29264.png
-30.90737,-0.4393687,seed29265.png
-3.3140607,-12.8592,seed29266.png
19.329159,6.9986224,seed29267.png
22.179193,24.77877,seed29268.png
-35.328693,17.401085,seed29269.png
-22.085754,-0.032285936,seed2927.png
-28.372118,-7.573163,seed29270.png
11.546677,8.592323,seed29271.png
19.711655,16.240135,seed29272.png
-12.694168,-5.7405086,seed29273.png
-2.9549613,16.306534,seed29274.png
38.216995,10.04366,seed29275.png
-17.375467,-11.985204,seed29276.png
24.545921,10.540196,seed29277.png
-25.132055,8.777012,seed29278.png
-7.981676,-12.186361,seed29279.png
19.974508,-5.1198235,seed2928.png
36.06106,26.69813,seed29280.png
13.901668,-38.605064,seed29281.png
36.804157,14.888528,seed29282.png
31.27483,20.639793,seed29283.png
16.708334,-7.3897524,seed29284.png
-21.815498,-1.5545377,seed29285.png
10.905246,-41.45433,seed29286.png
-13.770196,-25.978678,seed29287.png
-18.862701,5.6481247,seed29288.png
14.446122,-32.13813,seed29289.png
-19.65689,-25.597857,seed2929.png
-0.84299994,-5.233957,seed29290.png
18.763216,23.760183,seed29291.png
5.541772,-31.680853,seed29292.png
-34.18175,-9.914982,seed29293.png
29.584848,3.1291547,seed29294.png
36.28977,21.78026,seed29295.png
2.7419467,0.86762714,seed29296.png
-28.203049,-8.363905,seed29297.png
-32.134075,-1.5406567,seed29298.png
-13.192372,-15.226081,seed29299.png
15.767587,-31.611294,seed2930.png
17.68941,19.023638,seed29300.png
3.9604726,6.4321256,seed29301.png
-0.830859,10.031776,seed29302.png
-12.717379,-25.832703,seed29303.png
14.261597,-41.670082,seed29304.png
-32.15248,12.832469,seed29305.png
-18.795296,-1.3453784,seed29306.png
-31.92418,6.722993,seed29307.png
-36.8452,23.883318,seed29308.png
-32.673016,18.380846,seed29309.png
-12.196817,-29.567627,seed2931.png
12.332317,25.983685,seed29310.png
-8.408439,-11.449891,seed29311.png
7.803298,-11.918219,seed29312.png
6.680208,-27.13133,seed29313.png
-12.694329,-24.620846,seed29314.png
-23.135204,6.754796,seed29315.png
-18.527199,-15.125579,seed29316.png
40.79271,23.207794,seed29317.png
11.726926,23.090725,seed29318.png
41.278774,20.169897,seed29319.png
-15.253071,-5.1003895,seed2932.png
29.046906,16.262678,seed29320.png
-31.754234,20.245195,seed29321.png
32.68978,0.75756365,seed29322.png
-6.781634,-3.9718578,seed29323.png
-28.418093,-2.5074677,seed29324.png
-10.27285,-17.150887,seed29325.png
11.231691,-38.02453,seed29326.png
-2.4757848,9.039117,seed29327.png
3.3798525,-34.198925,seed29328.png
31.37967,7.5405965,seed29329.png
15.272767,20.969053,seed2933.png
-1.301423,-27.313889,seed29330.png
-2.6753366,18.875929,seed29331.png
-20.442337,-28.536749,seed29332.png
23.234657,22.246855,seed29333.png
11.729767,-32.928905,seed29334.png
-0.894126,-2.1035337,seed29335.png
31.39743,0.8733154,seed29336.png
-8.482939,-7.002827,seed29337.png
13.359605,-37.672993,seed29338.png
-23.181242,-21.683266,seed29339.png
-13.439397,-8.79447,seed2934.png
6.8715234,-24.912487,seed29340.png
12.880617,29.482965,seed29341.png
-19.720655,3.05179,seed29342.png
3.3635066,-2.862129,seed29343.png
9.132158,-36.973736,seed29344.png
-30.687216,-10.9254265,seed29345.png
38.072926,19.669624,seed29346.png
-21.436518,0.98029774,seed29347.png
-16.64852,-22.674942,seed29348.png
-22.382914,12.150735,seed29349.png
-34.248383,5.600348,seed2935.png
0.113559164,20.165348,seed29350.png
-19.43066,8.379809,seed29351.png
8.092473,5.1708646,seed29352.png
21.73686,-5.087535,seed29353.png
-24.157824,-25.645266,seed29354.png
-11.391614,-3.9081504,seed29355.png
3.9154527,22.939798,seed29356.png
17.154043,24.540115,seed29357.png
-32.033733,21.874025,seed29358.png
-34.532448,8.569473,seed29359.png
4.98787,-31.247278,seed2936.png
-29.762854,-9.797341,seed29360.png
20.879446,-1.2815278,seed29361.png
21.867443,-5.4859715,seed29362.png
-33.320427,-14.679653,seed29363.png
-38.64785,12.382984,seed29364.png
-18.216654,-11.959005,seed29365.png
14.670418,9.332785,seed29366.png
-31.33567,-10.512102,seed29367.png
-37.391174,3.697109,seed29368.png
20.18124,15.722779,seed29369.png
-1.4027451,23.393766,seed2937.png
-17.047985,-6.8329062,seed29370.png
-29.888548,-2.5660145,seed29371.png
-13.543681,-7.8025417,seed29372.png
11.181736,-41.902313,seed29373.png
-25.377672,0.4319695,seed29374.png
4.832805,0.93796027,seed29375.png
-28.700048,-20.193127,seed29376.png
3.1402612,-29.112045,seed29377.png
39.340954,14.63652,seed29378.png
26.45021,22.47482,seed29379.png
10.641369,-40.118835,seed2938.png
-34.36712,18.53728,seed29380.png
11.3976965,12.158252,seed29381.png
-27.681696,7.0449343,seed29382.png
-30.15987,-8.026523,seed29383.png
-11.562948,10.509538,seed29384.png
1.7694335,-7.6444664,seed29385.png
-19.48157,-20.03818,seed29386.png
10.309277,2.9918542,seed29387.png
-18.961664,18.487652,seed29388.png
28.354233,12.355538,seed29389.png
-21.800055,-29.58808,seed2939.png
5.610317,-26.855093,seed29390.png
28.07709,10.436766,seed29391.png
-8.949053,-9.9323015,seed29392.png
17.639454,-0.5128124,seed29393.png
-13.454712,-17.81483,seed29394.png
-32.50384,16.85364,seed29395.png
-25.467224,5.375331,seed29396.png
-17.5386,-8.244202,seed29397.png
6.485434,1.2417349,seed29398.png
-28.945553,10.114158,seed29399.png
-26.389154,-8.421787,seed2940.png
9.00085,11.276959,seed29400.png
24.994112,20.56544,seed29401.png
19.645893,-4.813916,seed29402.png
7.995589,-0.4910824,seed29403.png
-10.416041,-19.720762,seed29404.png
16.83397,-10.303251,seed29405.png
16.917246,19.588493,seed29406.png
-31.487404,9.300558,seed29407.png
-13.307863,-9.773963,seed29408.png
13.437373,-30.202143,seed29409.png
-1.5955518,18.2247,seed2941.png
-10.773535,-29.180075,seed29410.png
-21.631138,-2.892166,seed29411.png
-33.124126,21.777155,seed29412.png
33.33924,28.199314,seed29413.png
5.914921,-27.222591,seed29414.png
37.571453,23.077364,seed29415.png
8.668362,21.037298,seed29416.png
6.442126,-6.8963275,seed29417.png
32.107025,25.474329,seed29418.png
16.782318,5.1851816,seed29419.png
-33.068584,-13.080885,seed2942.png
-31.091742,16.876663,seed29420.png
24.471903,0.9067152,seed29421.png
-19.413406,9.807231,seed29422.png
-17.077055,-12.423675,seed29423.png
27.83436,21.20494,seed29424.png
1.2962681,-26.404615,seed29425.png
5.8670435,-27.069925,seed29426.png
25.320412,10.783312,seed29427.png
32.64002,13.519057,seed29428.png
21.15463,10.662852,seed29429.png
-22.306658,-25.614607,seed2943.png
-7.140136,-9.827787,seed29430.png
18.663828,15.755632,seed29431.png
36.860775,5.1078324,seed29432.png
-31.67789,13.622027,seed29433.png
16.399105,7.523215,seed29434.png
-9.672281,-22.183247,seed29435.png
-12.109153,-30.52176,seed29436.png
-2.9453762,23.105682,seed29437.png
0.9099577,-9.842108,seed29438.png
38.91808,15.019521,seed29439.png
14.733671,-39.176212,seed2944.png
36.634975,20.533777,seed29440.png
30.462921,10.555103,seed29441.png
-10.2476015,-26.168047,seed29442.png
-27.083923,-18.597994,seed29443.png
-30.375689,19.331757,seed29444.png
-7.272421,-8.89873,seed29445.png
-32.535946,-3.883469,seed29446.png
7.455764,-39.094376,seed29447.png
38.560905,19.292086,seed29448.png
-14.217801,-16.65742,seed29449.png
20.646212,-2.5601141,seed2945.png
-26.17514,-7.9996805,seed29450.png
21.033667,21.678846,seed29451.png
-18.939638,5.2528195,seed29452.png
30.271275,16.602034,seed29453.png
13.288823,13.375175,seed29454.png
13.816664,26.977432,seed29455.png
14.860747,-35.501106,seed29456.png
36.21117,22.17824,seed29457.png
14.550172,18.531612,seed29458.png
-14.875493,-14.949903,seed29459.png
-19.900305,9.540972,seed2946.png
38.558674,15.768469,seed29460.png
12.286167,22.990347,seed29461.png
15.120999,0.43937778,seed29462.png
15.665688,1.9611357,seed29463.png
25.28146,8.415827,seed29464.png
-13.551789,-0.08036725,seed29465.png
39.657104,19.494387,seed29466.png
18.68927,18.616026,seed29467.png
35.5296,12.362197,seed29468.png
18.300022,-2.7927818,seed29469.png
0.1358972,23.488377,seed2947.png
-14.766468,-12.230269,seed29470.png
-29.803118,-11.913112,seed29471.png
7.679883,-7.061725,seed29472.png
-15.820036,-20.293041,seed29473.png
-9.124307,-11.720079,seed29474.png
35.583992,5.141193,seed29475.png
-17.877972,0.08611602,seed29476.png
-16.488272,-20.942492,seed29477.png
35.88522,18.390657,seed29478.png
7.0050926,-9.456077,seed29479.png
-39.00693,13.295669,seed2948.png
-10.5838,-28.793,seed29480.png
-20.634373,-0.99708647,seed29481.png
1.5664539,-0.14618535,seed29482.png
-8.522083,1.2838625,seed29483.png
-5.941705,-1.932255,seed29484.png
33.523777,24.500511,seed29485.png
19.875385,-0.4381216,seed29486.png
34.554947,17.354626,seed29487.png
-8.351551,-8.225262,seed29488.png
-29.940533,2.1841285,seed29489.png
-10.278037,-19.29388,seed2949.png
-32.90309,8.937724,seed29490.png
3.243715,8.89632,seed29491.png
-0.30735034,7.0338426,seed29492.png
7.92468,-27.265408,seed29493.png
-24.498266,1.5508069,seed29494.png
-16.39907,-26.650515,seed29495.png
12.343073,-25.826908,seed29496.png
6.2766323,10.981254,seed29497.png
-23.7923,12.68648,seed29498.png
14.21664,-0.92565733,seed29499.png
35.414276,23.154718,seed2950.png
17.500568,18.229412,seed29500.png
-14.949705,-9.507791,seed29501.png
-25.525633,15.964142,seed29502.png
6.6270905,-24.503717,seed29503.png
16.54787,6.6283784,seed29504.png
19.178492,1.3112149,seed29505.png
-27.74376,19.251421,seed29506.png
-22.526701,-5.8162055,seed29507.png
13.614209,24.569693,seed29508.png
39.570232,15.217286,seed29509.png
30.460218,23.668127,seed2951.png
1.5555537,-29.683226,seed29510.png
32.742653,11.22938,seed29511.png
-31.057394,-13.693136,seed29512.png
-0.9848037,-12.452031,seed29513.png
-2.3727067,-9.486177,seed29514.png
29.914827,27.060766,seed29515.png
17.342653,-4.4764113,seed29516.png
8.367903,-27.492052,seed29517.png
-10.285402,-26.006193,seed29518.png
21.122808,25.182302,seed29519.png
31.091022,2.1497567,seed2952.png
26.103598,0.63650495,seed29520.png
-0.23919028,15.041203,seed29521.png
-13.203554,-15.050267,seed29522.png
21.486256,23.17284,seed29523.png
11.08834,-34.062138,seed29524.png
30.430275,13.291425,seed29525.png
8.48566,5.9558287,seed29526.png
-36.104343,4.8972816,seed29527.png
-25.98415,1.4366649,seed29528.png
5.041038,2.8759625,seed29529.png
-13.688136,-18.074322,seed2953.png
36.958317,9.717558,seed29530.png
25.143755,25.585293,seed29531.png
4.1258926,-30.311161,seed29532.png
1.1689053,8.802582,seed29533.png
-20.409018,-16.089134,seed29534.png
13.482907,-40.87121,seed29535.png
-25.541616,-4.6825833,seed29536.png
-2.084488,21.482693,seed29537.png
-34.190037,17.07372,seed29538.png
37.570778,9.924947,seed29539.png
-20.243216,-19.065752,seed2954.png
-26.08935,-14.657797,seed29540.png
9.539326,9.980845,seed29541.png
-32.01246,10.858309,seed29542.png
4.387415,4.7925487,seed29543.png
-36.657658,26.041737,seed29544.png
-16.732147,-4.7286644,seed29545.png
9.082433,4.751353,seed29546.png
-22.006413,-29.106735,seed29547.png
17.943829,3.5206943,seed29548.png
-19.066504,-13.778805,seed29549.png
-1.9728137,10.634191,seed2955.png
16.203314,25.93791,seed29550.png
22.368458,18.719395,seed29551.png
-1.70894,2.5425994,seed29552.png
7.526748,-38.118023,seed29553.png
0.278365,-12.604012,seed29554.png
35.944218,21.852943,seed29555.png
32.01467,18.71837,seed29556.png
-10.380299,-16.796972,seed29557.png
11.534994,-3.8644426,seed29558.png
16.259808,-9.914596,seed29559.png
16.438864,3.254412,seed2956.png
-31.0461,-6.0214243,seed29560.png
4.677056,-34.356518,seed29561.png
16.197662,19.719656,seed29562.png
-15.272374,-15.033934,seed29563.png
9.131854,13.846001,seed29564.png
-16.999403,-20.494373,seed29565.png
-35.487606,-1.9262574,seed29566.png
-3.5001614,-2.1803076,seed29567.png
-24.5916,-2.4561007,seed29568.png
-20.060326,-2.5423992,seed29569.png
-18.850988,9.99336,seed2957.png
-11.982637,-15.387618,seed29570.png
14.165254,-28.704588,seed29571.png
-34.932365,18.13153,seed29572.png
-2.7210865,23.583473,seed29573.png
9.402075,2.2350676,seed29574.png
-0.45487267,12.885608,seed29575.png
13.793516,-35.010956,seed29576.png
31.652561,9.574922,seed29577.png
13.187037,-29.868895,seed29578.png
6.1348467,-37.299213,seed29579.png
-4.8001814,-16.71436,seed2958.png
-12.76725,-8.933526,seed29580.png
0.32715636,9.2967615,seed29581.png
-5.002124,-22.082355,seed29582.png
-24.907969,-19.864214,seed29583.png
-26.851175,-13.755398,seed29584.png
13.001026,5.450262,seed29585.png
-26.455729,1.3989819,seed29586.png
2.0683715,-2.5486805,seed29587.png
-16.10019,-10.753092,seed29588.png
24.397028,23.986538,seed29589.png
37.41235,6.6564546,seed2959.png
30.991718,16.766407,seed29590.png
-11.01702,-10.631042,seed29591.png
12.652719,-33.239124,seed29592.png
-15.9477825,-28.166048,seed29593.png
-26.235954,18.63422,seed29594.png
-32.86896,20.493895,seed29595.png
-32.636086,-12.004894,seed29596.png
2.9802024,-3.1275883,seed29597.png
17.3221,21.698524,seed29598.png
22.97344,16.694487,seed29599.png
-32.86182,12.632636,seed2960.png
-34.477875,-0.1131651,seed29600.png
28.010513,23.688358,seed29601.png
-32.970512,-16.128012,seed29602.png
17.785242,24.24117,seed29603.png
27.3167,18.425741,seed29604.png
6.9346333,-25.339321,seed29605.png
9.835634,20.60511,seed29606.png
-17.573042,-15.909575,seed29607.png
39.48899,15.565954,seed29608.png
-11.398118,-24.769693,seed29609.png
13.683863,8.54624,seed2961.png
-24.039915,-16.626062,seed29610.png
11.915779,-26.209507,seed29611.png
20.572966,6.9384375,seed29612.png
16.65037,-35.485573,seed29613.png
0.014437471,-9.688908,seed29614.png
-18.943844,-28.796167,seed29615.png
-14.117215,-30.596415,seed29616.png
3.8849654,-5.6343074,seed29617.png
-22.10139,9.748205,seed29618.png
-23.503765,-19.315071,seed29619.png
-13.672459,-26.212278,seed2962.png
-16.710056,9.693943,seed29620.png
-34.646152,-4.115935,seed29621.png
8.5409975,-34.865192,seed29622.png
2.2005038,9.812376,seed29623.png
6.9623857,-32.212524,seed29624.png
23.945831,19.140015,seed29625.png
20.771194,13.472625,seed29626.png
36.359814,26.652744,seed29627.png
26.935047,-0.6176687,seed29628.png
13.826456,-8.03981,seed29629.png
24.831182,15.382991,seed2963.png
-31.013453,19.861929,seed29630.png
7.294159,13.297509,seed29631.png
-35.994926,14.752288,seed29632.png
-19.289509,-0.015029206,seed29633.png
-19.252317,10.458479,seed29634.png
3.49899,3.7344441,seed29635.png
-31.55453,12.030768,seed29636.png
11.276116,12.901855,seed29637.png
13.066114,-0.48249123,seed29638.png
14.905344,2.2020857,seed29639.png
-31.341738,3.4053721,seed2964.png
37.8032,20.700682,seed29640.png
-22.861534,18.536943,seed29641.png
-21.978619,19.20435,seed29642.png
10.238204,-33.09341,seed29643.png
9.399879,-10.83925,seed29644.png
40.221615,13.783506,seed29645.png
7.945855,-38.471256,seed29646.png
29.733442,14.67678,seed29647.png
-34.95205,26.88847,seed29648.png
3.2009614,-25.36982,seed29649.png
14.56519,22.557713,seed2965.png
-10.797987,-22.097498,seed29650.png
-17.6866,-17.755249,seed29651.png
11.038033,-32.683292,seed29652.png
15.988312,22.487593,seed29653.png
-32.62012,13.42457,seed29654.png
-13.456312,-6.5083084,seed29655.png
-0.50965124,-15.831909,seed29656.png
-19.67951,6.7203574,seed29657.png
-15.270362,4.8197656,seed29658.png
8.704365,16.22249,seed29659.png
-10.106291,-14.047623,seed2966.png
-0.13265525,11.868862,seed29660.png
10.28699,-26.625175,seed29661.png
-32.33919,18.686037,seed29662.png
7.853199,-5.8563766,seed29663.png
-13.003568,-29.916307,seed29664.png
10.297774,6.8764367,seed29665.png
-22.25815,17.022577,seed29666.png
22.303495,10.238884,seed29667.png
9.876246,-7.1872506,seed29668.png
-23.554537,-22.50154,seed29669.png
-8.421059,-15.429665,seed2967.png
8.745386,-25.43429,seed29670.png
12.150596,-36.775772,seed29671.png
21.765175,15.639931,seed29672.png
18.012184,-7.4250107,seed29673.png
-18.61127,-18.22318,seed29674.png
-34.53018,17.307467,seed29675.png
27.986626,1.6038254,seed29676.png
26.687263,16.907228,seed29677.png
-36.734573,7.8788466,seed29678.png
36.267845,23.28231,seed29679.png
-25.526653,12.2624855,seed2968.png
10.065585,-1.7279891,seed29680.png
7.217893,-37.539703,seed29681.png
33.352783,6.4248605,seed29682.png
17.707958,-9.564841,seed29683.png
12.938734,-32.792583,seed29684.png
20.74249,23.582903,seed29685.png
-21.662174,18.67931,seed29686.png
1.7153019,23.642124,seed29687.png
-23.80357,2.8437624,seed29688.png
-18.714676,-10.904084,seed29689.png
-22.306612,-14.288617,seed2969.png
4.104891,10.314339,seed29690.png
14.438898,23.272854,seed29691.png
26.574469,25.40189,seed29692.png
15.054579,-8.134864,seed29693.png
13.694325,6.1011868,seed29694.png
-25.102957,-6.2993803,seed29695.png
10.006127,-0.11157514,seed29696.png
16.91361,-3.869283,seed29697.png
7.889245,10.719937,seed29698.png
-21.344837,-14.329123,seed29699.png
34.908653,16.258686,seed2970.png
33.031967,4.249493,seed29700.png
1.0332206,25.259806,seed29701.png
-20.175316,-12.114982,seed29702.png
-25.164469,7.411216,seed29703.png
-31.739979,11.216911,seed29704.png
8.6091175,-12.513643,seed29705.png
-23.170704,8.576158,seed29706.png
-13.754954,-12.791831,seed29707.png
2.7772784,8.635133,seed29708.png
-14.820534,1.3625271,seed29709.png
8.067959,-31.846714,seed2971.png
-13.684364,-28.815903,seed29710.png
31.712677,3.172879,seed29711.png
-33.73811,15.848421,seed29712.png
-15.279494,-21.644344,seed29713.png
20.450775,22.751364,seed29714.png
-34.600197,18.815214,seed29715.png
38.21998,5.732658,seed29716.png
15.999105,2.5367908,seed29717.png
29.0029,25.911694,seed29718.png
10.528493,2.2438276,seed29719.png
12.869182,-34.6239,seed2972.png
34.151073,12.812017,seed29720.png
37.238354,25.922493,seed29721.png
34.60915,8.124209,seed29722.png
30.413778,2.148721,seed29723.png
40.06654,18.174458,seed29724.png
-3.170218,13.266747,seed29725.png
32.16908,15.534825,seed29726.png
-32.546917,-7.2013273,seed29727.png
12.782167,23.20547,seed29728.png
26.554285,20.354252,seed29729.png
-15.402559,-17.236485,seed2973.png
11.803855,27.614872,seed29730.png
-26.089703,-23.521473,seed29731.png
-36.592636,24.483284,seed29732.png
13.387806,-36.275265,seed29733.png
-3.0167017,-17.662235,seed29734.png
-17.526402,2.1537657,seed29735.png
7.5198298,9.557765,seed29736.png
-3.9089737,-18.78669,seed29737.png
6.548821,-36.08958,seed29738.png
1.7271233,-29.617935,seed29739.png
12.269655,-21.663383,seed2974.png
-26.379244,-11.051783,seed29740.png
11.149791,1.1883639,seed29741.png
5.1627645,8.447188,seed29742.png
-13.512963,6.3814073,seed29743.png
-0.96521133,-11.09365,seed29744.png
28.586119,18.454273,seed29745.png
0.6147979,-23.443954,seed29746.png
-18.052504,-5.051564,seed29747.png
26.034359,7.2018323,seed29748.png
-33.27049,23.925303,seed29749.png
8.48589,-4.8172174,seed2975.png
13.0050335,3.1353426,seed29750.png
-24.378885,-19.919258,seed29751.png
-30.781849,-12.342605,seed29752.png
-15.222713,-10.000933,seed29753.png
-21.45186,19.948591,seed29754.png
20.182554,-1.3605123,seed29755.png
-20.175133,2.9275546,seed29756.png
29.85965,27.447653,seed29757.png
-33.677982,17.140415,seed29758.png
-0.81297493,-15.314289,seed29759.png
-8.617977,-17.894882,seed2976.png
12.278089,-40.45047,seed29760.png
-11.920414,-1.4048928,seed29761.png
21.836086,12.224027,seed29762.png
7.872763,13.145646,seed29763.png
36.376072,6.6800766,seed29764.png
-9.986858,3.3163707,seed29765.png
-30.609955,-13.116987,seed29766.png
22.313055,17.929676,seed29767.png
-26.236383,-20.321714,seed29768.png
9.171939,-41.622463,seed29769.png
7.515435,-32.034306,seed2977.png
14.444154,-6.5721474,seed29770.png
-0.3433218,23.66049,seed29771.png
8.511752,12.939646,seed29772.png
12.3653145,-12.332014,seed29773.png
11.112537,12.749938,seed29774.png
2.8338397,16.663176,seed29775.png
29.307405,8.641477,seed29776.png
8.128358,25.20781,seed29777.png
-28.4576,-11.838022,seed29778.png
-20.848015,4.4899373,seed29779.png
31.16487,7.1211963,seed2978.png
17.83165,16.382648,seed29780.png
31.236046,3.2502155,seed29781.png
21.229696,5.6576877,seed29782.png
13.007868,28.885742,seed29783.png
10.694893,-11.382687,seed29784.png
37.309372,25.180994,seed29785.png
-8.603574,-26.964718,seed29786.png
12.608649,-37.55752,seed29787.png
-31.080212,24.149818,seed29788.png
15.173572,-31.140583,seed29789.png
33.62315,28.18527,seed2979.png
34.357204,12.832427,seed29790.png
17.885614,3.713269,seed29791.png
-34.347416,24.901575,seed29792.png
18.866098,21.713081,seed29793.png
-22.774572,5.6144457,seed29794.png
8.270634,-28.833876,seed29795.png
-16.006302,8.088899,seed29796.png
-5.4196033,-3.0577068,seed29797.png
-32.052048,25.550192,seed29798.png
30.24297,23.642096,seed29799.png
33.75817,4.9851446,seed2980.png
8.131358,3.9543555,seed29800.png
22.673285,25.619265,seed29801.png
31.57765,12.78683,seed29802.png
-21.311045,-22.212399,seed29803.png
-22.049417,-1.380879,seed29804.png
6.744208,15.254215,seed29805.png
25.021885,14.477386,seed29806.png
-23.065268,-3.2713888,seed29807.png
34.314457,19.561234,seed29808.png
23.402098,26.020895,seed29809.png
11.581946,-36.632114,seed2981.png
-20.613728,-19.564894,seed29810.png
6.722792,-0.8545902,seed29811.png
20.782742,14.890254,seed29812.png
37.723682,22.022474,seed29813.png
-2.3144248,-29.456528,seed29814.png
1.0470657,8.420776,seed29815.png
28.55643,10.939891,seed29816.png
11.731678,-37.282013,seed29817.png
4.820043,5.84554,seed29818.png
-19.111301,4.042931,seed29819.png
-15.513197,-22.997467,seed2982.png
-14.509735,-26.240553,seed29820.png
-27.063156,6.1195617,seed29821.png
30.321154,0.33219084,seed29822.png
19.010778,15.456502,seed29823.png
15.109812,24.767458,seed29824.png
-20.557547,11.47963,seed29825.png
-21.108387,14.730307,seed29826.png
4.852477,25.255098,seed29827.png
19.007147,9.004477,seed29828.png
12.0777235,18.297134,seed29829.png
15.611872,-38.470657,seed2983.png
-28.008923,1.2054658,seed29830.png
13.599131,8.595618,seed29831.png
-9.0605545,-2.7603636,seed29832.png
18.214539,16.74149,seed29833.png
-10.745906,-11.728023,seed29834.png
14.197464,8.605122,seed29835.png
-20.777767,-22.002108,seed29836.png
33.614494,25.004364,seed29837.png
14.588311,-6.315381,seed29838.png
11.418125,-42.6965,seed29839.png
-17.186476,-5.967068,seed2984.png
15.724884,-35.00261,seed29840.png
-32.781185,21.457245,seed29841.png
23.652205,23.725145,seed29842.png
15.526357,-39.407154,seed29843.png
5.6667223,-30.615278,seed29844.png
-25.56215,16.642263,seed29845.png
18.971653,0.59386027,seed29846.png
14.601755,-40.446846,seed29847.png
-16.06407,-22.579435,seed29848.png
16.504946,7.3715186,seed29849.png
-6.07994,9.406927,seed2985.png
21.654842,13.045015,seed29850.png
13.387985,-40.738144,seed29851.png
33.99573,16.004745,seed29852.png
-20.701235,-1.0581495,seed29853.png
-34.12217,-15.528413,seed29854.png
-30.943346,9.68333,seed29855.png
-3.9348888,1.7499473,seed29856.png
-35.045475,21.468029,seed29857.png
5.8523173,7.075052,seed29858.png
-16.6223,-6.4869266,seed29859.png
6.8370275,-5.7054796,seed2986.png
-20.158026,-15.951696,seed29860.png
-31.019583,24.6241,seed29861.png
-29.113327,22.292728,seed29862.png
-20.827072,-14.598927,seed29863.png
-24.821787,-19.24558,seed29864.png
-19.797953,18.114693,seed29865.png
-25.587223,-14.028467,seed29866.png
-0.9557601,19.915766,seed29867.png
-26.281425,18.265759,seed29868.png
31.928217,21.760712,seed29869.png
15.922403,16.524145,seed2987.png
23.587843,16.536879,seed29870.png
12.910242,11.082011,seed29871.png
21.79724,15.231465,seed29872.png
-33.070156,25.89024,seed29873.png
-22.011345,-10.245849,seed29874.png
6.498502,16.842655,seed29875.png
9.389874,3.3049629,seed29876.png
-14.865607,10.809098,seed29877.png
13.784207,-39.954884,seed29878.png
14.247885,-40.702705,seed29879.png
-21.543621,17.378962,seed2988.png
27.947432,27.420973,seed29880.png
-18.1584,-14.638709,seed29881.png
24.467009,25.019325,seed29882.png
-13.125971,-30.114103,seed29883.png
37.670277,20.106798,seed29884.png
10.78231,-6.014449,seed29885.png
-21.911251,4.642837,seed29886.png
14.421124,-3.131691,seed29887.png
6.2569394,9.485307,seed29888.png
-20.530106,5.8229876,seed29889.png
-4.724397,-24.503735,seed2989.png
-20.644316,4.341182,seed29890.png
-35.83836,-3.620203,seed29891.png
26.022654,12.376448,seed29892.png
-14.947213,-5.610622,seed29893.png
27.963549,26.926174,seed29894.png
30.25982,22.429085,seed29895.png
34.99746,7.979061,seed29896.png
9.202371,-6.3273435,seed29897.png
8.469302,12.877893,seed29898.png
-10.713541,-0.19448827,seed29899.png
33.637604,21.853292,seed2990.png
26.550112,-3.33896,seed29900.png
5.199536,-12.509681,seed29901.png
-21.813154,1.1341119,seed29902.png
32.05743,20.330032,seed29903.png
20.134623,-0.05551327,seed29904.png
14.95911,19.174984,seed29905.png
36.17992,4.388971,seed29906.png
-16.987564,-26.04907,seed29907.png
3.9220092,-25.45037,seed29908.png
13.792638,16.840534,seed29909.png
-16.047121,-31.718334,seed2991.png
10.604593,8.523143,seed29910.png
8.426091,3.7604833,seed29911.png
-15.866375,-13.624397,seed29912.png
-17.415918,2.0457547,seed29913.png
-9.212719,-12.407431,seed29914.png
5.876722,-27.93083,seed29915.png
6.5432053,-8.594967,seed29916.png
36.89802,21.789303,seed29917.png
-35.89724,9.41406,seed29918.png
24.988962,12.446584,seed29919.png
31.126116,19.489973,seed2992.png
-20.607454,-7.925667,seed29920.png
2.4614193,-0.5890543,seed29921.png
12.751348,6.0443544,seed29922.png
15.634589,5.1956367,seed29923.png
12.545937,-36.680477,seed29924.png
-33.11587,27.7186,seed29925.png
5.817424,-7.7705655,seed29926.png
23.463959,-1.2532487,seed29927.png
31.676712,9.302819,seed29928.png
5.687945,14.059231,seed29929.png
1.9858586,10.587313,seed2993.png
26.62607,-6.2549033,seed29930.png
-4.6318164,-27.09022,seed29931.png
32.190998,8.094011,seed29932.png
-11.2418165,-9.662659,seed29933.png
9.882508,-37.845924,seed29934.png
-5.6035867,14.942298,seed29935.png
0.24158242,2.3432746,seed29936.png
-31.90332,22.825272,seed29937.png
25.72318,8.059706,seed29938.png
-31.541037,13.183607,seed29939.png
14.45559,-7.965751,seed2994.png
25.051903,23.74649,seed29940.png
14.835219,1.6021541,seed29941.png
9.684945,21.653894,seed29942.png
3.0952668,-26.96207,seed29943.png
-13.480427,-17.676947,seed29944.png
-23.152897,-1.9142548,seed29945.png
-30.5084,12.388028,seed29946.png
19.334423,1.3028196,seed29947.png
40.989944,21.401611,seed29948.png
39.177692,6.5655575,seed29949.png
14.2085705,-35.61333,seed2995.png
18.066298,24.677296,seed29950.png
-34.89409,27.190142,seed29951.png
-31.980314,21.558826,seed29952.png
28.33906,17.248621,seed29953.png
-26.449602,-7.873029,seed29954.png
30.804838,22.586971,seed29955.png
6.42967,-0.8468282,seed29956.png
-15.243512,-9.014334,seed29957.png
-11.279532,10.701289,seed29958.png
18.552664,17.611317,seed29959.png
10.576304,9.054757,seed2996.png
16.168423,13.1362,seed29960.png
26.806702,12.78261,seed29961.png
-17.393375,-6.7568974,seed29962.png
-29.58527,12.870816,seed29963.png
-10.900857,-26.461887,seed29964.png
-32.06707,18.69071,seed29965.png
9.810588,-31.448814,seed29966.png
-28.06145,17.10608,seed29967.png
3.3967817,-12.390189,seed29968.png
12.528634,-32.1182,seed29969.png
23.340437,15.68226,seed2997.png
-29.864813,25.261963,seed29970.png
22.57111,4.607387,seed29971.png
-25.221008,10.786447,seed29972.png
12.046437,-2.745224,seed29973.png
12.374796,8.793882,seed29974.png
-16.166893,-6.0903864,seed29975.png
19.924263,-6.180793,seed29976.png
5.191385,20.384077,seed29977.png
7.8644543,7.489341,seed29978.png
-20.110271,-7.2436604,seed29979.png
-17.797508,-22.367037,seed2998.png
-34.930206,27.473707,seed29980.png
7.9814353,25.718605,seed29981.png
-2.4852612,-13.134268,seed29982.png
-20.624887,-14.157099,seed29983.png
7.8730693,-28.365126,seed29984.png
-27.069538,13.180076,seed29985.png
0.03679243,21.84479,seed29986.png
31.46633,6.9541206,seed29987.png
13.257236,21.842134,seed29988.png
6.3956113,-25.796923,seed29989.png
-32.120792,2.183319,seed2999.png
5.769875,-35.47529,seed29990.png
-14.685621,-15.677888,seed29991.png
-32.081223,16.631775,seed29992.png
4.222212,1.5446293,seed29993.png
-10.710872,-19.12943,seed29994.png
-26.323925,15.649121,seed29995.png
1.5932751,-15.555629,seed29996.png
-31.935488,25.92061,seed29997.png
-12.264609,-16.423239,seed29998.png
36.536606,16.901596,seed29999.png
6.84407,-26.934978,seed3000.png
35.05222,27.652771,seed30000.png
-16.944792,3.7766063,seed30001.png
16.733105,6.447439,seed30002.png
-24.216242,-10.471019,seed30003.png
-18.16242,-10.544907,seed30004.png
25.210861,5.3775997,seed30005.png
-23.82539,2.0888953,seed30006.png
-34.066452,16.414,seed30007.png
29.326456,7.97507,seed30008.png
5.4945765,-15.801366,seed30009.png
25.26478,23.328753,seed3001.png
-14.793898,-26.946115,seed30010.png
0.8214582,-3.847099,seed30011.png
-17.402897,-8.548028,seed30012.png
-33.554657,25.239008,seed30013.png
33.97414,28.010971,seed30014.png
-28.637062,-0.90522856,seed30015.png
35.91795,12.060251,seed30016.png
2.6938999,1.9779458,seed30017.png
16.91438,-34.98097,seed30018.png
-20.336323,11.375135,seed30019.png
-9.289419,-16.57175,seed3002.png
-21.90927,-19.219067,seed30020.png
14.768047,-35.875935,seed30021.png
-1.5407705,14.200161,seed30022.png
-13.112644,-20.735231,seed30023.png
-16.215446,-26.99383,seed30024.png
16.42572,23.380745,seed30025.png
36.458855,25.26447,seed30026.png
-34.12875,20.117306,seed30027.png
-37.829376,14.100084,seed30028.png
-8.489319,4.457714,seed30029.png
-21.937727,10.058302,seed3003.png
-31.027882,22.29564,seed30030.png
-24.997736,-15.889316,seed30031.png
-29.035349,13.559156,seed30032.png
-18.20937,-13.876279,seed30033.png
-23.062695,-16.446651,seed30034.png
-28.716772,2.167053,seed30035.png
-11.673506,-21.191107,seed30036.png
7.692461,-32.461407,seed30037.png
-10.351669,-2.2803466,seed30038.png
11.428613,6.717168,seed30039.png
28.97787,5.879602,seed3004.png
-26.888845,3.8049247,seed30040.png
-17.583584,5.029064,seed30041.png
-24.805786,0.044712935,seed30042.png
-14.191511,-9.551954,seed30043.png
26.000107,10.255585,seed30044.png
-19.101692,-30.500584,seed30045.png
-21.158058,-10.208247,seed30046.png
-13.034291,-25.76367,seed30047.png
5.074737,13.191988,seed30048.png
25.750202,24.353373,seed30049.png
12.899412,-8.021066,seed3005.png
16.711437,24.377005,seed30050.png
19.085278,25.103582,seed30051.png
9.434576,-8.792401,seed30052.png
2.6681225,-34.11687,seed30053.png
-4.7181892,-4.3458905,seed30054.png
6.2032504,-0.12021314,seed30055.png
-19.627655,-1.774317,seed30056.png
9.256262,-37.031075,seed30057.png
-13.2863035,-27.516083,seed30058.png
34.45635,5.0869718,seed30059.png
15.567804,21.624771,seed3006.png
-20.240185,-0.476647,seed30060.png
16.221468,11.886303,seed30061.png
9.804795,-40.16388,seed30062.png
0.6315835,22.25617,seed30063.png
-26.448965,-10.867453,seed30064.png
24.976198,16.985758,seed30065.png
-22.359482,12.764389,seed30066.png
-28.568485,-9.545689,seed30067.png
18.623144,-3.8501465,seed30068.png
-35.698193,15.047652,seed30069.png
37.100014,27.74676,seed3007.png
7.8267336,2.4365146,seed30070.png
9.9442,1.4943523,seed30071.png
21.47176,-7.584261,seed30072.png
-21.80675,1.4712903,seed30073.png
-30.381027,6.7459164,seed30074.png
-21.358294,15.575708,seed30075.png
32.94415,16.482502,seed30076.png
-8.376131,-24.650328,seed30077.png
-10.781307,-26.232029,seed30078.png
11.584368,-0.9216972,seed30079.png
-23.195566,14.359418,seed3008.png
9.324254,-8.3013,seed30080.png
-27.166492,11.846673,seed30081.png
7.421805,-0.9005271,seed30082.png
-12.289926,-20.109776,seed30083.png
9.446584,-7.815903,seed30084.png
37.861523,25.154058,seed30085.png
22.237986,17.735838,seed30086.png
20.60419,16.621157,seed30087.png
-35.252495,9.470011,seed30088.png
7.693213,-4.3616295,seed30089.png
-22.536098,13.323659,seed3009.png
-27.153389,-18.721365,seed30090.png
37.474785,10.654504,seed30091.png
9.783751,28.33183,seed30092.png
9.643899,-37.080204,seed30093.png
-20.574793,-5.1378293,seed30094.png
-30.885136,16.975212,seed30095.png
-26.296766,-8.100404,seed30096.png
14.524506,0.93921864,seed30097.png
-20.144022,-3.1904883,seed30098.png
-19.136377,-31.388449,seed30099.png
34.38128,6.606929,seed3010.png
-20.394333,9.775253,seed30100.png
6.927003,16.85363,seed30101.png
-19.080582,-7.0463195,seed30102.png
-23.717632,-19.589823,seed30103.png
-2.9754145,22.439903,seed30104.png
40.15731,15.303641,seed30105.png
17.293396,-2.0229495,seed30106.png
34.045795,15.71145,seed30107.png
-20.894289,-20.18302,seed30108.png
-15.291907,-8.409555,seed30109.png
29.910913,5.987566,seed3011.png
9.6124325,-5.368051,seed30110.png
-9.3803625,-28.692965,seed30111.png
19.404982,17.104092,seed30112.png
-30.009275,4.3711095,seed30113.png
-23.161041,-15.753174,seed30114.png
26.08079,18.74912,seed30115.png
31.19794,25.009956,seed30116.png
-2.531576,13.779411,seed30117.png
19.314365,-0.36782447,seed30118.png
-21.434183,19.682413,seed30119.png
32.310913,14.1014,seed3012.png
-5.2395725,-0.95589024,seed30120.png
-27.604853,-9.108125,seed30121.png
-33.65405,17.907082,seed30122.png
29.580482,23.441103,seed30123.png
21.440226,27.77207,seed30124.png
29.981009,17.741661,seed30125.png
-28.016062,12.020637,seed30126.png
14.402421,8.253769,seed30127.png
-23.449205,-14.273739,seed30128.png
-31.161074,-3.221069,seed30129.png
3.7182755,15.012429,seed3013.png
14.572714,-10.015009,seed30130.png
-9.967072,-27.475193,seed30131.png
12.231632,-29.524128,seed30132.png
8.544143,-35.079903,seed30133.png
15.929647,-35.651764,seed30134.png
24.30821,4.7651887,seed30135.png
22.738863,8.308825,seed30136.png
-6.73431,-3.816119,seed30137.png
-6.314158,13.581144,seed30138.png
-30.970814,13.404366,seed30139.png
8.567436,0.1543931,seed3014.png
-21.454668,12.656861,seed30140.png
18.90926,23.465664,seed30141.png
-32.245674,-0.089821644,seed30142.png
-26.48317,-11.818748,seed30143.png
18.33862,21.092625,seed30144.png
-3.6650455,-11.872871,seed30145.png
38.696285,18.114017,seed30146.png
9.117392,24.546556,seed30147.png
-21.634108,-24.785635,seed30148.png
20.612045,24.484762,seed30149.png
41.079758,17.304409,seed3015.png
14.922903,0.79866403,seed30150.png
24.327435,10.238145,seed30151.png
4.686795,15.616595,seed30152.png
-15.496156,-7.436656,seed30153.png
-32.47056,7.579175,seed30154.png
37.500782,9.907778,seed30155.png
2.563776,-24.31521,seed30156.png
23.966682,-5.077762,seed30157.png
-20.404808,-2.8509498,seed30158.png
16.300758,23.425041,seed30159.png
30.858593,24.661963,seed3016.png
20.249441,16.663792,seed30160.png
-27.1434,16.580666,seed30161.png
16.502579,7.470174,seed30162.png
-37.18072,24.25085,seed30163.png
-4.1642227,1.7579271,seed30164.png
8.603694,-41.957684,seed30165.png
-9.25937,-18.873188,seed30166.png
-25.412481,-22.120047,seed30167.png
-16.356081,-0.13062112,seed30168.png
15.06014,20.400967,seed30169.png
-20.648657,-0.8615483,seed3017.png
33.90687,2.592458,seed30170.png
10.654797,-0.96360105,seed30171.png
-26.814857,-9.000333,seed30172.png
-21.971968,-0.5235273,seed30173.png
-23.539381,-12.166507,seed30174.png
8.450548,-3.4266877,seed30175.png
38.315502,6.8214417,seed30176.png
-21.616028,8.574343,seed30177.png
5.062964,-14.583018,seed30178.png
-37.711346,7.4924707,seed30179.png
-0.8659233,-15.890233,seed3018.png
-18.284071,-19.033714,seed30180.png
6.6241994,-20.342083,seed30181.png
-19.481106,6.9402356,seed30182.png
-21.09449,-29.85905,seed30183.png
35.013157,7.3621283,seed30184.png
35.242718,4.1531105,seed30185.png
36.60231,4.3696566,seed30186.png
18.86383,7.1012406,seed30187.png
12.966817,-30.697702,seed30188.png
-30.694332,22.77282,seed30189.png
11.20144,-9.778586,seed3019.png
36.759937,12.364023,seed30190.png
-23.7174,-3.3944874,seed30191.png
14.072863,6.111388,seed30192.png
-27.660889,-1.6162271,seed30193.png
4.9507136,1.1411871,seed30194.png
17.417599,14.819932,seed30195.png
31.885754,13.353947,seed30196.png
32.253925,18.603369,seed30197.png
33.822903,6.197852,seed30198.png
15.375881,-36.32945,seed30199.png
-23.859756,-5.975177,seed3020.png
-27.973703,16.1847,seed30200.png
12.701629,28.34578,seed30201.png
14.866879,-7.3753767,seed30202.png
-12.175398,-31.921936,seed30203.png
34.895798,7.4095836,seed30204.png
9.014181,-27.801607,seed30205.png
-7.955419,-30.449997,seed30206.png
12.576848,-30.913507,seed30207.png
-20.84869,-15.970334,seed30208.png
0.5130557,-9.665897,seed30209.png
-19.289942,10.610724,seed3021.png
-35.753387,11.03674,seed30210.png
-28.852793,20.197254,seed30211.png
-30.450764,7.948206,seed30212.png
3.963737,14.9282,seed30213.png
20.842535,2.5160432,seed30214.png
34.787907,14.3893585,seed30215.png
-20.786232,7.0614867,seed30216.png
10.497296,-35.92101,seed30217.png
-21.130472,-15.81886,seed30218.png
12.405869,14.307936,seed30219.png
22.999105,24.078909,seed3022.png
-25.568695,2.7010272,seed30220.png
5.573029,-39.261436,seed30221.png
29.071306,16.56644,seed30222.png
2.6345608,-1.3787465,seed30223.png
3.4046175,22.49317,seed30224.png
7.05722,-38.51209,seed30225.png
-3.6853297,1.0004904,seed30226.png
16.159739,-38.794292,seed30227.png
14.737059,-37.84852,seed30228.png
37.0154,9.8579,seed30229.png
19.98642,21.276718,seed3023.png
21.272198,20.11392,seed30230.png
-10.369079,-21.19417,seed30231.png
-32.66969,23.945093,seed30232.png
-32.80257,24.211607,seed30233.png
4.3106747,21.84349,seed30234.png
10.828505,-3.2309234,seed30235.png
8.898518,5.9698257,seed30236.png
-20.329624,9.345959,seed30237.png
16.54151,23.945393,seed30238.png
-12.656282,-18.031532,seed30239.png
2.2228763,-32.7206,seed3024.png
7.4158444,10.407924,seed30240.png
2.4262135,16.938515,seed30241.png
-17.827322,0.9066471,seed30242.png
11.287663,-26.328035,seed30243.png
-1.4174011,4.809555,seed30244.png
17.17963,23.101423,seed30245.png
-13.876457,-2.1372595,seed30246.png
-19.887184,-21.093933,seed30247.png
3.4274096,21.680603,seed30248.png
-22.940872,-26.893616,seed30249.png
-27.269976,-22.793987,seed3025.png
4.675016,-26.75389,seed30250.png
-37.865562,13.119263,seed30251.png
9.374661,7.7638707,seed30252.png
9.895939,8.137783,seed30253.png
38.12154,21.970592,seed30254.png
2.607077,-27.778315,seed30255.png
-20.47389,-29.228914,seed30256.png
-13.109555,-12.052209,seed30257.png
-18.548666,10.006453,seed30258.png
32.760357,15.663439,seed30259.png
19.692553,6.208637,seed3026.png
-34.00439,2.2877154,seed30260.png
2.1543777,-3.5440025,seed30261.png
-21.158695,-4.1412444,seed30262.png
9.208094,-28.461996,seed30263.png
-27.15642,-9.008295,seed30264.png
27.271719,18.632744,seed30265.png
-24.977571,-19.328089,seed30266.png
18.365463,24.28517,seed30267.png
-11.585717,-29.911907,seed30268.png
36.347473,14.522115,seed30269.png
31.562489,12.810778,seed3027.png
21.543684,24.368944,seed30270.png
9.597956,-30.866201,seed30271.png
-17.232664,-30.18798,seed30272.png
33.764374,10.6380205,seed30273.png
-20.827227,-11.199925,seed30274.png
-22.327011,3.710662,seed30275.png
-33.194576,21.355268,seed30276.png
-33.081173,-0.05714846,seed30277.png
10.675774,-4.534652,seed30278.png
27.60933,13.751606,seed30279.png
-10.337261,-25.35502,seed3028.png
-29.996964,12.713911,seed30280.png
29.652119,1.0339953,seed30281.png
-9.664733,-0.98943275,seed30282.png
-23.09436,16.821442,seed30283.png
-10.805834,-28.176,seed30284.png
9.41988,12.85547,seed30285.png
32.670204,25.093742,seed30286.png
13.357829,6.3737864,seed30287.png
-33.167683,20.375885,seed30288.png
39.948658,7.9986925,seed30289.png
-16.721548,-20.038864,seed3029.png
-18.293036,4.64788,seed30290.png
11.779914,26.626278,seed30291.png
23.734007,15.2897625,seed30292.png
27.986998,16.226782,seed30293.png
6.9712925,-25.638254,seed30294.png
-0.4188099,-18.039585,seed30295.png
7.231279,-36.880455,seed30296.png
19.267103,23.589758,seed30297.png
30.618095,-1.3064945,seed30298.png
13.591188,12.949208,seed30299.png
29.297775,15.479869,seed3030.png
-24.68287,-4.5080276,seed30300.png
-10.310011,-19.503567,seed30301.png
26.152878,14.482556,seed30302.png
-10.301336,-16.987709,seed30303.png
-21.550201,-28.47676,seed30304.png
-32.826473,24.010132,seed30305.png
-35.344547,2.980039,seed30306.png
-25.771767,10.189492,seed30307.png
29.778084,4.9587526,seed30308.png
8.582076,20.056067,seed30309.png
-35.0641,11.402144,seed3031.png
15.793845,13.121459,seed30310.png
38.666477,17.265667,seed30311.png
-33.86862,-2.7171912,seed30312.png
11.367247,-42.322495,seed30313.png
26.394978,22.069345,seed30314.png
26.499054,19.100163,seed30315.png
-20.707174,4.0778737,seed30316.png
26.446234,1.1603783,seed30317.png
-25.54913,14.4081745,seed30318.png
-13.74388,-5.961642,seed30319.png
11.65518,5.806011,seed3032.png
-8.377781,-20.184494,seed30320.png
2.9058392,24.459423,seed30321.png
-5.1645656,-13.600461,seed30322.png
10.780278,-30.401564,seed30323.png
9.48991,18.91297,seed30324.png
15.842715,7.581767,seed30325.png
-12.804048,-16.885542,seed30326.png
-21.691391,8.535418,seed30327.png
-15.264612,-28.7663,seed30328.png
20.234072,22.734999,seed30329.png
3.394118,10.563338,seed3033.png
1.5982999,23.044067,seed30330.png
18.898052,5.481153,seed30331.png
-8.974818,-26.44274,seed30332.png
-0.9458398,-12.239712,seed30333.png
-23.94673,-6.857193,seed30334.png
9.529262,-39.524563,seed30335.png
16.266003,3.562043,seed30336.png
-23.714195,2.9146276,seed30337.png
-20.438278,16.237183,seed30338.png
5.790583,8.456016,seed30339.png
-11.139136,-4.8568444,seed3034.png
-24.139687,16.70848,seed30340.png
-23.90806,-16.298855,seed30341.png
-31.042015,8.533979,seed30342.png
-15.824371,-29.225859,seed30343.png
11.37965,-42.6332,seed30344.png
-1.9943907,6.2814074,seed30345.png
25.810886,7.6095514,seed30346.png
-19.48541,-10.625459,seed30347.png
30.680107,25.020761,seed30348.png
-17.214453,-6.473089,seed30349.png
6.417736,-32.200504,seed3035.png
-14.339238,-15.724492,seed30350.png
35.4099,12.496594,seed30351.png
10.688819,25.027126,seed30352.png
23.176407,15.68113,seed30353.png
10.797239,7.6757536,seed30354.png
23.08244,19.850584,seed30355.png
-16.406183,4.733934,seed30356.png
-24.987036,-23.236753,seed30357.png
30.316076,16.66007,seed30358.png
40.928577,21.590714,seed30359.png
28.106522,12.848411,seed3036.png
-2.561016,-2.703369,seed30360.png
13.751061,0.32990718,seed30361.png
35.430187,6.9214306,seed30362.png
-4.3066063,-4.4492702,seed30363.png
-18.748823,0.3713144,seed30364.png
-13.023223,-22.444727,seed30365.png
32.892475,4.8970647,seed30366.png
-14.823281,-9.3719635,seed30367.png
29.92627,20.004913,seed30368.png
-14.437132,-24.494013,seed30369.png
12.380693,3.3471196,seed3037.png
15.572815,2.7835457,seed30370.png
19.404558,17.069944,seed30371.png
15.305259,-31.708637,seed30372.png
-21.439226,-18.044127,seed30373.png
17.724928,-1.4483006,seed30374.png
-29.291355,3.998427,seed30375.png
-9.80263,0.51240206,seed30376.png
-29.86941,-8.414283,seed30377.png
9.382585,20.890097,seed30378.png
14.33044,-32.52292,seed30379.png
6.957837,11.520687,seed3038.png
41.42921,19.527822,seed30380.png
-3.2578633,4.730522,seed30381.png
37.702686,13.095466,seed30382.png
30.160145,27.47209,seed30383.png
-20.545967,-7.2581697,seed30384.png
38.07985,23.025019,seed30385.png
-19.595152,-0.2192081,seed30386.png
2.4559736,12.8712225,seed30387.png
16.750624,-34.019512,seed30388.png
12.063277,8.2073345,seed30389.png
35.446587,3.6680415,seed3039.png
-34.93655,28.25963,seed30390.png
-27.229443,13.791178,seed30391.png
-21.001303,5.68186,seed30392.png
-32.199574,21.254324,seed30393.png
8.11577,6.8472643,seed30394.png
19.208195,-7.9853907,seed30395.png
-14.888723,-14.195505,seed30396.png
12.635492,-29.350819,seed30397.png
-28.313173,9.369282,seed30398.png
8.223681,-8.598929,seed30399.png
-33.198532,-7.91957,seed3040.png
31.534067,5.233823,seed30400.png
7.788166,-25.070004,seed30401.png
10.517867,-34.14234,seed30402.png
15.953491,28.282465,seed30403.png
-10.360979,-9.551687,seed30404.png
28.094385,17.998564,seed30405.png
17.738625,-6.2719164,seed30406.png
-0.4631714,14.748137,seed30407.png
-24.992025,6.0858903,seed30408.png
-0.31499577,-12.961335,seed30409.png
-23.182575,-18.170057,seed3041.png
33.427933,22.345922,seed30410.png
2.3382964,6.1643972,seed30411.png
32.344048,22.513271,seed30412.png
-16.443123,-14.160852,seed30413.png
27.085373,10.627317,seed30414.png
12.929341,-40.252327,seed30415.png
20.439638,22.342747,seed30416.png
40.63592,19.195248,seed30417.png
27.201845,16.877354,seed30418.png
25.369118,17.6808,seed30419.png
36.634914,21.937744,seed3042.png
36.73744,7.6763926,seed30420.png
27.453058,28.923805,seed30421.png
-12.415637,5.155979,seed30422.png
-3.7677207,-13.234846,seed30423.png
4.5457625,0.015667172,seed30424.png
2.6515536,-15.90649,seed30425.png
-20.840923,-13.600206,seed30426.png
-32.562885,-7.9208856,seed30427.png
-2.7535803,-19.11667,seed30428.png
34.99682,17.837093,seed30429.png
19.68832,-3.8045287,seed3043.png
31.878275,8.71424,seed30430.png
27.201908,14.979776,seed30431.png
15.535565,17.344257,seed30432.png
5.361022,-0.1978063,seed30433.png
32.160954,7.7564707,seed30434.png
-21.010887,-11.629194,seed30435.png
15.206539,19.277695,seed30436.png
14.4944935,5.3752074,seed30437.png
38.89156,21.363825,seed30438.png
25.242443,23.90341,seed30439.png
24.650167,17.586462,seed3044.png
-34.539883,12.376699,seed30440.png
-34.836212,27.631933,seed30441.png
-5.4052896,4.116647,seed30442.png
7.7003975,-5.9680905,seed30443.png
11.011449,-34.044903,seed30444.png
38.31455,5.7493644,seed30445.png
14.310473,28.412867,seed30446.png
10.459059,-1.3840204,seed30447.png
-31.7186,4.2651353,seed30448.png
-3.0392933,14.870492,seed30449.png
14.986921,21.28347,seed3045.png
-3.6007404,-25.706125,seed30450.png
-32.97692,23.248325,seed30451.png
-25.66768,9.597614,seed30452.png
-24.974884,12.625874,seed30453.png
-26.03445,-2.1035028,seed30454.png
9.58678,-0.06735897,seed30455.png
1.0285646,22.163574,seed30456.png
-20.188002,7.355478,seed30457.png
-22.290678,-6.536813,seed30458.png
-27.098564,9.016102,seed30459.png
1.1755873,14.657883,seed3046.png
33.26509,22.568024,seed30460.png
35.55453,17.869875,seed30461.png
2.2417927,22.758396,seed30462.png
-31.587877,-4.354217,seed30463.png
-31.592888,-13.044047,seed30464.png
-13.936903,-10.84522,seed30465.png
-19.840075,-26.889498,seed30466.png
-14.541116,3.0403216,seed30467.png
-22.553967,-2.597805,seed30468.png
-11.061207,-15.282166,seed30469.png
32.279118,8.520901,seed3047.png
-33.323715,23.343264,seed30470.png
-31.10651,8.004915,seed30471.png
-4.7819514,-18.763647,seed30472.png
-27.655558,10.059524,seed30473.png
-33.31727,25.142326,seed30474.png
-32.66484,23.569672,seed30475.png
12.35987,-33.340546,seed30476.png
20.717901,-3.1616113,seed30477.png
-1.4973257,21.224405,seed30478.png
12.684387,-42.356304,seed30479.png
15.254838,-34.738075,seed3048.png
11.190868,-39.155502,seed30480.png
39.927994,24.971287,seed30481.png
-33.54164,8.018068,seed30482.png
-29.718729,-12.37107,seed30483.png
10.43231,-7.3731246,seed30484.png
21.289728,21.406086,seed30485.png
13.398075,2.2485275,seed30486.png
38.76061,4.3877125,seed30487.png
13.342261,-36.048622,seed30488.png
-27.423874,15.990817,seed30489.png
0.39997485,19.17818,seed3049.png
-34.685925,27.608454,seed30490.png
-21.481491,6.1634836,seed30491.png
40.082348,23.25267,seed30492.png
34.12406,2.6285121,seed30493.png
3.7567906,16.102852,seed30494.png
2.4073575,-2.3229978,seed30495.png
-15.212098,-28.74594,seed30496.png
23.204317,8.433908,seed30497.png
-28.55872,-5.0290446,seed30498.png
-26.090567,-23.54481,seed30499.png
-27.255709,-19.188452,seed3050.png
-28.902905,-19.885925,seed30500.png
-16.948654,-4.4985924,seed30501.png
-20.872469,-3.5311332,seed30502.png
8.441888,-6.323316,seed30503.png
-31.524002,9.898116,seed30504.png
20.702602,-2.6252112,seed30505.png
-4.6799,-5.5366755,seed30506.png
11.747543,28.041912,seed30507.png
-19.51849,-20.802511,seed30508.png
33.17225,9.416059,seed30509.png
11.831957,-37.77485,seed3051.png
-0.8691342,23.641464,seed30510.png
21.208956,8.390141,seed30511.png
-10.222633,-16.062555,seed30512.png
-8.517584,-3.577721,seed30513.png
-16.333149,-12.082358,seed30514.png
12.349278,7.814235,seed30515.png
-6.263701,-0.41847625,seed30516.png
-29.178885,-4.330024,seed30517.png
27.248068,17.537603,seed30518.png
-21.086336,-26.888172,seed30519.png
-30.204985,0.67149085,seed3052.png
7.8367376,-9.0102625,seed30520.png
-28.390285,10.973341,seed30521.png
23.022795,8.470752,seed30522.png
-25.554718,-7.970776,seed30523.png
-20.050804,-18.737196,seed30524.png
-0.22417231,-16.199013,seed30525.png
32.839,9.777647,seed30526.png
-36.068546,16.029593,seed30527.png
-21.749424,-22.27463,seed30528.png
28.015797,27.99173,seed30529.png
11.420397,22.014635,seed3053.png
34.554142,9.422392,seed30530.png
9.308641,-14.8152,seed30531.png
14.649017,-31.4914,seed30532.png
22.084,18.671335,seed30533.png
-35.7265,10.838083,seed30534.png
-21.14826,15.355432,seed30535.png
15.072098,-5.7625084,seed30536.png
3.5944815,15.085804,seed30537.png
16.761805,13.93963,seed30538.png
37.803627,16.353474,seed30539.png
1.1814497,22.057411,seed3054.png
-3.1088712,-24.49479,seed30540.png
12.0920725,-42.14926,seed30541.png
-29.398186,-10.16427,seed30542.png
-18.649836,-12.898388,seed30543.png
-4.158199,17.344486,seed30544.png
-14.211857,-2.244573,seed30545.png
-20.315346,9.99261,seed30546.png
9.242069,6.1571293,seed30547.png
25.44804,17.501884,seed30548.png
-11.04533,-16.398981,seed30549.png
4.198727,-5.846485,seed3055.png
-21.297714,-25.347298,seed30550.png
-26.253664,8.83947,seed30551.png
-25.946375,-4.1757874,seed30552.png
6.106558,-37.976383,seed30553.png
10.610327,-29.423943,seed30554.png
-21.811327,-23.446878,seed30555.png
-27.881866,21.515097,seed30556.png
-18.328535,-16.31958,seed30557.png
22.093023,22.74269,seed30558.png
-11.990416,-10.424372,seed30559.png
14.634926,25.689775,seed3056.png
20.039473,25.60329,seed30560.png
22.571913,5.148122,seed30561.png
5.2647595,-35.187607,seed30562.png
-4.9168673,-8.226231,seed30563.png
-28.921907,22.865791,seed30564.png
0.977764,22.571743,seed30565.png
9.264426,30.220654,seed30566.png
-13.635157,3.0711184,seed30567.png
40.92852,16.666773,seed30568.png
11.701478,22.844662,seed30569.png
21.285896,4.689117,seed3057.png
-23.39945,1.3666117,seed30570.png
-18.546455,-25.864532,seed30571.png
14.669358,-31.821688,seed30572.png
-33.879025,-6.288943,seed30573.png
-13.378488,-4.0077224,seed30574.png
11.880561,19.213491,seed30575.png
14.86671,-6.3296437,seed30576.png
16.309992,3.905423,seed30577.png
13.062863,23.39234,seed30578.png
-12.731331,6.527788,seed30579.png
29.387453,11.832703,seed3058.png
39.503284,17.2783,seed30580.png
10.280989,-41.13846,seed30581.png
-19.13633,-14.536875,seed30582.png
-11.552483,-25.036425,seed30583.png
9.295009,-38.89613,seed30584.png
36.802452,18.48021,seed30585.png
-26.853523,-3.2870913,seed30586.png
-19.566551,-5.533055,seed30587.png
-6.4697876,8.573685,seed30588.png
6.5094275,-3.3028595,seed30589.png
-30.110723,-5.4951196,seed3059.png
9.27523,29.909138,seed30590.png
14.423932,23.68328,seed30591.png
27.154575,10.19189,seed30592.png
11.523235,-24.57864,seed30593.png
32.07687,9.13531,seed30594.png
11.609394,-17.475843,seed30595.png
13.156049,12.566081,seed30596.png
-31.07269,-6.2504253,seed30597.png
31.882933,13.944716,seed30598.png
-30.101774,13.03626,seed30599.png
-29.323639,20.016672,seed3060.png
-32.951347,23.689,seed30600.png
37.622837,20.973825,seed30601.png
36.554302,21.081049,seed30602.png
37.048077,20.728176,seed30603.png
-20.511284,-25.54876,seed30604.png
7.9081063,5.9968843,seed30605.png
-34.73308,19.981829,seed30606.png
2.3829722,-31.645046,seed30607.png
11.010001,-37.175007,seed30608.png
0.7163085,-1.7790585,seed30609.png
21.281115,-3.120353,seed3061.png
26.214155,15.850389,seed30610.png
-31.725468,15.708103,seed30611.png
22.126934,5.160217,seed30612.png
-27.118277,-16.302801,seed30613.png
8.517717,28.073376,seed30614.png
-26.632946,-8.742995,seed30615.png
-9.10876,-21.514732,seed30616.png
6.1937375,10.167682,seed30617.png
8.290466,9.016567,seed30618.png
14.199839,-35.251175,seed30619.png
15.382444,-7.8098006,seed3062.png
12.014833,-9.498651,seed30620.png
8.181925,13.331393,seed30621.png
0.42705256,15.893916,seed30622.png
15.371967,24.866358,seed30623.png
10.079,9.595756,seed30624.png
-14.983323,2.8036838,seed30625.png
-12.08761,-15.690616,seed30626.png
18.420925,-10.174311,seed30627.png
-10.420608,-1.8002,seed30628.png
-32.567387,26.085947,seed30629.png
-29.778685,19.389967,seed3063.png
-11.323984,-17.121176,seed30630.png
-16.953691,-0.25854844,seed30631.png
20.789053,-9.336398,seed30632.png
-8.057919,-22.323524,seed30633.png
37.69829,16.522161,seed30634.png
-1.3339226,-18.610672,seed30635.png
-20.029211,-10.476965,seed30636.png
-1.0881287,23.261312,seed30637.png
11.026354,29.09309,seed30638.png
2.082366,17.110987,seed30639.png
34.21471,2.4851058,seed3064.png
37.807987,22.970432,seed30640.png
-14.421556,-10.949673,seed30641.png
-19.20199,-11.796,seed30642.png
-12.437951,3.0681083,seed30643.png
12.436934,-36.78116,seed30644.png
40.765957,22.967516,seed30645.png
-29.915592,4.6325583,seed30646.png
-28.945028,-12.65511,seed30647.png
1.0625514,-23.990788,seed30648.png
36.2401,5.973661,seed30649.png
-11.833846,-8.453236,seed3065.png
-34.707737,20.925383,seed30650.png
22.414272,-0.20204522,seed30651.png
15.661807,27.42634,seed30652.png
12.951084,-22.725372,seed30653.png
-31.455973,4.8053865,seed30654.png
9.766363,-1.4394087,seed30655.png
-5.3892765,-4.022035,seed30656.png
-24.578302,-4.7260804,seed30657.png
15.579376,6.437149,seed30658.png
-28.020815,-7.8826017,seed30659.png
-25.078466,4.7153516,seed3066.png
33.250378,5.539465,seed30660.png
27.994293,17.269014,seed30661.png
-21.113169,-6.260649,seed30662.png
14.301257,-4.1627054,seed30663.png
33.653114,25.23333,seed30664.png
-11.278914,2.9341662,seed30665.png
11.641649,-21.809671,seed30666.png
20.84234,2.4773583,seed30667.png
-32.895977,10.768654,seed30668.png
-14.337371,-24.18434,seed30669.png
-26.278635,10.006418,seed3067.png
19.635828,25.865461,seed30670.png
-16.180168,-0.23071544,seed30671.png
20.154203,11.991605,seed30672.png
30.502043,21.999987,seed30673.png
20.503506,-4.8054852,seed30674.png
12.933806,-30.991995,seed30675.png
-26.268877,-10.528794,seed30676.png
0.6977359,-16.11061,seed30677.png
36.9632,24.909567,seed30678.png
7.1769257,-3.081694,seed30679.png
-12.794957,-31.049534,seed3068.png
12.704742,0.910243,seed30680.png
22.249355,-3.200314,seed30681.png
-29.597187,5.265505,seed30682.png
-32.32443,-5.58584,seed30683.png
-18.27969,-20.346962,seed30684.png
-30.337446,2.195994,seed30685.png
-25.200172,-12.135062,seed30686.png
37.620953,20.286312,seed30687.png
-1.15572,-1.7990794,seed30688.png
11.124638,24.772444,seed30689.png
-17.696735,-6.070862,seed3069.png
-29.065815,-2.553754,seed30690.png
4.454483,21.753405,seed30691.png
23.838224,13.573383,seed30692.png
11.242327,-31.572168,seed30693.png
-1.0319601,18.97232,seed30694.png
-10.008287,-28.734167,seed30695.png
-1.6039625,-11.9121475,seed30696.png
8.764592,17.06447,seed30697.png
-27.92002,-6.8602633,seed30698.png
-19.520294,-1.8033513,seed30699.png
-13.107448,7.396613,seed3070.png
23.467869,18.483631,seed30700.png
-15.016742,-2.8823392,seed30701.png
11.535897,-33.395107,seed30702.png
17.646036,22.498953,seed30703.png
14.467285,16.267212,seed30704.png
-7.6293135,12.190692,seed30705.png
-1.5585189,-13.754465,seed30706.png
7.0185513,-4.7943754,seed30707.png
-17.516785,-26.580847,seed30708.png
-15.1622925,-15.761998,seed30709.png
-4.2971635,-0.6397447,seed3071.png
-33.580616,23.81186,seed30710.png
14.5107975,-11.711449,seed30711.png
-2.808783,-9.04881,seed30712.png
10.370298,0.6812753,seed30713.png
9.10903,-5.970516,seed30714.png
16.347807,-11.212352,seed30715.png
30.362831,6.123179,seed30716.png
-23.729462,-4.8854957,seed30717.png
4.0390863,4.406983,seed30718.png
-28.453682,16.53999,seed30719.png
9.215105,11.743283,seed3072.png
-12.311278,-5.155781,seed30720.png
-21.40763,6.0540533,seed30721.png
32.5357,30.784143,seed30722.png
29.210527,12.701792,seed30723.png
-24.414474,-7.6544843,seed30724.png
-8.8016,-16.74362,seed30725.png
-20.46552,6.101653,seed30726.png
-23.141918,-17.849165,seed30727.png
28.639158,20.625568,seed30728.png
-2.2498958,-16.458263,seed30729.png
20.3511,13.9850645,seed3073.png
2.1940587,9.5520525,seed30730.png
-24.632341,-10.81709,seed30731.png
-11.726597,-23.239136,seed30732.png
10.629223,6.2235913,seed30733.png
9.68212,8.996935,seed30734.png
41.67725,16.248205,seed30735.png
-12.6236,1.8827772,seed30736.png
-16.633802,-19.39904,seed30737.png
-18.384716,-31.542728,seed30738.png
10.988454,-29.928373,seed30739.png
3.1617699,-22.71224,seed3074.png
8.115205,-29.015968,seed30740.png
30.212927,7.4145584,seed30741.png
-36.317688,15.194281,seed30742.png
8.855848,-39.332737,seed30743.png
38.433334,10.234234,seed30744.png
0.15091036,-14.431014,seed30745.png
-7.0007267,-4.9830837,seed30746.png
10.078162,-5.7291822,seed30747.png
-0.88625646,-5.5642805,seed30748.png
-34.488567,-3.9542606,seed30749.png
26.96982,6.5353775,seed3075.png
-8.099646,-26.225971,seed30750.png
19.788893,5.890353,seed30751.png
-37.037277,8.172112,seed30752.png
-16.685946,-29.51928,seed30753.png
6.4370637,-36.38203,seed30754.png
13.187191,29.595066,seed30755.png
34.589394,8.652522,seed30756.png
21.648277,17.953632,seed30757.png
13.169258,-11.474855,seed30758.png
-36.10866,19.903812,seed30759.png
11.618318,-29.055597,seed3076.png
17.970085,-0.20583832,seed30760.png
-27.759287,-3.446176,seed30761.png
-32.56261,-8.326934,seed30762.png
36.500942,20.66884,seed30763.png
5.874088,-27.74703,seed30764.png
-17.285992,3.5467615,seed30765.png
-3.2103047,-14.911063,seed30766.png
-29.306545,-13.557397,seed30767.png
29.759645,25.379543,seed30768.png
9.533643,-37.972584,seed30769.png
23.09584,18.799007,seed3077.png
-21.243715,17.06966,seed30770.png
31.191465,17.450653,seed30771.png
-14.140115,-30.374983,seed30772.png
23.312897,15.911127,seed30773.png
-12.241681,7.555075,seed30774.png
-14.785224,-5.249688,seed30775.png
-17.186142,2.0515842,seed30776.png
-22.470478,-12.719365,seed30777.png
23.942924,20.006516,seed30778.png
-27.229921,9.747596,seed30779.png
-18.383795,-29.649853,seed3078.png
1.0892847,12.51014,seed30780.png
-25.750387,2.968829,seed30781.png
-23.729002,17.103514,seed30782.png
-12.570535,1.2736263,seed30783.png
-13.439079,-17.929321,seed30784.png
-15.475613,-5.2787447,seed30785.png
24.920006,19.15386,seed30786.png
24.327532,-5.320229,seed30787.png
-26.141476,6.1836042,seed30788.png
7.085614,-4.109482,seed30789.png
38.068775,24.29047,seed3079.png
-16.85538,8.743972,seed30790.png
-30.655245,17.873247,seed30791.png
1.4537652,12.944847,seed30792.png
-28.151579,8.594727,seed30793.png
34.891617,21.45026,seed30794.png
-12.356856,-9.110187,seed30795.png
-5.2568603,5.001561,seed30796.png
-33.908157,-2.8386316,seed30797.png
2.1789205,14.712006,seed30798.png
37.191696,18.322292,seed30799.png
-2.5194604,20.858747,seed3080.png
32.52787,5.072119,seed30800.png
1.168932,20.106558,seed30801.png
-27.338957,-11.939511,seed30802.png
12.45046,-26.721174,seed30803.png
-27.163345,-3.1248002,seed30804.png
24.800888,4.4234915,seed30805.png
-16.054512,-17.140848,seed30806.png
-14.442808,-28.02677,seed30807.png
-26.043056,13.445817,seed30808.png
-20.596863,19.55398,seed30809.png
8.436391,-34.25341,seed3081.png
29.80319,20.270708,seed30810.png
21.350904,12.76498,seed30811.png
12.075379,24.77663,seed30812.png
-31.77325,15.35598,seed30813.png
6.2123165,25.291916,seed30814.png
-11.511857,1.0049489,seed30815.png
6.7621264,-27.530888,seed30816.png
-1.1129771,18.073605,seed30817.png
-22.061687,5.0914702,seed30818.png
-22.249624,-6.9714384,seed30819.png
-39.72421,20.633549,seed3082.png
24.27729,1.0160903,seed30820.png
-30.310476,-19.976534,seed30821.png
11.156625,-1.9477134,seed30822.png
-13.082879,-18.898264,seed30823.png
15.005197,26.633625,seed30824.png
-21.231882,11.89325,seed30825.png
-22.7657,-13.687952,seed30826.png
13.6831875,16.984236,seed30827.png
-34.9238,26.941912,seed30828.png
-33.498734,-11.829943,seed30829.png
14.622172,4.412182,seed3083.png
-19.031427,-18.90229,seed30830.png
28.131054,25.97083,seed30831.png
-29.646574,-3.3171282,seed30832.png
-1.5862637,-14.721229,seed30833.png
-4.0665007,2.742013,seed30834.png
-5.6417623,-13.731395,seed30835.png
15.911095,-33.098312,seed30836.png
-18.566221,-3.3202643,seed30837.png
-34.68482,9.235806,seed30838.png
2.8563626,-31.330925,seed30839.png
-10.116744,-16.778202,seed3084.png
-38.375633,14.614581,seed30840.png
-0.98567706,-11.508142,seed30841.png
37.92529,12.671934,seed30842.png
31.965008,4.456625,seed30843.png
11.194965,10.291029,seed30844.png
-36.092278,20.882061,seed30845.png
18.639778,21.560272,seed30846.png
9.838442,19.590445,seed30847.png
-17.624748,-21.722118,seed30848.png
-6.0610504,-10.827255,seed30849.png
-23.600994,-25.066101,seed3085.png
-17.699078,-5.4127483,seed30850.png
31.575197,27.089167,seed30851.png
-34.625,-5.4106092,seed30852.png
7.5947647,7.557577,seed30853.png
-18.440716,-21.220642,seed30854.png
-23.54311,5.0957317,seed30855.png
-9.265496,-20.515312,seed30856.png
22.470327,15.454008,seed30857.png
-7.4226594,1.1647995,seed30858.png
17.068443,-35.116764,seed30859.png
-11.654865,4.075765,seed3086.png
16.336174,-33.110218,seed30860.png
-12.42619,8.839376,seed30861.png
22.21442,27.81357,seed30862.png
-24.203217,10.785106,seed30863.png
7.61128,-36.845676,seed30864.png
-34.40611,-6.0877724,seed30865.png
-32.075962,20.635387,seed30866.png
5.4875617,-4.3999596,seed30867.png
-36.542805,22.323591,seed30868.png
12.003486,-30.555508,seed30869.png
5.2465343,9.450502,seed3087.png
9.373713,2.1551647,seed30870.png
7.719606,13.936082,seed30871.png
-19.928335,-29.78785,seed30872.png
-21.460068,-3.5389774,seed30873.png
-27.977306,-8.95462,seed30874.png
-2.577853,-19.562765,seed30875.png
-17.416662,-11.906351,seed30876.png
17.421902,17.84436,seed30877.png
-30.95506,-11.711064,seed30878.png
-14.9070835,-22.354982,seed30879.png
-2.4615273,17.955582,seed3088.png
27.929073,13.889504,seed30880.png
-20.147001,-6.1312933,seed30881.png
-8.778415,-19.738007,seed30882.png
5.367546,-34.142124,seed30883.png
-25.355322,-10.934574,seed30884.png
15.834606,19.730795,seed30885.png
-11.962733,-15.701072,seed30886.png
-5.9474397,0.006720946,seed30887.png
19.163147,-3.9366794,seed30888.png
-0.114144914,11.45869,seed30889.png
29.353964,6.697974,seed3089.png
-12.208223,4.734737,seed30890.png
-16.266838,-29.006199,seed30891.png
21.916388,-5.655326,seed30892.png
37.48546,9.162495,seed30893.png
13.568976,-33.75246,seed30894.png
-28.123552,13.4254,seed30895.png
-11.973366,-13.275555,seed30896.png
-15.388479,-28.043587,seed30897.png
39.79616,23.631561,seed30898.png
-14.655969,-10.648074,seed30899.png
15.293201,17.324263,seed3090.png
2.6608238,14.872527,seed30900.png
19.44644,22.975056,seed30901.png
0.3720862,-12.979368,seed30902.png
-3.530043,-15.778479,seed30903.png
-27.214521,-1.821859,seed30904.png
-19.459984,-15.70519,seed30905.png
-34.02621,-0.69332767,seed30906.png
18.428904,-3.4962585,seed30907.png
-7.6629205,10.88246,seed30908.png
0.887153,18.253473,seed30909.png
-11.172589,-26.157465,seed3091.png
7.166908,17.81233,seed30910.png
28.625097,26.19023,seed30911.png
-16.819214,-13.458417,seed30912.png
-15.9259,-15.26316,seed30913.png
-23.285877,12.334832,seed30914.png
-23.99353,-20.12381,seed30915.png
14.0946455,27.286602,seed30916.png
42.516678,15.541923,seed30917.png
12.27502,-42.448456,seed30918.png
-32.496044,20.780222,seed30919.png
11.427607,-25.476717,seed3092.png
17.896212,17.972517,seed30920.png
29.305485,13.222902,seed30921.png
17.910688,13.389029,seed30922.png
19.596159,15.710291,seed30923.png
21.096485,21.63509,seed30924.png
-17.819136,-6.5293884,seed30925.png
-8.794616,0.3566329,seed30926.png
8.111229,-36.99098,seed30927.png
0.74462205,-2.2799811,seed30928.png
-16.136356,5.3568087,seed30929.png
36.28853,15.473661,seed3093.png
28.95687,18.89343,seed30930.png
2.9552057,14.051027,seed30931.png
-13.169033,-23.916056,seed30932.png
-10.875843,-18.624945,seed30933.png
-31.97493,20.008507,seed30934.png
2.7080472,-28.758905,seed30935.png
12.259275,-29.362799,seed30936.png
22.709238,-5.36381,seed30937.png
3.0505438,-31.691656,seed30938.png
12.212281,20.623592,seed30939.png
5.8198857,-39.23408,seed3094.png
8.7214575,12.690529,seed30940.png
-20.970762,14.861696,seed30941.png
11.503601,-16.574347,seed30942.png
-12.108613,-10.342898,seed30943.png
23.397045,8.015002,seed30944.png
-14.261744,-0.28864795,seed30945.png
-28.00144,8.836823,seed30946.png
17.200151,-2.194178,seed30947.png
-1.5301179,21.105108,seed30948.png
34.20264,8.558202,seed30949.png
28.550821,16.265934,seed3095.png
-26.16428,-1.1478146,seed30950.png
-21.335257,18.840334,seed30951.png
-8.8834,-6.398967,seed30952.png
32.000477,28.481558,seed30953.png
-28.426287,12.065068,seed30954.png
15.752097,12.877148,seed30955.png
14.160054,19.790985,seed30956.png
32.037975,24.972757,seed30957.png
-16.141245,5.8155985,seed30958.png
-25.803608,-14.578155,seed30959.png
7.3766365,-6.1126513,seed3096.png
37.944607,12.024386,seed30960.png
-16.917263,-20.986567,seed30961.png
3.8870728,-3.9344313,seed30962.png
-16.853508,4.6555276,seed30963.png
-29.325567,0.032486074,seed30964.png
-20.09445,11.660162,seed30965.png
-35.492115,18.705858,seed30966.png
-33.327446,21.144361,seed30967.png
-21.322842,-23.804943,seed30968.png
15.211444,-6.389277,seed30969.png
22.569063,20.028631,seed3097.png
4.8934917,-2.334796,seed30970.png
7.996845,6.5908437,seed30971.png
19.83268,8.092071,seed30972.png
36.430943,21.400017,seed30973.png
13.633896,24.586433,seed30974.png
-7.7560973,8.665801,seed30975.png
21.79773,-0.62520844,seed30976.png
4.5259843,14.99211,seed30977.png
34.013523,22.195122,seed30978.png
22.57664,24.683632,seed30979.png
17.2789,-0.9979506,seed3098.png
19.467205,21.31908,seed30980.png
14.34858,22.277693,seed30981.png
11.4373865,-29.49586,seed30982.png
-2.8066278,-8.153655,seed30983.png
-7.7397957,-22.38674,seed30984.png
-16.561747,-29.00325,seed30985.png
25.503689,1.1766431,seed30986.png
3.5466423,14.792863,seed30987.png
-31.411655,11.099597,seed30988.png
-14.07885,-13.412047,seed30989.png
10.898585,21.631193,seed3099.png
-18.401768,-8.780926,seed30990.png
-33.502235,-10.035015,seed30991.png
-27.067184,-10.853356,seed30992.png
-15.527343,-28.919834,seed30993.png
-33.78407,12.75559,seed30994.png
20.539328,19.250727,seed30995.png
19.78644,21.002981,seed30996.png
33.276325,2.3677351,seed30997.png
-22.734848,-13.080112,seed30998.png
19.361744,-7.0165477,seed30999.png
25.781675,21.967878,seed3100.png
-16.46977,-11.789669,seed31000.png
-32.001545,8.288097,seed31001.png
-19.689909,-17.269365,seed31002.png
7.8358636,-39.88406,seed31003.png
36.92123,13.044338,seed31004.png
2.833178,-32.0497,seed31005.png
-14.229554,4.7858415,seed31006.png
-25.464851,-7.3374877,seed31007.png
-27.543732,13.4170685,seed31008.png
-30.72003,-9.186625,seed31009.png
37.39525,21.46167,seed3101.png
22.489254,21.705143,seed31010.png
16.566397,15.400776,seed31011.png
12.238584,8.937758,seed31012.png
-3.1583536,14.650885,seed31013.png
-18.83802,-19.416958,seed31014.png
0.9836583,24.137804,seed31015.png
32.235424,27.332985,seed31016.png
-5.8594317,-13.764109,seed31017.png
14.291332,3.1883006,seed31018.png
-1.7562176,-13.430263,seed31019.png
-12.461699,-11.689743,seed3102.png
-23.264772,16.064796,seed31020.png
0.57723063,10.2074375,seed31021.png
4.927883,-18.78601,seed31022.png
2.4704475,14.167336,seed31023.png
-32.19492,18.650366,seed31024.png
11.1747675,7.156448,seed31025.png
-9.211515,-15.977079,seed31026.png
3.8126302,15.75957,seed31027.png
-23.919538,-18.880285,seed31028.png
-24.57392,-27.5143,seed31029.png
16.402061,17.90673,seed3103.png
-18.288923,-8.766205,seed31030.png
-18.760986,-4.4830637,seed31031.png
-20.711132,-10.549472,seed31032.png
-11.33068,-15.163174,seed31033.png
-25.238491,2.5828366,seed31034.png
17.675144,9.063063,seed31035.png
-31.340843,13.428107,seed31036.png
32.527313,7.079234,seed31037.png
-14.530302,-15.249424,seed31038.png
-30.902245,4.114265,seed31039.png
4.756514,12.279146,seed3104.png
12.096338,15.343227,seed31040.png
-5.518309,-6.0150256,seed31041.png
-27.13471,-13.996392,seed31042.png
-18.310148,-4.857299,seed31043.png
34.442207,12.417476,seed31044.png
-14.164102,-25.291754,seed31045.png
-20.34783,1.7984135,seed31046.png
-17.471079,2.0899854,seed31047.png
40.372715,17.869385,seed31048.png
-35.069973,18.914528,seed31049.png
-22.702442,1.9494039,seed3105.png
-33.13897,26.053572,seed31050.png
-21.940868,6.0403132,seed31051.png
-32.991154,20.843134,seed31052.png
1.5391349,-6.1303263,seed31053.png
16.267221,25.46316,seed31054.png
32.19948,8.458826,seed31055.png
-33.372612,-1.6954887,seed31056.png
-20.382446,-13.821116,seed31057.png
-13.569976,-25.811857,seed31058.png
15.50789,-6.3652945,seed31059.png
14.9402,23.89218,seed3106.png
-19.597698,-13.930486,seed31060.png
-23.332682,1.9685735,seed31061.png
17.009396,18.864237,seed31062.png
20.152433,-2.1622336,seed31063.png
9.732782,-41.56856,seed31064.png
21.422472,8.238712,seed31065.png
10.383136,3.2290447,seed31066.png
-22.219706,1.3927755,seed31067.png
10.448923,-43.2595,seed31068.png
6.4052157,18.385149,seed31069.png
8.316388,8.912152,seed3107.png
-11.538423,9.125366,seed31070.png
22.804342,7.602191,seed31071.png
35.961597,12.698997,seed31072.png
6.0804257,-3.9327452,seed31073.png
13.948738,3.634109,seed31074.png
6.3827105,-30.268887,seed31075.png
4.009708,3.9275985,seed31076.png
-30.01143,-17.222187,seed31077.png
16.22815,-2.779802,seed31078.png
6.488636,10.911515,seed31079.png
12.700777,-3.424104,seed3108.png
-0.49402782,-12.462871,seed31080.png
2.8303084,20.367683,seed31081.png
-24.836725,-9.12121,seed31082.png
-26.713184,16.444464,seed31083.png
14.368392,-35.02771,seed31084.png
14.860485,22.9372,seed31085.png
24.830463,2.45787,seed31086.png
30.673073,7.759264,seed31087.png
7.1902328,-29.681528,seed31088.png
-19.22183,-20.18086,seed31089.png
-3.1932476,7.9703946,seed3109.png
-34.71219,22.765724,seed31090.png
-25.098667,5.348915,seed31091.png
-6.5568085,-20.882812,seed31092.png
-30.648773,-17.249405,seed31093.png
6.7802744,-33.57098,seed31094.png
-12.044215,-1.2889831,seed31095.png
33.545177,11.522557,seed31096.png
5.5709414,-5.323795,seed31097.png
20.926514,2.3303807,seed31098.png
12.099347,-21.834314,seed31099.png
-16.24249,-4.942137,seed3110.png
-31.359432,16.159414,seed31100.png
-21.731085,-3.84036,seed31101.png
15.29594,-0.15257643,seed31102.png
-19.732836,-19.891745,seed31103.png
39.199333,17.902332,seed31104.png
-27.386703,8.148463,seed31105.png
-18.562023,5.583483,seed31106.png
-0.90214044,-15.252847,seed31107.png
-21.696781,-12.986277,seed31108.png
18.444754,18.00577,seed31109.png
-17.381937,-30.306297,seed3111.png
-5.6656575,-6.2539997,seed31110.png
21.717436,10.753627,seed31111.png
9.493258,-29.054996,seed31112.png
-10.231655,11.39261,seed31113.png
-19.144878,3.4316814,seed31114.png
11.819638,-34.858536,seed31115.png
18.07839,-7.6067286,seed31116.png
35.330784,18.332588,seed31117.png
-30.63752,-2.80427,seed31118.png
13.271513,-1.2957691,seed31119.png
-29.575478,20.59728,seed3112.png
17.013266,-11.627023,seed31120.png
31.089218,25.202229,seed31121.png
-33.7971,22.69991,seed31122.png
29.858974,10.623158,seed31123.png
-19.339737,8.340687,seed31124.png
5.459402,13.754098,seed31125.png
6.552152,-7.072054,seed31126.png
26.654324,11.9012785,seed31127.png
6.0455112,-4.4433246,seed31128.png
11.10611,-27.621267,seed31129.png
19.271433,-8.950752,seed3113.png
11.773368,-2.5893645,seed31130.png
19.510529,-3.4721992,seed31131.png
19.429941,2.9700115,seed31132.png
14.068243,10.388965,seed31133.png
-19.542744,-2.338815,seed31134.png
38.5155,19.363487,seed31135.png
-10.454507,-24.894587,seed31136.png
-35.284206,-2.79063,seed31137.png
27.03418,15.09417,seed31138.png
4.039552,22.95501,seed31139.png
-24.213804,-1.8779163,seed3114.png
30.347717,14.804714,seed31140.png
-22.68883,12.026049,seed31141.png
-13.230484,-15.311431,seed31142.png
-29.03181,16.43433,seed31143.png
-29.595072,9.294169,seed31144.png
-16.129482,-21.042759,seed31145.png
-23.571436,8.574768,seed31146.png
-3.2724802,-26.257097,seed31147.png
-30.020498,13.39634,seed31148.png
-21.197268,-3.7360919,seed31149.png
-0.8658973,-24.655106,seed3115.png
21.054947,10.950054,seed31150.png
18.664476,-8.095951,seed31151.png
27.564896,13.019649,seed31152.png
36.418736,22.880493,seed31153.png
-16.26093,-29.609192,seed31154.png
-30.463116,-13.096302,seed31155.png
-14.909654,0.23513684,seed31156.png
-14.269407,-5.901398,seed31157.png
4.1806498,13.921015,seed31158.png
13.921726,20.15489,seed31159.png
-17.441088,-29.1954,seed3116.png
-33.18017,-11.724535,seed31160.png
-19.916948,12.504528,seed31161.png
1.9966849,7.1960936,seed31162.png
-25.195272,4.235749,seed31163.png
26.525858,14.181802,seed31164.png
3.760168,-0.9849772,seed31165.png
-30.591908,-8.145,seed31166.png
10.119861,13.566096,seed31167.png
2.79415,2.1225154,seed31168.png
-33.52983,3.796647,seed31169.png
21.86199,19.749437,seed3117.png
8.011753,-5.2663517,seed31170.png
-19.459524,-8.005486,seed31171.png
11.572916,-41.846577,seed31172.png
6.3454876,-35.989994,seed31173.png
-31.642164,20.028616,seed31174.png
-24.779037,15.111101,seed31175.png
10.116231,-2.430992,seed31176.png
-37.27357,11.039106,seed31177.png
-14.603298,-31.038845,seed31178.png
-22.904446,-23.525072,seed31179.png
-34.850014,13.748352,seed3118.png
10.354271,27.12401,seed31180.png
27.078554,12.34417,seed31181.png
-21.51181,19.908237,seed31182.png
-21.458294,-9.391552,seed31183.png
-14.548985,-23.892725,seed31184.png
37.504745,13.807269,seed31185.png
38.079884,18.522,seed31186.png
7.8373547,-9.310935,seed31187.png
23.335466,-5.502678,seed31188.png
9.046193,29.829224,seed31189.png
-31.69633,11.984721,seed3119.png
-12.478142,-12.322641,seed31190.png
29.825771,19.02171,seed31191.png
-2.1417108,6.214681,seed31192.png
5.4220996,-26.84205,seed31193.png
-30.13908,-6.1522603,seed31194.png
-17.490599,-16.60571,seed31195.png
28.54241,7.5750585,seed31196.png
18.140774,16.125269,seed31197.png
-32.820652,11.67721,seed31198.png
-28.2739,4.8484406,seed31199.png
15.448661,-29.981796,seed3120.png
1.595419,7.689631,seed31200.png
-23.546486,-0.41547585,seed31201.png
11.008437,14.174049,seed31202.png
32.89127,23.432682,seed31203.png
12.960404,22.55253,seed31204.png
12.915038,-30.555721,seed31205.png
30.79995,23.922337,seed31206.png
15.602434,-31.031551,seed31207.png
-13.152909,-8.2173395,seed31208.png
-30.577755,-9.668832,seed31209.png
28.069368,25.642267,seed3121.png
-32.359135,22.012497,seed31210.png
2.134835,-1.2845043,seed31211.png
9.285535,-7.120357,seed31212.png
-31.885447,13.641708,seed31213.png
-22.590282,6.589929,seed31214.png
-14.309668,-24.347576,seed31215.png
25.797302,19.02018,seed31216.png
-22.697144,7.079824,seed31217.png
12.027151,-16.178125,seed31218.png
2.2066462,16.307816,seed31219.png
-20.52117,-5.9330606,seed3122.png
-11.06419,-9.3393135,seed31220.png
-7.906202,-28.590637,seed31221.png
17.922777,26.500507,seed31222.png
10.395362,4.970258,seed31223.png
-28.782059,-11.696147,seed31224.png
19.647068,-5.1224847,seed31225.png
-22.143763,-0.9151211,seed31226.png
-21.40513,-9.463196,seed31227.png
3.8271801,5.847156,seed31228.png
3.1432872,-26.4543,seed31229.png
-3.762978,6.1309967,seed3123.png
-7.929358,-25.63213,seed31230.png
26.177336,20.76858,seed31231.png
-24.507284,17.901564,seed31232.png
21.456228,15.778605,seed31233.png
19.715717,-0.59735394,seed31234.png
1.0328667,21.278927,seed31235.png
14.121559,-30.616331,seed31236.png
38.662914,6.2520475,seed31237.png
15.874315,-4.6645465,seed31238.png
11.987056,-41.754772,seed31239.png
2.445801,15.381365,seed3124.png
-27.678352,-6.66318,seed31240.png
12.693018,-35.213562,seed31241.png
14.255842,11.383529,seed31242.png
-29.963408,18.820732,seed31243.png
29.273214,29.03378,seed31244.png
-20.35854,-23.84322,seed31245.png
-15.727815,-6.6152296,seed31246.png
26.601723,4.92131,seed31247.png
-25.908165,4.2831936,seed31248.png
20.946716,-3.7490504,seed31249.png
8.451436,-2.0502315,seed3125.png
5.968077,0.036819726,seed31250.png
36.12417,12.183625,seed31251.png
-9.449024,-5.3592997,seed31252.png
8.837599,19.717102,seed31253.png
-17.781391,-19.78439,seed31254.png
36.507984,24.495102,seed31255.png
-31.048721,-9.770988,seed31256.png
-37.47629,11.063849,seed31257.png
30.839743,11.546704,seed31258.png
-33.809566,22.453114,seed31259.png
38.977097,22.17858,seed3126.png
-17.346941,-4.610923,seed31260.png
5.837465,9.58262,seed31261.png
29.862574,20.450926,seed31262.png
11.0930605,23.011913,seed31263.png
27.464546,7.142307,seed31264.png
14.96028,-6.7148967,seed31265.png
-30.784472,-3.9367318,seed31266.png
10.780717,-42.963562,seed31267.png
18.36969,-9.208118,seed31268.png
-21.529243,18.36443,seed31269.png
-13.17108,-31.411022,seed3127.png
5.347506,-3.1161582,seed31270.png
-25.814623,-13.109834,seed31271.png
-29.682852,23.3121,seed31272.png
11.304684,10.947234,seed31273.png
32.119423,10.488671,seed31274.png
30.339645,17.399086,seed31275.png
-34.217922,-3.4510267,seed31276.png
-14.530557,8.447269,seed31277.png
36.54514,13.058998,seed31278.png
-21.695961,-28.421568,seed31279.png
4.706817,-1.9695019,seed3128.png
21.954128,18.400515,seed31280.png
-31.901617,16.769854,seed31281.png
9.934698,-37.709568,seed31282.png
-23.277073,6.6276383,seed31283.png
-28.128443,7.119656,seed31284.png
39.26023,15.374892,seed31285.png
20.093563,-5.296198,seed31286.png
11.847614,3.706257,seed31287.png
36.02621,5.9833283,seed31288.png
9.257341,-33.1011,seed31289.png
-0.14847538,-4.183806,seed3129.png
31.523405,14.152998,seed31290.png
24.733078,17.628216,seed31291.png
-32.9705,23.235497,seed31292.png
17.174309,13.60987,seed31293.png
17.462475,28.08973,seed31294.png
-4.3948336,12.39597,seed31295.png
-8.880888,-7.0499444,seed31296.png
41.750317,16.687187,seed31297.png
37.390244,12.698451,seed31298.png
16.058947,-1.62482,seed31299.png
16.792425,23.405241,seed3130.png
28.64365,8.7090645,seed31300.png
-16.687023,-30.47285,seed31301.png
-25.247002,9.7116165,seed31302.png
-25.482676,-3.3726246,seed31303.png
11.273512,23.657423,seed31304.png
-17.417591,-26.646034,seed31305.png
-16.817995,-24.53576,seed31306.png
25.4357,15.39976,seed31307.png
19.468124,17.641058,seed31308.png
-24.5076,-10.061792,seed31309.png
7.8536973,1.9828259,seed3131.png
-34.566563,20.017778,seed31310.png
-34.05413,-0.59939164,seed31311.png
-24.209251,11.220747,seed31312.png
8.553066,15.530318,seed31313.png
-25.70944,13.11618,seed31314.png
6.57406,21.204443,seed31315.png
-34.946377,13.915552,seed31316.png
27.741804,25.211338,seed31317.png
10.402877,17.616306,seed31318.png
38.117615,6.9015946,seed31319.png
-13.428432,-8.902044,seed3132.png
24.099205,15.289157,seed31320.png
-26.25474,-1.6888145,seed31321.png
9.195685,-33.95228,seed31322.png
-11.079448,-28.627512,seed31323.png
26.909946,-7.369535,seed31324.png
-31.315914,22.261787,seed31325.png
-33.968616,22.430635,seed31326.png
-2.1386776,-14.343571,seed31327.png
8.91767,13.103745,seed31328.png
13.693706,18.683435,seed31329.png
-30.229534,13.759473,seed3133.png
-31.517231,20.175848,seed31330.png
8.459707,18.409208,seed31331.png
6.7849073,10.437387,seed31332.png
-15.783841,-29.026003,seed31333.png
14.525708,0.91292983,seed31334.png
11.598883,-41.179497,seed31335.png
-33.778908,4.1890335,seed31336.png
37.656494,23.65823,seed31337.png
-20.80943,-26.603193,seed31338.png
-30.226374,1.6925731,seed31339.png
6.714585,0.65653217,seed3134.png
-19.919622,-4.0653996,seed31340.png
-21.946527,8.455237,seed31341.png
12.249121,6.793179,seed31342.png
-25.1077,9.704417,seed31343.png
-14.785809,-1.0287312,seed31344.png
-10.3879175,-27.826807,seed31345.png
-32.634003,25.06695,seed31346.png
18.964222,-6.2002535,seed31347.png
-24.155577,-7.6946397,seed31348.png
2.7364504,-11.539266,seed31349.png
39.75964,21.915684,seed3135.png
24.705856,25.490446,seed31350.png
5.573494,-6.537988,seed31351.png
10.196604,-24.47087,seed31352.png
12.444452,-37.658707,seed31353.png
8.433343,-4.8416686,seed31354.png
21.429789,-6.235391,seed31355.png
12.832119,12.800783,seed31356.png
-19.853823,-4.595802,seed31357.png
39.07888,21.560698,seed31358.png
20.398272,-5.060658,seed31359.png
8.758856,8.353823,seed3136.png
15.064357,23.183912,seed31360.png
0.25485304,16.446148,seed31361.png
-25.08735,-13.524298,seed31362.png
34.361073,-0.25474045,seed31363.png
18.358042,-3.944933,seed31364.png
-19.624311,-29.981075,seed31365.png
-23.12521,-11.852996,seed31366.png
30.62155,16.524504,seed31367.png
7.545129,1.0205191,seed31368.png
12.046721,-40.176983,seed31369.png
15.26842,10.63951,seed3137.png
26.615387,14.6777525,seed31370.png
14.143563,-0.37751073,seed31371.png
-18.648031,-7.7975674,seed31372.png
12.299699,28.282864,seed31373.png
10.252389,-8.963914,seed31374.png
-25.714333,-14.083035,seed31375.png
-33.273003,22.272678,seed31376.png
17.65148,2.5102043,seed31377.png
-37.8825,14.480619,seed31378.png
10.956162,-28.452517,seed31379.png
33.187115,19.223621,seed3138.png
5.1948147,-22.283434,seed31380.png
-15.471991,1.7696931,seed31381.png
36.26306,21.668837,seed31382.png
35.159023,14.766689,seed31383.png
-27.095963,14.296747,seed31384.png
-7.832744,-25.336271,seed31385.png
-27.501108,5.4781594,seed31386.png
-23.076784,-15.873676,seed31387.png
-15.933592,6.625492,seed31388.png
-33.817665,22.908464,seed31389.png
42.393974,21.385672,seed3139.png
24.413803,19.539148,seed31390.png
-34.825176,21.287851,seed31391.png
25.243246,6.6819324,seed31392.png
-18.535002,-14.071646,seed31393.png
4.1223044,-24.705286,seed31394.png
36.990322,22.287489,seed31395.png
-26.930113,2.5041735,seed31396.png
11.080184,14.513503,seed31397.png
-5.167113,-22.3962,seed31398.png
37.96421,19.297277,seed31399.png
35.33031,20.305687,seed3140.png
7.497929,15.291301,seed31400.png
-24.399557,2.939637,seed31401.png
-5.380282,17.840023,seed31402.png
11.579356,-23.735622,seed31403.png
-31.83155,-9.053299,seed31404.png
-20.44238,6.9525504,seed31405.png
-14.054588,-23.64854,seed31406.png
-16.352589,-9.833892,seed31407.png
11.965266,21.509214,seed31408.png
35.801178,6.731973,seed31409.png
-24.342438,-18.143965,seed3141.png
32.877926,22.62917,seed31410.png
36.73102,22.64545,seed31411.png
5.0839972,-33.018257,seed31412.png
36.907665,27.436995,seed31413.png
29.937698,20.613012,seed31414.png
38.202244,9.187008,seed31415.png
19.934652,6.451713,seed31416.png
-27.144423,11.745805,seed31417.png
12.711715,18.562355,seed31418.png
-12.726794,-30.916246,seed31419.png
-16.894165,-25.101938,seed3142.png
-15.735034,-22.108458,seed31420.png
9.051158,-6.7061825,seed31421.png
15.948244,27.018963,seed31422.png
-19.92129,-28.714119,seed31423.png
28.965124,24.89457,seed31424.png
-20.16995,-25.189804,seed31425.png
-29.614985,12.89917,seed31426.png
-15.748058,-12.85291,seed31427.png
-28.127678,-10.941013,seed31428.png
-21.839119,-6.909549,seed31429.png
-30.09428,-10.923854,seed3143.png
-27.319813,18.524946,seed31430.png
-28.29665,9.855225,seed31431.png
30.39106,27.091045,seed31432.png
15.832238,22.494223,seed31433.png
-13.275473,-14.099323,seed31434.png
14.951188,28.186693,seed31435.png
-23.6518,-2.86348,seed31436.png
27.786184,23.571966,seed31437.png
-15.460137,-17.953268,seed31438.png
22.483232,0.35878268,seed31439.png
-29.495417,9.763294,seed3144.png
-27.168556,16.851484,seed31440.png
11.769006,-38.54386,seed31441.png
-30.360966,14.017879,seed31442.png
23.498251,-8.748143,seed31443.png
15.303894,12.7217245,seed31444.png
-25.242548,-14.617115,seed31445.png
9.150696,-24.82451,seed31446.png
39.35799,17.520834,seed31447.png
31.34639,15.683365,seed31448.png
13.483349,28.13084,seed31449.png
-0.9797546,16.96682,seed3145.png
8.922291,-34.756924,seed31450.png
37.12696,20.072289,seed31451.png
-11.560171,-23.129375,seed31452.png
4.6563997,-34.560345,seed31453.png
42.133083,21.212616,seed31454.png
-31.882378,1.0651797,seed31455.png
38.854256,9.524135,seed31456.png
3.3234718,11.348582,seed31457.png
10.159835,-12.638851,seed31458.png
-20.613768,12.571652,seed31459.png
-32.57845,-1.8307655,seed3146.png
-33.601757,20.46973,seed31460.png
-37.88617,21.492565,seed31461.png
-8.239262,-24.754032,seed31462.png
-17.418293,-27.985731,seed31463.png
-22.246693,18.680151,seed31464.png
-12.514071,-25.565107,seed31465.png
-15.706213,-0.64965075,seed31466.png
-3.9907112,11.608475,seed31467.png
30.084019,11.924719,seed31468.png
33.397408,7.1373153,seed31469.png
-10.745843,-10.626918,seed3147.png
-9.314899,-4.6185,seed31470.png
4.253791,-36.132088,seed31471.png
-5.198477,-7.7874417,seed31472.png
-22.794357,-10.944493,seed31473.png
20.476522,-7.6250734,seed31474.png
22.164679,-7.4525023,seed31475.png
-33.267788,15.507709,seed31476.png
-17.455214,-16.004147,seed31477.png
9.418192,0.7877352,seed31478.png
8.735077,-31.113884,seed31479.png
12.719916,22.014904,seed3148.png
15.556722,-1.8220214,seed31480.png
31.45865,11.877158,seed31481.png
10.977598,-41.819378,seed31482.png
-26.347982,4.163101,seed31483.png
35.182014,9.29911,seed31484.png
0.063213065,-17.867414,seed31485.png
7.234656,-24.192295,seed31486.png
-3.8477345,-11.247528,seed31487.png
-12.182619,-9.861389,seed31488.png
-22.3334,-2.4571092,seed31489.png
-19.29845,-24.943144,seed3149.png
14.825693,27.707445,seed31490.png
-27.84602,-18.765757,seed31491.png
6.8852086,-31.096125,seed31492.png
1.1305414,2.0710104,seed31493.png
-0.040997297,22.030752,seed31494.png
-27.016153,3.6351645,seed31495.png
-20.762854,7.8370743,seed31496.png
-26.165157,-23.013336,seed31497.png
-17.386927,-18.682018,seed31498.png
-18.646954,-17.762598,seed31499.png
31.265919,16.77683,seed3150.png
30.74666,5.781236,seed31500.png
2.6158245,-32.084137,seed31501.png
-8.751672,-20.236195,seed31502.png
15.115899,-30.87757,seed31503.png
28.625132,-1.7046162,seed31504.png
12.40275,-9.005265,seed31505.png
34.43102,10.366536,seed31506.png
-17.451492,5.599044,seed31507.png
18.653038,-4.3789473,seed31508.png
-28.78958,-4.5425434,seed31509.png
-11.855945,-6.252116,seed3151.png
-19.609312,-2.5203269,seed31510.png
23.42925,-8.202678,seed31511.png
17.363626,-34.923046,seed31512.png
6.255009,-9.674267,seed31513.png
26.809391,-3.2800333,seed31514.png
27.475697,12.803228,seed31515.png
10.636939,-39.70267,seed31516.png
-27.719622,13.1249695,seed31517.png
-24.014843,-12.666207,seed31518.png
-28.744974,-10.809256,seed31519.png
-18.70534,-17.686995,seed3152.png
25.435032,18.106684,seed31520.png
10.293907,-33.043453,seed31521.png
-15.945461,-26.51353,seed31522.png
12.884586,24.294077,seed31523.png
-16.084711,-4.406827,seed31524.png
-21.928846,15.811209,seed31525.png
-35.35199,23.144705,seed31526.png
-30.770058,20.616371,seed31527.png
7.595402,-38.9443,seed31528.png
33.174644,28.446377,seed31529.png
18.148546,-0.22147764,seed3153.png
29.239271,15.006066,seed31530.png
4.13191,-33.468636,seed31531.png
26.102303,27.916471,seed31532.png
-33.672283,11.823065,seed31533.png
-0.4632903,16.347202,seed31534.png
-26.916721,-6.1255946,seed31535.png
21.266499,20.69201,seed31536.png
9.186266,6.2062683,seed31537.png
1.0720372,0.73023075,seed31538.png
-32.391224,-3.4023814,seed31539.png
34.97931,3.9372978,seed3154.png
37.913536,26.471937,seed31540.png
11.759424,11.753263,seed31541.png
0.83491385,-15.638339,seed31542.png
4.2945914,-30.209911,seed31543.png
-8.503116,-20.140526,seed31544.png
7.0744357,-3.122931,seed31545.png
20.463013,-2.327099,seed31546.png
36.299507,13.050582,seed31547.png
-13.796482,-30.990177,seed31548.png
39.603024,24.172852,seed31549.png
38.121174,7.7922525,seed3155.png
-32.569458,-7.498362,seed31550.png
-17.988455,-10.885481,seed31551.png
14.560874,-30.958607,seed31552.png
-19.404768,4.576549,seed31553.png
9.87855,23.828314,seed31554.png
-1.4277108,-16.18218,seed31555.png
27.41786,29.112751,seed31556.png
-26.983862,0.48388547,seed31557.png
35.335754,16.60013,seed31558.png
12.897149,25.494272,seed31559.png
-14.471376,-0.68526185,seed3156.png
-8.011826,-7.2931137,seed31560.png
-12.211132,-18.905188,seed31561.png
-13.6401415,-1.0371866,seed31562.png
6.653902,-41.00842,seed31563.png
8.637211,-37.446754,seed31564.png
12.15271,-31.56981,seed31565.png
-11.141218,2.1839943,seed31566.png
-20.173313,-17.418814,seed31567.png
-6.7683396,-9.900645,seed31568.png
18.933327,-4.806354,seed31569.png
35.488686,10.005974,seed3157.png
23.919724,-2.4871583,seed31570.png
9.020515,-31.031332,seed31571.png
36.89637,22.027506,seed31572.png
35.128376,24.736835,seed31573.png
-24.429697,9.625104,seed31574.png
36.047062,6.4321527,seed31575.png
-7.948823,-9.5064335,seed31576.png
10.983379,4.1829257,seed31577.png
5.808889,5.7042084,seed31578.png
16.740742,0.88470685,seed31579.png
-16.91395,-21.305325,seed3158.png
7.674229,-3.942663,seed31580.png
-25.437708,-0.8158388,seed31581.png
-26.916042,13.082593,seed31582.png
-3.964225,-14.646999,seed31583.png
29.718386,18.865107,seed31584.png
-33.982243,10.875355,seed31585.png
-36.283848,-3.1415908,seed31586.png
-26.168417,-15.411006,seed31587.png
14.506695,10.319549,seed31588.png
-23.71662,3.7257702,seed31589.png
-22.474695,-29.765598,seed3159.png
-28.608644,-20.565804,seed31590.png
13.025657,-32.64559,seed31591.png
15.490551,-8.50608,seed31592.png
-29.835453,5.698584,seed31593.png
10.8727665,-32.270576,seed31594.png
-35.187927,-6.5553713,seed31595.png
-23.640472,15.256662,seed31596.png
20.394144,1.1616069,seed31597.png
-31.431944,-4.223545,seed31598.png
29.586369,3.1638234,seed31599.png
-10.917482,-10.696076,seed3160.png
2.896272,-36.904537,seed31600.png
26.414322,28.146248,seed31601.png
-2.6375701,22.374578,seed31602.png
0.73927927,8.238064,seed31603.png
32.679203,25.58713,seed31604.png
27.315058,7.3869395,seed31605.png
-31.846462,0.0869734,seed31606.png
11.757883,-5.2957463,seed31607.png
27.554342,18.537453,seed31608.png
35.14288,11.429973,seed31609.png
-11.054086,-21.33043,seed3161.png
-17.366465,-29.0925,seed31610.png
18.116852,19.598173,seed31611.png
-23.459541,-17.147493,seed31612.png
-17.55736,3.35472,seed31613.png
31.864513,18.318737,seed31614.png
-22.280304,-25.764435,seed31615.png
37.92034,23.438448,seed31616.png
27.683626,4.5133796,seed31617.png
5.974544,-36.435673,seed31618.png
-34.333523,-2.1270127,seed31619.png
-32.210308,22.879084,seed3162.png
9.56445,14.350443,seed31620.png
-7.2389903,-21.525373,seed31621.png
-5.2460833,-9.47222,seed31622.png
33.05395,5.4577355,seed31623.png
-14.949909,-16.104172,seed31624.png
6.242652,-4.832835,seed31625.png
39.415215,17.245853,seed31626.png
21.848543,-4.77134,seed31627.png
25.476332,-2.8504305,seed31628.png
29.16965,17.542683,seed31629.png
22.89336,8.80332,seed3163.png
35.877453,25.110682,seed31630.png
-18.312634,-10.309206,seed31631.png
14.942301,-37.928223,seed31632.png
19.715124,11.237119,seed31633.png
23.699991,6.4456,seed31634.png
5.688913,-41.455425,seed31635.png
-34.258446,-7.728008,seed31636.png
7.9986005,3.3485682,seed31637.png
11.6422,20.45104,seed31638.png
18.246548,19.4233,seed31639.png
5.456538,-2.906626,seed3164.png
-4.1472535,-15.037941,seed31640.png
-6.452524,6.534961,seed31641.png
-24.38362,-13.480116,seed31642.png
-33.69564,14.380877,seed31643.png
-20.65019,-19.765245,seed31644.png
-20.42557,-28.412457,seed31645.png
-20.360453,-3.575538,seed31646.png
-31.521257,1.2420635,seed31647.png
-33.897556,26.78262,seed31648.png
33.46091,16.579401,seed31649.png
16.657124,-33.333694,seed3165.png
28.501547,24.630943,seed31650.png
3.4164467,-23.307312,seed31651.png
17.372366,0.77299476,seed31652.png
-27.934875,-18.12187,seed31653.png
4.2772202,18.241198,seed31654.png
11.511151,-28.301035,seed31655.png
13.578771,7.414206,seed31656.png
-21.072477,8.000755,seed31657.png
13.5727005,7.474662,seed31658.png
15.522964,13.43201,seed31659.png
8.96856,-3.3789039,seed3166.png
-20.913464,4.008455,seed31660.png
20.50463,-7.746047,seed31661.png
7.905781,-31.359495,seed31662.png
30.076391,0.027968612,seed31663.png
-13.383798,-17.341936,seed31664.png
16.736574,7.607816,seed31665.png
1.374111,-28.532648,seed31666.png
14.963835,-39.47068,seed31667.png
-10.170758,-15.362084,seed31668.png
-1.5340564,-17.074966,seed31669.png
19.362738,22.56876,seed3167.png
4.0117354,-27.37352,seed31670.png
-27.492023,5.4858494,seed31671.png
-9.282148,-21.379135,seed31672.png
-24.87388,-14.803031,seed31673.png
-35.906746,20.095036,seed31674.png
-5.394526,-1.6899765,seed31675.png
12.276428,-39.338177,seed31676.png
9.008695,-36.7969,seed31677.png
-17.373947,4.9649305,seed31678.png
4.6902676,0.93421334,seed31679.png
32.68891,7.5665283,seed3168.png
-21.452204,-25.267805,seed31680.png
-5.5544944,17.03331,seed31681.png
11.928959,-24.067064,seed31682.png
18.223934,0.80306786,seed31683.png
20.485914,16.433455,seed31684.png
9.842325,-35.50637,seed31685.png
34.44032,12.290541,seed31686.png
-5.318701,-25.91604,seed31687.png
37.238533,17.7587,seed31688.png
-10.167506,-6.941809,seed31689.png
-14.197105,-8.311356,seed3169.png
33.80818,26.88781,seed31690.png
32.35122,23.059671,seed31691.png
-34.069965,20.544584,seed31692.png
35.493465,9.463345,seed31693.png
1.4675651,-0.45946506,seed31694.png
33.065445,16.963425,seed31695.png
-31.07218,19.707918,seed31696.png
32.57393,26.063223,seed31697.png
-11.566894,-24.408953,seed31698.png
-6.6579027,-18.696255,seed31699.png
-28.442486,-8.959664,seed3170.png
12.280469,-30.729565,seed31700.png
33.755413,19.393768,seed31701.png
-19.502752,-16.284435,seed31702.png
14.566484,-39.118618,seed31703.png
-31.509008,-1.9206874,seed31704.png
27.743559,19.651545,seed31705.png
34.94856,16.834806,seed31706.png
8.463553,19.108187,seed31707.png
12.989774,14.78919,seed31708.png
-16.159409,-15.43175,seed31709.png
-2.0577173,-13.164155,seed3171.png
6.9545417,-4.1152134,seed31710.png
1.7456046,-14.717191,seed31711.png
5.5853796,-28.72359,seed31712.png
-23.069086,-18.599743,seed31713.png
1.8991809,19.487457,seed31714.png
-26.840263,-11.03036,seed31715.png
-21.514675,20.068964,seed31716.png
-15.946253,1.8656795,seed31717.png
24.505127,17.953629,seed31718.png
1.0595114,-1.1871562,seed31719.png
16.117374,-33.220043,seed3172.png
22.50521,19.490334,seed31720.png
32.74964,21.719955,seed31721.png
-35.958675,-2.37129,seed31722.png
17.003153,19.551886,seed31723.png
11.061962,-37.967915,seed31724.png
39.63352,24.074907,seed31725.png
-29.367393,22.52305,seed31726.png
-18.753336,-5.9221797,seed31727.png
5.5624337,-30.694284,seed31728.png
24.870108,-0.42552698,seed31729.png
-15.605694,-14.506666,seed3173.png
-33.615334,20.060707,seed31730.png
-29.12048,13.754141,seed31731.png
22.533943,11.43982,seed31732.png
-6.4244785,-26.333553,seed31733.png
33.25515,8.709785,seed31734.png
18.740356,7.0433693,seed31735.png
-34.534386,28.099367,seed31736.png
16.339918,4.7960234,seed31737.png
11.998148,-2.7557888,seed31738.png
-32.819958,23.766897,seed31739.png
-30.739157,-5.657462,seed3174.png
-19.442127,6.4108377,seed31740.png
33.06703,1.5907165,seed31741.png
-19.203316,-24.230167,seed31742.png
11.367624,20.303617,seed31743.png
21.431763,17.230856,seed31744.png
18.87478,4.94437,seed31745.png
-3.2788916,11.2407875,seed31746.png
31.96555,28.297096,seed31747.png
17.157097,14.347349,seed31748.png
-10.978479,-22.511074,seed31749.png
29.9983,16.316101,seed3175.png
-17.500732,2.5577648,seed31750.png
4.026513,3.1380982,seed31751.png
-31.271364,-16.130507,seed31752.png
40.383286,14.984543,seed31753.png
-26.41909,1.5374746,seed31754.png
-13.948708,-16.177895,seed31755.png
11.472872,16.93762,seed31756.png
-0.4371844,23.741129,seed31757.png
-22.6445,-1.1837063,seed31758.png
-0.6677586,15.039887,seed31759.png
-24.522373,13.228571,seed3176.png
30.467894,7.4869623,seed31760.png
-14.639267,-20.804321,seed31761.png
12.125409,24.596422,seed31762.png
14.552161,-38.922443,seed31763.png
-13.207138,-30.409618,seed31764.png
-29.753206,1.4003768,seed31765.png
-26.710827,11.119478,seed31766.png
13.894862,27.831383,seed31767.png
-24.977468,-23.237137,seed31768.png
-9.942463,-13.85392,seed31769.png
32.03457,3.6992218,seed3177.png
-15.471745,-6.9799886,seed31770.png
8.231034,7.062067,seed31771.png
26.659973,10.498263,seed31772.png
-18.245245,7.6678486,seed31773.png
8.406562,-28.427864,seed31774.png
-20.244112,-14.404259,seed31775.png
10.563756,0.91622883,seed31776.png
-31.818155,17.812405,seed31777.png
12.853505,-6.896552,seed31778.png
1.0467902,22.91209,seed31779.png
-25.018007,-22.483059,seed3178.png
25.692099,19.515873,seed31780.png
-25.810123,13.497064,seed31781.png
28.51493,15.01128,seed31782.png
-2.8448908,24.045465,seed31783.png
-15.444677,-23.93787,seed31784.png
-30.254557,16.949194,seed31785.png
16.498346,-36.273476,seed31786.png
21.091566,18.537148,seed31787.png
-26.808325,-5.5996075,seed31788.png
-31.51431,-11.02588,seed31789.png
10.406646,-12.289302,seed3179.png
21.056198,9.34472,seed31790.png
11.073657,-2.7718701,seed31791.png
6.855937,1.9140037,seed31792.png
-17.015291,-23.96334,seed31793.png
13.78629,23.290222,seed31794.png
13.850974,19.686813,seed31795.png
8.997778,-1.4411507,seed31796.png
-14.181395,0.7514844,seed31797.png
24.51419,18.276068,seed31798.png
15.893901,-0.033447344,seed31799.png
33.193188,25.44016,seed3180.png
23.27595,23.20222,seed31800.png
-7.2623973,-1.0932553,seed31801.png
-30.63576,-4.4340086,seed31802.png
-20.661427,4.4621024,seed31803.png
-35.27845,13.107129,seed31804.png
14.107571,12.434554,seed31805.png
-19.887657,-27.496927,seed31806.png
-8.812627,-21.081627,seed31807.png
-15.4473505,-16.837774,seed31808.png
5.757455,13.704382,seed31809.png
7.432924,-29.182856,seed3181.png
-16.625423,1.0964987,seed31810.png
12.958712,23.260939,seed31811.png
5.1973624,8.611329,seed31812.png
10.524162,1.0815917,seed31813.png
-12.425748,-28.35058,seed31814.png
-13.477704,1.836469,seed31815.png
15.504842,-32.76263,seed31816.png
13.06064,25.731321,seed31817.png
-34.15966,8.769174,seed31818.png
7.371232,-4.690048,seed31819.png
9.481971,-24.91762,seed3182.png
-32.619144,12.450937,seed31820.png
-23.295563,7.764164,seed31821.png
19.872898,0.77816755,seed31822.png
32.15706,6.6702347,seed31823.png
-28.406958,-9.795552,seed31824.png
9.858493,-3.8121269,seed31825.png
-24.597778,-10.782528,seed31826.png
-31.906055,23.760464,seed31827.png
10.861099,28.929098,seed31828.png
26.54376,27.057102,seed31829.png
-22.822857,-9.32189,seed3183.png
31.855476,5.877551,seed31830.png
10.188275,-41.067734,seed31831.png
13.083797,-31.253963,seed31832.png
-15.475045,4.942851,seed31833.png
-2.9092262,-7.1030064,seed31834.png
8.884523,-32.378914,seed31835.png
4.3926697,15.610604,seed31836.png
-11.00528,-4.271959,seed31837.png
36.648975,12.883216,seed31838.png
-1.8917357,10.427778,seed31839.png
15.710511,-33.11253,seed3184.png
32.524765,28.278563,seed31840.png
-5.3109646,-14.450019,seed31841.png
-11.810364,-26.773115,seed31842.png
0.23769248,18.499409,seed31843.png
-24.409096,8.680289,seed31844.png
-10.383827,-26.575989,seed31845.png
20.43496,13.152221,seed31846.png
-14.637012,-1.7891008,seed31847.png
15.616454,-32.372604,seed31848.png
-33.315826,-4.577068,seed31849.png
4.68045,18.83822,seed3185.png
20.693525,-5.504357,seed31850.png
11.237758,24.72053,seed31851.png
8.084472,-41.425407,seed31852.png
-0.8647052,3.6559732,seed31853.png
-7.5590363,-16.740305,seed31854.png
0.21499778,-4.6286073,seed31855.png
36.649803,21.315922,seed31856.png
5.7891,-28.447786,seed31857.png
12.798585,-35.79677,seed31858.png
-28.52279,9.994715,seed31859.png
-27.664627,-6.2675514,seed3186.png
34.584927,14.131392,seed31860.png
-3.3447442,-13.048308,seed31861.png
-2.4144156,-9.896691,seed31862.png
-18.581429,-13.518912,seed31863.png
-28.769918,20.68886,seed31864.png
-13.589776,-15.205186,seed31865.png
-35.709457,26.386,seed31866.png
15.607762,-35.866756,seed31867.png
-27.29955,21.424044,seed31868.png
13.570989,24.29676,seed31869.png
10.372035,-32.35426,seed3187.png
-21.87692,-16.245441,seed31870.png
35.998,12.925213,seed31871.png
2.7539926,7.4428043,seed31872.png
12.426303,-6.036712,seed31873.png
39.15462,16.44161,seed31874.png
30.577911,20.880877,seed31875.png
35.52209,6.380363,seed31876.png
16.220102,-4.7339115,seed31877.png
-25.992682,-7.6840787,seed31878.png
36.1505,8.929583,seed31879.png
1.4639088,-22.999113,seed3188.png
39.05908,7.371727,seed31880.png
5.0749607,6.87675,seed31881.png
-35.479122,10.266195,seed31882.png
-13.2856455,-19.04602,seed31883.png
17.591227,16.466501,seed31884.png
4.915783,-33.484222,seed31885.png
-18.346533,-13.431145,seed31886.png
-0.15979882,2.8449864,seed31887.png
-23.434864,3.0024252,seed31888.png
15.134943,8.719362,seed31889.png
31.433342,22.50793,seed3189.png
32.140766,9.493788,seed31890.png
-34.578568,16.814789,seed31891.png
-16.045517,-7.9035144,seed31892.png
20.320036,15.002463,seed31893.png
-30.470726,17.165369,seed31894.png
14.81679,-37.222057,seed31895.png
29.46254,7.44375,seed31896.png
-22.945671,8.215836,seed31897.png
-33.070366,20.296623,seed31898.png
-25.264793,-15.490725,seed31899.png
30.684246,16.937551,seed3190.png
-3.6943269,6.042701,seed31900.png
-23.773502,7.0665507,seed31901.png
37.927814,24.76872,seed31902.png
22.915785,1.2373753,seed31903.png
7.190613,26.111122,seed31904.png
-14.370276,-26.53681,seed31905.png
-6.0394173,-0.6909056,seed31906.png
16.23249,-35.604927,seed31907.png
-27.901588,-7.88497,seed31908.png
-30.174994,4.232315,seed31909.png
-20.438444,-2.2398214,seed3191.png
18.122713,2.2441013,seed31910.png
16.381945,-34.31098,seed31911.png
36.238823,15.7950535,seed31912.png
35.275303,23.879921,seed31913.png
-10.052788,-12.932014,seed31914.png
-9.594078,-10.829831,seed31915.png
-17.59247,-19.655146,seed31916.png
9.28368,24.29702,seed31917.png
9.902671,-42.23587,seed31918.png
13.856913,-6.645724,seed31919.png
-9.984511,-4.198775,seed3192.png
26.3579,8.584744,seed31920.png
-7.4677258,-20.29846,seed31921.png
-3.4867628,-17.52891,seed31922.png
-31.638779,18.831663,seed31923.png
9.149122,8.901711,seed31924.png
7.131701,-36.820877,seed31925.png
12.869279,7.481326,seed31926.png
32.021095,3.4843485,seed31927.png
-2.1784217,-4.556478,seed31928.png
-27.859728,18.68914,seed31929.png
-20.841019,-0.04194148,seed3193.png
-8.766201,-19.89162,seed31930.png
14.605218,10.698565,seed31931.png
-16.571188,-0.053036246,seed31932.png
11.450096,-23.139572,seed31933.png
-31.893318,17.734241,seed31934.png
-20.860352,-9.673154,seed31935.png
13.116851,-34.81596,seed31936.png
5.133796,17.8801,seed31937.png
-31.319529,11.192453,seed31938.png
-11.671343,-19.11074,seed31939.png
22.33078,-5.737933,seed3194.png
13.187639,-10.4420395,seed31940.png
-1.1111239,-13.006483,seed31941.png
16.291903,-0.28618076,seed31942.png
5.0365224,-31.265116,seed31943.png
-34.461708,-9.338211,seed31944.png
-15.238761,-29.594362,seed31945.png
-2.4011157,9.330141,seed31946.png
-14.641188,-16.964262,seed31947.png
-1.1925994,21.992088,seed31948.png
-21.384855,-2.5697315,seed31949.png
-24.326258,15.930589,seed3195.png
-32.147175,17.252844,seed31950.png
-30.0123,10.083419,seed31951.png
27.23824,29.072195,seed31952.png
-28.710567,-15.395279,seed31953.png
-15.124446,-30.370327,seed31954.png
-28.04522,18.691835,seed31955.png
17.110092,21.353725,seed31956.png
12.893044,-39.16636,seed31957.png
12.448816,-6.6050096,seed31958.png
-23.54443,15.221951,seed31959.png
11.287815,-8.420656,seed3196.png
-20.328566,-22.260538,seed31960.png
20.059122,23.391552,seed31961.png
11.6178465,-42.302357,seed31962.png
7.3645463,6.5896277,seed31963.png
-21.887129,2.178981,seed31964.png
29.242552,7.4304867,seed31965.png
1.4238862,-31.553776,seed31966.png
-14.7526655,-28.78528,seed31967.png
-35.114002,-2.07882,seed31968.png
2.7099063,13.49532,seed31969.png
-28.447613,12.526323,seed3197.png
3.0687535,16.59471,seed31970.png
28.928286,26.360678,seed31971.png
30.641104,11.866424,seed31972.png
18.68968,14.418403,seed31973.png
22.492826,4.4831557,seed31974.png
-12.637189,2.886637,seed31975.png
-33.19755,-2.7056086,seed31976.png
18.81242,1.6201208,seed31977.png
20.776533,22.103668,seed31978.png
17.259762,24.086061,seed31979.png
-23.94312,-12.01686,seed3198.png
11.074372,-7.7714224,seed31980.png
-3.36819,-8.32006,seed31981.png
19.793655,3.8529365,seed31982.png
-20.365433,12.859864,seed31983.png
31.271399,28.112429,seed31984.png
11.348674,-35.973587,seed31985.png
-22.567957,20.501772,seed31986.png
8.24196,28.306118,seed31987.png
-31.380743,4.060569,seed31988.png
7.3453245,6.7129235,seed31989.png
-2.822756,0.9069977,seed3199.png
19.764467,0.53539294,seed31990.png
20.278566,23.138533,seed31991.png
40.089905,13.210755,seed31992.png
32.050747,13.38268,seed31993.png
3.4329097,10.050131,seed31994.png
22.913492,19.242407,seed31995.png
2.8098247,-1.69426,seed31996.png
-21.313417,5.343852,seed31997.png
3.606712,16.209267,seed31998.png
-32.165447,-10.212145,seed31999.png
11.489884,-38.411694,seed3200.png
3.5019963,18.551476,seed32000.png
8.380601,-35.420357,seed32001.png
10.806386,5.8116393,seed32002.png
-1.2696055,-19.11609,seed32003.png
6.889148,-2.3815374,seed32004.png
8.385951,-38.387012,seed32005.png
31.811487,6.4732194,seed32006.png
24.714128,6.6359625,seed32007.png
-29.13012,-9.478648,seed32008.png
40.60997,14.923363,seed32009.png
-10.881351,-1.7605463,seed3201.png
10.782072,13.119111,seed32010.png
-6.338863,4.7788963,seed32011.png
-14.144345,3.7161114,seed32012.png
27.881107,8.482995,seed32013.png
29.736778,24.688784,seed32014.png
-34.74824,27.021677,seed32015.png
-19.704096,-26.88666,seed32016.png
-16.821457,13.426699,seed32017.png
13.539608,-33.32656,seed32018.png
16.204914,6.789449,seed32019.png
8.59413,-32.271324,seed3202.png
3.8849962,-35.074894,seed32020.png
2.328966,-30.464876,seed32021.png
36.237457,11.967502,seed32022.png
16.977478,-35.124855,seed32023.png
12.462946,-8.451384,seed32024.png
11.089132,-24.503212,seed32025.png
-20.08623,-3.2951047,seed32026.png
15.517084,18.713552,seed32027.png
-19.307486,11.443316,seed32028.png
-19.513891,-19.791285,seed32029.png
-26.033255,4.655523,seed3203.png
-7.768426,-18.706196,seed32030.png
-7.4366894,-24.768942,seed32031.png
-28.1419,-1.3272197,seed32032.png
19.21233,21.521515,seed32033.png
11.967148,27.905857,seed32034.png
-12.017106,-17.742788,seed32035.png
-8.352951,-12.45622,seed32036.png
-20.172476,6.990885,seed32037.png
-0.25627902,21.389708,seed32038.png
-15.371941,-6.5812073,seed32039.png
0.8543894,-0.54304147,seed3204.png
-29.462227,-7.742151,seed32040.png
4.44387,-11.964331,seed32041.png
-21.490553,-23.130938,seed32042.png
6.4396944,-33.034187,seed32043.png
12.130306,-42.591053,seed32044.png
-3.96508,13.384995,seed32045.png
12.27064,-29.367455,seed32046.png
20.873596,23.919891,seed32047.png
-10.380022,-12.674123,seed32048.png
-20.444536,-2.351908,seed32049.png
30.960224,3.1868453,seed3205.png
-0.7904164,-2.9024866,seed32050.png
-32.047638,-3.6903112,seed32051.png
-19.402561,-19.608128,seed32052.png
3.1886094,-23.792757,seed32053.png
-26.426466,14.224269,seed32054.png
4.754223,14.415365,seed32055.png
26.494839,13.980325,seed32056.png
-35.47662,18.017708,seed32057.png
31.294025,17.180311,seed32058.png
-17.824915,-24.271917,seed32059.png
31.788471,23.51777,seed3206.png
11.283308,18.941624,seed32060.png
22.225683,-4.087207,seed32061.png
-30.466047,16.09967,seed32062.png
-27.516766,16.038067,seed32063.png
4.8710647,-29.651962,seed32064.png
23.168503,17.00563,seed32065.png
21.164078,16.358597,seed32066.png
-36.221878,13.577835,seed32067.png
13.813029,-10.003596,seed32068.png
23.1025,19.037954,seed32069.png
-27.886375,-13.142145,seed3207.png
17.308474,19.136557,seed32070.png
-31.09163,15.057601,seed32071.png
18.981388,-6.4045205,seed32072.png
32.537556,6.572967,seed32073.png
-16.254509,-6.2110033,seed32074.png
-32.908672,-1.669001,seed32075.png
-17.167635,-7.4775214,seed32076.png
14.636396,-36.609364,seed32077.png
-19.49921,-22.83425,seed32078.png
10.543352,-34.097992,seed32079.png
27.568808,24.311583,seed3208.png
9.90125,-26.0809,seed32080.png
37.15108,26.2144,seed32081.png
27.120787,18.499468,seed32082.png
35.11934,22.53082,seed32083.png
20.268223,-0.7988382,seed32084.png
16.315681,1.322422,seed32085.png
27.487913,17.29807,seed32086.png
6.1899786,-28.560144,seed32087.png
35.236225,9.563636,seed32088.png
-35.581936,24.835728,seed32089.png
-9.187193,9.955353,seed3209.png
38.25229,15.290079,seed32090.png
8.926156,20.093452,seed32091.png
-26.871046,-16.197927,seed32092.png
-27.691036,-2.4441667,seed32093.png
11.860386,-33.89922,seed32094.png
-27.668789,-12.035019,seed32095.png
30.422394,3.8915381,seed32096.png
-17.8313,-4.4644966,seed32097.png
22.70328,24.126322,seed32098.png
23.084091,4.2282987,seed32099.png
-5.0441575,-15.042985,seed3210.png
19.406458,5.6295996,seed32100.png
5.5448,-28.271826,seed32101.png
15.669126,-39.83748,seed32102.png
11.031986,-8.182413,seed32103.png
23.231058,2.530915,seed32104.png
-3.756793,-12.193807,seed32105.png
14.863994,-38.73758,seed32106.png
20.483387,-1.5033699,seed32107.png
-31.356949,25.970913,seed32108.png
23.202831,-0.83921176,seed32109.png
24.356901,12.393151,seed3211.png
9.627149,29.723524,seed32110.png
-11.898045,-1.0290427,seed32111.png
33.455532,6.694372,seed32112.png
33.155525,17.324165,seed32113.png
14.456338,28.478703,seed32114.png
10.463113,3.5500915,seed32115.png
-24.24416,13.125213,seed32116.png
33.15779,10.014459,seed32117.png
-20.476835,-27.717125,seed32118.png
4.954589,4.5208282,seed32119.png
-17.33954,-4.6997604,seed3212.png
-27.070482,11.378118,seed32120.png
11.822992,-36.778336,seed32121.png
15.4771805,14.41239,seed32122.png
15.034307,-1.2253008,seed32123.png
-33.70233,7.322199,seed32124.png
-21.150839,-15.430943,seed32125.png
15.768694,19.049927,seed32126.png
4.770234,7.9499674,seed32127.png
-18.858942,6.077836,seed32128.png
6.722408,-34.69156,seed32129.png
6.107238,8.154446,seed3213.png
24.946758,20.472729,seed32130.png
24.83581,17.00228,seed32131.png
12.666905,23.567932,seed32132.png
-29.038137,-6.137689,seed32133.png
-2.9014473,10.606128,seed32134.png
29.259106,26.533243,seed32135.png
31.441223,3.818144,seed32136.png
11.1956625,-19.913498,seed32137.png
35.39927,5.2058997,seed32138.png
23.597815,1.6313165,seed32139.png
24.03341,28.858593,seed3214.png
-28.256376,-9.598626,seed32140.png
12.564559,-3.4581566,seed32141.png
12.566005,-27.652603,seed32142.png
33.223946,16.77423,seed32143.png
-8.614999,-24.812668,seed32144.png
4.367591,-36.087612,seed32145.png
21.486397,15.132616,seed32146.png
-30.807652,24.753485,seed32147.png
19.396605,-5.4138074,seed32148.png
25.781452,3.6379948,seed32149.png
-18.14314,-5.4321117,seed3215.png
-22.323547,-11.557872,seed32150.png
-16.433125,0.68312156,seed32151.png
11.498597,-42.79154,seed32152.png
-7.2060304,-19.59291,seed32153.png
-19.74231,-7.5941753,seed32154.png
21.665432,8.088057,seed32155.png
31.3444,19.701904,seed32156.png
17.55704,-9.110746,seed32157.png
-18.314287,-23.889847,seed32158.png
-16.403004,-8.081982,seed32159.png
-31.529871,9.875934,seed3216.png
25.656654,14.593399,seed32160.png
-23.68791,-14.133605,seed32161.png
-32.427265,23.190016,seed32162.png
-21.947115,1.9367758,seed32163.png
31.344076,0.58325493,seed32164.png
-15.621142,-30.142195,seed32165.png
10.860789,-23.325317,seed32166.png
-13.074184,-5.454006,seed32167.png
-19.390821,2.8445985,seed32168.png
1.1506419,-1.2008985,seed32169.png
34.75562,9.213351,seed3217.png
8.840721,-37.624935,seed32170.png
40.523346,22.859325,seed32171.png
18.989996,-2.3589962,seed32172.png
36.85144,10.823146,seed32173.png
-6.3690414,14.269391,seed32174.png
10.496605,26.850098,seed32175.png
-31.218407,-13.252994,seed32176.png
-27.406975,-10.654127,seed32177.png
9.929537,28.448483,seed32178.png
-24.290907,-28.809992,seed32179.png
11.163045,-33.540627,seed3218.png
-22.029493,17.68019,seed32180.png
-20.084623,-22.72825,seed32181.png
6.4135346,-3.7088392,seed32182.png
40.968132,20.52513,seed32183.png
39.59757,19.705719,seed32184.png
26.707396,7.799947,seed32185.png
22.516436,20.593012,seed32186.png
8.520267,-42.40065,seed32187.png
15.056883,-35.404297,seed32188.png
24.126463,17.51682,seed32189.png
31.29595,19.757954,seed3219.png
-12.501085,-12.408373,seed32190.png
-12.145227,-26.433117,seed32191.png
-16.638567,12.593339,seed32192.png
4.295792,6.2815256,seed32193.png
13.173158,25.581755,seed32194.png
37.23815,20.421043,seed32195.png
-6.835012,-13.138213,seed32196.png
21.618584,-5.6918383,seed32197.png
-14.203854,-21.809065,seed32198.png
16.729172,13.893492,seed32199.png
29.28031,9.862522,seed3220.png
19.460375,14.897196,seed32200.png
29.879696,20.176674,seed32201.png
10.583496,15.421065,seed32202.png
6.2076364,-26.849485,seed32203.png
-26.493885,-12.631475,seed32204.png
1.0788263,-11.64331,seed32205.png
0.27831274,22.163898,seed32206.png
28.881886,16.90169,seed32207.png
25.329466,7.091763,seed32208.png
-18.689425,-19.824215,seed32209.png
4.1377034,-21.300566,seed3221.png
30.867437,2.0871634,seed32210.png
11.917233,-35.91484,seed32211.png
-33.8297,11.727175,seed32212.png
-34.700115,2.8122196,seed32213.png
21.145603,1.2487676,seed32214.png
34.35203,8.828859,seed32215.png
-7.4241476,-27.929947,seed32216.png
-30.616497,13.602185,seed32217.png
-18.387648,-4.495627,seed32218.png
-12.338793,-16.221357,seed32219.png
18.704544,-8.550569,seed3222.png
-15.32615,-22.026741,seed32220.png
31.053581,18.599184,seed32221.png
22.29133,21.466085,seed32222.png
-30.761137,-9.262563,seed32223.png
-22.127502,-6.475041,seed32224.png
-24.035826,-21.037544,seed32225.png
36.171314,26.355413,seed32226.png
7.364227,-0.40660843,seed32227.png
-17.91329,-18.98656,seed32228.png
-25.996002,15.198207,seed32229.png
5.770115,7.384694,seed3223.png
15.316292,-7.5579166,seed32230.png
12.820606,-22.757969,seed32231.png
-13.389414,4.2875867,seed32232.png
-34.229107,-4.404058,seed32233.png
24.141035,-3.629333,seed32234.png
-12.690063,-6.2442446,seed32235.png
14.160902,-0.7599626,seed32236.png
9.453188,-40.299713,seed32237.png
32.05113,6.67994,seed32238.png
-19.102087,-29.358503,seed32239.png
-13.557808,-27.787273,seed3224.png
7.078755,-2.0670738,seed32240.png
23.85992,-4.680385,seed32241.png
5.7530246,-4.7279286,seed32242.png
-16.440432,-24.267847,seed32243.png
-29.888668,21.216803,seed32244.png
19.103815,24.637028,seed32245.png
-19.471941,0.11715969,seed32246.png
18.684334,-7.4604907,seed32247.png
3.951043,24.012068,seed32248.png
-32.985718,21.639044,seed32249.png
10.271967,-29.694511,seed3225.png
-1.8690561,-17.007738,seed32250.png
-0.95013446,23.35076,seed32251.png
34.91885,25.045242,seed32252.png
-9.762884,-18.12644,seed32253.png
-14.118943,-24.148481,seed32254.png
-22.059553,17.767271,seed32255.png
13.039116,-21.008871,seed32256.png
11.836851,-20.753263,seed32257.png
7.876118,-37.964157,seed32258.png
-22.953417,-4.887547,seed32259.png
40.342552,12.108922,seed3226.png
-10.837543,-15.094931,seed32260.png
-4.6457276,-13.774897,seed32261.png
-23.156544,-26.758968,seed32262.png
40.814598,17.347883,seed32263.png
2.2686718,-28.436434,seed32264.png
-31.31754,-8.385896,seed32265.png
-15.154527,-19.482443,seed32266.png
17.112812,-35.46261,seed32267.png
26.064049,13.312603,seed32268.png
-31.371664,24.362959,seed32269.png
4.252905,17.124262,seed3227.png
-27.879852,8.677194,seed32270.png
33.15494,9.343002,seed32271.png
-0.8418143,24.444153,seed32272.png
17.732172,23.435871,seed32273.png
-32.964417,23.385908,seed32274.png
8.457498,-31.269396,seed32275.png
20.074669,-8.665908,seed32276.png
-30.960869,14.439563,seed32277.png
11.796904,-42.503582,seed32278.png
-16.032455,-31.982336,seed32279.png
-23.058147,14.235677,seed3228.png
8.84735,11.327901,seed32280.png
-20.991488,-8.16206,seed32281.png
26.656607,17.541483,seed32282.png
10.839099,-34.245224,seed32283.png
-6.5624776,6.7854266,seed32284.png
-21.111467,-2.5353706,seed32285.png
9.405416,-37.629036,seed32286.png
-15.675172,-27.91866,seed32287.png
-30.109674,8.322552,seed32288.png
31.669516,24.43183,seed32289.png
-0.71527815,8.428936,seed3229.png
12.832213,7.8111773,seed32290.png
-6.847915,-6.832239,seed32291.png
-12.587539,-10.983064,seed32292.png
-5.3674736,-17.769304,seed32293.png
16.61127,23.871294,seed32294.png
4.61139,-37.103733,seed32295.png
23.342766,8.263464,seed32296.png
11.700108,-20.57687,seed32297.png
-28.59921,-5.7687016,seed32298.png
3.69581,-16.800173,seed32299.png
-18.427738,-23.24478,seed3230.png
26.75332,2.1807632,seed32300.png
23.66983,8.35185,seed32301.png
14.128104,0.10532387,seed32302.png
-20.984898,-7.1105285,seed32303.png
7.6426096,7.190545,seed32304.png
-3.192568,-12.532098,seed32305.png
-1.9813762,16.840343,seed32306.png
20.998802,9.308262,seed32307.png
10.6346445,27.471706,seed32308.png
28.037516,6.809635,seed32309.png
-12.429133,-10.529132,seed3231.png
4.065269,1.0199974,seed32310.png
29.388357,29.526512,seed32311.png
4.5206923,3.7691264,seed32312.png
-17.579542,12.269987,seed32313.png
-6.339718,-21.850979,seed32314.png
13.748862,12.385667,seed32315.png
35.668114,12.159634,seed32316.png
-19.1824,-29.664576,seed32317.png
-23.950777,5.1552234,seed32318.png
-6.313674,-12.086086,seed32319.png
-34.691082,9.373778,seed3232.png
24.606762,6.816323,seed32320.png
17.613272,26.20902,seed32321.png
-19.816917,-4.8347077,seed32322.png
4.2002354,19.74714,seed32323.png
-9.804918,-15.176259,seed32324.png
17.979868,24.095312,seed32325.png
2.249044,19.822897,seed32326.png
-7.9772434,-24.716352,seed32327.png
-15.126896,-11.40659,seed32328.png
35.559498,20.69696,seed32329.png
15.387335,8.877289,seed3233.png
36.771755,25.759172,seed32330.png
31.7574,21.463438,seed32331.png
9.305185,15.988152,seed32332.png
13.850611,7.392416,seed32333.png
18.162369,25.460299,seed32334.png
-13.219779,-2.8368168,seed32335.png
13.343464,-7.7491484,seed32336.png
-14.493215,-32.183617,seed32337.png
13.789365,26.48922,seed32338.png
-33.573208,4.7874618,seed32339.png
-20.815262,10.218932,seed3234.png
19.435585,20.601978,seed32340.png
0.22355205,-16.819536,seed32341.png
-15.234362,-12.56624,seed32342.png
-38.274357,26.003191,seed32343.png
15.948685,0.62100726,seed32344.png
1.4379567,11.431621,seed32345.png
-22.584133,19.942657,seed32346.png
10.037423,5.6227055,seed32347.png
-22.436724,2.8305135,seed32348.png
3.2396724,-4.5476174,seed32349.png
-33.68006,-9.057989,seed3235.png
-23.562191,-8.857545,seed32350.png
14.679117,-3.5450866,seed32351.png
1.3988125,19.761568,seed32352.png
4.56219,-28.630375,seed32353.png
-32.636414,16.85706,seed32354.png
18.031769,2.5442538,seed32355.png
13.415284,26.89813,seed32356.png
-31.99245,10.472422,seed32357.png
-18.029291,-8.172283,seed32358.png
34.564247,23.771204,seed32359.png
-35.837788,15.487112,seed3236.png
4.747832,-37.0225,seed32360.png
30.022305,26.179293,seed32361.png
0.7282298,4.056918,seed32362.png
35.553085,23.1025,seed32363.png
-33.58593,6.444366,seed32364.png
17.540434,-3.475502,seed32365.png
-7.8568144,6.8688602,seed32366.png
30.09037,5.3442,seed32367.png
14.910383,-1.0699643,seed32368.png
-15.549968,-10.541401,seed32369.png
12.098085,-32.48166,seed3237.png
14.41425,15.338981,seed32370.png
-28.942677,3.4563916,seed32371.png
-27.62663,-7.6204324,seed32372.png
29.19809,28.536234,seed32373.png
34.60251,10.566905,seed32374.png
-22.587828,-12.270641,seed32375.png
5.407981,-27.920233,seed32376.png
-8.787291,-1.8573794,seed32377.png
4.6297174,7.3091154,seed32378.png
-10.044431,-9.63948,seed32379.png
4.7621136,4.445176,seed3238.png
36.546707,18.863321,seed32380.png
30.4961,10.681957,seed32381.png
-20.177439,-20.073523,seed32382.png
33.242134,26.114315,seed32383.png
20.094772,16.22201,seed32384.png
-15.397525,-9.914963,seed32385.png
-13.11905,-7.3606567,seed32386.png
9.39217,-2.4487603,seed32387.png
-1.0010812,-7.7447996,seed32388.png
-14.135136,-24.91269,seed32389.png
17.2316,24.647364,seed3239.png
-1.7714362,-24.175724,seed32390.png
-12.49314,-29.740978,seed32391.png
37.79465,13.541409,seed32392.png
-18.04217,-26.184849,seed32393.png
-18.5167,-23.277706,seed32394.png
-24.85201,17.153378,seed32395.png
24.615593,-4.3384714,seed32396.png
9.796203,-2.6318185,seed32397.png
-8.490056,-26.618244,seed32398.png
-13.120728,-17.291475,seed32399.png
-34.853558,16.773657,seed3240.png
-32.899994,20.998363,seed32400.png
14.054815,23.073153,seed32401.png
-3.8601818,0.6479577,seed32402.png
17.344332,23.536812,seed32403.png
0.07033022,8.533778,seed32404.png
-20.607779,-26.512463,seed32405.png
26.246891,27.050735,seed32406.png
4.4248424,-36.784317,seed32407.png
23.7951,17.736567,seed32408.png
-23.39484,-19.987534,seed32409.png
-9.369353,-17.291082,seed3241.png
-1.3467653,20.824823,seed32410.png
-20.607058,-18.366676,seed32411.png
10.404841,-39.81533,seed32412.png
-16.461674,-13.3848095,seed32413.png
9.659783,-43.667927,seed32414.png
-29.180931,7.7656255,seed32415.png
14.850008,3.1586103,seed32416.png
17.411577,-8.569481,seed32417.png
9.992138,2.9375198,seed32418.png
-7.53172,-22.970785,seed32419.png
-24.032877,12.597942,seed3242.png
-26.44323,-17.16849,seed32420.png
-28.209736,13.903016,seed32421.png
-23.3629,17.34228,seed32422.png
-3.605496,11.394847,seed32423.png
-6.8556137,-14.964469,seed32424.png
-20.11702,-27.735056,seed32425.png
-11.698166,-15.410739,seed32426.png
-21.285862,-21.626577,seed32427.png
27.007044,15.106058,seed32428.png
8.491511,-41.94027,seed32429.png
13.774868,13.878353,seed3243.png
7.3162074,-6.6674547,seed32430.png
-29.366228,6.316401,seed32431.png
9.192116,21.111317,seed32432.png
-5.096368,-3.8803573,seed32433.png
3.0059485,26.084152,seed32434.png
1.8333464,-26.206703,seed32435.png
7.0572457,19.965746,seed32436.png
-14.826622,-28.031696,seed32437.png
-22.243841,14.526053,seed32438.png
-23.672863,9.390038,seed32439.png
-20.990047,3.0120282,seed3244.png
15.663272,-3.842179,seed32440.png
25.30821,2.0827932,seed32441.png
-21.78505,-16.37345,seed32442.png
8.810709,8.091374,seed32443.png
-10.960534,11.135518,seed32444.png
7.7222924,-5.3583,seed32445.png
28.917517,14.452683,seed32446.png
17.852636,23.803263,seed32447.png
-35.16518,21.838688,seed32448.png
-33.48674,3.9558654,seed32449.png
9.281351,-26.419659,seed3245.png
19.799124,-5.810757,seed32450.png
15.638299,-0.9703459,seed32451.png
16.980051,21.505842,seed32452.png
0.9082803,24.823025,seed32453.png
13.687741,21.746935,seed32454.png
-17.26178,-26.396551,seed32455.png
-33.64816,17.080124,seed32456.png
-10.714858,-28.255108,seed32457.png
5.341923,8.609077,seed32458.png
19.521708,-6.1318374,seed32459.png
-11.558986,-25.021235,seed3246.png
6.1346006,7.8424025,seed32460.png
7.5761247,23.149006,seed32461.png
-28.414324,18.087513,seed32462.png
1.8182578,-3.7694826,seed32463.png
-15.840979,-30.749493,seed32464.png
-21.168392,9.326908,seed32465.png
20.008783,8.114309,seed32466.png
-29.159542,-9.326917,seed32467.png
-35.161358,17.251442,seed32468.png
-24.11652,-11.6562,seed32469.png
-24.385525,-8.969359,seed3247.png
3.8763907,7.250642,seed32470.png
-10.806528,-12.297949,seed32471.png
-17.74017,-1.7421914,seed32472.png
-20.83388,7.934457,seed32473.png
4.059086,15.595893,seed32474.png
25.35373,0.17561968,seed32475.png
9.612765,-39.7755,seed32476.png
15.519958,-35.68201,seed32477.png
-21.527298,5.1479797,seed32478.png
9.488993,-31.446472,seed32479.png
-29.855782,12.856844,seed3248.png
20.258167,8.179297,seed32480.png
24.567825,20.773033,seed32481.png
6.9503093,-6.420499,seed32482.png
-25.381077,10.36413,seed32483.png
-29.086102,1.9426595,seed32484.png
0.9522757,9.645669,seed32485.png
-1.949072,-12.767286,seed32486.png
-32.574627,24.115587,seed32487.png
5.3045597,16.391434,seed32488.png
-12.281476,-15.341681,seed32489.png
-17.454252,-1.7001503,seed3249.png
-19.570366,-1.6684465,seed32490.png
-15.929735,-12.553353,seed32491.png
9.49711,29.728027,seed32492.png
-19.629587,-17.803137,seed32493.png
11.995967,-39.794537,seed32494.png
12.556087,-13.004833,seed32495.png
35.374645,24.49147,seed32496.png
8.107918,-7.948953,seed32497.png
9.834371,-39.37988,seed32498.png
12.762452,-22.24185,seed32499.png
7.5610085,-36.788597,seed3250.png
27.746946,7.018098,seed32500.png
10.681155,-30.271608,seed32501.png
23.05253,4.4647794,seed32502.png
10.530949,9.689692,seed32503.png
14.676863,4.145741,seed32504.png
-29.514633,15.797189,seed32505.png
32.399532,8.708173,seed32506.png
-37.182568,-7.0140624,seed32507.png
-16.801527,-4.0255833,seed32508.png
-13.000825,-26.020252,seed32509.png
-1.1358575,14.595364,seed3251.png
2.6135092,1.7272408,seed32510.png
-20.947784,8.328397,seed32511.png
13.349288,2.6819518,seed32512.png
26.883327,20.256002,seed32513.png
-1.4030615,19.340933,seed32514.png
-27.499498,14.132138,seed32515.png
13.198535,-3.0437117,seed32516.png
8.466448,13.509821,seed32517.png
30.172844,17.42589,seed32518.png
41.143665,21.975805,seed32519.png
6.7567472,2.6084883,seed3252.png
-3.697978,0.1995997,seed32520.png
22.216263,4.0381007,seed32521.png
34.32722,13.728973,seed32522.png
40.54953,10.988746,seed32523.png
-0.37624618,1.0777597,seed32524.png
-17.570202,-25.425081,seed32525.png
20.855764,7.2656593,seed32526.png
-22.894094,-25.088045,seed32527.png
-22.5383,-14.110316,seed32528.png
-17.410166,-3.4122243,seed32529.png
34.646107,6.040048,seed3253.png
6.227967,7.4399567,seed32530.png
25.509995,18.913708,seed32531.png
10.3855715,13.245981,seed32532.png
10.705393,-4.4549007,seed32533.png
16.305344,26.088015,seed32534.png
-15.303598,-13.550576,seed32535.png
-37.68571,15.078912,seed32536.png
14.90921,12.423912,seed32537.png
-14.214669,-26.355984,seed32538.png
13.734712,7.55598,seed32539.png
-19.89427,-0.12709336,seed3254.png
-17.409365,-19.232847,seed32540.png
39.791668,22.762674,seed32541.png
6.713494,-38.630558,seed32542.png
-21.213173,-3.5991502,seed32543.png
8.512541,-0.5255165,seed32544.png
-28.435993,18.440954,seed32545.png
-15.163563,-3.301985,seed32546.png
26.921982,16.838047,seed32547.png
-20.768177,15.688835,seed32548.png
-27.84962,13.590098,seed32549.png
14.627866,-31.692175,seed3255.png
-13.344429,-19.288458,seed32550.png
-18.212791,-19.48034,seed32551.png
12.316735,3.5357733,seed32552.png
-19.091417,-2.042132,seed32553.png
-20.051525,4.238112,seed32554.png
-24.239897,10.101833,seed32555.png
-29.627846,14.403242,seed32556.png
2.9037871,16.512985,seed32557.png
8.881659,-8.33382,seed32558.png
-36.299538,10.285485,seed32559.png
38.98959,19.359493,seed3256.png
29.008657,12.234942,seed32560.png
7.6971407,-7.4307284,seed32561.png
-11.921752,-21.723488,seed32562.png
-18.913494,1.6871903,seed32563.png
-29.840172,-13.194063,seed32564.png
32.455822,20.004887,seed32565.png
-25.698296,12.314876,seed32566.png
34.271423,2.1026118,seed32567.png
29.017317,8.680574,seed32568.png
15.8995905,12.224573,seed32569.png
-24.33922,13.160195,seed3257.png
-26.737959,-10.267569,seed32570.png
7.954241,-37.44999,seed32571.png
1.0745609,-10.556157,seed32572.png
-7.22745,-9.363785,seed32573.png
13.043204,10.039436,seed32574.png
-26.671831,-15.887198,seed32575.png
-31.471678,22.524797,seed32576.png
11.085842,-39.1689,seed32577.png
-34.69379,-3.4792566,seed32578.png
9.629139,-29.312437,seed32579.png
-13.511668,-6.42415,seed3258.png
-1.2804668,-2.927022,seed32580.png
15.596921,-32.121742,seed32581.png
-32.025173,19.29296,seed32582.png
-15.339813,-12.7689,seed32583.png
-15.471608,0.43026772,seed32584.png
12.399715,0.8667298,seed32585.png
-20.040838,-5.925813,seed32586.png
8.942634,5.3479657,seed32587.png
-26.301327,-0.32527965,seed32588.png
-25.55639,-12.550093,seed32589.png
5.0016747,-6.3807592,seed3259.png
-36.189484,17.357117,seed32590.png
3.9123666,-28.793945,seed32591.png
7.819228,-2.2555513,seed32592.png
34.38836,0.77646077,seed32593.png
7.224514,7.496291,seed32594.png
-19.35702,-27.436209,seed32595.png
5.299121,-5.6585326,seed32596.png
16.232794,7.0547905,seed32597.png
-15.380672,-27.41138,seed32598.png
-7.167714,-4.379092,seed32599.png
5.8569775,-29.724802,seed3260.png
-0.25712982,20.162056,seed32600.png
33.399673,22.301052,seed32601.png
22.044117,19.820911,seed32602.png
20.357882,13.229254,seed32603.png
4.673481,-25.536598,seed32604.png
32.73681,25.383928,seed32605.png
30.448404,2.4786532,seed32606.png
-24.871147,11.956125,seed32607.png
22.573334,19.405817,seed32608.png
-34.344475,21.901426,seed32609.png
29.093025,10.417439,seed3261.png
-34.513462,25.491432,seed32610.png
0.2624945,-0.7655568,seed32611.png
1.599832,23.049034,seed32612.png
3.9801679,-32.272217,seed32613.png
2.117982,-30.076355,seed32614.png
26.71064,5.244401,seed32615.png
-26.627754,18.250242,seed32616.png
-27.281254,-1.9526523,seed32617.png
-18.99704,-8.409145,seed32618.png
18.990406,21.106308,seed32619.png
11.278994,-33.09133,seed3262.png
31.789062,27.144733,seed32620.png
-26.82334,-1.0889513,seed32621.png
11.232609,2.1543267,seed32622.png
-31.372517,-6.0287094,seed32623.png
13.736147,-28.820108,seed32624.png
25.680338,21.809599,seed32625.png
12.223369,-31.741514,seed32626.png
-14.642123,2.0778809,seed32627.png
11.585295,-3.1237779,seed32628.png
18.109219,-1.4369899,seed32629.png
21.593512,-4.332537,seed3263.png
-33.25487,23.68582,seed32630.png
15.697383,-34.78403,seed32631.png
-0.0016052008,-16.285194,seed32632.png
6.046452,24.151608,seed32633.png
22.403885,11.146398,seed32634.png
26.31888,14.733933,seed32635.png
-11.9577465,-29.479258,seed32636.png
17.744022,17.439667,seed32637.png
-10.827593,-32.555576,seed32638.png
-32.755768,1.112032,seed32639.png
-23.683113,19.153708,seed3264.png
27.729534,7.7644305,seed32640.png
-35.351685,22.076738,seed32641.png
34.49335,11.106439,seed32642.png
12.961363,-20.921339,seed32643.png
36.83988,24.51934,seed32644.png
33.84892,2.391595,seed32645.png
4.132297,-24.694666,seed32646.png
4.2726703,17.523014,seed32647.png
-31.991856,16.229727,seed32648.png
-5.262697,-17.61618,seed32649.png
-22.542746,-5.447846,seed3265.png
-11.83761,-17.705679,seed32650.png
17.519453,-0.14269215,seed32651.png
-29.452072,10.916877,seed32652.png
15.052126,-33.30539,seed32653.png
12.115308,-6.2305107,seed32654.png
18.668974,24.482433,seed32655.png
-28.568201,0.38486096,seed32656.png
1.4149469,10.979531,seed32657.png
-19.544548,5.876183,seed32658.png
14.708591,-40.096935,seed32659.png
-16.770016,-22.455103,seed3266.png
-9.251063,-4.823625,seed32660.png
-26.453716,-6.043432,seed32661.png
31.709671,-0.3116256,seed32662.png
8.057542,-30.727434,seed32663.png
1.7008595,-12.883023,seed32664.png
-12.280575,-21.60798,seed32665.png
30.790462,12.158785,seed32666.png
-28.462587,18.375648,seed32667.png
28.778915,12.017553,seed32668.png
-22.54125,-6.731523,seed32669.png
9.964055,1.3993187,seed3267.png
-14.470211,4.637213,seed32670.png
38.176006,5.875705,seed32671.png
-33.43654,19.334658,seed32672.png
-12.817552,-14.77741,seed32673.png
9.283724,-40.98046,seed32674.png
-32.052376,3.1741707,seed32675.png
16.902224,23.740892,seed32676.png
0.062282726,17.749788,seed32677.png
36.12039,23.939592,seed32678.png
-13.996878,-23.877325,seed32679.png
-0.23059279,4.760377,seed3268.png
16.695984,2.1106455,seed32680.png
-24.091007,-1.3708481,seed32681.png
-29.640705,-12.642644,seed32682.png
14.984302,16.633112,seed32683.png
-23.50578,-8.060789,seed32684.png
-10.182948,-21.14425,seed32685.png
8.9644785,-11.29891,seed32686.png
-21.90047,18.245634,seed32687.png
-14.058607,-24.007238,seed32688.png
12.82369,13.900988,seed32689.png
10.891395,-26.378675,seed3269.png
7.8791175,-36.764786,seed32690.png
-28.407942,-3.4579194,seed32691.png
7.902573,-29.213165,seed32692.png
-1.803143,23.828854,seed32693.png
30.810051,-0.33035967,seed32694.png
-18.86061,-22.1825,seed32695.png
5.3153806,-28.176062,seed32696.png
13.97405,3.0201833,seed32697.png
-9.529927,-8.249858,seed32698.png
-31.573196,17.972343,seed32699.png
-30.356268,5.3598027,seed3270.png
-13.060523,-7.8317003,seed32700.png
10.763794,-7.864131,seed32701.png
33.574947,21.724834,seed32702.png
-30.852228,9.580391,seed32703.png
7.373343,24.59152,seed32704.png
29.815395,5.8353977,seed32705.png
-32.40533,23.225342,seed32706.png
-30.20657,5.642152,seed32707.png
-24.797146,-13.639189,seed32708.png
-19.564745,-5.156775,seed32709.png
-0.86531866,23.063381,seed3271.png
-23.274492,18.89729,seed32710.png
-33.26748,-12.28861,seed32711.png
5.6007433,10.785811,seed32712.png
-30.48291,-10.326553,seed32713.png
29.05866,6.489106,seed32714.png
10.401062,-4.610018,seed32715.png
-12.039082,4.2848005,seed32716.png
-17.141636,0.65672815,seed32717.png
-33.434765,-10.316845,seed32718.png
11.881238,-32.23594,seed32719.png
-19.776438,-9.908302,seed3272.png
-21.627829,-18.177942,seed32720.png
-19.202833,-3.893074,seed32721.png
-26.866085,3.8659928,seed32722.png
-0.25728256,13.592283,seed32723.png
-6.4224706,-14.496316,seed32724.png
6.2582917,11.823684,seed32725.png
-6.884331,-19.008564,seed32726.png
16.850727,23.394182,seed32727.png
-23.880396,10.832422,seed32728.png
13.913227,11.389382,seed32729.png
17.70771,-0.65870243,seed3273.png
23.692005,-5.5175037,seed32730.png
33.61753,21.692633,seed32731.png
-33.00501,12.693933,seed32732.png
6.80771,4.2077494,seed32733.png
5.8695345,-13.87607,seed32734.png
-32.53058,23.420008,seed32735.png
12.479274,-33.118973,seed32736.png
15.237888,17.210989,seed32737.png
-0.1218013,22.865074,seed32738.png
24.09172,15.147083,seed32739.png
16.712336,4.179284,seed3274.png
37.320663,16.672735,seed32740.png
21.811094,-4.1275473,seed32741.png
-27.603216,-15.1556635,seed32742.png
18.841393,18.51969,seed32743.png
13.470584,-9.238693,seed32744.png
-29.037071,-19.030361,seed32745.png
28.381857,-0.22174369,seed32746.png
-18.737442,-23.577168,seed32747.png
-27.480755,15.599578,seed32748.png
4.3310184,17.19122,seed32749.png
9.444242,-1.6085305,seed3275.png
-20.403456,1.6955466,seed32750.png
-20.056803,-3.0006888,seed32751.png
-25.375744,-15.386551,seed32752.png
30.789803,3.2811897,seed32753.png
-27.597683,10.562509,seed32754.png
8.982449,-2.9152842,seed32755.png
36.470318,11.748784,seed32756.png
40.373474,14.00906,seed32757.png
-36.64484,19.677145,seed32758.png
-25.860537,-13.572659,seed32759.png
15.236277,-0.77764904,seed3276.png
-9.753308,-9.264334,seed32760.png
-20.231544,1.7717294,seed32761.png
12.448192,-22.64405,seed32762.png
-29.316616,14.458708,seed32763.png
-15.391439,-32.35784,seed32764.png
-2.8143451,-14.692236,seed32765.png
9.991034,-38.783054,seed32766.png
26.28926,27.265242,seed32767.png
0.8307659,19.958061,seed32768.png
6.262657,3.28634,seed32769.png
-23.49242,6.606619,seed3277.png
-25.775599,-11.626401,seed32770.png
19.607206,9.932037,seed32771.png
27.039894,28.246962,seed32772.png
29.810568,1.8845673,seed32773.png
-27.50773,-24.298508,seed32774.png
37.179432,16.445894,seed32775.png
-10.5231285,-28.737495,seed32776.png
33.082485,18.447594,seed32777.png
-25.19351,20.789785,seed32778.png
2.7168076,5.8622136,seed32779.png
17.269176,1.6586996,seed3278.png
-24.782154,-5.513383,seed32780.png
-6.2524157,-23.543228,seed32781.png
-23.311705,-12.66679,seed32782.png
33.963272,16.421604,seed32783.png
29.969193,4.009668,seed32784.png
6.458483,-36.510174,seed32785.png
9.802596,-29.024708,seed32786.png
12.110601,-34.656185,seed32787.png
21.918526,19.503647,seed32788.png
10.208397,-38.78497,seed32789.png
12.831475,-9.719642,seed3279.png
-10.298596,4.811092,seed32790.png
-0.83716655,-11.394248,seed32791.png
-18.661713,10.322244,seed32792.png
18.863556,-3.678837,seed32793.png
-31.639505,20.541578,seed32794.png
-16.924616,-18.93563,seed32795.png
-15.640178,3.6028202,seed32796.png
7.5359106,-29.602627,seed32797.png
-26.920643,-18.114927,seed32798.png
15.325261,25.439514,seed32799.png
10.875936,-2.1636326,seed3280.png
-17.516521,3.597211,seed32800.png
-0.5962138,18.999897,seed32801.png
33.55345,5.4850783,seed32802.png
-27.994272,-14.280484,seed32803.png
3.5497448,-28.409718,seed32804.png
39.658634,14.180361,seed32805.png
-32.01373,10.507983,seed32806.png
-3.627789,-14.857346,seed32807.png
-18.130955,-19.144884,seed32808.png
-22.998438,4.1864552,seed32809.png
4.4859953,15.755522,seed3281.png
4.4384747,-33.746128,seed32810.png
14.3730135,-2.4695106,seed32811.png
32.87526,24.341856,seed32812.png
0.5289941,8.66116,seed32813.png
-17.468891,9.188976,seed32814.png
20.500944,-4.0457187,seed32815.png
31.150398,5.465995,seed32816.png
17.432686,25.385027,seed32817.png
34.218155,0.74210995,seed32818.png
-22.462425,-16.092838,seed32819.png
-33.59919,-7.582293,seed3282.png
16.966257,13.963923,seed32820.png
-4.1138434,-23.058516,seed32821.png
39.856625,23.249123,seed32822.png
21.241081,22.1547,seed32823.png
-21.635433,13.124624,seed32824.png
-0.047950145,-3.923557,seed32825.png
13.289147,29.837914,seed32826.png
20.468859,8.144515,seed32827.png
-22.33898,-0.60310185,seed32828.png
-21.662313,19.788914,seed32829.png
-22.35142,3.6825724,seed3283.png
20.67878,21.25011,seed32830.png
24.083794,20.942413,seed32831.png
-11.923955,-31.843147,seed32832.png
16.920122,18.706116,seed32833.png
-21.51364,20.233866,seed32834.png
11.388949,-1.5976198,seed32835.png
-18.628338,9.428625,seed32836.png
13.999727,19.894701,seed32837.png
-23.937101,-3.2361898,seed32838.png
-30.31655,23.666927,seed32839.png
34.600925,11.774977,seed3284.png
26.013557,3.86275,seed32840.png
-4.2158475,4.7594557,seed32841.png
35.1256,19.232431,seed32842.png
-32.14039,21.50699,seed32843.png
27.18839,10.768488,seed32844.png
-32.97525,23.543692,seed32845.png
2.872273,17.501287,seed32846.png
-24.893219,-10.390976,seed32847.png
5.4325147,23.745499,seed32848.png
13.847604,-8.285764,seed32849.png
11.286765,-32.92135,seed3285.png
-21.65831,-22.479383,seed32850.png
-11.774308,-2.5221276,seed32851.png
12.067727,21.334423,seed32852.png
-25.134993,11.543032,seed32853.png
-26.528969,5.219405,seed32854.png
-22.353136,-16.756746,seed32855.png
32.92221,5.148469,seed32856.png
12.637466,21.66953,seed32857.png
21.85733,22.779055,seed32858.png
39.109688,17.77652,seed32859.png
-28.575026,5.7215433,seed3286.png
4.3416686,-2.0921762,seed32860.png
-23.532482,-12.427452,seed32861.png
-1.63923,25.605568,seed32862.png
7.9877696,-1.9784462,seed32863.png
36.826252,23.399784,seed32864.png
-10.251993,-3.5132422,seed32865.png
-33.48168,-8.0422125,seed32866.png
32.83191,20.792082,seed32867.png
35.97355,21.638933,seed32868.png
31.27974,10.352684,seed32869.png
18.506916,10.586212,seed3287.png
-12.331671,-8.80179,seed32870.png
-25.630026,12.237654,seed32871.png
7.346759,0.39196286,seed32872.png
-6.494041,-16.714804,seed32873.png
26.180147,16.69984,seed32874.png
4.9493456,-34.261402,seed32875.png
-24.46449,-4.6500077,seed32876.png
11.669601,-39.44822,seed32877.png
25.34002,-4.536383,seed32878.png
7.274415,3.9437041,seed32879.png
-20.399942,-13.521926,seed3288.png
40.500984,11.879598,seed32880.png
28.966234,26.72492,seed32881.png
2.4316218,12.855982,seed32882.png
-33.09537,21.525124,seed32883.png
5.2943625,24.902655,seed32884.png
40.77445,22.456629,seed32885.png
14.535165,25.383026,seed32886.png
-18.432165,9.932139,seed32887.png
18.794012,-8.007767,seed32888.png
-10.783692,-0.10629162,seed32889.png
29.28063,5.1756825,seed3289.png
34.366413,16.630806,seed32890.png
-21.80237,15.842236,seed32891.png
19.002165,15.656656,seed32892.png
-16.135468,-22.537275,seed32893.png
36.45114,24.093979,seed32894.png
-3.5756588,-18.687983,seed32895.png
-28.32703,13.685681,seed32896.png
8.578025,-30.265602,seed32897.png
-27.688068,-6.0587187,seed32898.png
-14.733037,-3.6629026,seed32899.png
1.8063973,-24.82546,seed3290.png
18.411291,-8.362186,seed32900.png
-0.35627556,-12.079074,seed32901.png
-8.675346,-19.52175,seed32902.png
-11.447942,0.09688765,seed32903.png
-0.42334974,-18.174726,seed32904.png
34.787575,27.3975,seed32905.png
4.271281,-0.050129887,seed32906.png
-31.271212,18.942657,seed32907.png
32.476376,11.790121,seed32908.png
8.531972,-7.8628187,seed32909.png
18.181229,25.649944,seed3291.png
8.168347,19.694492,seed32910.png
-9.212797,-16.239084,seed32911.png
-14.191554,8.917898,seed32912.png
5.854726,-6.9636736,seed32913.png
-27.341795,10.57739,seed32914.png
-25.56579,14.289505,seed32915.png
16.30779,6.313102,seed32916.png
11.50264,18.832842,seed32917.png
24.350254,6.9460793,seed32918.png
-26.098825,12.344698,seed32919.png
7.5715175,5.7342095,seed3292.png
-20.562489,10.57764,seed32920.png
28.430273,13.909568,seed32921.png
0.5245731,18.193329,seed32922.png
27.708523,15.039478,seed32923.png
13.047824,-32.587547,seed32924.png
10.71801,-39.46087,seed32925.png
21.669548,17.23633,seed32926.png
-33.24033,25.391523,seed32927.png
-9.732317,-13.401989,seed32928.png
-6.4235744,-0.34239557,seed32929.png
12.144974,26.941027,seed3293.png
-18.5862,-15.828931,seed32930.png
-27.017673,12.678722,seed32931.png
32.639816,26.224308,seed32932.png
11.185267,-25.714994,seed32933.png
28.596659,21.218027,seed32934.png
-23.670273,-4.908419,seed32935.png
-20.116858,4.8360715,seed32936.png
-17.9944,-7.7726555,seed32937.png
39.647415,19.797985,seed32938.png
-20.061998,-9.885844,seed32939.png
11.306185,-33.342583,seed3294.png
2.1939359,24.710854,seed32940.png
6.7161007,7.1988544,seed32941.png
4.7251606,9.613086,seed32942.png
-17.825083,-3.967514,seed32943.png
-33.072617,25.477497,seed32944.png
9.477401,11.637222,seed32945.png
18.353617,-7.094295,seed32946.png
-8.876836,-20.995235,seed32947.png
28.432852,26.05177,seed32948.png
30.354347,10.676633,seed32949.png
9.817468,14.038066,seed3295.png
-33.62359,3.8205807,seed32950.png
-30.296898,-5.586343,seed32951.png
11.321861,-26.248037,seed32952.png
-34.885647,12.252682,seed32953.png
3.4127467,19.777185,seed32954.png
6.432871,-40.886307,seed32955.png
-36.68377,9.827469,seed32956.png
-30.354025,10.103106,seed32957.png
-1.8734683,-15.879891,seed32958.png
-31.053867,-2.4393332,seed32959.png
-1.5437506,-18.544447,seed3296.png
28.926645,18.416893,seed32960.png
34.023537,7.831497,seed32961.png
11.611276,-1.6916434,seed32962.png
-35.345207,-4.54604,seed32963.png
-3.473054,-16.92045,seed32964.png
10.19926,-39.435364,seed32965.png
-11.281806,-22.73791,seed32966.png
-16.944323,10.105062,seed32967.png
-10.27724,-20.984434,seed32968.png
-28.778397,-9.659044,seed32969.png
-31.384117,18.736021,seed3297.png
36.12827,7.7505083,seed32970.png
11.139012,-7.8150516,seed32971.png
22.505875,13.969327,seed32972.png
-22.580172,16.31927,seed32973.png
-23.056736,11.071947,seed32974.png
5.1724105,-10.001759,seed32975.png
-1.4885726,21.728344,seed32976.png
20.499523,-2.4636178,seed32977.png
-25.138819,9.202703,seed32978.png
13.379269,-29.836107,seed32979.png
24.621695,-0.1304676,seed3298.png
40.984715,19.263594,seed32980.png
-34.2154,15.35128,seed32981.png
10.784764,-43.20113,seed32982.png
-18.167171,-16.270132,seed32983.png
34.817852,7.603298,seed32984.png
18.497934,-4.593736,seed32985.png
-15.55381,7.835742,seed32986.png
38.67362,15.121155,seed32987.png
20.659956,-4.557145,seed32988.png
-21.789707,-19.952568,seed32989.png
11.330864,-25.223095,seed3299.png
-24.013329,19.918135,seed32990.png
-24.073391,-18.983274,seed32991.png
18.77349,-6.9516377,seed32992.png
11.997108,-41.603523,seed32993.png
1.382269,17.323568,seed32994.png
-28.70763,13.109096,seed32995.png
-21.358303,-24.710112,seed32996.png
28.981829,9.583355,seed32997.png
25.12524,10.735827,seed32998.png
36.26546,20.772486,seed32999.png
-1.9371355,16.01305,seed3300.png
-6.5299435,18.541264,seed33000.png
-30.606382,-4.498051,seed33001.png
-19.559767,-19.016691,seed33002.png
-26.896477,-6.8961315,seed33003.png
31.308207,12.934156,seed33004.png
25.001244,-4.5641184,seed33005.png
27.011015,3.8657682,seed33006.png
-28.470505,-20.26834,seed33007.png
17.795593,-0.9410636,seed33008.png
-17.991686,-13.253149,seed33009.png
-13.144019,-9.89597,seed3301.png
16.319635,17.278934,seed33010.png
-31.706429,25.101757,seed33011.png
-30.615894,-11.256019,seed33012.png
19.175219,4.781218,seed33013.png
9.138904,-23.29496,seed33014.png
31.25264,2.6331985,seed33015.png
-33.238525,16.412706,seed33016.png
14.956478,22.49979,seed33017.png
-31.508194,-13.218418,seed33018.png
5.7623086,-36.179092,seed33019.png
-2.5417917,-8.53945,seed3302.png
-20.03595,-4.931646,seed33020.png
-20.85036,0.76719695,seed33021.png
28.830297,8.405413,seed33022.png
-17.082579,-5.1438327,seed33023.png
-24.552208,7.379455,seed33024.png
-27.481451,21.05256,seed33025.png
24.059244,4.507008,seed33026.png
33.27912,18.771742,seed33027.png
18.721132,16.042372,seed33028.png
15.996467,24.98824,seed33029.png
11.400458,-37.04283,seed3303.png
-13.07512,-13.809304,seed33030.png
11.5707445,14.293334,seed33031.png
32.580826,9.923238,seed33032.png
-18.444613,-16.655622,seed33033.png
-31.940262,5.0799537,seed33034.png
-9.273921,-22.086754,seed33035.png
-23.07134,2.305108,seed33036.png
0.7833594,-1.0059658,seed33037.png
-24.63846,1.6262139,seed33038.png
23.692245,7.50431,seed33039.png
5.8415265,1.5291954,seed3304.png
31.84489,19.917397,seed33040.png
-13.283724,-1.1837174,seed33041.png
16.599693,22.053038,seed33042.png
12.604271,14.848074,seed33043.png
24.30018,-1.452295,seed33044.png
-30.05216,-9.139092,seed33045.png
-20.998133,16.546787,seed33046.png
3.4823356,3.3435218,seed33047.png
-21.395088,3.1223848,seed33048.png
-22.308916,-12.994238,seed33049.png
7.2812586,11.205863,seed3305.png
37.647995,25.472933,seed33050.png
12.415833,-34.106956,seed33051.png
10.723029,18.026659,seed33052.png
15.011379,-32.51258,seed33053.png
-12.914006,-10.322753,seed33054.png
10.0156765,6.827174,seed33055.png
34.39064,25.749577,seed33056.png
13.870814,-33.108486,seed33057.png
21.976917,11.995861,seed33058.png
23.918653,21.331629,seed33059.png
-35.14016,0.7676285,seed3306.png
38.440975,22.32209,seed33060.png
37.71217,15.814603,seed33061.png
-21.672396,-25.00759,seed33062.png
-29.61731,9.246018,seed33063.png
-33.43033,22.165075,seed33064.png
20.865183,25.615675,seed33065.png
1.110589,-8.483377,seed33066.png
25.134634,22.40317,seed33067.png
17.264671,23.13154,seed33068.png
11.197105,-43.213108,seed33069.png
9.672438,-24.10043,seed3307.png
12.807198,-28.709198,seed33070.png
-20.589695,-20.106571,seed33071.png
15.780219,-3.559672,seed33072.png
28.843096,-4.9728923,seed33073.png
-21.878866,11.190978,seed33074.png
-27.947174,-5.2053905,seed33075.png
-38.031322,4.914907,seed33076.png
-2.9892588,-12.333331,seed33077.png
-14.289705,-12.315622,seed33078.png
-16.819551,-9.689227,seed33079.png
10.709091,7.3281093,seed3308.png
-16.736868,-16.861425,seed33080.png
-14.433176,-15.246501,seed33081.png
-21.804508,-25.371727,seed33082.png
33.88009,24.369396,seed33083.png
14.719928,-29.496878,seed33084.png
18.034433,13.443173,seed33085.png
-25.041744,-5.325339,seed33086.png
-26.789001,-17.499443,seed33087.png
-26.109203,11.951001,seed33088.png
-22.547447,-2.7105565,seed33089.png
8.058027,-28.529903,seed3309.png
20.348978,26.549091,seed33090.png
29.344456,26.989298,seed33091.png
20.270891,-2.5284495,seed33092.png
-17.530645,-19.374573,seed33093.png
-22.634968,-2.7549179,seed33094.png
-6.6632395,-25.413767,seed33095.png
-9.68065,-5.3071365,seed33096.png
4.1829915,-30.983543,seed33097.png
19.721838,-4.7362423,seed33098.png
35.655033,19.118998,seed33099.png
34.49279,5.2772913,seed3310.png
27.067303,3.1440222,seed33100.png
-11.441884,-23.667698,seed33101.png
24.231018,2.2446806,seed33102.png
-31.598034,24.495504,seed33103.png
-0.1899197,-17.873241,seed33104.png
3.4064822,9.280871,seed33105.png
-16.911526,-1.1591824,seed33106.png
16.767588,25.925129,seed33107.png
18.782091,19.95361,seed33108.png
-30.089634,0.12788948,seed33109.png
-37.70937,9.28074,seed3311.png
27.253258,15.42775,seed33110.png
12.489391,24.237564,seed33111.png
-7.907638,8.844211,seed33112.png
-5.3512297,-20.032835,seed33113.png
-16.91094,-2.4801052,seed33114.png
27.200613,6.025113,seed33115.png
26.409399,23.248495,seed33116.png
5.787699,-25.264183,seed33117.png
29.635101,10.0438385,seed33118.png
17.324503,24.256012,seed33119.png
17.658487,-5.2837467,seed3312.png
25.822523,13.552586,seed33120.png
-17.14348,-9.8724165,seed33121.png
36.81064,17.36015,seed33122.png
26.529264,9.880767,seed33123.png
11.048587,-35.10327,seed33124.png
-23.63053,3.3578777,seed33125.png
-0.76651543,14.309003,seed33126.png
-30.587763,2.2748084,seed33127.png
11.598212,7.730841,seed33128.png
-31.643574,20.408365,seed33129.png
15.900336,-30.817165,seed3313.png
-10.025102,-15.540443,seed33130.png
-13.81693,5.137291,seed33131.png
7.4288764,-29.073622,seed33132.png
24.11335,13.244406,seed33133.png
38.704895,19.535574,seed33134.png
25.78621,6.4265513,seed33135.png
-11.341415,-22.221308,seed33136.png
27.532825,9.761634,seed33137.png
39.47336,12.109318,seed33138.png
10.638217,-31.437328,seed33139.png
-20.302382,-19.61155,seed3314.png
-31.523592,20.048578,seed33140.png
31.719574,21.155975,seed33141.png
-12.821455,-12.279232,seed33142.png
9.18209,-2.3978965,seed33143.png
7.55169,-26.111496,seed33144.png
-35.334904,4.254934,seed33145.png
1.924383,4.7141447,seed33146.png
31.928026,26.870821,seed33147.png
-10.10892,-18.994146,seed33148.png
-15.660138,-25.050583,seed33149.png
-20.094822,-20.91145,seed3315.png
1.6699574,-30.422049,seed33150.png
1.6360371,3.6834586,seed33151.png
36.66522,19.628448,seed33152.png
24.139915,1.1837894,seed33153.png
9.925229,23.369331,seed33154.png
-1.3609799,21.99432,seed33155.png
39.339653,15.851599,seed33156.png
10.036101,-42.74023,seed33157.png
-31.701427,4.006152,seed33158.png
20.916328,18.418068,seed33159.png
-36.956753,20.788353,seed3316.png
28.781368,4.803362,seed33160.png
-2.9039135,-10.292603,seed33161.png
25.279982,7.8958454,seed33162.png
25.92271,-0.05070996,seed33163.png
-24.236202,9.65748,seed33164.png
-17.261908,-15.641734,seed33165.png
6.5524554,15.500448,seed33166.png
-9.317555,-22.934845,seed33167.png
4.248032,-24.409908,seed33168.png
-24.411654,15.199937,seed33169.png
-12.868079,-23.385416,seed3317.png
-26.46033,-22.673523,seed33170.png
-10.072006,-17.254503,seed33171.png
-18.77984,-7.8127766,seed33172.png
10.270242,3.0537918,seed33173.png
25.063267,9.044013,seed33174.png
-0.5258518,19.934507,seed33175.png
9.668081,9.406253,seed33176.png
8.335797,16.251486,seed33177.png
-21.9859,17.032133,seed33178.png
-35.959984,19.413952,seed33179.png
16.453278,-37.772797,seed3318.png
-10.687284,-29.041708,seed33180.png
30.933456,11.166425,seed33181.png
16.781677,-36.26931,seed33182.png
20.945435,-0.5935458,seed33183.png
-19.095558,8.769121,seed33184.png
-9.767166,-19.575512,seed33185.png
15.797662,-1.8591019,seed33186.png
0.31116232,-11.518166,seed33187.png
-19.975256,17.809713,seed33188.png
-9.234903,-24.02879,seed33189.png
-2.1877456,17.979216,seed3319.png
39.689693,14.753363,seed33190.png
3.7847698,17.878632,seed33191.png
-5.2382197,-15.982818,seed33192.png
34.930565,25.33784,seed33193.png
-1.2027682,-0.7068125,seed33194.png
-21.774065,19.106047,seed33195.png
-20.007612,-24.183102,seed33196.png
19.507517,18.72041,seed33197.png
-31.880466,-7.238319,seed33198.png
-19.492989,-2.7451282,seed33199.png
-23.574638,5.9557114,seed3320.png
17.600561,12.431213,seed33200.png
19.655828,-10.955626,seed33201.png
12.21374,-39.708153,seed33202.png
5.7814846,-24.43659,seed33203.png
-25.050188,-2.872879,seed33204.png
16.039995,2.7902625,seed33205.png
15.285057,-35.646935,seed33206.png
-9.368354,-23.8168,seed33207.png
14.469257,22.117937,seed33208.png
16.877304,-35.926044,seed33209.png
-13.564913,6.914096,seed3321.png
29.364496,11.681406,seed33210.png
-29.361818,12.855082,seed33211.png
-10.4358,-18.799479,seed33212.png
32.131195,14.215045,seed33213.png
-16.490042,-22.642344,seed33214.png
5.661477,0.7015256,seed33215.png
8.668506,9.649334,seed33216.png
-28.834084,-0.74083376,seed33217.png
-9.228396,-20.818792,seed33218.png
-20.243357,-25.45537,seed33219.png
17.357916,10.979301,seed3322.png
20.494019,18.916246,seed33220.png
26.424118,8.863376,seed33221.png
16.76575,-36.699986,seed33222.png
-31.70729,24.076984,seed33223.png
10.942364,11.756095,seed33224.png
21.136366,11.378197,seed33225.png
6.7097354,-0.32846454,seed33226.png
17.277248,-35.048393,seed33227.png
-31.956017,-4.920425,seed33228.png
12.6597185,-39.05612,seed33229.png
21.144203,13.692432,seed3323.png
-26.350729,3.470371,seed33230.png
33.424473,18.315996,seed33231.png
-30.650366,11.797193,seed33232.png
-22.754507,-18.82246,seed33233.png
0.31991193,-19.432585,seed33234.png
6.046267,-26.616594,seed33235.png
-21.511812,9.541086,seed33236.png
-21.445984,6.6854124,seed33237.png
-24.899372,-1.5263556,seed33238.png
2.3587754,-14.976376,seed33239.png
30.79734,28.127972,seed3324.png
-25.613466,-12.221409,seed33240.png
-20.551655,8.104848,seed33241.png
-30.13289,-15.235685,seed33242.png
-31.820871,-0.43763262,seed33243.png
-17.97518,-17.580982,seed33244.png
9.408407,17.987095,seed33245.png
29.780067,8.008136,seed33246.png
-32.03968,21.650976,seed33247.png
14.254684,-39.379234,seed33248.png
8.076107,13.085038,seed33249.png
-28.640015,-21.272848,seed3325.png
8.024138,7.7495527,seed33250.png
11.512274,27.670158,seed33251.png
-25.977787,8.370806,seed33252.png
24.317682,22.717527,seed33253.png
-13.044448,7.197084,seed33254.png
21.314589,8.940746,seed33255.png
-9.125987,-12.011171,seed33256.png
10.683876,-31.074617,seed33257.png
9.791674,-26.622667,seed33258.png
0.99019986,5.9965153,seed33259.png
-26.835571,-4.0623026,seed3326.png
-30.840847,0.28416225,seed33260.png
2.6340427,18.225245,seed33261.png
-27.204489,6.1679134,seed33262.png
21.50429,14.756017,seed33263.png
-14.145462,-9.248509,seed33264.png
13.599682,-7.329492,seed33265.png
31.911934,12.570525,seed33266.png
16.798903,-0.6257014,seed33267.png
20.879757,0.7964655,seed33268.png
-30.154068,-11.204176,seed33269.png
12.432524,29.533934,seed3327.png
13.509655,1.6538136,seed33270.png
6.124087,9.597737,seed33271.png
10.811646,9.929019,seed33272.png
-17.416292,-23.03419,seed33273.png
-19.031437,12.997338,seed33274.png
2.103342,-5.497284,seed33275.png
-1.2412345,25.518587,seed33276.png
4.731018,-27.802233,seed33277.png
-27.683716,-6.0537615,seed33278.png
-21.315018,-9.322307,seed33279.png
-24.933655,-17.724743,seed3328.png
1.8416681,8.232659,seed33280.png
7.8482347,24.292889,seed33281.png
-4.1257386,-12.326169,seed33282.png
1.5256584,24.673635,seed33283.png
10.016,-26.760628,seed33284.png
-30.399136,-1.0504636,seed33285.png
-1.0485128,22.582869,seed33286.png
-21.525267,-23.859472,seed33287.png
-5.0995736,-7.074173,seed33288.png
5.50807,-7.7832384,seed33289.png
14.775891,-33.54672,seed3329.png
15.272191,1.2374444,seed33290.png
-10.577404,-28.45626,seed33291.png
1.09736,-32.365353,seed33292.png
-32.417385,25.564022,seed33293.png
19.08462,17.876738,seed33294.png
-19.47511,-30.60817,seed33295.png
38.598576,22.897783,seed33296.png
-17.3018,-21.400005,seed33297.png
32.406445,9.388504,seed33298.png
8.764051,24.580402,seed33299.png
9.039861,24.202852,seed3330.png
11.835318,-42.675114,seed33300.png
-19.389324,7.8712296,seed33301.png
2.558745,16.351828,seed33302.png
17.884745,-33.106274,seed33303.png
28.251652,7.6065545,seed33304.png
15.112128,-31.049397,seed33305.png
29.668173,-0.28725109,seed33306.png
9.752298,-2.6290514,seed33307.png
21.238974,-5.3232565,seed33308.png
15.491644,-7.0614758,seed33309.png
-12.928314,-25.5773,seed3331.png
-20.225342,-15.204395,seed33310.png
6.1690307,2.6161656,seed33311.png
-18.341661,5.21376,seed33312.png
31.851236,20.203468,seed33313.png
32.55267,13.0837345,seed33314.png
24.38952,-2.5571253,seed33315.png
-24.98113,18.75264,seed33316.png
-15.453322,3.8014703,seed33317.png
-22.069166,-11.805117,seed33318.png
30.474476,8.793754,seed33319.png
-9.949882,-13.691476,seed3332.png
31.582426,-0.5675191,seed33320.png
29.542309,15.023959,seed33321.png
-23.068813,9.324934,seed33322.png
-18.052294,-25.810976,seed33323.png
-26.888578,12.314988,seed33324.png
-14.834426,8.005845,seed33325.png
25.476099,11.489123,seed33326.png
15.771145,4.259335,seed33327.png
12.818553,22.824636,seed33328.png
10.42947,25.98056,seed33329.png
-18.207417,7.1221957,seed3333.png
16.5733,-34.881954,seed33330.png
30.749372,6.3815,seed33331.png
40.699265,19.809042,seed33332.png
7.116699,-5.6970263,seed33333.png
-17.395313,-28.093008,seed33334.png
12.798433,28.232908,seed33335.png
-19.545214,-22.065071,seed33336.png
12.748451,27.37946,seed33337.png
21.977856,0.32350218,seed33338.png
33.718636,25.67727,seed33339.png
2.786743,20.913784,seed3334.png
-31.393137,-7.84372,seed33340.png
-13.364979,-14.50403,seed33341.png
-15.491946,-25.752522,seed33342.png
-24.898914,-8.392969,seed33343.png
9.436351,24.65015,seed33344.png
40.704586,20.053995,seed33345.png
-1.3490975,-8.684603,seed33346.png
-37.5619,10.546491,seed33347.png
3.5136354,13.025326,seed33348.png
-25.437777,1.5914791,seed33349.png
-19.396545,-24.228119,seed3335.png
-21.377028,-4.3473344,seed33350.png
-12.1298895,-27.338991,seed33351.png
20.46657,-4.887514,seed33352.png
22.939108,-7.9293113,seed33353.png
-21.372116,2.8715112,seed33354.png
4.622325,1.6199764,seed33355.png
2.2476993,15.2667465,seed33356.png
23.453676,21.34221,seed33357.png
0.8831288,0.08655458,seed33358.png
15.199115,12.420371,seed33359.png
34.11591,6.8904805,seed3336.png
3.2620223,10.551122,seed33360.png
-20.72875,3.950712,seed33361.png
12.454978,-35.54223,seed33362.png
-23.386265,0.6433622,seed33363.png
12.767624,-30.0362,seed33364.png
6.559117,6.879113,seed33365.png
-16.889719,14.888388,seed33366.png
17.770174,-0.91804904,seed33367.png
7.9873676,17.080582,seed33368.png
1.5566252,20.296478,seed33369.png
4.016322,-3.1849258,seed3337.png
16.274607,-2.5664878,seed33370.png
-4.965875,-4.70985,seed33371.png
8.093498,-8.400984,seed33372.png
-21.487074,-26.891655,seed33373.png
-31.537918,-11.204139,seed33374.png
-15.217632,-4.543704,seed33375.png
-21.187166,4.8062315,seed33376.png
22.493567,12.839607,seed33377.png
-20.527945,-8.847392,seed33378.png
5.287609,-22.378454,seed33379.png
-28.260563,-8.186621,seed3338.png
-8.654794,-7.1253695,seed33380.png
-32.287754,25.57022,seed33381.png
-27.516445,-14.227911,seed33382.png
18.39941,2.9605217,seed33383.png
29.121222,22.63569,seed33384.png
11.532997,8.436219,seed33385.png
6.862547,20.939434,seed33386.png
-27.012646,12.73318,seed33387.png
-22.582895,-20.50956,seed33388.png
5.6640034,10.508892,seed33389.png
41.4151,17.724346,seed3339.png
28.050323,18.440975,seed33390.png
-21.15174,-28.240917,seed33391.png
21.501287,14.327117,seed33392.png
-13.727628,-0.23030972,seed33393.png
-27.40259,-15.740963,seed33394.png
31.042763,4.4605575,seed33395.png
19.843779,4.113567,seed33396.png
-9.470487,-27.532187,seed33397.png
-37.24426,21.496693,seed33398.png
32.467846,26.992868,seed33399.png
-32.59615,13.598346,seed3340.png
4.9321885,-31.564556,seed33400.png
-30.35542,16.02021,seed33401.png
25.219402,17.064978,seed33402.png
-5.709213,3.1946292,seed33403.png
-31.406563,-13.750622,seed33404.png
-18.196203,-13.21167,seed33405.png
-29.852762,13.7105665,seed33406.png
38.209526,7.6386237,seed33407.png
15.411761,15.403608,seed33408.png
19.215233,4.286433,seed33409.png
-16.538984,-2.7872853,seed3341.png
12.401555,9.423854,seed33410.png
-5.167785,-23.888014,seed33411.png
-25.662062,-14.497528,seed33412.png
-25.863453,-11.506533,seed33413.png
-32.11618,17.450754,seed33414.png
8.894274,2.5227175,seed33415.png
31.111986,17.45776,seed33416.png
26.858784,20.792402,seed33417.png
-16.262835,-8.232368,seed33418.png
34.19098,24.265076,seed33419.png
-28.896473,10.406993,seed3342.png
12.610196,-1.1143003,seed33420.png
-22.834614,-20.11533,seed33421.png
33.241962,17.411953,seed33422.png
-33.453785,18.884014,seed33423.png
9.17226,-38.213764,seed33424.png
15.323819,-37.546383,seed33425.png
-6.235625,-11.383965,seed33426.png
24.111689,-0.6414716,seed33427.png
-34.667454,27.523163,seed33428.png
22.55641,19.999779,seed33429.png
20.564728,-1.1081126,seed3343.png
-2.8770132,20.595663,seed33430.png
-31.907278,21.160511,seed33431.png
7.909406,22.844717,seed33432.png
19.078886,13.528139,seed33433.png
-1.3603022,14.396312,seed33434.png
-30.504505,-0.9782786,seed33435.png
19.057106,2.1339512,seed33436.png
16.346827,25.244736,seed33437.png
12.49768,-19.165144,seed33438.png
-30.298904,-10.472117,seed33439.png
-13.344959,-7.046637,seed3344.png
-32.02388,20.739515,seed33440.png
19.367622,21.285639,seed33441.png
24.311825,15.704196,seed33442.png
-33.003387,23.894547,seed33443.png
-10.856015,-5.652092,seed33444.png
16.43675,7.844738,seed33445.png
12.771737,-0.20783807,seed33446.png
-0.32251218,7.292589,seed33447.png
17.124434,19.737452,seed33448.png
10.960701,-33.90694,seed33449.png
2.9095275,18.03662,seed3345.png
-17.762545,-24.126883,seed33450.png
13.052344,-3.841158,seed33451.png
-24.4728,-18.979746,seed33452.png
-3.4840238,-12.492209,seed33453.png
9.52295,-27.539413,seed33454.png
9.913372,13.301036,seed33455.png
-28.0297,3.6340334,seed33456.png
-18.943296,-11.912049,seed33457.png
-18.09409,-30.130384,seed33458.png
-31.520826,-13.08112,seed33459.png
25.179142,18.927591,seed3346.png
-16.599663,-9.7460785,seed33460.png
-21.605646,-27.435364,seed33461.png
22.528652,21.934902,seed33462.png
-36.20789,26.62734,seed33463.png
33.199677,4.4863453,seed33464.png
5.408181,-1.6630341,seed33465.png
11.85645,-41.676353,seed33466.png
3.30421,-24.463531,seed33467.png
15.677582,16.033329,seed33468.png
-19.860073,5.6315875,seed33469.png
-33.386684,-1.0437287,seed3347.png
8.369297,13.394626,seed33470.png
-34.3517,0.54771715,seed33471.png
15.8210945,-34.5706,seed33472.png
30.867859,25.40247,seed33473.png
13.275566,12.977409,seed33474.png
-33.05633,27.097717,seed33475.png
16.320833,24.34258,seed33476.png
27.676449,18.801239,seed33477.png
-21.808027,12.51139,seed33478.png
26.789034,16.057697,seed33479.png
-13.6517725,-13.949449,seed3348.png
-27.891924,-4.5354075,seed33480.png
-17.406338,-29.350952,seed33481.png
-14.458121,-13.961533,seed33482.png
-28.74512,-7.4285464,seed33483.png
7.1574903,24.461338,seed33484.png
-27.441324,-11.185886,seed33485.png
-15.065115,2.145827,seed33486.png
7.8889484,-35.45211,seed33487.png
-5.5853186,-7.5855737,seed33488.png
19.453444,-7.2871346,seed33489.png
-20.049852,-19.603659,seed3349.png
-9.704248,-28.160398,seed33490.png
35.015236,16.38561,seed33491.png
31.716177,22.085236,seed33492.png
-21.942587,16.602781,seed33493.png
-13.574096,-16.623327,seed33494.png
10.811392,-32.00248,seed33495.png
-14.894649,-24.405727,seed33496.png
17.846907,20.155174,seed33497.png
9.220138,-29.318129,seed33498.png
36.74215,6.972343,seed33499.png
-12.528236,-28.78578,seed3350.png
-15.031019,-7.0671697,seed33500.png
-21.839464,-3.06011,seed33501.png
-10.036474,-14.201436,seed33502.png
19.392282,22.37039,seed33503.png
-9.285635,-20.547176,seed33504.png
-7.883759,-10.56002,seed33505.png
-14.282764,-32.357193,seed33506.png
-32.10618,19.643597,seed33507.png
-19.30912,-13.953765,seed33508.png
34.07413,5.135287,seed33509.png
14.499545,7.2465262,seed3351.png
8.829592,-35.203247,seed33510.png
9.522834,-13.971308,seed33511.png
-23.15323,3.8273633,seed33512.png
15.035891,-1.5975702,seed33513.png
21.773954,10.17722,seed33514.png
26.570278,19.233055,seed33515.png
22.34185,20.254955,seed33516.png
16.52305,-5.477988,seed33517.png
31.331038,16.07453,seed33518.png
-22.886276,0.20378716,seed33519.png
-28.537357,5.766278,seed3352.png
9.170709,1.099831,seed33520.png
-19.230877,-7.906661,seed33521.png
-23.042377,-10.64465,seed33522.png
26.975464,16.192612,seed33523.png
-26.557968,16.097267,seed33524.png
19.416254,-1.6667517,seed33525.png
-34.901592,7.664317,seed33526.png
40.51855,21.875078,seed33527.png
-4.2161837,17.307423,seed33528.png
34.194458,28.355661,seed33529.png
-15.154882,-10.116791,seed3353.png
16.53539,24.294554,seed33530.png
-25.127628,20.73724,seed33531.png
4.621051,4.466851,seed33532.png
20.906403,23.216736,seed33533.png
24.995617,7.810777,seed33534.png
-7.444762,-23.969995,seed33535.png
4.727801,2.3687832,seed33536.png
-1.0913285,-11.293812,seed33537.png
30.43502,22.552258,seed33538.png
13.92122,-2.7922995,seed33539.png
22.884275,-2.375867,seed3354.png
13.597532,-4.63669,seed33540.png
19.999647,8.182952,seed33541.png
-18.849949,-10.293778,seed33542.png
-23.304552,-17.467598,seed33543.png
-11.505897,-8.021564,seed33544.png
-7.266913,5.302857,seed33545.png
-22.680412,-11.982597,seed33546.png
7.803903,-3.561214,seed33547.png
-17.421362,-10.086098,seed33548.png
35.376087,26.733303,seed33549.png
-27.222507,-7.447237,seed3355.png
-20.854797,10.21073,seed33550.png
1.2305859,23.153875,seed33551.png
-14.18217,-20.667011,seed33552.png
-8.037268,-10.289054,seed33553.png
-10.224844,-17.480478,seed33554.png
-16.677206,-22.54745,seed33555.png
-31.0317,28.268028,seed33556.png
20.806652,21.956785,seed33557.png
7.1306443,4.8041754,seed33558.png
12.032703,14.706178,seed33559.png
-28.286106,7.7870445,seed3356.png
-20.010141,-19.718182,seed33560.png
27.11189,5.5991864,seed33561.png
-27.829485,9.362253,seed33562.png
17.289942,23.83335,seed33563.png
16.127413,-7.156053,seed33564.png
20.706083,17.212332,seed33565.png
-32.8179,10.834324,seed33566.png
-24.259275,16.77751,seed33567.png
8.878062,20.919811,seed33568.png
-12.37089,-27.696285,seed33569.png
26.84699,16.260965,seed3357.png
29.348373,8.36085,seed33570.png
33.712074,8.999067,seed33571.png
-31.820776,14.678378,seed33572.png
-24.367407,-7.4070363,seed33573.png
-27.822886,6.2484865,seed33574.png
15.765057,10.303499,seed33575.png
9.65201,-38.539017,seed33576.png
-3.1693156,-17.456469,seed33577.png
13.979075,-40.86046,seed33578.png
-18.34764,-26.29503,seed33579.png
36.237125,10.37391,seed3358.png
29.477415,4.0770082,seed33580.png
-36.12747,8.188802,seed33581.png
-37.71024,15.970514,seed33582.png
16.944681,-6.2386627,seed33583.png
28.228113,7.8397164,seed33584.png
-12.307317,-28.959705,seed33585.png
-29.647547,8.917815,seed33586.png
-33.82618,22.313488,seed33587.png
-26.781109,9.199359,seed33588.png
13.214852,20.224161,seed33589.png
15.450015,5.06926,seed3359.png
12.052247,-28.510084,seed33590.png
-23.140516,4.2803144,seed33591.png
-31.072239,13.22908,seed33592.png
1.6223459,-0.17917679,seed33593.png
9.661647,-37.312794,seed33594.png
-8.498615,-22.81687,seed33595.png
-26.775225,-16.217793,seed33596.png
-11.270644,-15.24498,seed33597.png
-14.115933,-1.9915364,seed33598.png
39.127327,16.807243,seed33599.png
29.795694,13.425551,seed3360.png
39.490036,18.101805,seed33600.png
-1.0524071,24.684801,seed33601.png
-32.447296,12.971247,seed33602.png
5.8590837,20.488909,seed33603.png
-26.500689,0.09546289,seed33604.png
15.733823,3.769001,seed33605.png
15.352287,-33.238934,seed33606.png
30.166925,7.8899994,seed33607.png
17.770142,-0.64213216,seed33608.png
-20.269922,19.16092,seed33609.png
9.871318,6.2432365,seed3361.png
15.016212,23.385513,seed33610.png
-6.5875483,-10.317804,seed33611.png
4.559589,23.912786,seed33612.png
16.467327,-1.6749371,seed33613.png
-32.226505,5.429286,seed33614.png
-23.842775,6.525608,seed33615.png
36.366383,17.341063,seed33616.png
-28.285059,17.929491,seed33617.png
6.3425236,-28.865572,seed33618.png
11.886829,-2.2090504,seed33619.png
-30.178076,-18.055206,seed3362.png
7.33178,-4.7541876,seed33620.png
22.782137,-2.8426752,seed33621.png
12.173919,-35.24433,seed33622.png
5.778539,-5.0384607,seed33623.png
-29.709742,13.004934,seed33624.png
-0.6413724,8.569021,seed33625.png
15.1978245,5.55219,seed33626.png
-1.6723785,19.528708,seed33627.png
13.971371,23.499918,seed33628.png
-17.493546,-16.44088,seed33629.png
14.5237465,-36.018818,seed3363.png
7.6529484,-40.431263,seed33630.png
-7.942744,-27.595945,seed33631.png
16.492407,-4.3803697,seed33632.png
16.313526,6.276799,seed33633.png
21.608503,16.549706,seed33634.png
-15.34276,7.5825977,seed33635.png
-34.25619,-5.0326653,seed33636.png
8.001843,14.967789,seed33637.png
-33.072914,18.378891,seed33638.png
19.802588,-4.475515,seed33639.png
8.934074,27.989033,seed3364.png
17.608187,25.325727,seed33640.png
-2.1466749,-16.808899,seed33641.png
-20.575325,-3.7413335,seed33642.png
21.83398,23.90587,seed33643.png
-2.1451077,20.603016,seed33644.png
1.551011,13.634103,seed33645.png
15.385251,-35.82202,seed33646.png
29.716755,12.226071,seed33647.png
31.882227,25.414013,seed33648.png
-7.147048,-21.75392,seed33649.png
-14.14536,-29.641478,seed3365.png
-8.66984,-19.281115,seed33650.png
31.25673,25.399399,seed33651.png
2.5544548,-1.9338144,seed33652.png
14.485467,-2.7376592,seed33653.png
-33.59227,17.103098,seed33654.png
-24.258854,-24.54037,seed33655.png
35.83769,26.363758,seed33656.png
-4.5004706,-14.017853,seed33657.png
7.118788,-39.634422,seed33658.png
22.014505,17.49207,seed33659.png
34.052666,18.986046,seed3366.png
15.184075,3.7942054,seed33660.png
13.557259,20.76554,seed33661.png
-12.043403,-5.9592924,seed33662.png
34.30568,6.0002933,seed33663.png
-2.9443133,-15.694377,seed33664.png
15.224675,-31.228455,seed33665.png
-16.609428,-19.383753,seed33666.png
0.5289537,6.8757534,seed33667.png
37.393063,8.8206835,seed33668.png
21.824543,21.275356,seed33669.png
6.51559,-27.654615,seed3367.png
4.752138,24.61383,seed33670.png
-6.251424,-22.85134,seed33671.png
14.803501,15.685663,seed33672.png
-22.012793,-4.6224947,seed33673.png
18.64435,24.995861,seed33674.png
-5.708256,-3.5453358,seed33675.png
-17.925623,-25.53812,seed33676.png
18.657965,-7.711914,seed33677.png
30.03006,26.651855,seed33678.png
17.691454,23.93608,seed33679.png
-23.966442,-10.334444,seed3368.png
-28.274296,12.32264,seed33680.png
-13.676785,-4.0598354,seed33681.png
5.030373,-35.894886,seed33682.png
15.848278,21.994627,seed33683.png
12.286871,-1.7667775,seed33684.png
10.410561,-38.04706,seed33685.png
-1.2613467,25.25371,seed33686.png
41.18891,20.292631,seed33687.png
11.723159,11.110935,seed33688.png
-25.653746,3.3291898,seed33689.png
-3.8457427,11.795199,seed3369.png
15.428577,2.5810647,seed33690.png
21.210903,15.996397,seed33691.png
29.934162,10.924435,seed33692.png
-19.129856,-22.514217,seed33693.png
4.866204,-27.456598,seed33694.png
3.5369725,-32.74263,seed33695.png
7.4801426,-36.65293,seed33696.png
-14.571041,-17.93062,seed33697.png
6.554883,-36.07442,seed33698.png
-32.55453,25.92243,seed33699.png
-26.65999,-9.507438,seed3370.png
11.650251,-42.147224,seed33700.png
17.532063,0.17730838,seed33701.png
12.711268,-0.63457423,seed33702.png
8.403887,-0.44941616,seed33703.png
8.958073,23.174656,seed33704.png
-19.606031,-19.37566,seed33705.png
2.390042,-14.794675,seed33706.png
-26.730288,-12.894719,seed33707.png
-0.5005427,17.326931,seed33708.png
-29.220196,-2.878663,seed33709.png
-3.8973644,-0.8187964,seed3371.png
-14.784492,0.3422076,seed33710.png
25.851748,18.031408,seed33711.png
14.476049,-4.912137,seed33712.png
12.186465,-29.424318,seed33713.png
14.665632,-33.730755,seed33714.png
-26.935236,-7.8975067,seed33715.png
-9.516743,-23.51329,seed33716.png
9.173699,0.7543757,seed33717.png
35.75381,16.068832,seed33718.png
-29.516235,12.551445,seed33719.png
-31.748167,13.77274,seed3372.png
0.7205104,3.2970827,seed33720.png
14.938623,-36.641434,seed33721.png
2.949224,-12.386014,seed33722.png
14.918817,-2.770407,seed33723.png
-14.68824,-15.923744,seed33724.png
19.64888,5.8668303,seed33725.png
8.834769,-31.72683,seed33726.png
41.14774,22.230719,seed33727.png
10.879249,-41.257786,seed33728.png
-23.87844,-10.2779455,seed33729.png
21.340595,22.241243,seed3373.png
-1.92905,23.65642,seed33730.png
14.831188,2.621177,seed33731.png
14.494022,-34.42848,seed33732.png
38.808468,22.77905,seed33733.png
8.43145,-29.604109,seed33734.png
-33.042427,17.275507,seed33735.png
9.568331,-27.510456,seed33736.png
-13.063711,-17.183453,seed33737.png
22.553495,-5.5031395,seed33738.png
-31.250471,21.69515,seed33739.png
6.5785017,5.6486945,seed3374.png
-10.216227,-24.44457,seed33740.png
39.50847,6.9232163,seed33741.png
12.39929,10.3623085,seed33742.png
-23.112904,-7.196447,seed33743.png
8.135548,-33.065014,seed33744.png
-25.106812,-14.116976,seed33745.png
-25.07455,12.324899,seed33746.png
-0.78390557,1.9483172,seed33747.png
-31.845243,21.910025,seed33748.png
15.486274,-32.67564,seed33749.png
6.2781124,-29.318993,seed3375.png
-25.94921,2.545712,seed33750.png
33.06152,18.392094,seed33751.png
13.070275,-7.9850144,seed33752.png
21.347841,11.627348,seed33753.png
6.4619565,23.493546,seed33754.png
-6.319705,-2.633885,seed33755.png
-11.949807,-24.318367,seed33756.png
37.195087,21.012634,seed33757.png
39.59114,10.271424,seed33758.png
-27.143337,17.90955,seed33759.png
-25.267817,-17.200762,seed3376.png
7.5908813,-1.9163008,seed33760.png
-13.715452,-27.054226,seed33761.png
-0.860122,11.600937,seed33762.png
-18.719418,-23.697008,seed33763.png
-14.518726,-7.211129,seed33764.png
-1.8819984,0.032190934,seed33765.png
-5.489325,-23.764957,seed33766.png
-16.276987,5.291883,seed33767.png
-22.914503,-29.321957,seed33768.png
-24.018377,-13.03639,seed33769.png
-19.243614,-24.1719,seed3377.png
25.585636,5.93557,seed33770.png
4.3660717,5.226976,seed33771.png
7.488117,8.95463,seed33772.png
37.83028,4.4748535,seed33773.png
-20.317646,-20.846464,seed33774.png
15.756111,1.9301822,seed33775.png
24.907955,22.653439,seed33776.png
-15.5212,-18.054747,seed33777.png
1.4284787,0.5818746,seed33778.png
-12.553246,-22.752386,seed33779.png
7.4099493,-36.574444,seed3378.png
-25.787899,-10.204483,seed33780.png
-18.804491,-22.784506,seed33781.png
17.782005,27.005514,seed33782.png
-9.848328,-11.079395,seed33783.png
-21.96221,-15.530947,seed33784.png
-35.891163,-4.837478,seed33785.png
1.431601,10.446602,seed33786.png
-21.653574,-22.79586,seed33787.png
-32.033474,24.336927,seed33788.png
19.135218,18.115557,seed33789.png
-23.650948,-0.48265728,seed3379.png
17.62367,24.835924,seed33790.png
1.9688966,21.06255,seed33791.png
14.701827,-34.843193,seed33792.png
-22.51723,13.271209,seed33793.png
-29.643019,2.234069,seed33794.png
34.511284,1.2889246,seed33795.png
11.642761,5.187567,seed33796.png
27.69651,19.598059,seed33797.png
5.9944034,-37.432247,seed33798.png
25.233099,18.788527,seed33799.png
-32.60053,-5.7629747,seed3380.png
-13.481731,-20.937737,seed33800.png
18.655281,18.841417,seed33801.png
-36.16573,10.890446,seed33802.png
22.606775,2.353425,seed33803.png
-18.938322,4.27451,seed33804.png
12.820344,26.195587,seed33805.png
3.4651814,20.100382,seed33806.png
8.783014,7.107675,seed33807.png
-32.585342,-1.6254094,seed33808.png
-34.256973,10.6350355,seed33809.png
7.308654,14.69198,seed3381.png
-20.703999,16.382298,seed33810.png
33.09979,20.49476,seed33811.png
-30.809021,-8.690404,seed33812.png
7.876085,-37.294094,seed33813.png
-16.554396,4.181633,seed33814.png
-18.857454,5.24452,seed33815.png
37.89878,23.524353,seed33816.png
-8.951751,-17.825537,seed33817.png
1.1946956,15.778497,seed33818.png
15.279083,20.064535,seed33819.png
15.453623,-37.213463,seed3382.png
-33.772438,21.483482,seed33820.png
-38.79296,15.881589,seed33821.png
-27.966,-0.8965099,seed33822.png
12.568283,-40.90602,seed33823.png
5.488548,5.903247,seed33824.png
-3.6312993,-10.8291855,seed33825.png
-20.294779,4.6917925,seed33826.png
-4.6857367,-3.3184798,seed33827.png
28.448183,9.171659,seed33828.png
-33.566586,22.47211,seed33829.png
13.497091,-37.993145,seed3383.png
-12.843536,-17.88732,seed33830.png
26.245745,-3.9703562,seed33831.png
-15.385932,7.220707,seed33832.png
-12.798487,-6.774906,seed33833.png
-15.612573,-31.948868,seed33834.png
33.171,12.572189,seed33835.png
23.170319,15.440194,seed33836.png
-31.268757,13.298368,seed33837.png
-22.870668,-1.2173611,seed33838.png
2.8225908,-36.243275,seed33839.png
-14.287694,-23.424837,seed3384.png
20.200588,-0.039759323,seed33840.png
18.658058,11.187697,seed33841.png
-4.394463,-10.345028,seed33842.png
10.118786,-32.138767,seed33843.png
18.733221,21.690527,seed33844.png
32.799667,5.593441,seed33845.png
21.650307,2.0440521,seed33846.png
9.199525,6.828325,seed33847.png
20.56213,-5.3146152,seed33848.png
-7.938888,-19.719538,seed33849.png
-1.7548721,23.412054,seed3385.png
-21.249159,16.513117,seed33850.png
17.155949,10.770515,seed33851.png
29.793856,5.801822,seed33852.png
4.060823,9.188964,seed33853.png
-12.706662,-10.785396,seed33854.png
35.7035,22.4434,seed33855.png
9.624101,-38.981697,seed33856.png
0.3334551,-19.41118,seed33857.png
-38.26067,13.453118,seed33858.png
9.397964,-38.966877,seed33859.png
29.936998,4.087619,seed3386.png
-15.824584,-15.8320875,seed33860.png
20.389606,0.79721224,seed33861.png
39.69466,7.5155296,seed33862.png
-13.086741,-27.192879,seed33863.png
37.66823,19.127121,seed33864.png
2.594088,19.299295,seed33865.png
7.5971804,-3.2955296,seed33866.png
0.76491684,21.673044,seed33867.png
-35.73804,-7.9063687,seed33868.png
32.749554,27.304607,seed33869.png
-18.118038,-1.5165784,seed3387.png
-22.893684,-19.316677,seed33870.png
-18.386555,3.9618351,seed33871.png
-25.373632,-19.827103,seed33872.png
-27.416391,-7.9613886,seed33873.png
-31.72861,17.49287,seed33874.png
-5.542646,-24.241875,seed33875.png
-30.631702,15.532966,seed33876.png
-24.67025,0.6246597,seed33877.png
13.101952,2.3988688,seed33878.png
-32.02891,-11.552552,seed33879.png
-10.212503,-3.7211337,seed3388.png
10.805412,8.942985,seed33880.png
-15.136546,-31.820406,seed33881.png
-7.6715684,11.458903,seed33882.png
20.404276,-7.54326,seed33883.png
-29.591784,1.0343745,seed33884.png
6.15487,2.5504768,seed33885.png
-26.002363,5.2644725,seed33886.png
-15.234179,8.016769,seed33887.png
8.290606,-38.014236,seed33888.png
-3.3043869,-17.262241,seed33889.png
29.541521,4.505599,seed3389.png
5.6432195,-1.1568112,seed33890.png
13.561139,-7.871935,seed33891.png
23.094893,-4.7131977,seed33892.png
10.050505,10.891805,seed33893.png
9.131819,3.842327,seed33894.png
32.819523,5.0935354,seed33895.png
-21.45889,-3.1835353,seed33896.png
27.649437,7.036007,seed33897.png
7.469084,-33.81733,seed33898.png
-9.820238,4.776972,seed33899.png
-16.371017,-28.924387,seed3390.png
-31.540878,15.992127,seed33900.png
-28.137968,14.200442,seed33901.png
27.429384,24.55395,seed33902.png
19.108885,26.24239,seed33903.png
4.2382894,-25.182943,seed33904.png
39.03552,24.237852,seed33905.png
0.17490202,-1.5010958,seed33906.png
34.02257,13.576395,seed33907.png
-16.69562,-7.325179,seed33908.png
-22.147608,4.535801,seed33909.png
-15.31494,-26.691002,seed3391.png
10.880008,-6.6063604,seed33910.png
-19.209148,-20.299786,seed33911.png
39.584206,16.643908,seed33912.png
-28.303982,8.95679,seed33913.png
7.7305746,5.6556063,seed33914.png
-32.700348,21.35834,seed33915.png
-24.310476,3.466149,seed33916.png
-9.1023245,12.094543,seed33917.png
32.97033,1.5604177,seed33918.png
35.09036,9.837717,seed33919.png
-18.464842,-7.5049877,seed3392.png
-33.815517,1.2489614,seed33920.png
-28.290201,-13.614857,seed33921.png
-11.335051,-6.618886,seed33922.png
21.501532,15.898302,seed33923.png
36.021374,13.7407675,seed33924.png
-13.972643,-30.302498,seed33925.png
40.113544,11.730517,seed33926.png
-35.083065,26.464727,seed33927.png
17.204744,-7.752039,seed33928.png
4.8515925,5.246381,seed33929.png
7.5695653,0.28145453,seed3393.png
-5.7995806,-1.8007206,seed33930.png
10.125602,-8.645739,seed33931.png
10.790654,19.291698,seed33932.png
-33.30901,23.058199,seed33933.png
-32.236977,22.66968,seed33934.png
-35.433,-9.252608,seed33935.png
-4.1460896,-7.310129,seed33936.png
15.300965,-38.958817,seed33937.png
-14.226007,-24.211271,seed33938.png
35.71768,23.661777,seed33939.png
-2.9343727,-12.748007,seed3394.png
-19.252846,-16.205235,seed33940.png
18.831537,-9.220618,seed33941.png
1.3108624,6.687216,seed33942.png
-22.953112,-13.042998,seed33943.png
15.203149,-38.98021,seed33944.png
-13.742654,-25.083784,seed33945.png
-34.182346,-7.0915065,seed33946.png
38.673965,16.934706,seed33947.png
5.793502,-32.118866,seed33948.png
-11.426709,-16.150328,seed33949.png
14.960671,-4.273983,seed3395.png
-20.07891,-20.68009,seed33950.png
-30.657162,7.895834,seed33951.png
29.892878,5.5285,seed33952.png
-0.42572308,7.7543488,seed33953.png
9.787206,-29.09213,seed33954.png
13.437422,27.03454,seed33955.png
11.427325,-4.238999,seed33956.png
4.745534,17.741894,seed33957.png
-13.231874,-19.622442,seed33958.png
10.144353,-34.289494,seed33959.png
-23.804907,-6.38676,seed3396.png
-10.582338,-29.063087,seed33960.png
16.948887,25.84995,seed33961.png
-30.373957,18.646448,seed33962.png
4.89173,14.856433,seed33963.png
10.117343,24.06056,seed33964.png
38.962646,25.764257,seed33965.png
-33.777195,12.0839615,seed33966.png
10.151014,-32.518936,seed33967.png
-26.774216,18.482632,seed33968.png
13.498151,-5.794076,seed33969.png
5.6300855,-32.32729,seed3397.png
36.37412,9.2369175,seed33970.png
6.444746,-8.883428,seed33971.png
11.090802,27.770712,seed33972.png
16.25155,-36.92446,seed33973.png
-5.0319066,15.48695,seed33974.png
30.261059,18.926704,seed33975.png
-25.441717,7.9333897,seed33976.png
22.058163,-5.649381,seed33977.png
5.221953,-0.05701952,seed33978.png
-33.68213,26.667425,seed33979.png
5.815215,-26.01842,seed3398.png
1.1228875,-16.796595,seed33980.png
38.16715,5.7207365,seed33981.png
12.316921,2.9270108,seed33982.png
6.494986,-3.0581708,seed33983.png
-25.063932,-0.68094903,seed33984.png
29.72194,9.261076,seed33985.png
-24.752481,-12.317665,seed33986.png
-17.592234,0.24995218,seed33987.png
-25.084187,-5.9414196,seed33988.png
-25.179178,-17.730066,seed33989.png
9.318016,10.023866,seed3399.png
2.394322,14.55954,seed33990.png
7.704279,-36.43026,seed33991.png
24.628994,27.651064,seed33992.png
-34.75991,27.700298,seed33993.png
-32.309677,-3.8806052,seed33994.png
-22.680315,-23.066664,seed33995.png
14.685431,4.3431015,seed33996.png
11.394795,-37.518085,seed33997.png
27.872858,0.009579264,seed33998.png
13.696087,5.081648,seed33999.png
-27.67442,-9.951083,seed3400.png
22.444344,11.885837,seed34000.png
33.100258,19.220692,seed34001.png
36.4582,4.882387,seed34002.png
14.6061125,-38.12363,seed34003.png
-13.161908,-6.9741907,seed34004.png
22.85548,19.728168,seed34005.png
-21.533297,19.012478,seed34006.png
-30.422554,11.187862,seed34007.png
11.152702,-10.399643,seed34008.png
-21.365988,-14.606241,seed34009.png
-8.458217,-4.293283,seed3401.png
15.091267,-37.247833,seed34010.png
16.957178,6.9698133,seed34011.png
-9.144269,-15.775592,seed34012.png
-15.750507,-22.538633,seed34013.png
2.9889235,8.415255,seed34014.png
-27.5331,9.793456,seed34015.png
8.852737,-28.329395,seed34016.png
26.366,13.944215,seed34017.png
7.914063,16.437616,seed34018.png
10.548215,7.0934596,seed34019.png
-21.50252,-2.8343356,seed3402.png
36.449566,14.363369,seed34020.png
-10.980633,-15.585817,seed34021.png
24.672941,8.349373,seed34022.png
14.478993,22.935268,seed34023.png
-19.880463,9.692986,seed34024.png
-18.354313,-14.569029,seed34025.png
8.307745,11.5470495,seed34026.png
-17.384039,-8.694724,seed34027.png
0.39237812,-13.932689,seed34028.png
13.51143,11.355272,seed34029.png
-26.383125,10.737883,seed3403.png
-13.014785,-7.5194507,seed34030.png
-27.767317,12.829785,seed34031.png
35.66665,16.152552,seed34032.png
-6.6144037,-25.801804,seed34033.png
21.88577,19.523153,seed34034.png
14.053673,18.828178,seed34035.png
-5.4981894,-8.275422,seed34036.png
3.8662152,12.488468,seed34037.png
-15.947209,-22.138985,seed34038.png
-33.76466,21.207188,seed34039.png
4.0204453,1.4995273,seed3404.png
-32.297104,17.116856,seed34040.png
36.13704,19.513586,seed34041.png
-31.955727,-14.293919,seed34042.png
-23.407825,12.292448,seed34043.png
25.350826,12.039956,seed34044.png
-23.532911,6.828805,seed34045.png
2.901415,14.603808,seed34046.png
37.457848,18.40931,seed34047.png
6.061399,-4.702562,seed34048.png
-19.65003,15.476584,seed34049.png
11.287941,23.81211,seed3405.png
14.802506,-33.206345,seed34050.png
-10.105015,-18.880981,seed34051.png
20.881464,9.151072,seed34052.png
17.649849,-5.8147225,seed34053.png
-21.384964,1.4358486,seed34054.png
5.644697,3.4164503,seed34055.png
-9.434903,10.39551,seed34056.png
17.765766,-9.334179,seed34057.png
3.0452046,-4.5731173,seed34058.png
-20.393253,-30.103369,seed34059.png
-1.8414128,-12.571899,seed3406.png
-16.697485,-20.150036,seed34060.png
22.359606,8.822313,seed34061.png
4.246117,17.145456,seed34062.png
-36.75503,26.498245,seed34063.png
-13.539416,-16.685127,seed34064.png
36.010525,8.600024,seed34065.png
17.375662,2.767763,seed34066.png
15.114158,-36.590637,seed34067.png
0.23059091,20.171745,seed34068.png
9.968745,-4.0753903,seed34069.png
-21.51182,12.482085,seed3407.png
-32.151207,8.352996,seed34070.png
-25.824646,14.577136,seed34071.png
20.762291,-1.9018576,seed34072.png
9.235403,-32.112724,seed34073.png
9.415559,19.775234,seed34074.png
-26.691656,-14.925094,seed34075.png
-9.422844,-11.953425,seed34076.png
12.187338,21.263895,seed34077.png
7.1311655,9.71627,seed34078.png
-26.225891,2.924546,seed34079.png
-37.795948,15.303347,seed3408.png
37.332554,21.995787,seed34080.png
-37.75665,18.439598,seed34081.png
-0.43935472,24.785997,seed34082.png
-23.167295,9.915837,seed34083.png
38.055805,8.878977,seed34084.png
38.94952,10.262456,seed34085.png
-23.562355,-22.47836,seed34086.png
-12.483569,-1.0085561,seed34087.png
-19.246212,10.68925,seed34088.png
31.680868,16.202839,seed34089.png
10.833149,23.362782,seed3409.png
22.580027,16.158278,seed34090.png
27.55194,18.295925,seed34091.png
5.4987035,-36.240353,seed34092.png
-10.36575,-25.708399,seed34093.png
-33.7598,21.85067,seed34094.png
-0.84647214,23.75106,seed34095.png
-11.489438,-26.849539,seed34096.png
31.21177,15.676186,seed34097.png
24.689688,2.3499079,seed34098.png
3.5523682,21.47424,seed34099.png
19.047714,-1.2424895,seed3410.png
3.5692968,-0.8662848,seed34100.png
2.9860911,17.062433,seed34101.png
17.333103,-8.721232,seed34102.png
-31.486074,11.664596,seed34103.png
7.791152,5.6354957,seed34104.png
3.8644013,-4.96088,seed34105.png
29.725758,20.491636,seed34106.png
-23.891624,15.211592,seed34107.png
-32.688137,12.068953,seed34108.png
36.785755,12.440956,seed34109.png
17.111752,23.601685,seed3411.png
20.46055,24.027617,seed34110.png
-15.944525,-6.4987106,seed34111.png
-31.854115,6.298719,seed34112.png
-9.353122,-19.637894,seed34113.png
-15.687265,-30.976046,seed34114.png
0.17481497,-13.048731,seed34115.png
-27.711018,-15.613439,seed34116.png
37.353992,19.040571,seed34117.png
-9.995211,-1.1168435,seed34118.png
-15.8682995,-22.22582,seed34119.png
12.536862,-2.066689,seed3412.png
22.826553,28.137384,seed34120.png
20.2203,11.579347,seed34121.png
-13.621142,-20.441076,seed34122.png
-21.022673,15.220833,seed34123.png
26.475107,10.868612,seed34124.png
-22.346584,13.691016,seed34125.png
16.147299,-35.580242,seed34126.png
12.480111,27.360657,seed34127.png
15.582357,18.6786,seed34128.png
35.12248,7.688388,seed34129.png
-20.226955,4.381316,seed3413.png
29.835045,0.88021517,seed34130.png
2.0779915,13.749616,seed34131.png
-8.279357,-9.406665,seed34132.png
27.471603,-0.58666843,seed34133.png
29.567,25.850296,seed34134.png
-35.46072,13.676145,seed34135.png
13.567281,-10.331225,seed34136.png
20.859608,4.1305737,seed34137.png
8.4791565,9.206573,seed34138.png
-0.9815559,-27.184523,seed34139.png
13.670722,-35.38876,seed3414.png
-20.598137,-19.364681,seed34140.png
8.321844,19.954266,seed34141.png
-18.855907,-10.352203,seed34142.png
-29.449608,4.752249,seed34143.png
-3.923759,-10.933229,seed34144.png
28.062044,15.893662,seed34145.png
28.160439,13.5449915,seed34146.png
-15.100483,-19.43211,seed34147.png
2.0079424,19.641594,seed34148.png
16.063908,26.094147,seed34149.png
-21.949503,-11.120005,seed3415.png
-22.687262,-13.271323,seed34150.png
-27.809994,-18.224937,seed34151.png
-8.191886,-7.122475,seed34152.png
-14.86605,-27.756214,seed34153.png
22.086475,0.66573554,seed34154.png
2.7081254,2.3724666,seed34155.png
-13.486933,10.711169,seed34156.png
-15.130397,-30.577414,seed34157.png
-17.413841,-29.275818,seed34158.png
-17.078234,-20.178587,seed34159.png
33.27314,23.7645,seed3416.png
-9.298212,-22.301699,seed34160.png
14.914924,12.58875,seed34161.png
-13.853753,2.630166,seed34162.png
27.672092,20.281088,seed34163.png
37.87423,5.368069,seed34164.png
-28.179958,-14.535385,seed34165.png
16.05441,22.641502,seed34166.png
-17.111153,-21.8868,seed34167.png
9.382348,11.022071,seed34168.png
8.185081,-28.149267,seed34169.png
-34.4266,-1.5558614,seed3417.png
16.054798,0.6652054,seed34170.png
8.873876,-41.85549,seed34171.png
-36.86222,23.377512,seed34172.png
-25.469948,-17.689524,seed34173.png
-19.736216,-4.480405,seed34174.png
-16.772062,-31.787518,seed34175.png
14.296163,-34.278423,seed34176.png
-32.798054,3.6024923,seed34177.png
2.8379984,14.314514,seed34178.png
8.031529,3.1790707,seed34179.png
29.848017,18.350834,seed3418.png
25.291513,5.900189,seed34180.png
-18.075974,1.7746427,seed34181.png
18.732817,23.345875,seed34182.png
-10.840316,-19.527023,seed34183.png
-23.94278,-5.0392737,seed34184.png
-30.468128,5.7777047,seed34185.png
21.378534,19.43517,seed34186.png
7.545639,9.614142,seed34187.png
-10.856094,-12.439606,seed34188.png
-21.481405,5.728377,seed34189.png
-31.823282,1.0767046,seed3419.png
21.270287,5.2748213,seed34190.png
-6.676331,0.21647406,seed34191.png
-15.6795,-18.260454,seed34192.png
14.479962,20.710897,seed34193.png
-2.0508103,21.294352,seed34194.png
-24.958603,5.24977,seed34195.png
14.703191,-2.385924,seed34196.png
-21.469559,-29.478437,seed34197.png
19.24017,-0.109134994,seed34198.png
-32.954323,17.741747,seed34199.png
-28.504776,8.025195,seed3420.png
-0.82925,25.046873,seed34200.png
20.679415,-6.6837606,seed34201.png
-2.2782216,-10.7447815,seed34202.png
-11.509384,-8.591857,seed34203.png
39.012955,22.888165,seed34204.png
8.840513,16.835546,seed34205.png
12.284824,-1.6498475,seed34206.png
14.74314,23.363657,seed34207.png
25.673906,23.35029,seed34208.png
13.189867,5.537451,seed34209.png
-9.124739,-16.680443,seed3421.png
19.825043,15.134661,seed34210.png
16.455975,-35.042755,seed34211.png
-12.586548,-13.213265,seed34212.png
-18.989182,-19.534218,seed34213.png
-14.518391,-18.42801,seed34214.png
-36.19348,-5.365697,seed34215.png
8.275828,4.041352,seed34216.png
-35.890137,-4.8585277,seed34217.png
40.504665,15.164982,seed34218.png
-32.951813,14.090198,seed34219.png
-9.464067,-19.825403,seed3422.png
-27.643717,10.019149,seed34220.png
-21.012247,-11.327502,seed34221.png
37.663822,21.21848,seed34222.png
-28.94285,-7.5253506,seed34223.png
-22.993963,-24.353752,seed34224.png
15.102436,-12.671638,seed34225.png
-5.944935,-11.143238,seed34226.png
-32.54364,23.087002,seed34227.png
28.980059,5.4103556,seed34228.png
29.192074,9.34287,seed34229.png
-19.94329,-11.580951,seed3423.png
-31.90144,22.116222,seed34230.png
-22.912312,8.11238,seed34231.png
-3.0066524,5.563799,seed34232.png
12.46146,8.670317,seed34233.png
-25.829428,18.001728,seed34234.png
10.426274,-34.198017,seed34235.png
-10.901224,-4.0939026,seed34236.png
11.295696,10.350743,seed34237.png
-7.9253154,9.86651,seed34238.png
-22.374619,-23.013815,seed34239.png
17.896738,17.215752,seed3424.png
20.606365,4.297896,seed34240.png
6.47059,-32.864326,seed34241.png
13.028956,-41.104668,seed34242.png
11.865553,13.913817,seed34243.png
-20.381994,-7.038571,seed34244.png
0.87830806,18.79918,seed34245.png
38.26291,7.9655323,seed34246.png
7.9155874,-41.468895,seed34247.png
-15.186716,-4.616627,seed34248.png
38.42185,16.72818,seed34249.png
-3.091788,-15.851615,seed3425.png
8.560866,-31.813251,seed34250.png
-19.412638,5.887044,seed34251.png
-26.333878,2.468579,seed34252.png
13.991243,17.42834,seed34253.png
-29.670603,-7.491625,seed34254.png
26.678791,-3.3409717,seed34255.png
-22.220913,7.956776,seed34256.png
-4.1214437,-10.349496,seed34257.png
38.12182,23.307625,seed34258.png
6.033951,21.255264,seed34259.png
-21.982224,1.7553881,seed3426.png
37.291298,24.061638,seed34260.png
6.831654,-36.557114,seed34261.png
-35.485836,25.76385,seed34262.png
36.085445,12.168263,seed34263.png
30.067762,28.139093,seed34264.png
37.676853,21.904806,seed34265.png
4.2408853,-29.272078,seed34266.png
-8.970731,-19.67413,seed34267.png
-4.6474204,12.364406,seed34268.png
35.659462,18.70658,seed34269.png
34.786514,16.65287,seed3427.png
-6.115305,-24.664808,seed34270.png
-29.232317,17.52591,seed34271.png
38.823196,20.71823,seed34272.png
-19.893093,5.425079,seed34273.png
-14.911615,-14.436163,seed34274.png
-9.356161,-2.9796498,seed34275.png
-2.1008093,-11.387791,seed34276.png
-4.420213,-16.84886,seed34277.png
-19.365108,-13.922737,seed34278.png
-21.58114,-27.443146,seed34279.png
-26.650646,2.9984732,seed3428.png
-32.792393,11.704475,seed34280.png
-15.310353,-17.827108,seed34281.png
-18.895061,-22.165876,seed34282.png
-25.754686,-14.6343775,seed34283.png
-20.38564,-9.225355,seed34284.png
26.526232,19.233059,seed34285.png
-2.6370783,21.666834,seed34286.png
-14.209212,-0.2750798,seed34287.png
5.617405,-25.465216,seed34288.png
-6.343144,0.25414684,seed34289.png
-18.569904,-9.037238,seed3429.png
-3.9428635,-11.250998,seed34290.png
-23.021002,-15.400176,seed34291.png
-19.32081,-8.572011,seed34292.png
19.487667,-9.060107,seed34293.png
32.486687,27.93674,seed34294.png
3.261728,-20.811316,seed34295.png
-20.59264,10.794136,seed34296.png
2.4298828,9.764335,seed34297.png
-29.394806,17.626972,seed34298.png
-29.201977,15.420817,seed34299.png
-10.342131,-30.45923,seed3430.png
17.072466,0.044033322,seed34300.png
3.0276556,-5.5258374,seed34301.png
-35.319817,22.998423,seed34302.png
11.117115,-33.897026,seed34303.png
30.818586,26.148134,seed34304.png
18.499336,25.911047,seed34305.png
-5.207983,6.2398334,seed34306.png
25.79963,1.148599,seed34307.png
-25.425344,13.074111,seed34308.png
7.6152887,-34.452873,seed34309.png
24.0137,10.635204,seed3431.png
-12.333163,-17.865103,seed34310.png
38.999203,15.576193,seed34311.png
-30.699244,11.566133,seed34312.png
-33.526806,22.388582,seed34313.png
5.052597,25.81987,seed34314.png
-22.589712,-13.963358,seed34315.png
9.127924,-41.55589,seed34316.png
-5.0460176,-20.462315,seed34317.png
8.696048,5.8102303,seed34318.png
-30.510742,17.201574,seed34319.png
-26.744658,-7.9615927,seed3432.png
-26.433752,-22.57488,seed34320.png
2.968132,-29.124514,seed34321.png
13.113399,-30.82632,seed34322.png
3.0814342,-0.40007013,seed34323.png
29.086452,16.331575,seed34324.png
3.4548762,-28.57739,seed34325.png
-13.964301,-20.254498,seed34326.png
-11.105378,-28.429832,seed34327.png
-32.71269,24.594349,seed34328.png
26.201406,1.9024266,seed34329.png
15.017749,-35.917797,seed3433.png
8.894405,2.177334,seed34330.png
-13.900991,-4.8090153,seed34331.png
10.66254,-39.930996,seed34332.png
21.631134,1.606331,seed34333.png
-8.959703,-5.3637033,seed34334.png
9.570655,-37.368694,seed34335.png
2.6599731,-28.480604,seed34336.png
-24.310797,17.51351,seed34337.png
-32.16458,10.280356,seed34338.png
14.872553,-1.3216311,seed34339.png
10.443749,6.288221,seed3434.png
-18.086153,11.596575,seed34340.png
10.858247,2.4683282,seed34341.png
-37.838966,13.519553,seed34342.png
8.922108,7.4295554,seed34343.png
6.3160925,-5.7668133,seed34344.png
-0.63810176,-14.521755,seed34345.png
4.086872,20.579561,seed34346.png
-23.336605,-2.9955125,seed34347.png
-17.203972,-18.518818,seed34348.png
11.644188,-42.69491,seed34349.png
-0.23887509,23.851347,seed3435.png
5.7215695,-6.0203915,seed34350.png
13.331134,-30.718832,seed34351.png
14.432312,15.8463955,seed34352.png
31.913088,9.685778,seed34353.png
-15.709992,-21.301758,seed34354.png
4.718415,-8.2958,seed34355.png
-37.617977,13.694721,seed34356.png
9.105978,29.92687,seed34357.png
-0.56492084,-19.426994,seed34358.png
16.971193,-9.803808,seed34359.png
-26.827454,15.269571,seed3436.png
-21.626654,8.190964,seed34360.png
-7.2415915,-8.255436,seed34361.png
9.302036,-30.663584,seed34362.png
-28.29162,14.411768,seed34363.png
33.44044,17.930996,seed34364.png
-11.818509,-7.0130134,seed34365.png
-12.864717,-27.929422,seed34366.png
8.582708,10.305866,seed34367.png
-16.184673,-15.904678,seed34368.png
12.073048,21.381344,seed34369.png
16.481983,24.38065,seed3437.png
12.697436,-22.201672,seed34370.png
4.73852,-28.288261,seed34371.png
-11.222875,-12.036772,seed34372.png
13.214092,16.18214,seed34373.png
-2.928187,-0.86579716,seed34374.png
-34.355995,-2.326432,seed34375.png
17.593935,7.9608707,seed34376.png
11.178644,4.470781,seed34377.png
-31.089756,13.852155,seed34378.png
17.355497,18.936396,seed34379.png
15.365987,-34.219246,seed3438.png
-32.646,-13.03335,seed34380.png
-22.204866,-14.074909,seed34381.png
-25.410574,-14.64174,seed34382.png
-30.064611,12.262891,seed34383.png
24.069347,-4.302724,seed34384.png
-18.625755,-2.4149954,seed34385.png
-20.46887,1.6965733,seed34386.png
-2.950009,-2.5965836,seed34387.png
30.014326,4.1679177,seed34388.png
30.734943,4.296306,seed34389.png
-36.595203,9.83395,seed3439.png
-26.26894,-2.423069,seed34390.png
15.160965,-33.05684,seed34391.png
-19.604612,-24.369263,seed34392.png
15.161363,-34.756474,seed34393.png
9.781367,-9.689586,seed34394.png
22.20957,-0.6797106,seed34395.png
19.48581,20.200045,seed34396.png
31.473974,5.8285966,seed34397.png
-13.882571,-23.056028,seed34398.png
-28.105167,8.378349,seed34399.png
-15.159042,-20.667286,seed3440.png
7.169652,3.9432917,seed34400.png
-19.075012,-20.242039,seed34401.png
-34.926422,19.148167,seed34402.png
-24.031786,-2.585797,seed34403.png
29.116745,17.48286,seed34404.png
35.102295,6.9001837,seed34405.png
-15.727403,-15.787292,seed34406.png
22.784834,19.400377,seed34407.png
-19.160915,-26.202475,seed34408.png
34.12719,6.872687,seed34409.png
8.50515,-2.8816998,seed3441.png
-22.554737,12.670388,seed34410.png
28.98641,13.231983,seed34411.png
15.078558,-36.890175,seed34412.png
18.456852,12.879036,seed34413.png
-17.532671,2.2494369,seed34414.png
9.329095,30.048271,seed34415.png
-26.836557,-20.53757,seed34416.png
-25.407219,-17.410162,seed34417.png
-15.699877,-17.967701,seed34418.png
-18.285711,-3.036762,seed34419.png
-23.071857,-19.910944,seed3442.png
-12.904978,1.3885423,seed34420.png
12.008874,18.868809,seed34421.png
-5.7804074,13.238021,seed34422.png
-28.97513,5.0410323,seed34423.png
32.44926,27.557632,seed34424.png
8.22984,-23.961718,seed34425.png
-17.072723,-18.78193,seed34426.png
25.183704,7.8647976,seed34427.png
15.361519,8.831392,seed34428.png
27.426493,17.619684,seed34429.png
-32.219933,17.611174,seed3443.png
-32.1127,9.2198515,seed34430.png
4.7770925,-38.058613,seed34431.png
12.250335,11.752657,seed34432.png
-33.040207,-12.336217,seed34433.png
9.540498,-28.137434,seed34434.png
-33.80983,17.04361,seed34435.png
-32.401573,14.755432,seed34436.png
20.078608,15.318943,seed34437.png
23.922354,6.7975,seed34438.png
39.055122,23.53992,seed34439.png
14.297342,-4.7051334,seed3444.png
11.448517,14.06384,seed34440.png
-7.8507123,-5.060037,seed34441.png
8.962497,-42.090496,seed34442.png
28.620665,18.629435,seed34443.png
5.6764007,5.624378,seed34444.png
5.3488674,23.787762,seed34445.png
20.444963,20.715626,seed34446.png
-35.509724,23.812187,seed34447.png
10.259333,-38.762486,seed34448.png
29.356659,12.377234,seed34449.png
-22.259516,-0.70420265,seed3445.png
-8.393204,10.218761,seed34450.png
-14.280161,-25.107847,seed34451.png
-5.6323724,1.8619816,seed34452.png
34.737034,8.318432,seed34453.png
11.3462515,-28.036627,seed34454.png
-0.29728714,22.920973,seed34455.png
26.73673,-1.1560556,seed34456.png
-14.773321,-19.750864,seed34457.png
9.555571,-1.0370418,seed34458.png
-29.2781,10.063264,seed34459.png
-20.061192,12.205277,seed3446.png
24.810125,10.726766,seed34460.png
6.8059387,1.6873717,seed34461.png
35.83189,22.352488,seed34462.png
36.424927,22.577293,seed34463.png
4.240615,4.8256397,seed34464.png
-8.199743,-1.3781164,seed34465.png
-27.73449,-5.852264,seed34466.png
37.564087,21.243883,seed34467.png
19.53444,24.040443,seed34468.png
-3.8899608,5.299705,seed34469.png
34.289627,26.005466,seed3447.png
-28.636688,-0.6604399,seed34470.png
35.024063,18.302925,seed34471.png
11.02697,6.085703,seed34472.png
23.99862,21.917482,seed34473.png
7.8673034,-3.9096737,seed34474.png
1.284858,-23.402409,seed34475.png
-23.963478,-1.0396887,seed34476.png
13.42851,-0.120146826,seed34477.png
-33.21485,23.997063,seed34478.png
12.533306,-42.67609,seed34479.png
-24.234144,14.762192,seed3448.png
-31.837954,22.92468,seed34480.png
30.694633,4.469851,seed34481.png
32.91291,21.903843,seed34482.png
-17.411402,-17.912443,seed34483.png
13.291815,11.941021,seed34484.png
11.623106,-1.2199236,seed34485.png
23.17213,16.836782,seed34486.png
-27.407566,11.310982,seed34487.png
-22.074316,-27.958721,seed34488.png
-16.623539,-12.793043,seed34489.png
26.877266,-0.40060452,seed3449.png
-22.256376,16.443218,seed34490.png
-17.161453,-7.2165213,seed34491.png
19.29385,2.5556412,seed34492.png
35.534412,26.659086,seed34493.png
14.1785345,18.890242,seed34494.png
30.32584,5.218455,seed34495.png
-32.32121,-7.568255,seed34496.png
31.444313,28.820398,seed34497.png
-13.67357,-22.589571,seed34498.png
-9.398056,-14.47889,seed34499.png
28.000738,3.5574877,seed3450.png
-9.523817,-15.852643,seed34500.png
23.516083,4.2152743,seed34501.png
-33.790607,24.175356,seed34502.png
-2.053642,-14.093113,seed34503.png
-12.227056,-4.563151,seed34504.png
11.7948,-24.935297,seed34505.png
-15.232467,-15.454638,seed34506.png
34.873024,11.120105,seed34507.png
-24.673613,-9.705449,seed34508.png
-29.796873,-5.1205187,seed34509.png
31.52925,14.543098,seed3451.png
-16.126308,1.4220369,seed34510.png
-12.303099,-17.477543,seed34511.png
-11.306732,-10.1905575,seed34512.png
0.11599144,-17.73102,seed34513.png
3.1793447,-25.647873,seed34514.png
12.912486,19.69684,seed34515.png
-18.898857,-14.297182,seed34516.png
5.847906,11.369406,seed34517.png
-17.349617,-7.4387083,seed34518.png
4.034397,-31.565853,seed34519.png
0.7957024,-1.2131271,seed3452.png
25.96267,10.493517,seed34520.png
33.451374,22.151548,seed34521.png
-8.325733,0.9601083,seed34522.png
-33.789215,6.2428803,seed34523.png
20.095886,4.738723,seed34524.png
-17.947285,-18.421019,seed34525.png
31.201143,0.23104656,seed34526.png
-18.39691,-22.261602,seed34527.png
3.9799173,-4.3491864,seed34528.png
-25.573503,-22.87525,seed34529.png
29.13555,11.850855,seed3453.png
-3.800793,15.258348,seed34530.png
5.6727934,-23.519644,seed34531.png
-19.51922,-1.0073613,seed34532.png
3.6493735,10.551473,seed34533.png
26.057201,20.239773,seed34534.png
25.573982,15.472545,seed34535.png
-17.249857,-18.952215,seed34536.png
20.370363,20.885256,seed34537.png
20.245474,23.31318,seed34538.png
10.516216,-37.45728,seed34539.png
22.522453,20.22716,seed3454.png
18.651464,-0.09273589,seed34540.png
24.959618,25.115904,seed34541.png
-34.540455,27.087015,seed34542.png
-38.80667,11.165728,seed34543.png
-31.604572,-0.17219047,seed34544.png
-3.6165476,-27.080294,seed34545.png
-13.935598,-20.872166,seed34546.png
-9.813291,-16.181965,seed34547.png
6.451849,17.158953,seed34548.png
35.57141,13.176077,seed34549.png
21.780176,21.557579,seed3455.png
30.904362,18.909964,seed34550.png
-21.025862,-13.559217,seed34551.png
-14.561087,-15.99514,seed34552.png
30.67648,18.868166,seed34553.png
9.127999,10.361891,seed34554.png
-15.73758,-14.399808,seed34555.png
32.961075,15.961022,seed34556.png
-18.265095,-4.8315887,seed34557.png
23.405573,10.813773,seed34558.png
-23.275469,1.1485902,seed34559.png
-14.761547,-0.39676595,seed3456.png
39.299957,15.409567,seed34560.png
-14.938177,-13.732945,seed34561.png
-29.33336,16.619343,seed34562.png
-11.299136,-28.555916,seed34563.png
22.375998,-4.3482428,seed34564.png
-13.63949,-14.349215,seed34565.png
-21.016298,-3.1316464,seed34566.png
12.375288,11.6479225,seed34567.png
-37.514477,14.822513,seed34568.png
-14.058835,-8.703031,seed34569.png
28.858034,14.472409,seed3457.png
-30.252075,13.133845,seed34570.png
-17.856865,-29.007187,seed34571.png
11.949226,15.409087,seed34572.png
-4.5839224,-23.022688,seed34573.png
-32.873474,11.230731,seed34574.png
-3.1333168,15.026069,seed34575.png
-21.372705,8.629149,seed34576.png
-22.98419,14.688321,seed34577.png
13.381226,5.5477934,seed34578.png
-19.644869,-27.534649,seed34579.png
35.020916,20.807135,seed3458.png
13.689328,-40.359665,seed34580.png
12.214343,-24.105263,seed34581.png
7.420827,-26.713318,seed34582.png
32.873913,18.826345,seed34583.png
-24.085146,2.611541,seed34584.png
10.080479,10.04878,seed34585.png
24.172676,-5.923444,seed34586.png
34.07073,7.152881,seed34587.png
-25.017315,12.071586,seed34588.png
-33.89006,19.336048,seed34589.png
-15.0114355,-30.222935,seed3459.png
-14.013698,-24.876837,seed34590.png
3.6695032,15.756609,seed34591.png
32.73397,9.633918,seed34592.png
21.280127,10.009053,seed34593.png
30.83435,2.0488565,seed34594.png
-24.074074,12.347806,seed34595.png
-32.259636,17.453222,seed34596.png
39.58028,20.402554,seed34597.png
3.6356769,-29.349089,seed34598.png
-27.486456,20.551765,seed34599.png
16.513882,7.9831114,seed3460.png
-21.1713,-17.753868,seed34600.png
-4.8683934,-25.235882,seed34601.png
-4.6365285,15.506215,seed34602.png
38.021973,17.01598,seed34603.png
-28.392565,18.9499,seed34604.png
-18.896172,-29.857344,seed34605.png
30.60789,5.594713,seed34606.png
31.215698,29.19293,seed34607.png
-26.402447,-1.6179174,seed34608.png
11.127199,-10.157643,seed34609.png
15.745242,27.302195,seed3461.png
-1.8431736,-0.9462726,seed34610.png
-25.812176,9.280515,seed34611.png
-35.145638,7.1048117,seed34612.png
-19.19248,6.0411487,seed34613.png
-35.65753,5.154544,seed34614.png
-36.14853,25.846008,seed34615.png
-4.2237988,15.385971,seed34616.png
-18.245134,0.47764048,seed34617.png
-29.520523,-6.999507,seed34618.png
-16.59943,-3.893168,seed34619.png
-19.913275,-26.556698,seed3462.png
-3.430397,4.147395,seed34620.png
8.475182,3.9525092,seed34621.png
20.289047,27.16728,seed34622.png
16.695621,0.7358918,seed34623.png
22.808165,17.099985,seed34624.png
34.825485,11.0546255,seed34625.png
15.125185,8.409907,seed34626.png
5.2332273,-2.1563125,seed34627.png
-15.140114,-27.323574,seed34628.png
-34.2878,18.022543,seed34629.png
9.639751,21.487999,seed3463.png
18.085526,0.662646,seed34630.png
-35.318558,-7.161051,seed34631.png
12.855553,-27.161592,seed34632.png
-23.961103,4.0582657,seed34633.png
29.565577,28.81574,seed34634.png
-31.911089,-6.1970286,seed34635.png
16.202625,2.2829213,seed34636.png
26.142586,1.2182637,seed34637.png
21.839815,15.953135,seed34638.png
11.575686,28.800121,seed34639.png
-13.5291195,-31.068138,seed3464.png
0.6477689,-15.595129,seed34640.png
-19.193089,15.5740795,seed34641.png
32.67929,15.843457,seed34642.png
-26.486048,6.661141,seed34643.png
20.679983,14.658088,seed34644.png
24.894192,7.484338,seed34645.png
-36.06475,-5.189467,seed34646.png
-32.908035,21.26884,seed34647.png
-16.725767,3.8643663,seed34648.png
-24.836586,-27.113174,seed34649.png
15.902925,-9.710308,seed3465.png
9.882837,-35.47473,seed34650.png
-0.0857633,-18.13046,seed34651.png
-27.453636,13.347883,seed34652.png
-0.3982953,-12.582207,seed34653.png
16.932526,-35.91488,seed34654.png
-17.83507,-18.971996,seed34655.png
-26.664818,-21.831182,seed34656.png
-35.730984,-1.863865,seed34657.png
12.239031,28.925106,seed34658.png
-21.399628,1.583264,seed34659.png
-13.887585,-15.191415,seed3466.png
2.524096,13.994389,seed34660.png
7.660342,-8.378808,seed34661.png
34.613186,5.0028176,seed34662.png
2.8573966,4.7665315,seed34663.png
-35.470383,22.913332,seed34664.png
5.94115,-0.864806,seed34665.png
41.147655,20.227522,seed34666.png
-1.7919004,-16.206186,seed34667.png
-31.62727,16.296492,seed34668.png
-33.096085,24.116638,seed34669.png
-18.37115,9.5275755,seed3467.png
24.330318,18.170979,seed34670.png
-15.80118,-0.23460762,seed34671.png
2.5395463,21.881039,seed34672.png
11.153555,-40.755657,seed34673.png
-29.512447,-12.814166,seed34674.png
-23.538097,-15.519511,seed34675.png
3.875207,-33.785267,seed34676.png
-30.062195,6.948333,seed34677.png
-14.796936,-14.083,seed34678.png
-16.977999,-30.412474,seed34679.png
28.816643,10.341843,seed3468.png
5.072953,-29.53933,seed34680.png
0.7185464,3.5399237,seed34681.png
-1.665329,-14.898647,seed34682.png
-27.349707,7.596605,seed34683.png
-27.373045,-8.36125,seed34684.png
-30.884361,17.531876,seed34685.png
3.6755905,-9.138317,seed34686.png
16.359146,-36.06094,seed34687.png
3.9792867,3.9082904,seed34688.png
37.3399,20.582645,seed34689.png
8.847227,-41.302673,seed3469.png
22.25857,1.247678,seed34690.png
-16.892456,-8.102158,seed34691.png
-23.403875,6.593567,seed34692.png
-3.8170784,1.6663018,seed34693.png
9.443903,8.158177,seed34694.png
-19.042908,-15.366216,seed34695.png
-33.05317,6.694018,seed34696.png
7.2758093,-35.970474,seed34697.png
1.3455604,-4.4235992,seed34698.png
-12.0164,-26.286032,seed34699.png
12.212784,-41.042503,seed3470.png
17.658964,-0.8175356,seed34700.png
-0.32442346,-3.3137982,seed34701.png
-25.99972,7.6142,seed34702.png
31.123306,8.672535,seed34703.png
15.948914,21.365799,seed34704.png
24.728817,8.992298,seed34705.png
-19.634504,-21.145672,seed34706.png
-15.986669,-27.602633,seed34707.png
-4.877799,-26.74269,seed34708.png
4.3451433,12.214195,seed34709.png
26.222368,14.508317,seed3471.png
11.106191,-39.284794,seed34710.png
-9.459276,-6.4860826,seed34711.png
-12.517082,-28.355871,seed34712.png
10.055354,20.597889,seed34713.png
-2.3331082,-6.0441184,seed34714.png
-28.455719,10.147951,seed34715.png
-9.761492,-16.300398,seed34716.png
32.36607,26.98851,seed34717.png
9.3248415,-3.9568,seed34718.png
14.748816,9.212958,seed34719.png
3.9725742,-7.707611,seed3472.png
25.164984,3.9261818,seed34720.png
-9.875314,-29.541695,seed34721.png
-15.539373,-19.947733,seed34722.png
16.631807,19.136572,seed34723.png
32.376945,18.92899,seed34724.png
-30.285633,18.75093,seed34725.png
13.231311,29.649239,seed34726.png
-17.929024,-0.211335,seed34727.png
18.11823,15.240549,seed34728.png
-0.33973494,22.038912,seed34729.png
-22.500322,16.47261,seed3473.png
13.080618,-34.206657,seed34730.png
-10.389925,-22.14768,seed34731.png
11.436595,26.679033,seed34732.png
0.7475213,-3.2510412,seed34733.png
1.3959478,9.081538,seed34734.png
29.384327,27.875866,seed34735.png
15.497096,13.943127,seed34736.png
3.449488,11.645657,seed34737.png
-13.605308,-6.1778345,seed34738.png
-17.469137,-18.730898,seed34739.png
-27.190601,9.526972,seed3474.png
0.5706301,-8.657348,seed34740.png
-21.71994,-25.17845,seed34741.png
-27.69481,9.333298,seed34742.png
-16.74276,-25.192402,seed34743.png
-33.89931,-6.892674,seed34744.png
4.3769193,15.60113,seed34745.png
15.094415,-34.516033,seed34746.png
-1.8725762,-1.4457322,seed34747.png
-19.45578,-5.609969,seed34748.png
2.8969088,-28.547226,seed34749.png
-19.697502,-28.611547,seed3475.png
-6.2056794,-20.756779,seed34750.png
30.047722,12.830364,seed34751.png
33.54566,20.170887,seed34752.png
8.280266,3.5529819,seed34753.png
17.853977,-6.9832745,seed34754.png
-15.588635,-26.974867,seed34755.png
6.1605687,7.867356,seed34756.png
3.3149924,17.578945,seed34757.png
22.910976,6.2811904,seed34758.png
0.3120438,24.902565,seed34759.png
8.353025,-27.359976,seed3476.png
3.4679365,8.158307,seed34760.png
11.094035,-22.576012,seed34761.png
12.363754,-29.015251,seed34762.png
16.407396,3.8498054,seed34763.png
21.155205,27.882776,seed34764.png
11.788033,7.619282,seed34765.png
-12.892916,-1.9975785,seed34766.png
13.649857,21.003832,seed34767.png
10.200278,-26.333609,seed34768.png
19.314339,-5.520135,seed34769.png
24.614897,-5.368988,seed3477.png
3.0770953,-13.268123,seed34770.png
29.876356,7.6326675,seed34771.png
15.602046,1.5594134,seed34772.png
10.587506,-32.90564,seed34773.png
9.486081,9.912073,seed34774.png
28.492796,27.670547,seed34775.png
12.21795,-32.137806,seed34776.png
35.256775,9.916845,seed34777.png
16.03695,-7.700586,seed34778.png
29.371815,27.89086,seed34779.png
17.210897,22.774227,seed3478.png
-12.846436,-30.836033,seed34780.png
37.304253,22.923517,seed34781.png
39.48367,11.242512,seed34782.png
10.301718,-35.9163,seed34783.png
-0.12833689,-4.423238,seed34784.png
3.5834842,23.544378,seed34785.png
-34.789448,27.288036,seed34786.png
16.320396,-35.845943,seed34787.png
-31.214806,-11.006112,seed34788.png
10.693138,16.256506,seed34789.png
-24.518524,-5.8384347,seed3479.png
-15.523815,-12.746504,seed34790.png
14.720051,-30.91151,seed34791.png
9.721218,12.49241,seed34792.png
10.092065,21.27371,seed34793.png
-32.982857,16.1382,seed34794.png
-20.061247,15.4962635,seed34795.png
24.064709,19.060688,seed34796.png
12.405657,4.8747644,seed34797.png
27.146778,8.054604,seed34798.png
39.124584,18.248629,seed34799.png
13.308764,11.295866,seed3480.png
-30.242395,2.1402965,seed34800.png
14.292192,3.8617399,seed34801.png
10.540562,-28.53634,seed34802.png
-32.544033,-9.435728,seed34803.png
38.605095,12.999203,seed34804.png
13.635977,-36.61194,seed34805.png
12.167664,-1.526029,seed34806.png
9.060755,-30.081266,seed34807.png
18.898005,21.577005,seed34808.png
9.423138,29.848375,seed34809.png
-14.326231,-16.191183,seed3481.png
16.86075,-0.33161318,seed34810.png
10.622545,-39.9392,seed34811.png
-21.869019,-21.124563,seed34812.png
12.931889,7.559217,seed34813.png
-35.08629,21.313297,seed34814.png
15.240804,13.683427,seed34815.png
-23.187868,-15.733444,seed34816.png
33.82854,24.24234,seed34817.png
-32.04433,-8.980503,seed34818.png
5.9892645,-3.9320083,seed34819.png
-23.354694,12.875756,seed3482.png
12.632376,14.786708,seed34820.png
-5.4839697,-11.680533,seed34821.png
-11.769074,-13.544315,seed34822.png
-22.406136,-26.991413,seed34823.png
12.255668,6.798011,seed34824.png
-9.494942,-13.645413,seed34825.png
16.213593,-34.11513,seed34826.png
-30.363398,15.271487,seed34827.png
10.819314,25.198988,seed34828.png
11.683345,-26.059275,seed34829.png
7.247732,-40.2582,seed3483.png
31.848093,23.824505,seed34830.png
38.815742,16.233759,seed34831.png
-8.899572,-16.166197,seed34832.png
28.678051,7.9674363,seed34833.png
19.47148,25.395218,seed34834.png
2.9623005,-6.212994,seed34835.png
17.779312,-0.105823085,seed34836.png
26.023064,21.885696,seed34837.png
3.7740154,-26.272745,seed34838.png
10.107028,12.384829,seed34839.png
15.888691,-9.201796,seed3484.png
18.314604,9.129233,seed34840.png
-18.17623,-12.479926,seed34841.png
-19.773714,-29.13158,seed34842.png
7.9707003,2.535264,seed34843.png
11.943166,-41.925667,seed34844.png
-26.21803,8.622208,seed34845.png
-5.6234617,-11.04987,seed34846.png
12.717161,8.534792,seed34847.png
-22.993643,5.7344866,seed34848.png
13.382097,21.833925,seed34849.png
-17.24693,-24.139853,seed3485.png
-37.18603,11.452442,seed34850.png
19.8357,-1.0250072,seed34851.png
-20.946669,12.165359,seed34852.png
0.21195559,13.943481,seed34853.png
6.9546604,4.1123333,seed34854.png
-35.05646,25.990925,seed34855.png
-33.262314,1.3108766,seed34856.png
4.043772,15.099591,seed34857.png
16.490578,3.2001276,seed34858.png
-24.653906,7.0967507,seed34859.png
15.109577,-4.484035,seed3486.png
4.806146,-0.8267907,seed34860.png
16.713848,28.148436,seed34861.png
6.9577074,-4.990294,seed34862.png
14.010455,23.967545,seed34863.png
40.07089,18.045568,seed34864.png
-28.09652,10.619173,seed34865.png
8.18434,-33.614105,seed34866.png
-8.412617,-17.009743,seed34867.png
26.264465,6.613257,seed34868.png
-23.501854,-28.595291,seed34869.png
-2.8060234,-18.824348,seed3487.png
5.571448,10.080023,seed34870.png
3.7834725,14.00741,seed34871.png
2.6406474,24.54738,seed34872.png
0.5613003,18.77367,seed34873.png
-31.475927,22.369478,seed34874.png
-11.383473,-0.7267107,seed34875.png
8.736179,-33.91248,seed34876.png
-22.14484,-16.955988,seed34877.png
-11.865817,-21.520056,seed34878.png
36.61807,6.844523,seed34879.png
-0.2849758,-15.564136,seed3488.png
-4.499051,6.4449635,seed34880.png
-22.201145,16.580784,seed34881.png
12.260667,-42.962162,seed34882.png
26.30186,2.9328861,seed34883.png
-31.134144,-9.709809,seed34884.png
13.909661,0.7660252,seed34885.png
-9.185182,-9.774191,seed34886.png
24.94103,4.8032455,seed34887.png
-28.1489,11.779662,seed34888.png
-20.48095,-14.935556,seed34889.png
1.865622,-9.481182,seed3489.png
-33.594048,-7.7974358,seed34890.png
39.42371,23.964914,seed34891.png
-18.99925,-2.9440215,seed34892.png
-20.394482,19.298876,seed34893.png
2.9742308,23.273209,seed34894.png
-21.194452,9.694823,seed34895.png
33.702,15.97068,seed34896.png
-0.36175844,23.087847,seed34897.png
11.977348,7.1288557,seed34898.png
-31.037096,-2.7269354,seed34899.png
10.753133,29.295107,seed3490.png
26.522179,15.243632,seed34900.png
-7.242844,-27.41284,seed34901.png
28.230396,11.710846,seed34902.png
12.257227,27.797733,seed34903.png
38.10721,7.997691,seed34904.png
-35.902622,22.441944,seed34905.png
25.442217,24.573185,seed34906.png
-31.196304,10.28468,seed34907.png
31.839666,4.1278906,seed34908.png
3.380255,6.0440426,seed34909.png
-34.497894,2.6574075,seed3491.png
-13.921648,-1.1287061,seed34910.png
-14.572489,5.9341774,seed34911.png
-20.132269,-24.919052,seed34912.png
12.878072,-33.62644,seed34913.png
10.578108,-34.85309,seed34914.png
-26.814571,-2.1467478,seed34915.png
-24.630224,6.3961163,seed34916.png
9.658029,2.202912,seed34917.png
14.925585,-33.075912,seed34918.png
-28.231958,-17.608122,seed34919.png
-33.077305,-2.3132482,seed3492.png
14.098045,-32.075108,seed34920.png
39.010986,9.940334,seed34921.png
2.8346019,18.485939,seed34922.png
23.847996,-3.384785,seed34923.png
12.082434,-33.90648,seed34924.png
-32.20147,22.139383,seed34925.png
37.857986,10.569334,seed34926.png
26.896255,15.34967,seed34927.png
-32.030178,22.877647,seed34928.png
-27.7684,0.81568855,seed34929.png
11.574027,-6.8061304,seed3493.png
-18.07274,-20.657661,seed34930.png
8.323365,4.001249,seed34931.png
-21.252337,-7.4729166,seed34932.png
17.739944,1.3498535,seed34933.png
-32.806545,24.341349,seed34934.png
27.657898,18.521774,seed34935.png
-21.725,-24.52003,seed34936.png
-21.44233,16.212923,seed34937.png
9.083946,1.4655309,seed34938.png
30.44685,14.969624,seed34939.png
-23.314997,13.727747,seed3494.png
-0.27797553,20.613117,seed34940.png
11.826849,-32.50787,seed34941.png
6.689014,10.472418,seed34942.png
-3.4713457,-19.623207,seed34943.png
13.870143,-36.508026,seed34944.png
-33.449963,23.158337,seed34945.png
5.9783835,-27.098682,seed34946.png
4.129658,5.8131933,seed34947.png
-37.49162,19.35883,seed34948.png
-23.130713,13.541039,seed34949.png
-32.796005,22.600224,seed3495.png
-38.26209,14.598841,seed34950.png
37.285053,10.834684,seed34951.png
38.011288,18.340776,seed34952.png
8.775074,7.0112314,seed34953.png
2.9048803,16.643017,seed34954.png
14.342895,-31.836279,seed34955.png
-14.710467,-10.440627,seed34956.png
-37.928284,14.145316,seed34957.png
-30.777727,14.921058,seed34958.png
-3.5586662,-12.565681,seed34959.png
-20.627653,-28.678953,seed3496.png
-10.056887,-10.767755,seed34960.png
-12.83114,-2.0800831,seed34961.png
-29.933216,1.4862343,seed34962.png
26.277393,16.032421,seed34963.png
-14.797093,-27.043617,seed34964.png
-23.106794,-26.958502,seed34965.png
10.784564,-28.074995,seed34966.png
21.33754,-0.46982715,seed34967.png
21.00599,27.347948,seed34968.png
-13.499596,-20.283098,seed34969.png
21.622877,-2.8692873,seed3497.png
-17.802485,-2.1216662,seed34970.png
20.914106,-2.3143804,seed34971.png
-2.054747,18.191061,seed34972.png
10.807862,-32.482525,seed34973.png
-25.995779,16.059391,seed34974.png
4.511547,-35.482864,seed34975.png
21.278868,17.096777,seed34976.png
9.006589,-3.9727452,seed34977.png
-0.10802533,16.486294,seed34978.png
8.778388,-33.02751,seed34979.png
27.695866,12.415463,seed3498.png
-24.73661,-14.361789,seed34980.png
17.17625,1.9472618,seed34981.png
-35.31415,22.505375,seed34982.png
-8.50489,-13.786818,seed34983.png
19.63259,19.690578,seed34984.png
2.5013983,-12.519688,seed34985.png
36.323643,26.194193,seed34986.png
32.298965,16.932,seed34987.png
-6.7971764,-13.8110075,seed34988.png
3.630965,-31.206877,seed34989.png
-14.602517,2.2804449,seed3499.png
3.4635074,-4.441989,seed34990.png
-22.869719,-21.91048,seed34991.png
-19.677168,-0.79244864,seed34992.png
13.715351,-39.818615,seed34993.png
3.4847457,-21.464901,seed34994.png
-26.84696,12.223053,seed34995.png
22.134302,9.853408,seed34996.png
-31.879301,-6.550594,seed34997.png
-30.04356,21.417204,seed34998.png
-33.065083,21.788305,seed34999.png
-13.224417,0.21565995,seed3500.png
-35.21891,19.921696,seed35000.png
31.56874,6.7264786,seed35001.png
12.615525,-6.975512,seed35002.png
11.718278,0.22339615,seed35003.png
-5.2271857,-11.089659,seed35004.png
5.5595856,9.593167,seed35005.png
-0.21541777,-16.458618,seed35006.png
12.421251,-29.24474,seed35007.png
-25.117966,-2.7711012,seed35008.png
6.8521523,7.9355783,seed35009.png
10.084777,-34.24117,seed3501.png
15.214235,-35.961708,seed35010.png
-13.723327,-14.293626,seed35011.png
15.076124,17.749931,seed35012.png
-31.49597,14.949508,seed35013.png
0.03414056,17.933899,seed35014.png
-10.08444,-18.116158,seed35015.png
18.947178,-9.170196,seed35016.png
-22.183657,18.315018,seed35017.png
28.23021,26.617228,seed35018.png
27.574163,13.5100155,seed35019.png
23.75318,1.4442714,seed3502.png
34.423714,26.139946,seed35020.png
-34.707375,21.550274,seed35021.png
11.435033,-29.467672,seed35022.png
-25.977304,-18.587294,seed35023.png
-11.227317,-6.309235,seed35024.png
10.323876,-38.44771,seed35025.png
-7.8488626,-19.269434,seed35026.png
15.329259,3.8256593,seed35027.png
-32.246338,11.806415,seed35028.png
8.067069,20.77284,seed35029.png
-17.06103,0.7312938,seed3503.png
-20.57067,4.7826433,seed35030.png
12.123114,-3.8447542,seed35031.png
24.370848,4.1033897,seed35032.png
-37.193573,3.1043124,seed35033.png
-19.564957,-26.79866,seed35034.png
15.125848,-2.6870544,seed35035.png
18.534912,0.5467746,seed35036.png
35.189114,21.097723,seed35037.png
4.99697,-6.92709,seed35038.png
-12.884189,-17.095673,seed35039.png
8.880681,28.794855,seed3504.png
22.725292,-3.1666563,seed35040.png
1.6801106,-3.873348,seed35041.png
12.90172,-27.035797,seed35042.png
-19.923138,-9.66864,seed35043.png
-16.439028,-5.696369,seed35044.png
7.8722343,-6.2283773,seed35045.png
-31.071795,-1.4234833,seed35046.png
20.431097,9.119987,seed35047.png
-32.16476,6.978267,seed35048.png
7.026413,5.1588526,seed35049.png
-20.215143,-3.2036104,seed3505.png
38.671886,22.422474,seed35050.png
-11.1635,-12.253887,seed35051.png
34.249752,22.954563,seed35052.png
33.360645,11.188299,seed35053.png
27.62418,4.69379,seed35054.png
17.216467,21.812084,seed35055.png
-17.621998,-24.349892,seed35056.png
-0.5753553,-10.660475,seed35057.png
21.33581,18.140102,seed35058.png
13.321158,27.476955,seed35059.png
20.006544,10.053299,seed3506.png
-0.9095173,22.516266,seed35060.png
22.773922,6.390273,seed35061.png
-31.20441,-14.310891,seed35062.png
-34.603912,19.048315,seed35063.png
11.590886,-36.58074,seed35064.png
39.0014,17.74743,seed35065.png
-29.089294,11.036835,seed35066.png
-24.140469,12.447533,seed35067.png
13.019376,-1.9636834,seed35068.png
-24.435652,-10.276281,seed35069.png
-20.210411,7.8589993,seed3507.png
29.66751,14.034208,seed35070.png
-19.832336,10.461794,seed35071.png
13.4531,14.316864,seed35072.png
-2.0960135,-18.24386,seed35073.png
-23.434351,-11.692519,seed35074.png
-12.579778,-23.576761,seed35075.png
27.854046,17.161087,seed35076.png
7.903493,19.955421,seed35077.png
-35.706223,12.158201,seed35078.png
-11.1128,-25.273539,seed35079.png
-19.55217,-20.847927,seed3508.png
-28.937618,12.59715,seed35080.png
34.47956,27.44415,seed35081.png
-32.967876,22.091225,seed35082.png
-18.492935,-6.0937505,seed35083.png
-16.359634,-7.153554,seed35084.png
-31.8395,10.963498,seed35085.png
11.482048,-23.224075,seed35086.png
6.5030365,-33.281994,seed35087.png
40.168175,20.755209,seed35088.png
8.312496,5.266495,seed35089.png
-17.637224,-29.478561,seed3509.png
-0.7722493,15.804415,seed35090.png
-22.286863,6.9889975,seed35091.png
6.6999803,-25.234026,seed35092.png
-14.895223,-12.908455,seed35093.png
-20.436533,0.7033929,seed35094.png
-19.393225,-18.477463,seed35095.png
-12.590636,-22.84551,seed35096.png
-31.837633,4.413226,seed35097.png
23.649075,16.82031,seed35098.png
1.1587424,-12.73219,seed35099.png
-29.213085,21.79984,seed3510.png
-1.1101108,-5.091383,seed35100.png
-18.062983,-28.150488,seed35101.png
-3.7972224,-13.411919,seed35102.png
-15.391301,-8.792829,seed35103.png
36.348248,24.292145,seed35104.png
29.193281,6.183509,seed35105.png
-17.759956,4.7333817,seed35106.png
35.8537,3.110826,seed35107.png
-20.658777,-25.59682,seed35108.png
11.458345,5.2217836,seed35109.png
-17.379526,-26.138481,seed3511.png
17.69082,-6.627731,seed35110.png
-23.751772,12.661055,seed35111.png
21.548758,-2.9176736,seed35112.png
9.624929,7.634624,seed35113.png
-31.675697,9.522612,seed35114.png
34.385876,21.070498,seed35115.png
-36.85221,24.484531,seed35116.png
-19.721476,-10.907504,seed35117.png
-24.294897,2.845695,seed35118.png
7.2646036,-12.260766,seed35119.png
-13.641598,2.2025597,seed3512.png
9.655944,-4.322453,seed35120.png
-16.937506,-20.320389,seed35121.png
9.463367,12.8548975,seed35122.png
5.519535,-26.430319,seed35123.png
36.056953,6.5957522,seed35124.png
14.959959,-0.5052827,seed35125.png
16.862156,18.24408,seed35126.png
40.721172,24.601906,seed35127.png
26.881596,4.429538,seed35128.png
15.172539,22.497555,seed35129.png
-24.908787,12.007031,seed3513.png
-31.350609,-10.466459,seed35130.png
9.709667,10.340411,seed35131.png
17.641874,6.4680324,seed35132.png
30.062859,4.437823,seed35133.png
15.688463,-31.551172,seed35134.png
-4.63051,17.760756,seed35135.png
6.3999066,-28.559607,seed35136.png
19.104055,-7.2157116,seed35137.png
4.9541125,3.9099228,seed35138.png
-1.8640943,-18.599796,seed35139.png
30.299902,14.952613,seed3514.png
35.37148,15.343111,seed35140.png
10.553737,-36.772842,seed35141.png
19.278471,-9.495835,seed35142.png
-34.29418,13.046252,seed35143.png
23.176723,18.191067,seed35144.png
25.109224,11.927599,seed35145.png
18.678478,-0.59504354,seed35146.png
22.877375,21.686743,seed35147.png
10.259502,-0.51932436,seed35148.png
6.1026344,7.521926,seed35149.png
-14.05082,-28.629097,seed3515.png
-13.373003,-11.633792,seed35150.png
6.0227304,-9.266263,seed35151.png
18.185976,-0.7108747,seed35152.png
27.159536,-1.9520644,seed35153.png
-21.310158,-17.15118,seed35154.png
12.828031,-37.91968,seed35155.png
8.019677,-1.9079977,seed35156.png
-24.152931,15.270206,seed35157.png
-23.94586,-9.07793,seed35158.png
1.2440163,19.175566,seed35159.png
-32.480885,23.393772,seed3516.png
-9.573263,-16.043896,seed35160.png
-11.806158,-23.258968,seed35161.png
7.6219296,-35.194336,seed35162.png
-39.4239,21.667707,seed35163.png
-38.109467,9.434212,seed35164.png
-18.66834,-3.6782713,seed35165.png
-12.399086,2.098508,seed35166.png
33.121426,23.541283,seed35167.png
20.341003,-2.0090957,seed35168.png
14.738729,28.92057,seed35169.png
-13.499304,-18.493013,seed3517.png
-16.105032,-12.536622,seed35170.png
8.464867,-6.693167,seed35171.png
30.885174,10.573718,seed35172.png
36.826096,20.151344,seed35173.png
30.26907,13.859316,seed35174.png
20.57351,-8.153187,seed35175.png
-29.111362,14.362049,seed35176.png
-17.355963,-18.467531,seed35177.png
41.52132,22.176765,seed35178.png
7.9598856,-29.19805,seed35179.png
19.855608,24.12417,seed3518.png
-1.3768526,16.454332,seed35180.png
-11.930641,-26.877724,seed35181.png
-10.193355,-0.47289225,seed35182.png
9.415206,-24.1431,seed35183.png
40.524704,21.575087,seed35184.png
19.288223,-0.74183923,seed35185.png
10.110937,22.631952,seed35186.png
-33.579174,20.363094,seed35187.png
-7.1646466,-13.457582,seed35188.png
-13.471644,2.6331544,seed35189.png
14.830602,23.440268,seed3519.png
32.518467,11.655238,seed35190.png
12.211213,4.811656,seed35191.png
-16.388401,-30.79575,seed35192.png
-25.752905,-11.013949,seed35193.png
38.923393,23.408512,seed35194.png
-10.401844,-12.922787,seed35195.png
-19.441841,-2.8158565,seed35196.png
-7.019468,-11.900432,seed35197.png
36.023743,15.283032,seed35198.png
36.143745,26.215267,seed35199.png
-27.724676,11.529347,seed3520.png
35.959087,21.567083,seed35200.png
12.867433,7.9104967,seed35201.png
24.655704,4.9311466,seed35202.png
-15.917243,-15.948573,seed35203.png
6.5972323,22.995169,seed35204.png
-20.48751,10.9492855,seed35205.png
-12.103984,-12.164935,seed35206.png
-9.467973,-25.254543,seed35207.png
-27.23278,8.068624,seed35208.png
-24.007166,8.4285145,seed35209.png
-12.945179,-3.9152174,seed3521.png
19.327093,19.886166,seed35210.png
35.32849,10.239228,seed35211.png
14.099322,8.583508,seed35212.png
18.105879,-5.756641,seed35213.png
-27.381727,10.455812,seed35214.png
9.752948,2.1610918,seed35215.png
8.007152,-27.410072,seed35216.png
27.13529,17.876644,seed35217.png
33.69019,4.2659793,seed35218.png
-26.060762,-0.0879207,seed35219.png
-12.763019,-27.604948,seed3522.png
31.47332,19.502222,seed35220.png
-10.9193125,-10.963369,seed35221.png
-34.01714,26.528286,seed35222.png
38.591873,13.566153,seed35223.png
26.390545,5.2245927,seed35224.png
31.252968,7.175303,seed35225.png
9.165111,-4.2611623,seed35226.png
39.48962,15.916843,seed35227.png
-34.97896,9.056386,seed35228.png
22.213184,-8.352974,seed35229.png
-1.3298075,22.271439,seed3523.png
14.008113,-9.697323,seed35230.png
4.4783955,9.420169,seed35231.png
10.692159,-25.570486,seed35232.png
12.458459,19.926455,seed35233.png
23.606241,14.116312,seed35234.png
34.81365,20.672346,seed35235.png
31.799767,16.02757,seed35236.png
35.36369,19.87692,seed35237.png
21.289698,9.930087,seed35238.png
33.909336,14.866474,seed35239.png
-31.700895,25.250734,seed3524.png
-11.09073,-9.662934,seed35240.png
11.105836,-0.9126072,seed35241.png
-17.397549,3.6485434,seed35242.png
3.268358,-30.463463,seed35243.png
-18.741291,-19.151707,seed35244.png
23.345768,14.881425,seed35245.png
-4.5294685,-7.4179015,seed35246.png
31.215128,11.277947,seed35247.png
-23.002779,6.7902756,seed35248.png
22.763237,18.67183,seed35249.png
13.778707,-2.0015898,seed3525.png
-10.514258,-26.302732,seed35250.png
-26.859573,18.064875,seed35251.png
25.758947,20.676804,seed35252.png
-22.841131,-14.573335,seed35253.png
-29.39726,-8.339108,seed35254.png
24.87977,8.035495,seed35255.png
-19.337631,8.224091,seed35256.png
13.537602,16.4295,seed35257.png
-30.364775,7.3405104,seed35258.png
-20.158312,-20.49959,seed35259.png
-14.492236,-28.835617,seed3526.png
-33.418106,7.103527,seed35260.png
-32.67285,21.799988,seed35261.png
-11.391233,-10.347647,seed35262.png
34.386868,3.0241888,seed35263.png
13.271956,7.806701,seed35264.png
-29.675377,-1.5277772,seed35265.png
-9.964516,-23.98384,seed35266.png
26.610804,6.440186,seed35267.png
-27.350664,-8.954335,seed35268.png
-33.323174,1.816704,seed35269.png
-14.546527,-16.012877,seed3527.png
-26.82131,-9.357944,seed35270.png
-4.3807607,-22.062294,seed35271.png
-33.662674,21.61035,seed35272.png
14.250103,25.713581,seed35273.png
-2.9365046,-16.215641,seed35274.png
-14.921952,-29.045565,seed35275.png
-1.9218279,11.254304,seed35276.png
-17.055635,-28.07108,seed35277.png
-17.449028,-18.469107,seed35278.png
22.81186,23.899853,seed35279.png
24.38165,26.939554,seed3528.png
-32.55669,22.238972,seed35280.png
-19.668829,7.364095,seed35281.png
-16.807552,-18.08019,seed35282.png
6.3074727,17.08055,seed35283.png
10.581257,-35.78611,seed35284.png
12.397046,10.835396,seed35285.png
-26.364094,-9.013189,seed35286.png
16.76279,12.806911,seed35287.png
29.870132,7.088804,seed35288.png
15.073106,-36.30265,seed35289.png
9.017422,15.69877,seed3529.png
25.110756,11.094646,seed35290.png
-0.8020505,24.349554,seed35291.png
-24.86149,5.1289406,seed35292.png
3.2430964,9.713711,seed35293.png
-16.557623,-21.064009,seed35294.png
-26.379025,16.18739,seed35295.png
-33.831783,17.92893,seed35296.png
-16.355532,-10.279464,seed35297.png
-19.864231,6.443474,seed35298.png
-13.548421,-18.133322,seed35299.png
11.846999,-30.431068,seed3530.png
7.227738,19.784948,seed35300.png
-9.444902,-22.375433,seed35301.png
-33.981247,-1.5484976,seed35302.png
-0.6160292,18.80361,seed35303.png
-26.312443,-1.3128811,seed35304.png
-19.332224,3.0027125,seed35305.png
7.9170856,-35.238853,seed35306.png
-16.175018,-16.655737,seed35307.png
14.837147,-32.15998,seed35308.png
-5.5555515,2.6829135,seed35309.png
-28.127642,16.322535,seed3531.png
15.281638,-1.5614096,seed35310.png
3.8082283,12.767843,seed35311.png
-16.438246,-3.9804437,seed35312.png
14.940568,7.8085556,seed35313.png
3.2191334,-29.367842,seed35314.png
30.560343,13.914154,seed35315.png
-13.233323,-30.557234,seed35316.png
-14.837856,-14.124878,seed35317.png
-6.087583,-15.481509,seed35318.png
31.580128,2.234494,seed35319.png
14.839197,27.941347,seed3532.png
20.976917,24.930122,seed35320.png
14.310401,-34.10777,seed35321.png
-13.192513,4.887665,seed35322.png
-15.861596,-7.554547,seed35323.png
-0.7175192,-15.890401,seed35324.png
-37.406025,20.127398,seed35325.png
-21.961815,-24.318922,seed35326.png
-34.042515,23.830046,seed35327.png
-32.317886,19.541739,seed35328.png
7.3806453,7.124036,seed35329.png
-8.3701315,8.895097,seed3533.png
12.265635,-24.445217,seed35330.png
-25.577965,-20.982412,seed35331.png
19.791939,3.8674493,seed35332.png
31.458822,28.575613,seed35333.png
17.26282,12.210062,seed35334.png
32.091244,21.028057,seed35335.png
32.39353,23.447378,seed35336.png
-16.083908,-21.04894,seed35337.png
-31.120922,16.908491,seed35338.png
-26.74269,-16.996971,seed35339.png
16.845455,-35.363846,seed3534.png
17.45891,3.8213325,seed35340.png
-29.377645,18.911161,seed35341.png
15.538834,21.454807,seed35342.png
-10.704396,0.5606495,seed35343.png
3.1348283,-8.327813,seed35344.png
-20.776764,8.691881,seed35345.png
4.121208,9.054114,seed35346.png
-7.497996,2.9780123,seed35347.png
10.614255,0.7061438,seed35348.png
12.013446,-27.853674,seed35349.png
1.5513564,13.293626,seed3535.png
9.684373,-34.541214,seed35350.png
-23.217106,-10.77498,seed35351.png
-10.849368,-1.1907831,seed35352.png
-16.197596,12.147828,seed35353.png
-14.841714,10.024423,seed35354.png
24.234915,27.684633,seed35355.png
-1.6062258,25.024324,seed35356.png
-11.70152,-28.580706,seed35357.png
-13.765743,-3.1350439,seed35358.png
-20.465128,4.9670906,seed35359.png
-25.147923,-0.22333133,seed3536.png
30.64255,20.076597,seed35360.png
18.756199,-8.82673,seed35361.png
-10.963615,-25.624664,seed35362.png
11.68227,-32.493046,seed35363.png
-8.645805,-3.4444,seed35364.png
-18.009281,-21.549131,seed35365.png
-36.408215,10.9239,seed35366.png
19.032778,26.20408,seed35367.png
7.225191,6.458759,seed35368.png
-27.795486,-12.267021,seed35369.png
33.455933,15.79307,seed3537.png
18.874306,-7.7464724,seed35370.png
17.8641,24.694681,seed35371.png
40.501446,19.29226,seed35372.png
12.069718,-40.3977,seed35373.png
-14.610664,-20.645708,seed35374.png
-15.01563,-23.622545,seed35375.png
22.3747,10.3604,seed35376.png
19.46614,13.487506,seed35377.png
8.570982,-41.772118,seed35378.png
-10.864508,-0.09892181,seed35379.png
10.626724,-26.215837,seed3538.png
13.784395,-32.6424,seed35380.png
13.797104,26.320665,seed35381.png
-31.619123,15.826517,seed35382.png
-21.432875,-21.071032,seed35383.png
-17.801838,-29.402176,seed35384.png
19.226522,15.740516,seed35385.png
37.391327,15.794654,seed35386.png
30.113747,7.309335,seed35387.png
32.067432,3.5601826,seed35388.png
2.7270126,17.301434,seed35389.png
-15.45259,-30.41684,seed3539.png
-20.54895,16.392067,seed35390.png
24.87541,23.791777,seed35391.png
9.191076,17.210817,seed35392.png
16.473011,-5.388695,seed35393.png
-26.234808,-6.9117517,seed35394.png
-10.083733,-2.1639855,seed35395.png
-34.029602,15.87887,seed35396.png
15.38753,-5.156453,seed35397.png
-7.330699,-22.452845,seed35398.png
1.0373625,23.337246,seed35399.png
-36.81372,11.444784,seed3540.png
32.113873,11.596545,seed35400.png
22.882788,11.749133,seed35401.png
15.835183,-7.2399945,seed35402.png
-27.897429,4.340859,seed35403.png
33.66931,9.938068,seed35404.png
37.320442,23.339773,seed35405.png
-7.9889164,-16.867252,seed35406.png
-21.498978,1.6126051,seed35407.png
-16.578142,4.270911,seed35408.png
25.496456,17.675259,seed35409.png
9.5861,-5.274557,seed3541.png
-18.236038,-30.705992,seed35410.png
-20.6716,7.6595407,seed35411.png
-16.241999,-21.750235,seed35412.png
-27.382196,-9.889154,seed35413.png
16.009226,-0.24168314,seed35414.png
11.356127,8.900559,seed35415.png
-11.237718,-22.164648,seed35416.png
-22.650528,-0.6659341,seed35417.png
-21.715736,-23.966875,seed35418.png
14.194768,-9.366668,seed35419.png
3.9982755,-24.90668,seed3542.png
-31.778044,23.213017,seed35420.png
29.88206,2.5242176,seed35421.png
35.33908,5.9343505,seed35422.png
-16.836143,-4.164132,seed35423.png
-14.246539,-11.111738,seed35424.png
31.529701,28.232353,seed35425.png
-37.40496,11.316734,seed35426.png
-11.5038395,-22.051981,seed35427.png
-6.0968122,-14.024862,seed35428.png
32.738594,16.21547,seed35429.png
-9.079845,-13.041652,seed3543.png
10.329757,7.219056,seed35430.png
2.4805121,20.139227,seed35431.png
0.35233596,-25.981068,seed35432.png
6.6216917,-23.969181,seed35433.png
13.22477,-41.631824,seed35434.png
-19.75143,1.8606228,seed35435.png
34.586906,25.276794,seed35436.png
-24.180542,14.122956,seed35437.png
-17.903296,-22.682688,seed35438.png
18.217142,1.3919591,seed35439.png
-27.306326,0.48141986,seed3544.png
-26.395472,2.554925,seed35440.png
39.093792,10.667991,seed35441.png
8.391955,-24.150581,seed35442.png
31.31969,5.894317,seed35443.png
31.408606,7.544294,seed35444.png
24.63817,17.219349,seed35445.png
-23.53676,-15.894554,seed35446.png
-22.963896,10.600473,seed35447.png
-15.873739,-15.294392,seed35448.png
-24.828367,6.0442133,seed35449.png
29.404913,-0.14745736,seed3545.png
-18.993395,-15.5575075,seed35450.png
-18.636337,-2.3278785,seed35451.png
36.983707,17.51292,seed35452.png
-5.8258195,-18.563412,seed35453.png
8.102552,-40.298946,seed35454.png
-30.420301,-5.4049234,seed35455.png
9.784133,13.424157,seed35456.png
37.917576,14.0099125,seed35457.png
-8.452427,-0.057378426,seed35458.png
-19.474613,-20.869455,seed35459.png
8.720635,-30.775667,seed3546.png
3.7128568,15.447323,seed35460.png
-18.000923,-22.038773,seed35461.png
-28.173346,18.67674,seed35462.png
28.221354,0.30504575,seed35463.png
9.917403,-36.395523,seed35464.png
-35.159122,13.9700365,seed35465.png
-34.569786,12.3632555,seed35466.png
-28.979313,-2.1869423,seed35467.png
4.5495396,11.616392,seed35468.png
3.3229613,-0.9821534,seed35469.png
-16.99567,-4.2964554,seed3547.png
-27.021477,-0.4896892,seed35470.png
40.065014,13.824879,seed35471.png
-16.311596,-31.352606,seed35472.png
5.8047514,-6.206613,seed35473.png
-28.507095,-0.83948225,seed35474.png
6.033347,-5.329416,seed35475.png
-19.181435,-15.266551,seed35476.png
-0.04759979,-9.709898,seed35477.png
-1.0913007,18.953682,seed35478.png
-6.7726097,-7.512369,seed35479.png
-14.850103,-19.16564,seed3548.png
12.213021,-41.37141,seed35480.png
-36.477818,9.964268,seed35481.png
-17.209291,6.6405525,seed35482.png
25.858715,14.897228,seed35483.png
13.763409,-39.1645,seed35484.png
-27.432386,2.7856426,seed35485.png
-5.5613074,-14.062835,seed35486.png
4.910048,14.682433,seed35487.png
14.094339,14.018843,seed35488.png
-5.969543,-23.869322,seed35489.png
13.131453,-0.77018005,seed3549.png
-14.931329,-14.193427,seed35490.png
2.5195239,20.378746,seed35491.png
36.71246,23.821957,seed35492.png
-26.960459,-14.980109,seed35493.png
13.373456,-3.441115,seed35494.png
-3.2340403,5.077985,seed35495.png
-16.473923,-31.905466,seed35496.png
-14.5437355,1.4423667,seed35497.png
6.6230626,23.43272,seed35498.png
-29.711508,-2.6443508,seed35499.png
34.606174,0.65487665,seed3550.png
-2.207234,-4.531449,seed35500.png
21.892862,10.7495775,seed35501.png
12.473131,27.367826,seed35502.png
37.52594,8.147024,seed35503.png
22.610712,6.7793417,seed35504.png
14.042074,23.81852,seed35505.png
-32.490726,15.002145,seed35506.png
-27.02466,10.836273,seed35507.png
5.126567,21.675745,seed35508.png
22.381683,16.844389,seed35509.png
-20.083168,-19.926903,seed3551.png
-17.768333,-20.363195,seed35510.png
22.370005,-4.970164,seed35511.png
5.2276807,-4.919481,seed35512.png
12.928078,6.1424394,seed35513.png
38.788315,19.4466,seed35514.png
5.592068,12.020648,seed35515.png
8.847552,-39.216972,seed35516.png
-10.133496,-12.064059,seed35517.png
-20.179556,1.9150195,seed35518.png
2.256486,-0.034764882,seed35519.png
-20.741743,-4.6290193,seed3552.png
9.612742,11.787002,seed35520.png
-11.06757,-20.511013,seed35521.png
14.722388,-11.841957,seed35522.png
23.172026,20.879528,seed35523.png
6.4803257,23.67737,seed35524.png
-9.063974,-12.003101,seed35525.png
4.7714934,21.619122,seed35526.png
11.5248,-2.2884588,seed35527.png
-23.658365,10.412202,seed35528.png
29.284683,14.79715,seed35529.png
-14.094154,-18.837751,seed3553.png
-2.4463003,12.781415,seed35530.png
18.106234,5.9680924,seed35531.png
-27.334675,-16.987337,seed35532.png
32.88585,2.6964784,seed35533.png
-0.8883229,-13.976037,seed35534.png
-18.676294,-24.221693,seed35535.png
-25.10934,-2.6822608,seed35536.png
8.992667,29.772322,seed35537.png
-18.42055,-14.045749,seed35538.png
25.010311,8.084518,seed35539.png
-25.2113,-4.4429784,seed3554.png
35.330353,19.528677,seed35540.png
-2.3564074,-15.779541,seed35541.png
22.70245,14.553746,seed35542.png
-20.16964,-20.36763,seed35543.png
-23.354807,9.167682,seed35544.png
16.082573,0.43657878,seed35545.png
29.247118,4.64719,seed35546.png
-20.228498,-16.321098,seed35547.png
19.197529,10.327364,seed35548.png
38.623425,22.062729,seed35549.png
-25.466661,-1.2132766,seed3555.png
-5.7602563,-23.839556,seed35550.png
-35.310364,4.5032487,seed35551.png
-24.327877,-19.99235,seed35552.png
16.631939,-36.681244,seed35553.png
3.817764,18.847424,seed35554.png
11.524428,23.553286,seed35555.png
15.29931,-36.516872,seed35556.png
-10.089358,-3.189539,seed35557.png
-16.719992,-29.343391,seed35558.png
-28.5582,1.0751984,seed35559.png
-32.041943,21.243752,seed3556.png
2.0965726,5.5387926,seed35560.png
16.829142,-9.008198,seed35561.png
0.21919201,20.166924,seed35562.png
-7.5268035,1.2757809,seed35563.png
18.83983,-2.7851794,seed35564.png
-29.537952,-8.048014,seed35565.png
18.683376,2.5908813,seed35566.png
-2.1311367,-17.46161,seed35567.png
-18.94492,-1.7766612,seed35568.png
26.857487,-2.3448198,seed35569.png
-2.2209508,-12.389906,seed3557.png
17.21498,1.592826,seed35570.png
-20.544802,9.761303,seed35571.png
-22.14101,6.4274273,seed35572.png
1.4121128,6.2095485,seed35573.png
-12.307692,9.254573,seed35574.png
-12.062629,-4.623679,seed35575.png
17.525057,0.6718738,seed35576.png
-11.679602,-6.870125,seed35577.png
22.636642,10.278626,seed35578.png
-24.747927,3.69473,seed35579.png
-27.003706,8.894902,seed3558.png
-1.8605378,13.7718725,seed35580.png
11.002872,-0.9634287,seed35581.png
-13.062384,-30.508715,seed35582.png
21.896275,-2.9402637,seed35583.png
-21.405409,-22.913141,seed35584.png
21.55129,2.630661,seed35585.png
7.022513,13.541176,seed35586.png
-15.780671,4.2323318,seed35587.png
17.342457,20.894543,seed35588.png
-16.964344,-7.6229672,seed35589.png
-3.512302,-14.034422,seed3559.png
-11.6786,-6.657609,seed35590.png
-31.36377,-12.746042,seed35591.png
-16.769058,-7.2284665,seed35592.png
6.2029037,-37.223988,seed35593.png
-22.166084,-4.908998,seed35594.png
-26.801205,20.398346,seed35595.png
-1.9621104,-15.38381,seed35596.png
-7.6514783,-22.743784,seed35597.png
37.762844,9.0321455,seed35598.png
-10.626811,-7.049943,seed35599.png
-6.0219803,-14.2971115,seed3560.png
-28.814816,-5.9892445,seed35600.png
-25.450583,1.3590068,seed35601.png
19.297617,3.489164,seed35602.png
12.538993,-24.923927,seed35603.png
10.802024,10.17816,seed35604.png
-20.37741,-14.770884,seed35605.png
23.609917,3.0350404,seed35606.png
5.541945,1.7602211,seed35607.png
-23.471626,-25.606552,seed35608.png
-23.376755,-3.3096712,seed35609.png
35.105724,24.770824,seed3561.png
-23.583338,-8.720454,seed35610.png
-13.628655,-16.957237,seed35611.png
37.596806,13.222514,seed35612.png
-21.963781,-28.803461,seed35613.png
-30.689766,16.612774,seed35614.png
-26.743645,7.3406134,seed35615.png
-37.30454,16.147352,seed35616.png
4.4947453,15.09323,seed35617.png
-20.430313,-18.505987,seed35618.png
-15.95918,-16.827402,seed35619.png
22.377348,15.756111,seed3562.png
7.444241,-1.3432838,seed35620.png
3.499002,7.1030946,seed35621.png
-18.913973,5.783498,seed35622.png
10.281247,5.0372796,seed35623.png
-27.538618,9.021553,seed35624.png
-11.577507,2.350001,seed35625.png
-16.978098,-2.6576688,seed35626.png
10.33572,-5.5426474,seed35627.png
37.890377,20.188656,seed35628.png
16.762161,15.447609,seed35629.png
-30.68967,17.623955,seed3563.png
-30.571325,3.383795,seed35630.png
11.179157,-25.755884,seed35631.png
-3.2698328,-3.092223,seed35632.png
-26.445045,10.722617,seed35633.png
26.837778,5.5395236,seed35634.png
9.783594,23.50237,seed35635.png
-9.813559,-17.455442,seed35636.png
29.262459,25.070293,seed35637.png
12.809939,24.02853,seed35638.png
36.154343,22.606356,seed35639.png
-4.0725164,-13.249811,seed3564.png
13.57255,23.133902,seed35640.png
30.945274,3.8731077,seed35641.png
14.35458,-31.661829,seed35642.png
-17.10914,-18.533812,seed35643.png
4.58267,12.332366,seed35644.png
17.31447,10.022293,seed35645.png
6.5010476,-4.934807,seed35646.png
-17.90861,-5.9274516,seed35647.png
6.93593,-31.142126,seed35648.png
-21.337513,-15.458967,seed35649.png
-30.438126,6.915748,seed3565.png
7.031548,19.571764,seed35650.png
26.01563,19.246353,seed35651.png
33.04237,18.931553,seed35652.png
-31.697714,19.457176,seed35653.png
26.320501,12.64573,seed35654.png
28.539822,6.533425,seed35655.png
-21.556885,-20.352245,seed35656.png
10.988201,17.576313,seed35657.png
11.348712,14.249262,seed35658.png
17.380663,14.166232,seed35659.png
-28.3705,21.047916,seed3566.png
37.831455,24.439146,seed35660.png
-3.2244103,-16.817385,seed35661.png
17.20876,23.027958,seed35662.png
26.495594,1.4315959,seed35663.png
-11.852173,-21.146387,seed35664.png
-3.9356108,-11.414577,seed35665.png
1.3842392,-28.194082,seed35666.png
15.214318,11.89434,seed35667.png
-17.904266,-23.557108,seed35668.png
22.721584,11.581245,seed35669.png
-27.727629,-9.502829,seed3567.png
-19.077326,-20.264244,seed35670.png
33.142467,6.291308,seed35671.png
32.71578,9.608593,seed35672.png
32.316387,23.22371,seed35673.png
9.312045,8.384749,seed35674.png
-22.815016,-7.3623548,seed35675.png
15.343094,-1.3551279,seed35676.png
-13.745252,-23.936092,seed35677.png
-11.893681,-22.754707,seed35678.png
9.129747,12.320903,seed35679.png
-2.2936602,24.08291,seed3568.png
25.721123,-5.5480375,seed35680.png
33.158806,6.382993,seed35681.png
25.778257,19.18923,seed35682.png
9.442844,-21.94283,seed35683.png
14.993055,20.24704,seed35684.png
20.32711,21.898298,seed35685.png
33.828426,11.851818,seed35686.png
37.665916,17.280893,seed35687.png
11.697567,-6.2555904,seed35688.png
7.8000326,-27.982368,seed35689.png
28.739202,10.672338,seed3569.png
21.213625,5.0644846,seed35690.png
-23.730194,13.614471,seed35691.png
-19.873789,8.411699,seed35692.png
14.000311,8.7924185,seed35693.png
-32.133923,7.683975,seed35694.png
18.071257,-8.443625,seed35695.png
24.500149,22.905937,seed35696.png
22.97638,14.745405,seed35697.png
-29.162123,7.2690306,seed35698.png
-3.3006399,14.525488,seed35699.png
12.034759,-2.092132,seed3570.png
38.34684,16.015789,seed35700.png
-20.187626,-27.347195,seed35701.png
-37.098232,-0.35978168,seed35702.png
-32.28243,-8.36108,seed35703.png
25.458344,-3.6211476,seed35704.png
-23.434744,20.74023,seed35705.png
-25.62518,3.3145993,seed35706.png
11.884311,29.080084,seed35707.png
23.241745,4.415508,seed35708.png
-14.364149,-16.36206,seed35709.png
-9.832973,7.1463513,seed3571.png
-31.75157,14.467486,seed35710.png
-33.471878,19.820177,seed35711.png
22.535221,-6.2444386,seed35712.png
16.550785,17.819744,seed35713.png
-33.504642,24.782677,seed35714.png
-11.638202,-13.92834,seed35715.png
-31.622465,-9.860897,seed35716.png
-20.078455,-14.707519,seed35717.png
-18.13865,-21.208931,seed35718.png
15.622294,-36.724823,seed35719.png
-28.035185,-14.160345,seed3572.png
26.030025,7.89856,seed35720.png
-4.545301,-22.16712,seed35721.png
14.660409,16.476984,seed35722.png
-21.8058,-19.539145,seed35723.png
-24.036049,6.003406,seed35724.png
10.923103,-42.89026,seed35725.png
30.041788,28.869385,seed35726.png
-25.415176,-20.48819,seed35727.png
18.195528,25.501188,seed35728.png
2.400366,10.571542,seed35729.png
-20.035275,-12.057876,seed3573.png
-19.29455,-16.183685,seed35730.png
-29.094862,-10.423047,seed35731.png
12.240399,-36.65908,seed35732.png
-9.627818,-17.97848,seed35733.png
34.139843,16.728456,seed35734.png
-13.027874,-19.879173,seed35735.png
6.210005,-31.171944,seed35736.png
-31.755623,24.857828,seed35737.png
-29.996796,8.654384,seed35738.png
-25.536419,-20.639893,seed35739.png
-33.09471,23.199541,seed3574.png
-33.287724,19.340818,seed35740.png
-19.339777,1.4896145,seed35741.png
0.4438825,25.179495,seed35742.png
-28.481838,11.768839,seed35743.png
-19.994064,-22.552364,seed35744.png
-7.1665025,-5.123082,seed35745.png
-23.17485,8.687486,seed35746.png
4.282924,23.159683,seed35747.png
-11.868712,-20.226892,seed35748.png
-30.204723,-13.557234,seed35749.png
-3.7536423,4.665652,seed3575.png
30.528868,1.010078,seed35750.png
-18.641792,3.8895197,seed35751.png
-0.41036287,-15.349853,seed35752.png
39.921066,15.725592,seed35753.png
-22.878855,-24.601658,seed35754.png
6.8403563,-26.649786,seed35755.png
35.16233,10.513732,seed35756.png
12.183558,-42.048412,seed35757.png
-8.677783,-18.81261,seed35758.png
-19.51378,-3.8798316,seed35759.png
20.934462,21.976555,seed3576.png
32.658268,5.9127793,seed35760.png
5.1220946,-35.350937,seed35761.png
31.77001,6.5120845,seed35762.png
-4.721029,3.1216383,seed35763.png
1.5784119,20.218716,seed35764.png
13.558819,-31.400608,seed35765.png
39.06701,15.428213,seed35766.png
-15.962492,-10.70664,seed35767.png
37.168552,21.118135,seed35768.png
-15.538444,-20.568823,seed35769.png
24.208101,2.7948103,seed3577.png
7.144284,-35.316692,seed35770.png
2.7138505,3.1513147,seed35771.png
14.496221,14.796042,seed35772.png
4.024617,-2.7629173,seed35773.png
33.078022,18.38571,seed35774.png
29.72498,19.071627,seed35775.png
8.040394,18.023006,seed35776.png
10.330868,-41.984013,seed35777.png
-1.1920128,5.1796374,seed35778.png
-22.20714,-8.588364,seed35779.png
13.049051,-25.123138,seed3578.png
-21.349483,20.107433,seed35780.png
31.005226,7.486638,seed35781.png
-18.147612,-9.748958,seed35782.png
19.318365,14.611672,seed35783.png
-23.655428,-22.82117,seed35784.png
14.802483,-31.632576,seed35785.png
-6.501051,-0.87566143,seed35786.png
-8.998143,-11.220672,seed35787.png
17.743507,2.7935374,seed35788.png
-20.272173,-14.306037,seed35789.png
-20.130526,-1.1644521,seed3579.png
-21.313452,-7.6534777,seed35790.png
40.273254,17.20787,seed35791.png
7.778803,-25.944643,seed35792.png
-32.863316,24.112486,seed35793.png
4.3576365,-31.396034,seed35794.png
-28.092443,7.130562,seed35795.png
-21.049976,-22.73764,seed35796.png
35.963165,9.88639,seed35797.png
-14.736346,-6.1268163,seed35798.png
-31.459923,23.086468,seed35799.png
21.304714,16.955286,seed3580.png
-6.0363765,-15.313828,seed35800.png
-19.918379,5.9174223,seed35801.png
30.065077,16.725157,seed35802.png
-16.738756,-29.08024,seed35803.png
-4.620413,-13.640818,seed35804.png
-31.166592,9.798948,seed35805.png
32.573544,8.606087,seed35806.png
-23.645103,4.593541,seed35807.png
8.691921,-39.28156,seed35808.png
16.168198,-2.093626,seed35809.png
-3.8582637,-16.188,seed3581.png
7.9256754,12.887045,seed35810.png
34.141,20.265467,seed35811.png
15.140506,-4.277584,seed35812.png
14.396153,24.353516,seed35813.png
-26.658756,11.597192,seed35814.png
15.238146,23.338202,seed35815.png
0.67793983,-1.745665,seed35816.png
-24.31787,2.8240087,seed35817.png
21.017193,23.822872,seed35818.png
12.592044,1.6899697,seed35819.png
-23.061756,3.965854,seed3582.png
29.877007,20.442833,seed35820.png
8.758068,-5.8780103,seed35821.png
32.96639,8.58843,seed35822.png
6.639145,6.4615326,seed35823.png
17.309202,15.742459,seed35824.png
18.973005,19.979498,seed35825.png
10.231544,-32.052765,seed35826.png
-14.812174,5.1941905,seed35827.png
-14.715362,-20.71257,seed35828.png
4.5200167,5.6153507,seed35829.png
10.661243,-32.2134,seed3583.png
31.670235,13.070135,seed35830.png
25.792488,6.694462,seed35831.png
-12.080837,-8.995763,seed35832.png
25.68662,23.590714,seed35833.png
-20.93008,-6.3313165,seed35834.png
-21.337702,9.0688715,seed35835.png
14.356613,-0.6737533,seed35836.png
-11.710749,-30.536636,seed35837.png
-24.64516,16.562643,seed35838.png
-7.850739,-14.168792,seed35839.png
-5.899657,-2.316584,seed3584.png
25.665306,11.664184,seed35840.png
26.483812,17.148645,seed35841.png
6.544392,-11.526711,seed35842.png
-15.829039,-4.383271,seed35843.png
18.5147,20.716808,seed35844.png
-0.45292878,-13.417152,seed35845.png
30.261433,4.016252,seed35846.png
2.1113563,-29.819422,seed35847.png
22.477455,24.668547,seed35848.png
-6.7866445,-0.23786215,seed35849.png
-20.83036,13.57715,seed3585.png
-35.95498,-5.063539,seed35850.png
-3.1140797,-17.362848,seed35851.png
-33.58041,22.568556,seed35852.png
-8.544188,-24.892527,seed35853.png
17.944542,8.9793415,seed35854.png
-14.579337,-18.242235,seed35855.png
12.310107,10.364709,seed35856.png
8.68342,17.198635,seed35857.png
30.124489,17.436945,seed35858.png
-16.27638,-10.700788,seed35859.png
-7.8988934,-2.8713043,seed3586.png
-25.777517,-3.0667717,seed35860.png
22.915773,16.920256,seed35861.png
-0.32198206,7.213861,seed35862.png
25.390131,16.186275,seed35863.png
2.7848275,11.360201,seed35864.png
23.722345,2.5497878,seed35865.png
-11.176848,4.05318,seed35866.png
18.829882,21.999073,seed35867.png
-16.839975,-17.972633,seed35868.png
1.8468101,24.751568,seed35869.png
5.0734377,5.799951,seed3587.png
36.602543,7.1857686,seed35870.png
19.795298,15.910026,seed35871.png
13.119277,-32.573666,seed35872.png
39.773724,21.579226,seed35873.png
-19.509724,8.849937,seed35874.png
15.221967,17.794514,seed35875.png
-14.49785,-21.68342,seed35876.png
34.226196,19.2826,seed35877.png
19.560616,-8.051445,seed35878.png
5.211831,-27.065247,seed35879.png
6.609182,-1.5444094,seed3588.png
-33.7076,6.8317633,seed35880.png
13.836099,-9.827128,seed35881.png
18.181429,22.400217,seed35882.png
-25.118505,15.603016,seed35883.png
-16.346207,-11.064163,seed35884.png
3.6296828,15.229222,seed35885.png
21.432339,-1.2677267,seed35886.png
-19.48306,-21.711336,seed35887.png
21.377766,1.3284543,seed35888.png
37.10879,6.979913,seed35889.png
5.184957,0.16955021,seed3589.png
-3.3424842,0.58390903,seed35890.png
-19.026428,-7.440936,seed35891.png
-13.053416,-29.101025,seed35892.png
16.975468,-33.899857,seed35893.png
-31.504774,-10.194472,seed35894.png
23.714617,16.678095,seed35895.png
-26.467255,-2.7777479,seed35896.png
7.583891,-40.898266,seed35897.png
6.673062,-3.655898,seed35898.png
-38.60924,18.999676,seed35899.png
-16.395449,-17.641346,seed3590.png
4.8403378,-7.1876664,seed35900.png
11.141532,13.7448225,seed35901.png
30.54982,22.649637,seed35902.png
10.42956,-30.46663,seed35903.png
5.4185524,11.489687,seed35904.png
-22.857239,-27.013374,seed35905.png
12.199966,-1.7231746,seed35906.png
-34.25093,0.93661696,seed35907.png
13.336174,-3.6608002,seed35908.png
-32.332127,-13.024865,seed35909.png
6.8814554,9.389698,seed3591.png
-24.181267,-18.18144,seed35910.png
12.716352,-5.29801,seed35911.png
-32.59355,0.39461902,seed35912.png
3.5465078,-29.186895,seed35913.png
37.13332,24.63763,seed35914.png
20.32939,-5.986506,seed35915.png
-17.673147,-20.34501,seed35916.png
12.780903,-31.8509,seed35917.png
30.121923,27.70498,seed35918.png
-23.805077,4.664565,seed35919.png
-29.991003,0.8079133,seed3592.png
19.202864,18.84164,seed35920.png
4.7440352,17.811825,seed35921.png
13.266345,9.917892,seed35922.png
10.512146,-9.185164,seed35923.png
27.22998,19.268139,seed35924.png
-1.5931909,22.275827,seed35925.png
18.205954,20.30362,seed35926.png
9.683337,-35.867058,seed35927.png
-32.280575,-7.8043523,seed35928.png
1.2661222,-31.993284,seed35929.png
34.301857,5.437159,seed3593.png
13.067046,-1.6580656,seed35930.png
11.702886,-1.7064053,seed35931.png
22.45518,19.639383,seed35932.png
27.231398,5.005153,seed35933.png
11.070327,-29.499105,seed35934.png
15.3836775,-3.72208,seed35935.png
-23.050468,-23.520763,seed35936.png
-0.8684644,3.5647376,seed35937.png
-34.09882,27.12977,seed35938.png
-11.250999,-31.128647,seed35939.png
-3.283974,-11.801947,seed3594.png
-19.485374,-22.048353,seed35940.png
20.826246,22.665686,seed35941.png
7.6183634,-13.499418,seed35942.png
12.832675,-9.278536,seed35943.png
-2.4761434,20.834024,seed35944.png
-31.278801,-13.138775,seed35945.png
37.032715,19.48416,seed35946.png
10.790071,-1.5066949,seed35947.png
-13.510902,-22.562891,seed35948.png
37.82411,8.781614,seed35949.png
3.999902,6.675806,seed3595.png
3.7755377,-24.817102,seed35950.png
0.6148634,14.64096,seed35951.png
-20.433655,-1.1828867,seed35952.png
-7.238041,-7.456571,seed35953.png
-21.582867,16.946627,seed35954.png
-30.090206,-12.678667,seed35955.png
8.430192,0.9769106,seed35956.png
27.857187,10.946842,seed35957.png
20.102667,-6.2668824,seed35958.png
12.66933,6.922937,seed35959.png
-27.46084,11.950759,seed3596.png
-25.190456,3.1452854,seed35960.png
10.353198,22.91004,seed35961.png
-27.72041,7.7988305,seed35962.png
12.154016,23.987026,seed35963.png
-22.717564,11.79209,seed35964.png
-4.4313703,-12.305752,seed35965.png
12.370045,4.9258122,seed35966.png
-11.598917,-11.542382,seed35967.png
33.91633,6.820134,seed35968.png
-0.960322,24.995054,seed35969.png
7.649736,2.0108232,seed3597.png
-14.544576,-10.812933,seed35970.png
2.8041797,-37.496822,seed35971.png
-28.713097,11.019902,seed35972.png
-26.819757,-7.037535,seed35973.png
-31.107643,-6.2426076,seed35974.png
-22.094034,0.5846005,seed35975.png
-9.113304,-8.121551,seed35976.png
-11.231071,-0.5923259,seed35977.png
-34.844273,26.863861,seed35978.png
-5.2923594,-13.671593,seed35979.png
15.012878,-5.439005,seed3598.png
9.478092,-2.4719293,seed35980.png
-24.621758,5.1581545,seed35981.png
-21.711578,-22.574535,seed35982.png
8.521402,29.362514,seed35983.png
-33.007168,9.119037,seed35984.png
3.9696124,15.867348,seed35985.png
-6.035497,-1.3486774,seed35986.png
5.7939415,-10.848727,seed35987.png
-23.855358,10.598457,seed35988.png
15.576974,-6.522643,seed35989.png
-14.380225,-5.1575994,seed3599.png
12.763613,0.34898347,seed35990.png
37.764503,22.512503,seed35991.png
-2.683622,3.720784,seed35992.png
15.895851,8.104816,seed35993.png
-17.244497,5.105596,seed35994.png
16.377466,-34.358418,seed35995.png
-11.322837,-2.0811026,seed35996.png
-19.137894,-26.068895,seed35997.png
23.831762,-5.796224,seed35998.png
-19.632593,-28.440413,seed35999.png
-12.621352,-2.127412,seed3600.png
20.42115,-7.139099,seed36000.png
34.334007,17.290907,seed36001.png
27.540339,7.0467277,seed36002.png
1.764508,14.471983,seed36003.png
-17.539509,-16.025124,seed36004.png
-37.98785,17.852638,seed36005.png
36.874653,12.827664,seed36006.png
-13.705124,-29.197723,seed36007.png
-21.905163,-29.567436,seed36008.png
-31.438683,13.7957325,seed36009.png
13.028813,-35.37686,seed3601.png
-25.535608,-15.827868,seed36010.png
-28.16727,15.676343,seed36011.png
8.940781,17.44218,seed36012.png
-0.5960682,5.666423,seed36013.png
-26.61335,1.7163913,seed36014.png
-16.34457,-7.925745,seed36015.png
-11.347009,4.000538,seed36016.png
13.195829,26.050564,seed36017.png
3.0350692,-23.736568,seed36018.png
9.242045,-34.393394,seed36019.png
-19.50111,-2.6276305,seed3602.png
9.989301,-0.11450049,seed36020.png
-30.955519,14.520169,seed36021.png
-32.713737,21.872078,seed36022.png
13.433472,-42.145226,seed36023.png
17.786238,24.866167,seed36024.png
32.69316,7.0064745,seed36025.png
-21.951313,-1.7615107,seed36026.png
-18.825945,-7.705179,seed36027.png
-25.209387,-0.8994259,seed36028.png
-1.4430132,23.71842,seed36029.png
1.1203686,21.116629,seed3603.png
-23.645737,-15.530708,seed36030.png
3.7599568,21.191788,seed36031.png
-1.9730725,23.189426,seed36032.png
14.376324,-36.68805,seed36033.png
36.223064,21.981453,seed36034.png
5.6386886,4.9644494,seed36035.png
11.285646,-42.283287,seed36036.png
-30.38416,3.8870726,seed36037.png
-12.147447,-26.566696,seed36038.png
-12.031063,-23.802439,seed36039.png
7.8738427,-25.033276,seed3604.png
-17.145597,-0.43528667,seed36040.png
-4.053375,-2.2440195,seed36041.png
-24.04348,-0.3675523,seed36042.png
39.693314,19.682177,seed36043.png
-10.058141,-16.22813,seed36044.png
3.031718,0.06656807,seed36045.png
24.168001,13.552716,seed36046.png
11.275633,-36.923775,seed36047.png
-22.763071,-17.41801,seed36048.png
30.401566,21.440912,seed36049.png
-32.127308,9.942628,seed3605.png
31.10484,28.01956,seed36050.png
37.489124,11.325101,seed36051.png
-9.130672,-8.901145,seed36052.png
-35.07095,18.155794,seed36053.png
-10.311521,-6.4484625,seed36054.png
3.3599603,-34.342865,seed36055.png
-26.30768,-15.294776,seed36056.png
-33.26785,-1.3022261,seed36057.png
-15.403362,3.2210598,seed36058.png
28.086506,15.708467,seed36059.png
20.055273,20.414469,seed3606.png
28.540018,4.7041507,seed36060.png
24.934917,11.5846815,seed36061.png
18.949383,-3.73568,seed36062.png
-2.0292296,-14.801219,seed36063.png
22.959303,-5.439648,seed36064.png
6.7290425,1.3246311,seed36065.png
-35.080296,26.692965,seed36066.png
39.38219,12.950223,seed36067.png
0.5914949,23.056282,seed36068.png
-33.918667,3.2869635,seed36069.png
11.997969,-31.601974,seed3607.png
0.48611477,0.9149878,seed36070.png
-5.330572,-4.9551086,seed36071.png
-0.43416992,0.698782,seed36072.png
-13.90249,-11.674225,seed36073.png
-4.8168945,1.7898653,seed36074.png
29.97404,30.088326,seed36075.png
-19.971031,14.544043,seed36076.png
2.7256103,-17.834158,seed36077.png
21.554955,1.0803114,seed36078.png
-13.1672325,-19.1847,seed36079.png
11.212658,20.987286,seed3608.png
-10.167631,-9.747987,seed36080.png
-37.06316,20.75253,seed36081.png
-20.607641,1.081988,seed36082.png
-24.085417,-2.3522155,seed36083.png
-20.71979,6.6139655,seed36084.png
-9.188348,-0.6117164,seed36085.png
-9.879103,-11.939311,seed36086.png
0.7846553,13.954273,seed36087.png
28.386217,16.210144,seed36088.png
-15.69234,8.988299,seed36089.png
-29.482496,18.369995,seed3609.png
-12.030297,-27.671713,seed36090.png
-32.519993,22.04685,seed36091.png
28.703972,10.244314,seed36092.png
12.728192,-27.081501,seed36093.png
25.313774,10.039493,seed36094.png
-4.129875,-20.48276,seed36095.png
-26.028927,18.216934,seed36096.png
14.03165,-35.646065,seed36097.png
-23.859386,-26.705812,seed36098.png
20.029303,23.954079,seed36099.png
20.796095,22.156546,seed3610.png
33.34899,20.77978,seed36100.png
-38.53521,25.714346,seed36101.png
11.788673,0.6400838,seed36102.png
31.222864,11.921956,seed36103.png
-3.7797523,21.187548,seed36104.png
-13.755363,1.8435643,seed36105.png
21.331656,2.4846013,seed36106.png
11.506528,-0.15182215,seed36107.png
14.241079,-28.509016,seed36108.png
3.543381,-1.1196328,seed36109.png
6.878516,16.688839,seed3611.png
26.99913,24.29248,seed36110.png
-10.282653,-11.333299,seed36111.png
35.86233,21.347864,seed36112.png
-25.564468,-4.2292666,seed36113.png
-3.9737985,5.6961555,seed36114.png
-20.28282,6.4848228,seed36115.png
17.527102,-1.0730776,seed36116.png
3.3807857,-6.185123,seed36117.png
13.714901,28.785984,seed36118.png
13.519675,-40.385117,seed36119.png
5.416537,0.2035961,seed3612.png
-28.109924,11.847061,seed36120.png
-14.761807,-13.106664,seed36121.png
17.370441,10.350288,seed36122.png
29.14613,21.110859,seed36123.png
15.379123,-32.439716,seed36124.png
40.663536,22.637936,seed36125.png
-13.794426,-9.213148,seed36126.png
-3.0155625,6.0556054,seed36127.png
22.901865,13.280782,seed36128.png
13.84288,-9.179001,seed36129.png
33.634758,9.447947,seed3613.png
12.341119,-37.49837,seed36130.png
-20.98067,11.08524,seed36131.png
-17.617014,-12.849795,seed36132.png
-0.15087673,-25.835691,seed36133.png
11.268741,11.407204,seed36134.png
-24.223314,14.01071,seed36135.png
10.453795,-12.304128,seed36136.png
-13.584348,-10.654546,seed36137.png
11.41304,2.9518158,seed36138.png
-0.3420143,-0.39534873,seed36139.png
-22.916626,-20.256697,seed3614.png
-0.51179254,-16.356607,seed36140.png
20.15677,26.972458,seed36141.png
-34.133614,27.582127,seed36142.png
0.21394473,-19.167873,seed36143.png
-17.184355,-9.383871,seed36144.png
16.136314,-35.213852,seed36145.png
-38.417732,19.574406,seed36146.png
14.25778,12.237808,seed36147.png
40.09884,20.255684,seed36148.png
1.4110866,16.89357,seed36149.png
33.551723,4.743347,seed3615.png
-13.607066,-17.535091,seed36150.png
7.7611723,24.807356,seed36151.png
11.783476,-31.879488,seed36152.png
12.008495,8.958478,seed36153.png
-22.117609,-29.194304,seed36154.png
17.40499,27.80393,seed36155.png
-3.0957654,1.7853863,seed36156.png
-18.386984,4.274616,seed36157.png
-23.171436,-21.790125,seed36158.png
-14.553949,-26.10273,seed36159.png
1.2697809,-28.403276,seed3616.png
2.5962372,-25.268532,seed36160.png
29.97673,3.7986934,seed36161.png
-7.913331,-3.225573,seed36162.png
-12.898501,-22.657982,seed36163.png
-21.427696,0.6114761,seed36164.png
-16.40312,-19.530354,seed36165.png
37.25727,19.188118,seed36166.png
37.24439,23.373764,seed36167.png
-36.517742,-5.233885,seed36168.png
-23.945423,-10.773024,seed36169.png
12.134823,-37.483456,seed3617.png
-24.790453,7.9928036,seed36170.png
-20.996687,4.688031,seed36171.png
-7.6116877,-25.531145,seed36172.png
-32.68373,14.756875,seed36173.png
30.698366,14.496316,seed36174.png
-7.899036,12.950408,seed36175.png
25.365906,15.939431,seed36176.png
8.827021,-37.545742,seed36177.png
-12.512556,0.82497853,seed36178.png
5.675912,15.492739,seed36179.png
-21.221441,-12.249719,seed3618.png
-25.230967,3.78723,seed36180.png
21.560669,-5.79563,seed36181.png
-19.031214,-20.247221,seed36182.png
24.219574,4.280351,seed36183.png
19.572998,25.834202,seed36184.png
3.6822968,-31.921417,seed36185.png
-30.662537,7.198428,seed36186.png
-18.00925,-27.644403,seed36187.png
17.148787,19.079346,seed36188.png
22.079794,-4.1419578,seed36189.png
-10.572217,-9.200908,seed3619.png
-21.518682,17.670265,seed36190.png
-27.964598,16.544096,seed36191.png
-19.35607,-6.9659953,seed36192.png
8.582861,-1.5388962,seed36193.png
35.906796,19.199718,seed36194.png
-15.95807,-13.309964,seed36195.png
6.88627,-31.483812,seed36196.png
12.397155,-22.212154,seed36197.png
-17.072584,-2.1073177,seed36198.png
-31.218136,-12.360867,seed36199.png
20.244967,-5.935619,seed3620.png
13.021459,-42.34062,seed36200.png
-16.14899,-29.41278,seed36201.png
-17.622816,-6.3802724,seed36202.png
14.884159,0.4782048,seed36203.png
-30.16636,15.757533,seed36204.png
27.243328,3.7972713,seed36205.png
-37.075043,17.742247,seed36206.png
22.431877,16.682365,seed36207.png
31.508097,28.197702,seed36208.png
4.319722,14.548459,seed36209.png
-21.996082,-1.4598522,seed3621.png
2.2293386,-31.42138,seed36210.png
19.08754,18.44359,seed36211.png
-15.547886,-26.028952,seed36212.png
-10.671832,-23.308535,seed36213.png
-34.597847,6.6236615,seed36214.png
-21.027729,-29.822315,seed36215.png
22.565577,20.365746,seed36216.png
-17.009888,-30.073135,seed36217.png
38.68286,18.053633,seed36218.png
23.044725,7.588902,seed36219.png
-11.76367,-30.233938,seed3622.png
17.14669,20.583282,seed36220.png
-17.025593,-15.117231,seed36221.png
-16.786194,-25.099737,seed36222.png
31.786812,5.0953426,seed36223.png
3.0046043,23.375677,seed36224.png
38.095512,22.69137,seed36225.png
-3.5767968,-9.702782,seed36226.png
8.96552,4.488128,seed36227.png
-30.469875,19.769142,seed36228.png
8.050296,-0.59062177,seed36229.png
-13.3061,-3.3583186,seed3623.png
26.422981,-0.25250438,seed36230.png
-33.831,25.83559,seed36231.png
-0.25318828,9.093673,seed36232.png
-15.076636,-24.506218,seed36233.png
18.385456,23.624477,seed36234.png
7.921527,-6.586634,seed36235.png
-32.69824,19.277939,seed36236.png
-5.0044456,-13.9023695,seed36237.png
4.6659336,-39.395348,seed36238.png
-28.42544,16.20404,seed36239.png
-29.254845,-9.482187,seed3624.png
-30.836714,25.09667,seed36240.png
25.955717,5.2553754,seed36241.png
-12.978874,-13.765131,seed36242.png
4.1571136,-26.420506,seed36243.png
-2.4579315,14.748579,seed36244.png
12.848568,23.82556,seed36245.png
37.971954,26.72268,seed36246.png
21.979315,20.515594,seed36247.png
11.206697,-32.382416,seed36248.png
-35.94763,27.255594,seed36249.png
10.137605,25.062948,seed3625.png
36.70927,8.418426,seed36250.png
11.693058,-2.6789207,seed36251.png
6.3182874,1.0575943,seed36252.png
0.98885566,11.733049,seed36253.png
-20.748491,-4.2670636,seed36254.png
-20.39218,-11.916418,seed36255.png
-34.650646,21.13045,seed36256.png
12.118659,-43.248318,seed36257.png
37.523544,18.435917,seed36258.png
0.9224868,-25.948353,seed36259.png
10.91205,19.370367,seed3626.png
26.30141,-2.7162287,seed36260.png
36.664116,5.713168,seed36261.png
21.661697,27.144384,seed36262.png
-14.671368,-21.141937,seed36263.png
5.616188,-32.975452,seed36264.png
5.168468,20.494383,seed36265.png
12.052928,-34.35723,seed36266.png
-31.367355,-13.580171,seed36267.png
20.534575,-1.8841562,seed36268.png
-24.911625,-2.493874,seed36269.png
32.161304,8.176511,seed3627.png
-7.185982,2.2224874,seed36270.png
25.827421,16.082188,seed36271.png
2.0939546,18.218431,seed36272.png
35.92154,22.19072,seed36273.png
13.663976,-22.81158,seed36274.png
-21.208702,8.192672,seed36275.png
3.120536,-0.02257164,seed36276.png
1.0387414,18.266483,seed36277.png
-12.650368,-23.481314,seed36278.png
-35.92436,-3.0864506,seed36279.png
-1.5290854,-5.9912252,seed3628.png
-36.84283,9.359176,seed36280.png
-22.89391,18.441713,seed36281.png
-21.291145,10.814181,seed36282.png
37.27422,22.689585,seed36283.png
-12.792322,-29.937025,seed36284.png
6.9691515,-4.2035155,seed36285.png
-29.917282,13.34146,seed36286.png
32.15295,8.638863,seed36287.png
-10.685105,8.67516,seed36288.png
-21.481611,-8.637856,seed36289.png
13.76229,25.952433,seed3629.png
-28.360498,11.421611,seed36290.png
38.826584,15.51595,seed36291.png
17.546097,-3.670176,seed36292.png
11.989331,-22.637573,seed36293.png
-0.7997716,-15.307363,seed36294.png
-18.45819,-30.352085,seed36295.png
-4.2767177,-13.377079,seed36296.png
-21.862238,-26.773159,seed36297.png
3.7357259,-35.41402,seed36298.png
-17.762758,-1.2528727,seed36299.png
8.767521,14.082259,seed3630.png
-25.26093,8.755617,seed36300.png
13.657518,-34.7399,seed36301.png
8.624811,-23.958408,seed36302.png
29.102007,7.8323407,seed36303.png
18.127989,6.87238,seed36304.png
-29.377293,-8.787902,seed36305.png
26.785442,16.448526,seed36306.png
0.7315781,-24.561579,seed36307.png
6.88334,-27.798288,seed36308.png
37.43268,22.223974,seed36309.png
12.831154,26.269394,seed3631.png
-33.76505,10.656035,seed36310.png
17.648592,28.091862,seed36311.png
-24.502104,14.959283,seed36312.png
1.6240201,5.9134502,seed36313.png
-11.17082,-1.7269208,seed36314.png
-23.728899,-23.288332,seed36315.png
5.264824,24.61588,seed36316.png
-32.10323,-10.184528,seed36317.png
-35.061527,14.519021,seed36318.png
4.9519897,11.523416,seed36319.png
-14.738819,-14.226769,seed3632.png
-25.596472,3.7058027,seed36320.png
3.058551,22.094444,seed36321.png
6.821814,-39.41258,seed36322.png
-33.376385,6.375398,seed36323.png
-27.742352,-7.0966816,seed36324.png
-16.410398,-28.16769,seed36325.png
-14.633119,-23.030355,seed36326.png
36.73274,21.90142,seed36327.png
22.622475,17.729076,seed36328.png
-28.53809,-7.749869,seed36329.png
-19.171852,-0.9724098,seed3633.png
-8.195573,-12.227602,seed36330.png
-11.363434,0.87356985,seed36331.png
-34.01932,22.024685,seed36332.png
19.447594,27.839865,seed36333.png
13.186223,-36.753246,seed36334.png
3.0430257,23.278364,seed36335.png
-16.791447,2.9123535,seed36336.png
28.428492,11.864897,seed36337.png
14.275802,0.3243322,seed36338.png
12.141363,-24.501667,seed36339.png
-11.444674,-10.286674,seed3634.png
-30.556927,-8.54483,seed36340.png
25.598743,20.352797,seed36341.png
12.681776,-0.3707011,seed36342.png
-22.771055,-7.5617824,seed36343.png
0.8129929,11.116059,seed36344.png
18.817524,25.340963,seed36345.png
17.895327,1.4110507,seed36346.png
20.1588,11.161797,seed36347.png
-26.416101,-23.84023,seed36348.png
-21.221815,-29.132736,seed36349.png
-34.90357,-1.9228374,seed3635.png
15.147958,-38.675896,seed36350.png
-8.530279,-5.9851727,seed36351.png
10.981819,1.1891394,seed36352.png
2.9100711,-3.941538,seed36353.png
-30.67652,19.582943,seed36354.png
-0.0107745025,-0.46928376,seed36355.png
34.458286,11.99638,seed36356.png
40.4127,23.61145,seed36357.png
17.674631,16.487797,seed36358.png
14.238634,-40.556843,seed36359.png
33.789494,11.058659,seed3636.png
3.3129365,-32.592964,seed36360.png
-19.397509,5.1436768,seed36361.png
-31.194195,13.979786,seed36362.png
22.799913,19.140812,seed36363.png
12.11582,3.239743,seed36364.png
21.880886,22.778097,seed36365.png
19.40893,0.24555343,seed36366.png
15.214336,-35.33026,seed36367.png
-9.072639,-16.20408,seed36368.png
30.757534,4.8871202,seed36369.png
-9.754261,-11.970782,seed3637.png
15.514473,14.037706,seed36370.png
-6.1191735,-0.35869288,seed36371.png
12.0341015,-42.607883,seed36372.png
-31.180374,9.681877,seed36373.png
18.249088,23.581104,seed36374.png
-28.48414,18.735798,seed36375.png
1.5923746,23.653631,seed36376.png
-11.972108,-28.761505,seed36377.png
8.512042,21.339924,seed36378.png
-27.62177,-3.133319,seed36379.png
39.960575,24.439754,seed3638.png
17.550428,19.707718,seed36380.png
-25.855947,-1.5795324,seed36381.png
-21.438635,-12.490329,seed36382.png
-1.544524,19.448845,seed36383.png
5.2272205,7.953225,seed36384.png
-35.249535,19.650637,seed36385.png
-31.598185,3.4123578,seed36386.png
-12.421538,-20.849531,seed36387.png
4.2062206,-34.054737,seed36388.png
21.096853,20.608065,seed36389.png
-15.592728,-24.480682,seed3639.png
-2.2852592,22.103394,seed36390.png
-22.046389,-10.633755,seed36391.png
-20.534676,-23.095566,seed36392.png
17.568241,-9.014675,seed36393.png
-35.995064,16.883886,seed36394.png
-33.29278,8.551327,seed36395.png
-19.11146,4.048679,seed36396.png
-15.0489645,-1.4792159,seed36397.png
-23.612583,-9.34365,seed36398.png
-9.965076,-27.827852,seed36399.png
15.895981,25.90297,seed3640.png
-14.258338,-20.069365,seed36400.png
19.621672,19.35266,seed36401.png
22.526407,-6.577487,seed36402.png
27.39976,27.940228,seed36403.png
16.38145,14.157816,seed36404.png
-36.034363,15.690246,seed36405.png
25.259998,7.246524,seed36406.png
-20.019794,-24.095036,seed36407.png
-8.706289,-7.522312,seed36408.png
16.939714,14.304969,seed36409.png
5.2172046,-0.41006687,seed3641.png
-27.028795,9.938302,seed36410.png
34.072174,25.022924,seed36411.png
-37.75516,13.062024,seed36412.png
26.058638,22.248066,seed36413.png
-35.672234,27.803785,seed36414.png
-26.606522,-7.8049035,seed36415.png
-20.941582,6.862992,seed36416.png
-2.5906582,3.4870872,seed36417.png
19.359293,-0.16526435,seed36418.png
6.692912,-6.9792395,seed36419.png
20.457647,10.111556,seed3642.png
15.497877,7.738556,seed36420.png
-18.691637,-23.523872,seed36421.png
12.644416,-1.3902152,seed36422.png
-32.043446,23.674404,seed36423.png
-15.3105345,-21.375828,seed36424.png
-13.152684,-11.152594,seed36425.png
-19.676449,2.8320122,seed36426.png
-9.177325,-13.574057,seed36427.png
18.277601,9.431417,seed36428.png
-3.9476092,-9.629022,seed36429.png
-3.4434357,18.593267,seed3643.png
1.1507419,25.397036,seed36430.png
30.417336,5.7338285,seed36431.png
22.433426,22.094835,seed36432.png
-28.990696,-14.740756,seed36433.png
-12.073745,-4.905057,seed36434.png
12.0817995,-14.749658,seed36435.png
19.506687,11.3667755,seed36436.png
20.73838,5.74892,seed36437.png
-19.292929,-18.493404,seed36438.png
3.8112519,22.397547,seed36439.png
20.317602,-8.554781,seed3644.png
30.04798,0.9704476,seed36440.png
8.613928,6.6378484,seed36441.png
0.37702477,1.7465154,seed36442.png
1.9031116,9.723921,seed36443.png
-13.73281,-27.366447,seed36444.png
22.630405,-5.813692,seed36445.png
14.815485,23.921972,seed36446.png
26.462112,2.2851686,seed36447.png
-22.067265,11.702104,seed36448.png
14.324969,-4.332819,seed36449.png
-29.140549,-1.2341523,seed3645.png
6.3901157,-28.488338,seed36450.png
-30.714468,10.387388,seed36451.png
1.2373649,12.200608,seed36452.png
23.003822,24.199305,seed36453.png
-3.460571,-18.202389,seed36454.png
-1.1292337,-2.735482,seed36455.png
-33.720543,-9.194031,seed36456.png
-26.378809,3.8876128,seed36457.png
31.043741,3.833931,seed36458.png
21.77186,-1.8839862,seed36459.png
11.640541,11.007664,seed3646.png
-25.968027,15.698988,seed36460.png
-37.66058,7.65226,seed36461.png
31.30765,10.388225,seed36462.png
13.63655,-8.717406,seed36463.png
17.571686,-6.859986,seed36464.png
20.636885,5.313258,seed36465.png
26.46302,25.751175,seed36466.png
-33.08853,18.27117,seed36467.png
10.339761,8.140075,seed36468.png
-22.703672,4.4492497,seed36469.png
-34.52216,24.56007,seed3647.png
7.403542,-7.1797085,seed36470.png
-1.1309934,-18.113941,seed36471.png
-29.369724,8.940729,seed36472.png
-9.345462,-1.1242592,seed36473.png
0.606069,-18.863787,seed36474.png
-15.39134,-25.858566,seed36475.png
5.275515,3.905538,seed36476.png
-20.69792,8.724762,seed36477.png
-1.6448166,-21.111506,seed36478.png
3.4018683,4.8971934,seed36479.png
-23.09998,9.714818,seed3648.png
8.295636,23.660192,seed36480.png
-26.566921,-8.042177,seed36481.png
-4.070658,-20.676214,seed36482.png
30.112324,0.43264422,seed36483.png
-12.97201,6.2226477,seed36484.png
-5.4306617,14.030775,seed36485.png
19.546402,19.526962,seed36486.png
9.264777,-4.9909434,seed36487.png
-16.041115,-10.894009,seed36488.png
16.18176,-37.956028,seed36489.png
-3.0050585,-5.15396,seed3649.png
-18.425968,-12.598333,seed36490.png
16.832418,-36.31186,seed36491.png
9.146842,-40.593437,seed36492.png
21.288677,6.2929325,seed36493.png
24.090647,17.119469,seed36494.png
-1.742815,5.3675413,seed36495.png
11.073848,17.105839,seed36496.png
-15.425648,-5.4252486,seed36497.png
13.829274,27.26166,seed36498.png
-19.13061,-23.942877,seed36499.png
-2.983328,-19.600235,seed3650.png
-10.964785,-20.595516,seed36500.png
13.903844,28.553047,seed36501.png
-30.155684,-7.768473,seed36502.png
-2.036221,3.6580985,seed36503.png
14.286122,6.7290754,seed36504.png
10.043087,23.482212,seed36505.png
-0.60437053,24.75202,seed36506.png
25.017015,21.533834,seed36507.png
16.100883,24.770296,seed36508.png
16.269691,24.37165,seed36509.png
20.465073,21.37817,seed3651.png
-10.442234,-2.3571591,seed36510.png
-33.337234,25.5255,seed36511.png
-5.508992,-8.305269,seed36512.png
8.348472,22.63906,seed36513.png
-24.800726,-2.6616979,seed36514.png
-33.871883,14.755712,seed36515.png
18.722942,12.564297,seed36516.png
20.464352,20.342247,seed36517.png
-0.9403274,-10.511515,seed36518.png
-10.7141695,-24.201101,seed36519.png
19.742327,25.922146,seed3652.png
-16.9586,-26.2274,seed36520.png
-37.44049,10.987625,seed36521.png
6.132917,0.51533574,seed36522.png
-3.1857927,11.654602,seed36523.png
39.137703,23.93548,seed36524.png
10.742882,-30.283148,seed36525.png
-7.7318673,-9.190078,seed36526.png
2.548541,25.771404,seed36527.png
27.48346,22.913073,seed36528.png
-21.115664,14.638228,seed36529.png
-23.268444,-5.322658,seed3653.png
-20.052204,-21.236538,seed36530.png
-36.312016,9.452777,seed36531.png
-31.464884,0.80126494,seed36532.png
35.689953,24.19571,seed36533.png
37.98612,5.2823443,seed36534.png
1.7891761,11.885274,seed36535.png
14.915101,0.4713752,seed36536.png
5.2469373,-3.415536,seed36537.png
4.2115326,-30.544992,seed36538.png
-28.821026,-18.106514,seed36539.png
-17.872252,-23.08149,seed3654.png
-18.43094,-21.867897,seed36540.png
-14.238367,-29.295269,seed36541.png
-25.064556,0.7525391,seed36542.png
-18.345251,-3.6662595,seed36543.png
-17.721071,-28.23966,seed36544.png
-33.99322,17.114246,seed36545.png
-22.050623,1.6982845,seed36546.png
10.467867,-38.08053,seed36547.png
-17.015448,-27.491198,seed36548.png
-31.042574,12.611479,seed36549.png
-14.139783,-7.244726,seed3655.png
-19.776978,-15.038803,seed36550.png
-23.404545,11.902719,seed36551.png
7.7798877,-2.9377973,seed36552.png
1.499121,0.42268428,seed36553.png
-13.585856,-19.82784,seed36554.png
-22.199347,-19.175558,seed36555.png
-22.453403,4.9551644,seed36556.png
1.1180114,14.993029,seed36557.png
15.407858,-33.46105,seed36558.png
-20.803928,9.292299,seed36559.png
16.967228,21.371078,seed3656.png
28.459871,13.285073,seed36560.png
-16.8891,-23.370607,seed36561.png
11.154394,-24.821743,seed36562.png
-8.51383,-25.16675,seed36563.png
25.414589,17.25617,seed36564.png
-13.746086,0.88237816,seed36565.png
-30.954283,13.259132,seed36566.png
5.336828,19.966852,seed36567.png
-7.9701605,-29.36113,seed36568.png
8.034091,-21.404547,seed36569.png
-38.56289,14.814549,seed3657.png
-34.97132,-1.2069818,seed36570.png
-31.10097,22.545927,seed36571.png
3.7665474,-34.285927,seed36572.png
31.886189,11.634524,seed36573.png
12.481442,-31.20787,seed36574.png
-17.871065,-18.982931,seed36575.png
-12.828375,-15.196147,seed36576.png
-21.524025,-14.217477,seed36577.png
28.10548,1.6263342,seed36578.png
9.245129,-1.3315351,seed36579.png
-32.253517,8.322769,seed3658.png
-28.04171,-6.9061236,seed36580.png
32.903164,21.236292,seed36581.png
15.681308,-33.445,seed36582.png
30.283964,11.680375,seed36583.png
-12.974128,-29.603413,seed36584.png
-16.228298,-25.195457,seed36585.png
3.222243,-4.9663806,seed36586.png
8.894302,-24.316322,seed36587.png
41.22249,21.053915,seed36588.png
15.34753,-33.918007,seed36589.png
-17.482483,16.603216,seed3659.png
-11.34654,-17.726622,seed36590.png
28.573015,28.840544,seed36591.png
-20.062944,9.891961,seed36592.png
-21.755184,-17.921534,seed36593.png
9.546004,5.808574,seed36594.png
17.97722,5.4918566,seed36595.png
-16.187262,4.421689,seed36596.png
32.242954,7.69424,seed36597.png
5.2645235,15.432391,seed36598.png
-1.067799,-18.700623,seed36599.png
33.567398,28.13803,seed3660.png
-21.697086,2.5686944,seed36600.png
10.685864,24.231577,seed36601.png
-27.218754,8.128125,seed36602.png
22.139599,9.389877,seed36603.png
-33.92795,16.868458,seed36604.png
13.380781,-22.078905,seed36605.png
7.113419,-40.131996,seed36606.png
0.9151094,1.7070941,seed36607.png
-21.233349,-6.583015,seed36608.png
-19.545403,-11.521278,seed36609.png
12.985349,27.058805,seed3661.png
11.718444,-33.579742,seed36610.png
-21.731548,-26.336233,seed36611.png
15.337597,-34.585346,seed36612.png
18.989466,23.476196,seed36613.png
12.933285,-42.09064,seed36614.png
-5.671292,-23.196243,seed36615.png
8.869762,-33.36583,seed36616.png
37.908512,11.827907,seed36617.png
-21.049124,1.6581073,seed36618.png
11.579177,-29.006275,seed36619.png
12.825663,-39.352192,seed3662.png
-29.798931,9.171171,seed36620.png
-11.113362,-20.613146,seed36621.png
10.617714,-33.60982,seed36622.png
-23.445107,-17.633606,seed36623.png
15.119005,22.645365,seed36624.png
35.562363,20.870066,seed36625.png
-18.533451,-8.500678,seed36626.png
14.619031,-32.37577,seed36627.png
-28.88079,0.06304031,seed36628.png
-34.641903,27.51493,seed36629.png
-24.669231,13.454223,seed3663.png
-21.5558,19.419785,seed36630.png
13.321677,14.543804,seed36631.png
-15.840434,3.8177547,seed36632.png
-33.130077,14.207583,seed36633.png
-21.844957,17.014357,seed36634.png
-26.017826,-0.83293176,seed36635.png
9.651655,-28.932796,seed36636.png
11.918509,-10.6835375,seed36637.png
16.526224,22.893473,seed36638.png
-34.41652,2.3885477,seed36639.png
3.9875317,-27.169537,seed3664.png
-11.34645,-27.42078,seed36640.png
8.377891,-31.485506,seed36641.png
-35.88376,-6.930702,seed36642.png
32.541252,13.948548,seed36643.png
-23.8751,-8.974764,seed36644.png
29.247717,28.885666,seed36645.png
23.101868,-4.467673,seed36646.png
27.073013,-7.330277,seed36647.png
13.947631,-30.81965,seed36648.png
-33.83371,-3.6370416,seed36649.png
-16.302591,9.29172,seed3665.png
26.953476,13.576824,seed36650.png
32.100628,10.395025,seed36651.png
22.686838,13.99897,seed36652.png
23.964352,22.095226,seed36653.png
-7.1607385,9.3155985,seed36654.png
8.736356,16.788452,seed36655.png
-16.569393,-1.9043118,seed36656.png
30.139141,7.137096,seed36657.png
24.270103,18.201633,seed36658.png
-1.7227818,24.611406,seed36659.png
10.034585,9.526202,seed3666.png
22.962563,20.3465,seed36660.png
-30.891348,16.706417,seed36661.png
-12.541346,-30.68464,seed36662.png
-11.301202,-7.4552474,seed36663.png
-13.893422,-9.618419,seed36664.png
-2.0954459,17.123028,seed36665.png
-34.55047,27.804983,seed36666.png
5.5532765,-25.237877,seed36667.png
-12.449789,-29.089716,seed36668.png
14.76323,4.5617433,seed36669.png
15.022547,24.104612,seed3667.png
-30.38081,19.696892,seed36670.png
3.501265,7.9265256,seed36671.png
-15.378677,-25.15079,seed36672.png
27.877754,5.080745,seed36673.png
-6.66413,1.2382622,seed36674.png
-19.320381,-5.465587,seed36675.png
-19.927835,-1.4937513,seed36676.png
-30.39753,-13.1898155,seed36677.png
24.361109,-3.7776506,seed36678.png
-28.21949,-20.969736,seed36679.png
20.511805,10.881629,seed3668.png
23.695353,23.398159,seed36680.png
-14.946108,-19.912552,seed36681.png
-29.440006,15.885898,seed36682.png
8.3103,-29.410389,seed36683.png
10.507425,-4.6545253,seed36684.png
10.814086,-38.792503,seed36685.png
-21.441027,17.298677,seed36686.png
6.728816,3.9604423,seed36687.png
2.5533357,16.287329,seed36688.png
29.330292,27.41009,seed36689.png
-9.594185,4.0239325,seed3669.png
-26.957594,-7.160929,seed36690.png
-22.845882,-3.984777,seed36691.png
20.439842,22.558176,seed36692.png
-32.444347,-9.720821,seed36693.png
21.036007,-8.558004,seed36694.png
-12.235327,-8.520171,seed36695.png
35.52636,18.750645,seed36696.png
-30.68672,13.359253,seed36697.png
19.405012,5.7976933,seed36698.png
-4.4157276,0.17178425,seed36699.png
20.696514,0.39940137,seed3670.png
-5.8951116,14.901866,seed36700.png
-13.042614,-15.999049,seed36701.png
-34.38658,15.145318,seed36702.png
3.730097,7.8467064,seed36703.png
5.7762847,11.813327,seed36704.png
5.7426257,1.5226597,seed36705.png
30.421911,2.6135447,seed36706.png
-35.84384,8.011471,seed36707.png
-27.770693,-7.519061,seed36708.png
20.866276,-0.7642797,seed36709.png
-19.923738,-15.95014,seed3671.png
12.352764,-1.9993483,seed36710.png
-15.595771,-13.705725,seed36711.png
13.965696,4.9687834,seed36712.png
-15.332866,8.197358,seed36713.png
-34.016655,15.730143,seed36714.png
-21.003277,-21.57739,seed36715.png
-28.916656,17.915895,seed36716.png
4.818173,13.185262,seed36717.png
-22.510185,-11.2219305,seed36718.png
13.2694845,24.678856,seed36719.png
13.246072,-40.72858,seed3672.png
-14.871287,-5.445572,seed36720.png
32.182343,1.1748694,seed36721.png
-28.828745,-3.8399272,seed36722.png
-21.942726,-22.874887,seed36723.png
0.93701166,0.9166388,seed36724.png
-32.093796,3.155033,seed36725.png
-18.561735,-7.8441677,seed36726.png
-30.363321,11.003971,seed36727.png
20.977964,5.998682,seed36728.png
-22.003965,8.912456,seed36729.png
-24.516935,-23.83926,seed3673.png
13.729065,-34.884937,seed36730.png
29.06764,3.3911068,seed36731.png
8.091993,-29.698362,seed36732.png
-16.124294,-21.632494,seed36733.png
-12.397429,-0.03620662,seed36734.png
26.797878,10.037254,seed36735.png
38.36989,12.971507,seed36736.png
18.875143,18.734112,seed36737.png
7.6650033,13.960629,seed36738.png
12.030469,28.00086,seed36739.png
1.3348261,8.844343,seed3674.png
13.567709,0.061316557,seed36740.png
2.723708,11.25587,seed36741.png
-36.445766,11.3389635,seed36742.png
21.611137,23.001123,seed36743.png
6.2656417,-2.6776204,seed36744.png
18.621887,12.625196,seed36745.png
16.786121,-5.6376176,seed36746.png
-12.307619,-14.025713,seed36747.png
10.341484,6.0019374,seed36748.png
15.171415,7.516735,seed36749.png
-27.718763,14.415239,seed3675.png
-22.344181,-7.6484437,seed36750.png
11.9773445,-37.900738,seed36751.png
9.010537,13.478755,seed36752.png
29.724472,4.97062,seed36753.png
11.563252,-40.656372,seed36754.png
8.268909,7.442099,seed36755.png
-2.9031053,-3.707546,seed36756.png
26.254335,12.545666,seed36757.png
-32.98347,12.41131,seed36758.png
-29.716919,1.0111268,seed36759.png
-30.999638,26.643543,seed3676.png
-34.063538,19.322586,seed36760.png
-0.006322832,21.087238,seed36761.png
38.73155,21.56349,seed36762.png
6.9020157,18.000517,seed36763.png
12.950158,-3.0835724,seed36764.png
37.637463,10.215059,seed36765.png
5.265212,-26.230183,seed36766.png
26.34699,20.008299,seed36767.png
-17.034094,5.9492693,seed36768.png
5.174728,4.728181,seed36769.png
-1.1510599,-17.49092,seed3677.png
-11.747118,-2.2651064,seed36770.png
21.506992,-6.75638,seed36771.png
12.712275,10.284995,seed36772.png
-27.587767,14.252182,seed36773.png
-16.118881,-25.040487,seed36774.png
20.872267,24.926483,seed36775.png
10.44914,-25.817333,seed36776.png
-0.6500288,-1.5756472,seed36777.png
-36.587322,10.582067,seed36778.png
-22.006163,15.123039,seed36779.png
9.720416,-37.25366,seed3678.png
8.525743,18.178087,seed36780.png
36.826706,21.789267,seed36781.png
26.363636,1.5440716,seed36782.png
18.78475,17.134457,seed36783.png
7.3836923,-23.98569,seed36784.png
10.872671,17.702438,seed36785.png
0.24818332,17.043322,seed36786.png
19.078386,12.129796,seed36787.png
12.793648,-40.347168,seed36788.png
11.747235,27.456041,seed36789.png
23.104301,15.764175,seed3679.png
39.803295,20.016905,seed36790.png
-32.89717,23.107965,seed36791.png
-14.447379,14.852261,seed36792.png
-5.2264953,-24.817492,seed36793.png
-32.321335,1.1682787,seed36794.png
14.843785,-36.913967,seed36795.png
2.4322178,18.046875,seed36796.png
22.902634,16.545225,seed36797.png
19.40914,2.5190215,seed36798.png
5.387324,6.7280025,seed36799.png
10.7204485,27.14215,seed3680.png
-26.865328,5.654192,seed36800.png
27.471535,21.044374,seed36801.png
-12.23887,-8.817495,seed36802.png
15.512473,-30.754982,seed36803.png
-33.784187,17.83709,seed36804.png
9.204918,-3.286574,seed36805.png
-11.170132,-22.257862,seed36806.png
-25.257647,-6.850421,seed36807.png
-4.969308,-16.924541,seed36808.png
10.41338,11.119383,seed36809.png
-33.32906,10.913549,seed3681.png
34.3062,19.295729,seed36810.png
14.241094,13.189912,seed36811.png
10.748405,-10.635618,seed36812.png
28.045717,9.005054,seed36813.png
34.53332,17.681486,seed36814.png
10.45258,-32.663643,seed36815.png
-7.702515,-15.519746,seed36816.png
12.305104,24.872435,seed36817.png
17.396172,-0.4727599,seed36818.png
24.452478,7.2860065,seed36819.png
10.699803,-31.307735,seed3682.png
-18.307604,3.0467033,seed36820.png
-23.511732,-1.5318123,seed36821.png
-0.10005406,-11.304792,seed36822.png
31.456278,28.055134,seed36823.png
34.173374,5.8466244,seed36824.png
-22.619633,-16.020607,seed36825.png
5.142369,-2.979747,seed36826.png
-0.39643782,-13.537739,seed36827.png
3.2487931,-1.9179364,seed36828.png
-18.72121,-28.035318,seed36829.png
32.367363,14.816387,seed3683.png
-29.049795,8.912609,seed36830.png
-12.420984,-15.088764,seed36831.png
10.5711,-42.649117,seed36832.png
-31.60596,-5.690609,seed36833.png
10.083834,-43.32623,seed36834.png
-7.628466,-17.94132,seed36835.png
-12.403989,-16.290058,seed36836.png
7.698604,12.114572,seed36837.png
-25.858673,-18.460108,seed36838.png
-9.190052,-14.532862,seed36839.png
-20.915121,8.214364,seed3684.png
-33.971222,16.972538,seed36840.png
12.135885,20.553064,seed36841.png
-8.229543,-11.073399,seed36842.png
6.431437,7.193933,seed36843.png
19.270779,-4.339313,seed36844.png
21.608469,21.175179,seed36845.png
-29.142693,0.9934289,seed36846.png
-13.445256,-7.42611,seed36847.png
8.947389,16.261757,seed36848.png
-15.339254,-20.545586,seed36849.png
10.83959,23.96913,seed3685.png
14.020425,-39.9776,seed36850.png
-25.05036,-15.075816,seed36851.png
15.130504,8.454532,seed36852.png
23.594809,-0.47482482,seed36853.png
-24.052942,11.401401,seed36854.png
-14.308126,-28.847006,seed36855.png
-5.94976,-9.874681,seed36856.png
10.284289,-36.809654,seed36857.png
1.5823541,25.793041,seed36858.png
-26.620432,-3.8490028,seed36859.png
-21.90944,19.837555,seed3686.png
8.225019,29.995079,seed36860.png
-36.780727,21.461826,seed36861.png
29.465546,-0.34580138,seed36862.png
7.9352107,-38.094055,seed36863.png
18.393274,-0.5140255,seed36864.png
-16.92583,-18.392498,seed36865.png
-20.135466,-4.6202817,seed36866.png
-6.7442765,4.367801,seed36867.png
15.282363,-31.985966,seed36868.png
36.124268,16.64171,seed36869.png
12.917307,19.799454,seed3687.png
-0.03453819,-16.616385,seed36870.png
-28.033169,-22.31026,seed36871.png
-13.60097,-10.438693,seed36872.png
38.107857,16.638056,seed36873.png
28.203579,14.125277,seed36874.png
-2.5098271,18.438951,seed36875.png
4.2562447,6.281684,seed36876.png
-30.793758,-13.15179,seed36877.png
-19.603508,1.8718768,seed36878.png
9.815067,-1.0525062,seed36879.png
27.973299,9.871762,seed3688.png
-2.6764116,22.10461,seed36880.png
12.9506445,-5.9026494,seed36881.png
-20.32144,9.441507,seed36882.png
13.622588,22.054676,seed36883.png
35.80156,12.014013,seed36884.png
-4.595278,-4.245147,seed36885.png
25.983728,20.195126,seed36886.png
-16.318367,3.2252796,seed36887.png
39.109596,24.364187,seed36888.png
19.944918,6.5161777,seed36889.png
15.715588,-33.56469,seed3689.png
-9.940393,-11.857271,seed36890.png
9.525795,-38.25672,seed36891.png
4.5814047,19.702293,seed36892.png
-12.412415,-22.042423,seed36893.png
10.109251,16.529976,seed36894.png
12.130291,-22.370247,seed36895.png
-6.6494718,0.65117866,seed36896.png
8.140281,-30.144049,seed36897.png
11.03926,-2.5772076,seed36898.png
-31.82415,16.259094,seed36899.png
9.306665,-4.20698,seed3690.png
32.52956,18.738277,seed36900.png
-29.471792,14.757713,seed36901.png
-15.552968,-13.443112,seed36902.png
23.025639,3.0194623,seed36903.png
-23.211567,-9.858307,seed36904.png
7.297639,5.457947,seed36905.png
7.092688,-4.623694,seed36906.png
-20.775658,-15.71399,seed36907.png
-2.9759495,-22.53382,seed36908.png
40.313995,22.977354,seed36909.png
-7.1754737,-23.101818,seed3691.png
-11.920023,-13.12937,seed36910.png
-21.469572,11.917212,seed36911.png
-34.231697,21.53324,seed36912.png
-20.979427,8.144464,seed36913.png
-34.91979,9.331676,seed36914.png
-23.815691,16.37959,seed36915.png
3.5292597,-28.562912,seed36916.png
31.808678,18.759178,seed36917.png
41.14983,20.575823,seed36918.png
-33.23917,19.332302,seed36919.png
6.948917,13.773915,seed3692.png
37.331493,21.999546,seed36920.png
7.937585,3.965185,seed36921.png
-6.1371613,-13.948828,seed36922.png
7.148975,14.750301,seed36923.png
-1.8214303,-2.3983922,seed36924.png
10.343503,-29.774836,seed36925.png
16.90967,24.41849,seed36926.png
-12.050281,-4.1228304,seed36927.png
-25.767782,4.5061436,seed36928.png
29.931698,0.37685624,seed36929.png
8.211569,13.093295,seed3693.png
10.630965,4.4777403,seed36930.png
-25.199474,18.551205,seed36931.png
27.390314,13.186159,seed36932.png
-1.746336,14.96938,seed36933.png
-10.410911,-28.121403,seed36934.png
4.9719057,-28.417322,seed36935.png
-17.63925,-0.22379735,seed36936.png
-15.299365,-26.57056,seed36937.png
16.216036,-32.623856,seed36938.png
-29.6212,-13.945012,seed36939.png
31.932983,6.5244064,seed3694.png
-12.695564,-26.152414,seed36940.png
0.99666345,-2.7926338,seed36941.png
37.90655,20.369968,seed36942.png
-22.333097,-4.0584235,seed36943.png
-34.732014,11.191962,seed36944.png
-20.653393,-26.445877,seed36945.png
-23.215149,-20.612778,seed36946.png
-35.058403,-0.81082106,seed36947.png
26.419466,19.478758,seed36948.png
12.556302,13.0632,seed36949.png
13.974032,-12.730424,seed3695.png
-26.67791,15.689655,seed36950.png
30.77277,12.773479,seed36951.png
14.4570265,-1.8164161,seed36952.png
7.2707095,22.530487,seed36953.png
-32.703453,-14.958534,seed36954.png
-35.399246,26.849876,seed36955.png
-31.795023,19.388863,seed36956.png
28.487547,15.93507,seed36957.png
12.75067,-32.09234,seed36958.png
-4.3074207,-4.2050657,seed36959.png
5.663667,-5.8299203,seed3696.png
33.099136,12.300943,seed36960.png
2.3979385,0.21148063,seed36961.png
-2.0639071,-19.130764,seed36962.png
-33.319595,23.113752,seed36963.png
-20.478773,15.704274,seed36964.png
-1.0786726,-13.632587,seed36965.png
-14.4229355,3.294908,seed36966.png
2.1755831,10.81016,seed36967.png
-26.582438,-1.4143144,seed36968.png
-3.987661,-15.988511,seed36969.png
-26.61665,8.112415,seed3697.png
13.785269,-33.802277,seed36970.png
32.609165,11.785108,seed36971.png
-16.755371,-19.463148,seed36972.png
32.193333,6.127362,seed36973.png
-22.161535,-14.771634,seed36974.png
18.859974,-6.7668595,seed36975.png
41.196945,17.431398,seed36976.png
-14.221547,-23.396894,seed36977.png
29.85868,15.112854,seed36978.png
-31.968594,25.001223,seed36979.png
7.954607,-9.740754,seed3698.png
-14.275005,-11.134624,seed36980.png
13.646692,-31.537994,seed36981.png
29.410131,6.557586,seed36982.png
6.628288,-28.532587,seed36983.png
-33.277855,10.86018,seed36984.png
1.9097486,16.523895,seed36985.png
25.168716,16.701658,seed36986.png
-21.297138,-28.799526,seed36987.png
17.003584,23.998075,seed36988.png
3.142602,15.2542925,seed36989.png
18.902554,-6.087771,seed3699.png
29.72822,13.635626,seed36990.png
-33.40026,19.687649,seed36991.png
9.105483,-7.8844576,seed36992.png
-19.632874,-8.72435,seed36993.png
11.261059,4.64283,seed36994.png
-25.91806,-9.495697,seed36995.png
11.591707,18.710388,seed36996.png
-23.793505,8.859765,seed36997.png
5.378412,9.580449,seed36998.png
-16.208603,-31.218603,seed36999.png
-8.5626,-8.309428,seed3700.png
-24.752691,10.051539,seed37000.png
-18.558695,-11.505513,seed37001.png
-15.616285,4.173458,seed37002.png
12.87704,-5.8405824,seed37003.png
22.678202,2.3428133,seed37004.png
-14.491199,-15.063067,seed37005.png
-12.784615,-9.280834,seed37006.png
13.553913,-25.696001,seed37007.png
36.66448,12.804099,seed37008.png
13.787037,10.401347,seed37009.png
3.2788641,-29.162693,seed3701.png
-14.568284,-29.859425,seed37010.png
-27.865997,-3.7496047,seed37011.png
-25.005238,-3.1915393,seed37012.png
4.9435678,23.270233,seed37013.png
-29.771175,-14.491944,seed37014.png
-19.442673,-4.8848925,seed37015.png
9.89572,9.5895605,seed37016.png
-24.223381,12.223832,seed37017.png
17.95055,18.849539,seed37018.png
4.8686957,-28.545366,seed37019.png
-12.367741,-28.571228,seed3702.png
-2.1531804,-1.6906874,seed37020.png
34.638874,10.723757,seed37021.png
-28.29854,-17.253431,seed37022.png
27.44893,25.16213,seed37023.png
18.894777,4.4171276,seed37024.png
-37.841995,15.672481,seed37025.png
17.98225,14.122573,seed37026.png
-30.545135,2.1958127,seed37027.png
15.075608,9.061685,seed37028.png
35.30754,16.688446,seed37029.png
-25.382008,5.888409,seed3703.png
-20.699198,-20.410427,seed37030.png
13.698389,-33.836334,seed37031.png
-28.043142,2.3967257,seed37032.png
2.710045,-30.293278,seed37033.png
8.037126,-25.677095,seed37034.png
31.773373,25.217382,seed37035.png
-17.015686,3.6148238,seed37036.png
12.878419,-36.929504,seed37037.png
7.8624244,-4.6239257,seed37038.png
5.437688,7.6416006,seed37039.png
33.48451,17.674192,seed3704.png
-22.595394,1.2466419,seed37040.png
15.10586,0.8883563,seed37041.png
37.866863,25.883842,seed37042.png
-24.714334,6.0481563,seed37043.png
-17.71855,-4.946131,seed37044.png
-11.744521,-6.863393,seed37045.png
7.2294626,-27.36617,seed37046.png
22.348162,14.32832,seed37047.png
20.881037,-3.8778915,seed37048.png
11.29757,-41.02368,seed37049.png
38.4437,20.089516,seed3705.png
-23.079597,1.1185925,seed37050.png
26.256487,15.540749,seed37051.png
-31.534897,3.0943773,seed37052.png
20.463552,14.860231,seed37053.png
-24.959442,-12.050932,seed37054.png
-9.716552,-7.3685155,seed37055.png
-23.897367,-7.2559996,seed37056.png
-31.737349,-2.4849455,seed37057.png
29.24023,28.344265,seed37058.png
6.5206194,9.812856,seed37059.png
13.827411,15.014641,seed3706.png
32.7968,24.337074,seed37060.png
21.050024,25.038284,seed37061.png
12.56917,-36.944202,seed37062.png
-2.7951326,-10.99951,seed37063.png
22.976545,21.141909,seed37064.png
-28.438925,13.7980795,seed37065.png
-22.376007,6.3925133,seed37066.png
7.695822,-36.66634,seed37067.png
21.167526,23.712893,seed37068.png
22.122553,10.717278,seed37069.png
29.837704,14.522896,seed3707.png
-3.5499723,12.832696,seed37070.png
10.675796,2.0536172,seed37071.png
13.642548,11.827209,seed37072.png
12.424633,16.320698,seed37073.png
18.567558,25.572361,seed37074.png
-25.60421,-9.316486,seed37075.png
24.62007,23.04815,seed37076.png
-37.564533,9.8303585,seed37077.png
37.657703,18.859612,seed37078.png
-24.690815,12.892725,seed37079.png
17.82731,-12.281216,seed3708.png
10.932439,-7.0395637,seed37080.png
13.743993,4.3441205,seed37081.png
16.560602,1.7466074,seed37082.png
-27.220236,11.700684,seed37083.png
41.06366,8.762714,seed37084.png
-34.471664,-1.0693667,seed37085.png
9.336251,-26.486921,seed37086.png
-17.017853,-10.322192,seed37087.png
-30.684578,-1.8201561,seed37088.png
-33.73691,15.197648,seed37089.png
-3.7635965,-3.637515,seed3709.png
14.44542,10.463381,seed37090.png
-17.077417,-10.754148,seed37091.png
27.185843,16.195997,seed37092.png
-23.402864,-25.544312,seed37093.png
-35.581123,1.849553,seed37094.png
-34.719288,27.555185,seed37095.png
-1.3002274,-11.36477,seed37096.png
-24.3506,-18.939648,seed37097.png
12.736893,-33.56311,seed37098.png
2.7955418,12.814274,seed37099.png
0.59436864,20.415474,seed3710.png
18.107231,-7.677591,seed37100.png
25.066563,24.385803,seed37101.png
-13.164155,-30.564037,seed37102.png
28.09156,19.38177,seed37103.png
-26.787405,-6.8351974,seed37104.png
2.720293,14.623534,seed37105.png
-36.86547,21.848812,seed37106.png
17.891329,-36.042072,seed37107.png
-25.394135,7.2400975,seed37108.png
8.486882,21.365616,seed37109.png
36.26496,24.528008,seed3711.png
24.934757,0.043859627,seed37110.png
7.8625336,-38.80221,seed37111.png
11.686805,15.004236,seed37112.png
7.1634607,-40.841114,seed37113.png
24.926203,11.863697,seed37114.png
14.626936,25.955772,seed37115.png
5.472858,-26.769764,seed37116.png
7.3031325,25.458168,seed37117.png
11.729175,29.071133,seed37118.png
36.094517,27.19817,seed37119.png
-21.130583,9.094648,seed3712.png
10.9058075,-30.01979,seed37120.png
-34.796757,27.967287,seed37121.png
36.445816,24.912209,seed37122.png
34.351166,9.840643,seed37123.png
-18.428356,-5.316284,seed37124.png
-18.538727,-16.007349,seed37125.png
31.35497,8.184252,seed37126.png
-13.220214,7.6331487,seed37127.png
11.152342,-6.5371785,seed37128.png
4.635217,-25.406004,seed37129.png
-18.146599,-19.12023,seed3713.png
26.027239,18.016926,seed37130.png
9.318783,12.114932,seed37131.png
-0.32180595,4.0937924,seed37132.png
-4.5262218,-15.548742,seed37133.png
-11.320017,4.8968725,seed37134.png
-20.473274,-24.98357,seed37135.png
-21.767225,19.642591,seed37136.png
-37.790546,15.833897,seed37137.png
38.926247,18.300682,seed37138.png
20.995907,22.997986,seed37139.png
-23.283457,-2.9314408,seed3714.png
-32.92342,24.14267,seed37140.png
16.721823,5.542597,seed37141.png
8.843616,-25.489674,seed37142.png
27.753265,11.362132,seed37143.png
-8.628853,-6.029392,seed37144.png
31.452127,0.1893629,seed37145.png
-29.580456,-7.089627,seed37146.png
-16.707188,-9.059071,seed37147.png
33.116024,8.34474,seed37148.png
-25.618689,-10.117048,seed37149.png
32.98572,25.078026,seed3715.png
-19.293165,-10.929929,seed37150.png
9.655153,-2.523398,seed37151.png
-9.77647,-7.2504473,seed37152.png
-4.589514,14.065342,seed37153.png
-29.258476,-11.018418,seed37154.png
8.678218,1.7736976,seed37155.png
-27.04314,1.7931613,seed37156.png
-14.305244,-7.668195,seed37157.png
9.595241,-42.882664,seed37158.png
4.9826946,18.331493,seed37159.png
-0.90168214,-17.662868,seed3716.png
-36.6608,23.429153,seed37160.png
9.071368,21.956348,seed37161.png
-20.748398,8.463142,seed37162.png
23.053762,-0.83795375,seed37163.png
-20.231667,-15.674926,seed37164.png
19.137537,7.6322837,seed37165.png
-21.288078,16.65708,seed37166.png
21.092207,3.4642103,seed37167.png
28.007334,13.785125,seed37168.png
-30.547867,1.0531852,seed37169.png
-16.050865,-26.325268,seed3717.png
24.015518,2.4439201,seed37170.png
-36.94045,2.082513,seed37171.png
-32.155865,18.502031,seed37172.png
-11.523411,-26.991755,seed37173.png
24.297,12.246069,seed37174.png
6.285657,-4.3337154,seed37175.png
12.593698,6.4264555,seed37176.png
21.574291,-0.7832648,seed37177.png
-19.776758,-28.629105,seed37178.png
-8.459769,-4.7310386,seed37179.png
-17.712797,-15.224281,seed3718.png
-30.390594,5.9707174,seed37180.png
6.7744746,15.817636,seed37181.png
21.85646,-0.72294486,seed37182.png
37.261837,21.968727,seed37183.png
-10.05798,-10.424451,seed37184.png
-17.602554,-31.913895,seed37185.png
-9.281103,-17.991991,seed37186.png
2.8685849,15.874708,seed37187.png
-28.819195,-5.164438,seed37188.png
-32.317184,18.42862,seed37189.png
18.762794,-0.76264507,seed3719.png
23.56226,-6.906443,seed37190.png
-19.003643,-21.053356,seed37191.png
-10.491515,7.6129365,seed37192.png
-0.85057235,1.642237,seed37193.png
10.219366,-35.134983,seed37194.png
-6.1890583,-7.877237,seed37195.png
-17.447733,-5.4411263,seed37196.png
-19.99778,-26.3264,seed37197.png
-28.508717,1.756386,seed37198.png
1.0011457,-12.109748,seed37199.png
32.736927,4.8503585,seed3720.png
27.284807,23.241007,seed37200.png
9.857008,-36.750267,seed37201.png
25.678602,3.7080982,seed37202.png
-33.49772,17.900488,seed37203.png
16.445663,-35.272644,seed37204.png
-18.889387,4.615495,seed37205.png
17.928024,17.521204,seed37206.png
29.457478,13.542765,seed37207.png
-14.94555,-13.848131,seed37208.png
-29.250254,8.120117,seed37209.png
-2.8646939,-14.375497,seed3721.png
35.657837,27.101439,seed37210.png
42.19558,21.106989,seed37211.png
7.027701,-9.508365,seed37212.png
6.6213465,-24.434881,seed37213.png
26.76119,11.057958,seed37214.png
-29.31398,8.925854,seed37215.png
2.4504728,15.99945,seed37216.png
-30.494133,10.059281,seed37217.png
-10.974707,-19.00012,seed37218.png
-21.078125,3.550526,seed37219.png
16.956715,-1.3770403,seed3722.png
5.434381,-38.722668,seed37220.png
-7.1025033,10.943633,seed37221.png
-5.553893,7.3320003,seed37222.png
35.614597,21.929575,seed37223.png
14.269155,-31.784845,seed37224.png
-14.632539,-7.337338,seed37225.png
-18.939003,10.742852,seed37226.png
-17.186998,-19.354313,seed37227.png
-13.0552435,-24.593967,seed37228.png
-29.759186,13.269455,seed37229.png
34.983612,18.790308,seed3723.png
14.639296,-35.307014,seed37230.png
-23.059996,-8.1053705,seed37231.png
-30.389076,-2.7108455,seed37232.png
-14.393665,-32.539764,seed37233.png
-12.058144,-25.480299,seed37234.png
-32.372673,19.007381,seed37235.png
10.683103,-42.411026,seed37236.png
-31.966352,-8.84778,seed37237.png
3.9996803,-23.066202,seed37238.png
-33.519962,14.352639,seed37239.png
-11.499494,-16.475796,seed3724.png
32.749825,11.75079,seed37240.png
12.922,-24.399637,seed37241.png
23.473139,11.060802,seed37242.png
22.936758,4.0807433,seed37243.png
-28.339262,-12.944422,seed37244.png
-26.222706,1.3122747,seed37245.png
-14.631181,5.170808,seed37246.png
-22.618,-16.782017,seed37247.png
-11.708483,-2.837272,seed37248.png
-22.133062,4.4523854,seed37249.png
14.1788225,24.996063,seed3725.png
26.096876,20.654396,seed37250.png
8.92823,-42.771572,seed37251.png
14.253655,23.00384,seed37252.png
23.733736,22.794334,seed37253.png
4.994686,-2.4654074,seed37254.png
12.709877,-22.011635,seed37255.png
18.720352,18.387062,seed37256.png
-19.994411,13.197662,seed37257.png
-37.55364,10.412129,seed37258.png
29.234102,13.942399,seed37259.png
11.618022,-10.546763,seed3726.png
-20.487524,-24.952385,seed37260.png
-34.459522,11.078139,seed37261.png
8.659516,10.298932,seed37262.png
17.347122,7.71971,seed37263.png
10.620921,-9.55531,seed37264.png
32.8457,11.00834,seed37265.png
13.143685,29.741251,seed37266.png
15.438792,1.2307304,seed37267.png
-2.8611536,-13.071048,seed37268.png
-18.275915,-26.24365,seed37269.png
-16.73279,-25.206545,seed3727.png
-11.557226,-22.37654,seed37270.png
8.657323,18.707645,seed37271.png
38.968113,8.917225,seed37272.png
8.799363,-35.543434,seed37273.png
-18.94272,9.256959,seed37274.png
38.190502,21.418869,seed37275.png
7.3751926,26.102644,seed37276.png
14.207032,25.649942,seed37277.png
-3.4938982,-10.921605,seed37278.png
22.85403,10.858574,seed37279.png
-10.849359,-13.641229,seed3728.png
-20.240026,-14.8490715,seed37280.png
-33.435684,6.6539893,seed37281.png
10.75086,-27.367125,seed37282.png
-10.461134,-13.329419,seed37283.png
-34.21724,15.208987,seed37284.png
-13.213989,-11.042715,seed37285.png
37.43326,4.5210886,seed37286.png
-2.4799902,-18.405287,seed37287.png
-21.278582,-27.9843,seed37288.png
3.2808661,-26.828716,seed37289.png
32.976612,13.24065,seed3729.png
-9.3149605,-18.792685,seed37290.png
3.2700253,-3.4408638,seed37291.png
21.930763,7.244034,seed37292.png
6.3399544,20.449314,seed37293.png
15.084751,-3.2715702,seed37294.png
-13.582472,-27.42903,seed37295.png
15.514149,-33.727955,seed37296.png
29.450462,27.09377,seed37297.png
14.846783,14.700714,seed37298.png
-8.168697,10.473371,seed37299.png
31.74534,27.496315,seed3730.png
-15.765207,-28.143446,seed37300.png
14.590026,-37.493114,seed37301.png
12.59016,20.139198,seed37302.png
12.383397,-31.2802,seed37303.png
15.770585,-8.849153,seed37304.png
8.752054,8.518781,seed37305.png
-29.821138,7.701438,seed37306.png
8.504476,-37.845226,seed37307.png
-11.191499,-14.043047,seed37308.png
3.7557006,-39.187103,seed37309.png
9.109291,-27.911383,seed3731.png
-15.812966,-11.101677,seed37310.png
-12.369756,-26.480038,seed37311.png
28.726883,25.527187,seed37312.png
-14.586809,-31.066393,seed37313.png
-12.138442,6.107942,seed37314.png
40.363674,10.875227,seed37315.png
29.402832,8.249193,seed37316.png
21.709833,20.220541,seed37317.png
24.340332,-3.0875113,seed37318.png
15.555354,26.647951,seed37319.png
-1.4056159,-4.686694,seed3732.png
-3.1403203,-7.911451,seed37320.png
-16.095888,-21.726402,seed37321.png
11.036517,-6.4836416,seed37322.png
10.666689,0.5709057,seed37323.png
29.223755,17.30473,seed37324.png
-35.069138,19.49841,seed37325.png
4.948989,21.144129,seed37326.png
2.9302123,6.9396486,seed37327.png
2.8506155,-15.698646,seed37328.png
11.182501,-25.79486,seed37329.png
19.317652,13.067049,seed3733.png
8.423833,-28.03662,seed37330.png
30.559868,2.838481,seed37331.png
17.056059,23.00254,seed37332.png
-22.75358,-5.6695657,seed37333.png
5.4329734,-29.426027,seed37334.png
-6.5342784,-10.716641,seed37335.png
26.959612,-1.1588743,seed37336.png
11.937736,-25.008505,seed37337.png
-23.52581,-11.52712,seed37338.png
14.208071,-33.53822,seed37339.png
35.139545,19.380579,seed3734.png
15.638145,-32.356533,seed37340.png
12.7106905,-33.96227,seed37341.png
30.870548,14.222634,seed37342.png
28.057915,16.876127,seed37343.png
-27.98882,-18.459867,seed37344.png
12.574013,-33.879925,seed37345.png
-20.16348,-4.5598135,seed37346.png
-28.07548,6.5732317,seed37347.png
33.648407,26.196064,seed37348.png
36.427593,18.828844,seed37349.png
20.459116,-5.5096617,seed3735.png
15.576719,-33.727448,seed37350.png
3.0118992,-24.691381,seed37351.png
-20.857471,-20.779844,seed37352.png
-17.902409,10.717239,seed37353.png
-16.517405,-10.400057,seed37354.png
-10.211516,-26.786606,seed37355.png
12.990407,5.0936303,seed37356.png
16.222345,25.506283,seed37357.png
4.1963024,-27.62603,seed37358.png
8.921406,17.055511,seed37359.png
-19.236677,-12.465754,seed3736.png
-28.369274,-6.941327,seed37360.png
2.1702352,1.0174943,seed37361.png
11.2910185,-43.46404,seed37362.png
-9.876579,16.101707,seed37363.png
26.906546,9.899128,seed37364.png
-26.561878,8.411036,seed37365.png
2.9767668,2.6095335,seed37366.png
26.31042,3.8252773,seed37367.png
29.248053,26.685444,seed37368.png
27.054846,17.009523,seed37369.png
-23.131147,-17.911798,seed3737.png
11.777797,-38.77078,seed37370.png
-2.5228794,-17.007185,seed37371.png
8.299023,-3.1589813,seed37372.png
-21.64728,-25.414633,seed37373.png
0.16421306,-0.031428266,seed37374.png
35.37388,25.425133,seed37375.png
-12.037446,-26.234558,seed37376.png
-18.911743,-25.00621,seed37377.png
-18.080885,-18.231123,seed37378.png
-29.33015,-4.3558917,seed37379.png
0.3220069,12.839009,seed3738.png
-27.28392,16.039312,seed37380.png
12.902034,-5.783682,seed37381.png
33.84126,23.086317,seed37382.png
30.487652,3.757022,seed37383.png
7.2030973,7.165913,seed37384.png
-15.785683,-7.5096693,seed37385.png
17.990597,10.85429,seed37386.png
-8.246835,-17.684614,seed37387.png
26.082468,15.241261,seed37388.png
34.51611,11.716072,seed37389.png
-14.423227,-11.11491,seed3739.png
-15.629408,-19.157946,seed37390.png
-9.114057,-21.401115,seed37391.png
-16.829504,-27.756237,seed37392.png
33.80877,5.486572,seed37393.png
26.143847,0.20593956,seed37394.png
-24.626745,0.21911359,seed37395.png
-31.916332,3.9486227,seed37396.png
14.111411,-33.186268,seed37397.png
-30.833141,4.9293456,seed37398.png
34.796013,18.164679,seed37399.png
-22.532059,-18.670988,seed3740.png
5.589676,4.40831,seed37400.png
33.016293,12.149668,seed37401.png
12.894337,-5.5045934,seed37402.png
3.6518316,24.747925,seed37403.png
-15.962355,-21.715185,seed37404.png
21.725378,16.277458,seed37405.png
-32.3965,26.13951,seed37406.png
27.187439,4.326751,seed37407.png
-2.993577,-15.6278305,seed37408.png
6.6593065,-6.726606,seed37409.png
-15.138967,-24.495834,seed3741.png
-3.7994375,-16.905436,seed37410.png
0.6342328,-19.709358,seed37411.png
-18.16186,-29.791811,seed37412.png
-33.80438,12.430012,seed37413.png
-10.465868,-9.368445,seed37414.png
-3.6313436,3.2454867,seed37415.png
-19.543114,1.1355823,seed37416.png
21.197062,-5.6997914,seed37417.png
24.543617,0.31792888,seed37418.png
19.147005,18.00377,seed37419.png
-32.42568,16.542658,seed3742.png
23.582375,8.81469,seed37420.png
23.5928,10.029216,seed37421.png
-22.86389,3.8266995,seed37422.png
17.932407,10.193853,seed37423.png
10.220322,-8.364161,seed37424.png
-27.332214,7.8466473,seed37425.png
-0.4328142,22.19309,seed37426.png
21.002546,16.758532,seed37427.png
-23.742609,-10.011618,seed37428.png
-8.199995,-4.16776,seed37429.png
-26.04745,-20.5296,seed3743.png
33.16781,2.7443576,seed37430.png
12.1644,-4.650551,seed37431.png
2.118431,18.30365,seed37432.png
13.399354,3.0187957,seed37433.png
1.8669837,-10.662932,seed37434.png
-10.383089,-15.75989,seed37435.png
17.80153,13.033287,seed37436.png
16.84518,-5.2204514,seed37437.png
-16.25793,-23.952215,seed37438.png
-16.423494,-6.182347,seed37439.png
-21.427374,-18.58078,seed3744.png
-9.717184,-14.640226,seed37440.png
32.09154,21.832457,seed37441.png
18.135302,24.11863,seed37442.png
10.185461,-3.2556853,seed37443.png
4.5436497,11.910407,seed37444.png
6.0616794,-30.210323,seed37445.png
-33.37117,22.60074,seed37446.png
-16.425417,-5.957387,seed37447.png
38.762333,15.250991,seed37448.png
4.0570965,-27.26252,seed37449.png
-27.268839,16.600449,seed3745.png
30.91121,4.3737154,seed37450.png
17.2195,-5.7577252,seed37451.png
29.52992,28.877224,seed37452.png
10.1414995,21.93666,seed37453.png
-22.587189,14.317254,seed37454.png
-27.245138,-4.943214,seed37455.png
10.270871,14.329472,seed37456.png
-17.021852,5.5369406,seed37457.png
-14.318873,-9.84915,seed37458.png
8.56572,10.639657,seed37459.png
12.743138,-0.505085,seed3746.png
-32.931038,-9.184983,seed37460.png
1.198306,2.4145873,seed37461.png
-11.44784,-32.77053,seed37462.png
-15.730103,-19.617563,seed37463.png
28.664116,10.558418,seed37464.png
-20.712471,6.09257,seed37465.png
-29.765469,-3.833508,seed37466.png
18.408056,7.6513195,seed37467.png
8.12675,-9.54526,seed37468.png
4.5614533,17.292017,seed37469.png
-21.962484,-9.410773,seed3747.png
12.28244,21.306839,seed37470.png
-31.121258,13.3472395,seed37471.png
4.862525,-3.7663822,seed37472.png
3.6820965,-15.64945,seed37473.png
29.77819,28.031199,seed37474.png
-28.112217,9.832744,seed37475.png
15.346172,22.192703,seed37476.png
24.664099,3.919513,seed37477.png
-29.017103,-14.747321,seed37478.png
-17.15911,14.829411,seed37479.png
-9.272534,-29.420116,seed3748.png
-34.06411,15.625954,seed37480.png
-0.37355843,-13.181886,seed37481.png
22.579308,-0.6461457,seed37482.png
-9.767277,-23.28914,seed37483.png
2.3230162,-14.92266,seed37484.png
-17.98848,-26.432007,seed37485.png
15.239955,-36.88478,seed37486.png
-9.2264,-12.595167,seed37487.png
13.634991,-5.4767375,seed37488.png
11.415793,-39.39302,seed37489.png
-1.4497731,19.097359,seed3749.png
38.77773,11.267484,seed37490.png
-29.841173,6.5015388,seed37491.png
-23.859396,-12.631457,seed37492.png
2.2629046,5.1682224,seed37493.png
13.26611,25.958525,seed37494.png
-22.96266,4.7501616,seed37495.png
8.386036,11.899894,seed37496.png
-23.634045,-17.228453,seed37497.png
5.102547,18.650604,seed37498.png
5.563766,-32.834637,seed37499.png
8.318928,-29.55178,seed3750.png
-23.913248,2.4204533,seed37500.png
-11.925065,-16.842474,seed37501.png
17.399988,12.073345,seed37502.png
12.007638,21.569315,seed37503.png
-6.8432884,-9.603067,seed37504.png
12.997037,26.122858,seed37505.png
0.13210739,-16.889282,seed37506.png
-33.009464,15.718603,seed37507.png
29.764223,17.445032,seed37508.png
-27.205175,6.9703245,seed37509.png
-27.04616,7.9623957,seed3751.png
14.764034,26.911638,seed37510.png
-13.783663,-26.730785,seed37511.png
10.352677,-7.3163157,seed37512.png
-2.498534,-17.821903,seed37513.png
-21.139898,12.862182,seed37514.png
-24.377388,-7.378688,seed37515.png
-25.754217,12.856839,seed37516.png
3.4712975,-27.404081,seed37517.png
23.222889,7.129842,seed37518.png
34.461388,25.140442,seed37519.png
-8.520128,10.229754,seed3752.png
28.657898,-3.3716583,seed37520.png
30.67476,-0.35116148,seed37521.png
20.273483,-8.87017,seed37522.png
-21.124922,-16.371967,seed37523.png
-31.13933,5.833656,seed37524.png
-15.685124,-20.640379,seed37525.png
-2.33929,4.780561,seed37526.png
19.747734,11.349968,seed37527.png
13.252318,-7.73885,seed37528.png
-13.707933,6.991499,seed37529.png
-15.72249,-7.9568524,seed3753.png
-16.119963,-6.64465,seed37530.png
-25.953424,18.03851,seed37531.png
-28.190588,4.746412,seed37532.png
-5.923509,-19.93056,seed37533.png
-13.606399,-17.716225,seed37534.png
-10.710564,-15.432017,seed37535.png
12.994132,1.4379597,seed37536.png
-26.254114,-1.5483352,seed37537.png
-15.660854,-23.215542,seed37538.png
6.9334254,-40.989124,seed37539.png
37.92647,24.947702,seed3754.png
-23.267288,7.678372,seed37540.png
24.436861,10.801852,seed37541.png
28.107098,27.731821,seed37542.png
-8.580323,-10.0134325,seed37543.png
-17.719923,7.737866,seed37544.png
28.877338,27.395092,seed37545.png
9.020377,-38.866554,seed37546.png
5.6589446,-21.027775,seed37547.png
11.190253,22.119997,seed37548.png
-24.304636,19.072653,seed37549.png
-11.124199,-6.7002816,seed3755.png
28.66266,6.009492,seed37550.png
10.174342,-40.118694,seed37551.png
-14.996658,-0.562069,seed37552.png
36.79089,16.768587,seed37553.png
-18.700165,0.41849002,seed37554.png
4.362283,23.69999,seed37555.png
34.417236,23.236559,seed37556.png
22.608566,-7.57028,seed37557.png
-30.823526,16.512217,seed37558.png
-27.099026,-9.520169,seed37559.png
14.489537,-6.4048543,seed3756.png
-10.581617,-2.0940986,seed37560.png
9.572932,-36.795166,seed37561.png
30.252888,0.8151768,seed37562.png
21.148928,-4.576308,seed37563.png
-2.9120352,-6.498953,seed37564.png
-24.765545,-8.477264,seed37565.png
-23.995155,-10.025892,seed37566.png
-17.978685,-14.993792,seed37567.png
18.057476,-4.076063,seed37568.png
14.093366,-33.566216,seed37569.png
-30.660685,-14.346256,seed3757.png
-23.822405,6.993442,seed37570.png
-9.070607,-10.262156,seed37571.png
20.429565,16.215513,seed37572.png
-4.0134563,-0.44371942,seed37573.png
-17.795698,-22.672781,seed37574.png
13.429985,-11.162404,seed37575.png
17.584755,8.998166,seed37576.png
31.58025,19.631063,seed37577.png
10.1872225,-42.68484,seed37578.png
-9.703876,-16.808485,seed37579.png
9.738053,-1.9523149,seed3758.png
2.2098303,14.347488,seed37580.png
20.745876,7.287441,seed37581.png
-12.866398,-9.792262,seed37582.png
14.2608795,24.03963,seed37583.png
-26.549932,11.960418,seed37584.png
19.748734,20.770864,seed37585.png
-17.620241,-22.944115,seed37586.png
38.474625,19.149527,seed37587.png
-26.035616,-4.91147,seed37588.png
21.565691,-3.8497548,seed37589.png
16.914999,20.307499,seed3759.png
29.85424,5.8783135,seed37590.png
-30.691628,26.79186,seed37591.png
28.29402,12.010013,seed37592.png
-27.443113,-19.733358,seed37593.png
8.675621,24.043375,seed37594.png
19.44867,24.708357,seed37595.png
36.05279,18.196278,seed37596.png
1.357696,15.647883,seed37597.png
11.3135,3.5938368,seed37598.png
20.185667,13.19564,seed37599.png
14.825153,20.72432,seed3760.png
17.588356,3.173754,seed37600.png
-21.110588,-17.123968,seed37601.png
13.2668,14.982789,seed37602.png
-35.280746,-3.367822,seed37603.png
-18.370394,-29.046524,seed37604.png
3.095818,13.989533,seed37605.png
-29.262758,16.799667,seed37606.png
-23.646772,-7.8252215,seed37607.png
-6.020633,14.984673,seed37608.png
-12.096923,-12.020102,seed37609.png
9.575244,29.506254,seed3761.png
-7.801455,14.055253,seed37610.png
18.187134,-0.3102582,seed37611.png
-16.821386,-6.6059303,seed37612.png
12.925721,-39.585068,seed37613.png
32.755676,16.459194,seed37614.png
32.852108,26.637543,seed37615.png
13.2203865,2.8030846,seed37616.png
16.410746,-35.67504,seed37617.png
0.29584876,-15.680865,seed37618.png
30.34304,27.571035,seed37619.png
-31.565613,25.488361,seed3762.png
-32.66407,-4.5442805,seed37620.png
-25.73614,10.048149,seed37621.png
-31.469343,-11.794888,seed37622.png
-24.945715,-25.399227,seed37623.png
35.889908,12.14045,seed37624.png
-22.066986,14.817067,seed37625.png
-22.15577,13.892421,seed37626.png
-24.853773,-11.02374,seed37627.png
-26.057398,-3.8000233,seed37628.png
-31.906168,15.879341,seed37629.png
16.009865,7.276771,seed3763.png
-9.310151,-13.824978,seed37630.png
-0.6706266,23.690456,seed37631.png
-2.4092164,-3.2838292,seed37632.png
-17.97041,-29.999477,seed37633.png
-2.7987995,21.308819,seed37634.png
-14.012119,-24.384663,seed37635.png
-5.624268,5.8636813,seed37636.png
-24.745699,12.334129,seed37637.png
-21.101072,-11.148785,seed37638.png
-31.441858,-3.973048,seed37639.png
30.668636,3.0188658,seed3764.png
-9.451769,-21.701662,seed37640.png
12.671362,-22.346285,seed37641.png
-27.655993,-11.756276,seed37642.png
10.725662,23.78124,seed37643.png
31.517729,19.730347,seed37644.png
-5.3456697,9.581794,seed37645.png
-22.092451,12.242672,seed37646.png
-19.742928,2.3744748,seed37647.png
37.882786,21.109028,seed37648.png
-20.932062,12.20115,seed37649.png
-4.0681252,7.333645,seed3765.png
-15.368969,-3.467394,seed37650.png
5.0934424,-33.28506,seed37651.png
23.871037,-1.7179679,seed37652.png
-21.289135,-5.4151063,seed37653.png
20.940937,0.6865237,seed37654.png
-1.4396894,24.879183,seed37655.png
-16.846895,-20.955254,seed37656.png
22.121527,1.9131176,seed37657.png
4.652079,-37.062294,seed37658.png
24.649878,-6.47481,seed37659.png
16.056517,-34.683983,seed3766.png
-20.911417,8.072651,seed37660.png
25.9047,16.432604,seed37661.png
22.001764,18.131533,seed37662.png
3.5940812,15.271919,seed37663.png
37.991383,5.3549094,seed37664.png
-12.350088,-19.742706,seed37665.png
-18.879808,8.647226,seed37666.png
-36.668213,22.206446,seed37667.png
9.79739,-34.48695,seed37668.png
9.85381,-41.82745,seed37669.png
-24.983107,16.248371,seed3767.png
-30.536003,9.522301,seed37670.png
-22.901741,-12.971722,seed37671.png
4.220753,20.036526,seed37672.png
-12.76879,-1.1733367,seed37673.png
-20.542717,-29.531088,seed37674.png
22.07205,10.627398,seed37675.png
7.9628844,-38.736767,seed37676.png
22.183662,-4.2667685,seed37677.png
37.545944,11.829406,seed37678.png
-22.542425,-2.508778,seed37679.png
-21.726427,-6.2173114,seed3768.png
-10.243797,-18.928654,seed37680.png
26.500725,13.42343,seed37681.png
-25.396202,-23.5906,seed37682.png
-25.442907,-11.848974,seed37683.png
-37.57016,16.02595,seed37684.png
1.8805053,-18.23531,seed37685.png
16.288824,3.8116128,seed37686.png
-22.46216,-19.004469,seed37687.png
11.381007,-42.940224,seed37688.png
3.9529817,22.006498,seed37689.png
-5.993669,-15.008794,seed3769.png
-29.568426,11.756724,seed37690.png
11.1862955,12.566588,seed37691.png
17.928368,16.985693,seed37692.png
-0.26587018,22.218311,seed37693.png
-26.14632,7.701995,seed37694.png
-14.045377,-26.80815,seed37695.png
-16.006998,-25.226364,seed37696.png
7.377262,-32.183475,seed37697.png
-8.698483,-20.4993,seed37698.png
-19.08326,-17.237955,seed37699.png
-24.22535,4.157737,seed3770.png
-9.180304,-20.483513,seed37700.png
27.383059,14.420563,seed37701.png
8.846578,-36.585087,seed37702.png
11.260105,-30.460972,seed37703.png
40.32448,24.70876,seed37704.png
-26.358006,-2.906849,seed37705.png
-24.773527,6.407784,seed37706.png
-32.58045,19.569304,seed37707.png
30.774448,-0.3356184,seed37708.png
-15.955124,1.7008085,seed37709.png
-20.211245,-4.4534006,seed3771.png
-27.573866,-16.399765,seed37710.png
11.029372,-33.69907,seed37711.png
-22.36039,-26.7975,seed37712.png
24.380201,17.428505,seed37713.png
26.379942,7.805847,seed37714.png
14.685344,0.07995512,seed37715.png
-27.586105,-4.08047,seed37716.png
-32.94737,18.714104,seed37717.png
-24.952518,-6.53925,seed37718.png
-15.319223,3.2880096,seed37719.png
-33.00884,23.535324,seed3772.png
-15.361118,-27.21138,seed37720.png
-15.252524,-19.327839,seed37721.png
-15.238954,-10.704137,seed37722.png
32.506462,18.559395,seed37723.png
38.808205,22.73055,seed37724.png
-0.49627706,-13.664075,seed37725.png
-31.101227,10.942346,seed37726.png
7.7987494,14.701442,seed37727.png
23.056976,17.887032,seed37728.png
-13.909196,-11.093756,seed37729.png
5.0182443,16.343554,seed3773.png
-1.5003276,-17.629345,seed37730.png
-27.97007,5.348819,seed37731.png
-15.807177,-19.971819,seed37732.png
-21.836172,10.819964,seed37733.png
-0.7535586,-14.955836,seed37734.png
-25.273895,10.5327635,seed37735.png
38.713257,24.16081,seed37736.png
16.359741,-5.2721114,seed37737.png
21.927898,0.9633854,seed37738.png
-29.524414,-13.340698,seed37739.png
28.70532,21.8028,seed3774.png
10.167397,-32.927437,seed37740.png
-5.2912416,3.5872705,seed37741.png
-8.90551,-15.305492,seed37742.png
39.43206,19.262135,seed37743.png
-17.721767,-16.868784,seed37744.png
-27.591658,-1.4030342,seed37745.png
-6.4115624,-20.735441,seed37746.png
-23.534407,12.39933,seed37747.png
10.320234,-30.774353,seed37748.png
4.1070614,15.650752,seed37749.png
-29.378647,-5.227523,seed3775.png
18.824242,16.144758,seed37750.png
17.764948,26.783813,seed37751.png
-37.064182,17.480404,seed37752.png
12.388973,17.29218,seed37753.png
24.776682,20.804276,seed37754.png
22.426676,15.760003,seed37755.png
20.563301,2.2226362,seed37756.png
18.767384,16.779087,seed37757.png
-24.13918,5.194749,seed37758.png
-14.30375,-16.76171,seed37759.png
-23.771141,-26.433771,seed3776.png
-21.54388,-24.46044,seed37760.png
-10.745817,-2.7747064,seed37761.png
-21.606043,19.204836,seed37762.png
20.81561,20.605413,seed37763.png
-22.06619,-19.358606,seed37764.png
-13.7822895,-18.12535,seed37765.png
7.6585135,-9.620241,seed37766.png
35.862556,16.640717,seed37767.png
0.40917122,-14.340943,seed37768.png
31.473177,13.165075,seed37769.png
33.982143,27.659113,seed3777.png
-36.56225,11.061606,seed37770.png
-16.902756,-17.911085,seed37771.png
5.8095465,-38.211117,seed37772.png
-32.174202,-17.504194,seed37773.png
-8.946275,-14.06692,seed37774.png
-29.81975,10.922733,seed37775.png
0.26476848,13.237246,seed37776.png
-28.291367,-15.401464,seed37777.png
-16.543184,-15.436718,seed37778.png
22.05214,16.699877,seed37779.png
-18.767208,-14.12988,seed3778.png
7.3125353,13.810704,seed37780.png
-23.657879,3.1147249,seed37781.png
-18.395561,12.09013,seed37782.png
-30.779936,15.423568,seed37783.png
-31.379232,-8.173781,seed37784.png
9.526763,-43.058105,seed37785.png
-22.880894,-2.7391133,seed37786.png
-21.372604,-9.202445,seed37787.png
20.345797,6.4001765,seed37788.png
34.496933,19.452974,seed37789.png
5.7905946,-3.4159732,seed3779.png
-18.86348,-8.698122,seed37790.png
28.685232,27.56932,seed37791.png
-11.945148,-28.3105,seed37792.png
-14.862949,-22.766539,seed37793.png
38.3933,12.861054,seed37794.png
3.7230587,8.152332,seed37795.png
-20.394396,16.92784,seed37796.png
12.36203,-39.627525,seed37797.png
33.620934,15.591233,seed37798.png
5.8344345,3.7618196,seed37799.png
13.659439,-34.486973,seed3780.png
2.989309,15.121686,seed37800.png
-31.667028,22.846739,seed37801.png
13.064201,9.62605,seed37802.png
-17.994207,9.653282,seed37803.png
-28.80696,-12.633218,seed37804.png
-3.1141803,-3.2418056,seed37805.png
-21.85228,-14.397146,seed37806.png
-19.660812,-29.124338,seed37807.png
16.217918,-39.03421,seed37808.png
-24.88832,-4.330885,seed37809.png
-11.170691,2.0561051,seed3781.png
-20.391146,8.831983,seed37810.png
24.419462,21.854122,seed37811.png
38.384617,24.860983,seed37812.png
28.786697,13.153714,seed37813.png
-35.833214,16.029148,seed37814.png
3.2437034,-15.147401,seed37815.png
24.091656,20.77649,seed37816.png
-21.382328,-13.800472,seed37817.png
24.667809,8.198082,seed37818.png
16.800776,-2.013707,seed37819.png
25.46372,3.1805696,seed3782.png
-4.2993884,15.551975,seed37820.png
15.966009,-3.3357592,seed37821.png
-21.94514,-12.878828,seed37822.png
-26.387154,-8.2718935,seed37823.png
-11.306539,-14.367687,seed37824.png
11.704584,-4.1786427,seed37825.png
-12.444358,-8.21448,seed37826.png
-27.411821,16.521507,seed37827.png
12.320386,5.721192,seed37828.png
-21.239538,-17.759186,seed37829.png
-34.141266,-8.602032,seed3783.png
-11.469088,-19.34713,seed37830.png
1.1519597,4.813028,seed37831.png
10.921173,-3.6851244,seed37832.png
-14.816733,-29.032427,seed37833.png
24.680866,16.521963,seed37834.png
-26.19654,-14.858333,seed37835.png
2.8058965,4.831663,seed37836.png
-36.876827,23.816854,seed37837.png
21.588594,4.2134094,seed37838.png
1.0526459,-0.26238698,seed37839.png
-15.020009,-21.207312,seed3784.png
36.51434,27.215437,seed37840.png
22.63033,-4.533676,seed37841.png
34.949123,4.5625105,seed37842.png
14.612617,19.786797,seed37843.png
34.951527,7.716225,seed37844.png
-15.6354885,-18.774765,seed37845.png
-28.274742,-20.488012,seed37846.png
9.662337,-38.14176,seed37847.png
8.10796,-27.107725,seed37848.png
-24.339087,16.264202,seed37849.png
34.638733,18.296494,seed3785.png
23.127193,4.5325546,seed37850.png
-18.5105,-7.5432653,seed37851.png
-21.872314,-26.009256,seed37852.png
21.822693,17.71226,seed37853.png
6.2871456,25.089777,seed37854.png
41.77779,13.317379,seed37855.png
26.427221,8.1963215,seed37856.png
14.278414,-34.580112,seed37857.png
25.455183,10.695192,seed37858.png
-9.232633,-10.3923645,seed37859.png
11.405781,6.331026,seed3786.png
27.975307,11.4390955,seed37860.png
1.8085778,3.7127085,seed37861.png
20.35744,-5.5376415,seed37862.png
-22.66641,4.912622,seed37863.png
10.457476,16.888332,seed37864.png
26.050215,-4.096847,seed37865.png
32.373577,21.199965,seed37866.png
16.405033,-35.684555,seed37867.png
10.866397,-2.1505013,seed37868.png
-4.256016,-21.408642,seed37869.png
-22.78966,12.8622055,seed3787.png
-32.18027,23.748577,seed37870.png
24.93384,24.28198,seed37871.png
15.732807,-37.185467,seed37872.png
11.759977,-42.598972,seed37873.png
19.98093,-3.7385318,seed37874.png
-18.679287,-21.52663,seed37875.png
-19.429314,-11.585653,seed37876.png
6.0583973,5.764474,seed37877.png
-26.708088,9.24345,seed37878.png
22.583889,17.566833,seed37879.png
-22.368238,-27.152967,seed3788.png
-17.91318,-11.596674,seed37880.png
3.4398122,7.933802,seed37881.png
-26.845037,18.061184,seed37882.png
-13.204176,-3.2144225,seed37883.png
-4.4744654,-15.784684,seed37884.png
18.647081,-1.9290682,seed37885.png
-3.7197475,-22.62304,seed37886.png
4.882088,-35.018917,seed37887.png
-15.674567,-16.22224,seed37888.png
-21.641293,-13.900632,seed37889.png
17.088339,18.155222,seed3789.png
-0.6790952,-12.189204,seed37890.png
-25.19086,-21.25,seed37891.png
-26.949022,16.62257,seed37892.png
13.999561,23.363033,seed37893.png
23.289703,23.428383,seed37894.png
2.9380045,-3.8411903,seed37895.png
33.804863,12.117137,seed37896.png
35.652794,17.060377,seed37897.png
-33.99541,18.420622,seed37898.png
14.624329,22.272722,seed37899.png
-35.45634,16.005013,seed3790.png
29.918402,5.0306683,seed37900.png
9.186429,-25.86294,seed37901.png
6.5083504,18.952444,seed37902.png
-10.883965,-21.94345,seed37903.png
9.802098,30.022635,seed37904.png
2.700689,-29.87785,seed37905.png
7.234647,-29.764555,seed37906.png
8.150466,-2.2448266,seed37907.png
27.406658,18.877327,seed37908.png
-16.546215,13.22538,seed37909.png
8.436695,24.013796,seed3791.png
0.594715,12.124578,seed37910.png
19.24163,13.455057,seed37911.png
12.7917795,-24.29653,seed37912.png
-18.971483,2.8606133,seed37913.png
13.491689,2.3768675,seed37914.png
-18.891468,-17.101479,seed37915.png
7.679897,-27.857277,seed37916.png
-27.989683,-13.063598,seed37917.png
37.196106,21.890966,seed37918.png
-36.098637,7.9609485,seed37919.png
0.25087655,-18.593132,seed3792.png
18.19943,13.151225,seed37920.png
-17.602726,3.8719914,seed37921.png
-32.489174,-11.99777,seed37922.png
-19.968824,6.2709594,seed37923.png
-29.273048,-1.8762251,seed37924.png
-22.33104,-7.3898907,seed37925.png
10.288835,1.8506389,seed37926.png
30.88773,21.752832,seed37927.png
-25.499598,14.860651,seed37928.png
-15.455958,-31.330286,seed37929.png
-27.84966,-3.844538,seed3793.png
30.50116,21.432598,seed37930.png
10.160807,19.002472,seed37931.png
21.848177,2.4124544,seed37932.png
16.913563,-7.524384,seed37933.png
7.100804,-41.633514,seed37934.png
-13.515102,-10.096536,seed37935.png
39.184505,23.410902,seed37936.png
-0.7854773,0.2747542,seed37937.png
-5.141003,-14.500246,seed37938.png
32.047714,5.2758045,seed37939.png
1.5729504,-15.661368,seed3794.png
16.491398,-35.238647,seed37940.png
11.383778,0.53464746,seed37941.png
14.241937,21.197803,seed37942.png
39.272163,21.951365,seed37943.png
14.978834,12.055021,seed37944.png
39.892445,23.544939,seed37945.png
-15.653138,-12.254344,seed37946.png
9.032959,16.31165,seed37947.png
11.29668,-4.3033137,seed37948.png
27.684235,-2.4600163,seed37949.png
11.750186,-37.45746,seed3795.png
6.932631,0.39951548,seed37950.png
-1.3163774,24.951572,seed37951.png
9.557753,-25.497902,seed37952.png
-5.0970984,-14.385054,seed37953.png
-2.3421612,-15.971677,seed37954.png
20.597775,-3.8671694,seed37955.png
-33.259434,22.754408,seed37956.png
-15.493763,10.604539,seed37957.png
17.29545,18.726852,seed37958.png
-8.091586,12.64201,seed37959.png
-20.970772,-21.684923,seed3796.png
-24.781096,6.7880673,seed37960.png
13.19092,-6.806399,seed37961.png
36.87372,15.533991,seed37962.png
1.9243053,-10.551159,seed37963.png
-17.076426,-30.728445,seed37964.png
-27.317135,3.7222493,seed37965.png
14.446094,-39.426163,seed37966.png
-25.927557,8.502531,seed37967.png
17.160242,-4.5406075,seed37968.png
-32.45373,22.70028,seed37969.png
-31.038586,-1.9209452,seed3797.png
-33.910534,12.459838,seed37970.png
-2.2474952,-0.11424995,seed37971.png
24.98571,6.7936964,seed37972.png
-20.801132,-9.4417715,seed37973.png
-1.2284396,24.933704,seed37974.png
-32.27974,-0.3203664,seed37975.png
6.118504,-12.823539,seed37976.png
15.950544,-33.01511,seed37977.png
-20.978846,-11.714766,seed37978.png
28.12778,18.598185,seed37979.png
32.536705,9.995474,seed3798.png
10.2549305,2.4468362,seed37980.png
-3.8795955,-9.100789,seed37981.png
-20.732773,-19.150171,seed37982.png
16.616245,8.987332,seed37983.png
-25.9249,-10.486789,seed37984.png
11.734657,-42.956577,seed37985.png
-21.143394,9.30888,seed37986.png
-24.53932,7.438715,seed37987.png
-0.6084477,24.83374,seed37988.png
-24.843143,-10.359548,seed37989.png
-16.605972,-23.618296,seed3799.png
-22.937172,-5.350589,seed37990.png
14.194416,-30.757456,seed37991.png
-23.689335,-7.606395,seed37992.png
-34.160213,25.106045,seed37993.png
-18.90204,-22.214108,seed37994.png
0.3784643,20.96387,seed37995.png
-17.323164,-20.318241,seed37996.png
14.394363,27.294638,seed37997.png
11.406116,-34.001766,seed37998.png
-33.620758,8.459651,seed37999.png
-37.446983,0.7488501,seed3800.png
35.582615,8.355147,seed38000.png
-30.635168,-1.6503644,seed38001.png
-29.000788,7.1221895,seed38002.png
-1.3930337,-12.123468,seed38003.png
27.463379,18.848854,seed38004.png
37.137463,9.406476,seed38005.png
-22.917427,-24.33307,seed38006.png
-22.027931,3.802441,seed38007.png
41.004837,20.683651,seed38008.png
2.4750178,-17.851328,seed38009.png
-24.332733,6.5930834,seed3801.png
19.387112,11.062087,seed38010.png
14.948801,24.639416,seed38011.png
-0.7818291,-12.365113,seed38012.png
13.794189,27.086632,seed38013.png
-31.96396,3.0677688,seed38014.png
-32.731598,21.245043,seed38015.png
22.577839,17.479666,seed38016.png
20.936342,7.8826504,seed38017.png
3.4543502,17.83408,seed38018.png
-20.71668,-22.877125,seed38019.png
31.131903,27.093538,seed3802.png
12.687446,-11.719208,seed38020.png
0.11373099,-17.499058,seed38021.png
15.2273445,-3.0602818,seed38022.png
18.72448,-2.5538225,seed38023.png
15.9322195,9.818439,seed38024.png
22.742928,11.792077,seed38025.png
23.598375,17.218433,seed38026.png
-6.8884916,3.6911821,seed38027.png
-31.24427,24.713554,seed38028.png
7.608553,-37.75579,seed38029.png
19.028028,-6.638294,seed3803.png
-24.977776,-4.0510564,seed38030.png
-25.743273,-10.961802,seed38031.png
37.447163,10.006353,seed38032.png
26.337122,9.4329815,seed38033.png
6.9177,5.0691514,seed38034.png
-33.746555,15.016069,seed38035.png
-26.95115,19.751993,seed38036.png
-30.39229,-9.63753,seed38037.png
15.585881,-5.4393277,seed38038.png
-5.018824,-15.872307,seed38039.png
16.465986,18.193192,seed3804.png
12.544851,-40.22299,seed38040.png
12.237022,-5.3768897,seed38041.png
10.939745,24.88481,seed38042.png
40.02855,18.795563,seed38043.png
-29.720705,-5.7859664,seed38044.png
29.364622,25.724298,seed38045.png
25.642872,10.764352,seed38046.png
-18.555193,11.023401,seed38047.png
8.31938,-37.387825,seed38048.png
-25.291388,-4.1422095,seed38049.png
29.053026,16.400084,seed3805.png
-31.838463,16.812922,seed38050.png
-32.88364,-4.638308,seed38051.png
-5.6989217,-9.572518,seed38052.png
-15.244146,2.9532988,seed38053.png
-1.9160209,-5.7640004,seed38054.png
-13.276282,-21.102314,seed38055.png
33.107727,3.3318489,seed38056.png
23.83735,23.687983,seed38057.png
4.494703,-26.603079,seed38058.png
-14.176832,-0.39294437,seed38059.png
-21.159672,15.763354,seed3806.png
14.059981,22.661024,seed38060.png
4.9522276,4.055619,seed38061.png
-23.589918,7.725803,seed38062.png
-3.1357307,11.008025,seed38063.png
29.638977,0.62727916,seed38064.png
1.8906659,14.6718,seed38065.png
13.3349495,-39.6246,seed38066.png
4.833754,4.6670523,seed38067.png
9.718767,-3.232873,seed38068.png
0.022473775,-2.1188064,seed38069.png
-15.277822,-23.866488,seed3807.png
11.609051,-41.076347,seed38070.png
34.48601,23.806856,seed38071.png
16.729229,1.5337888,seed38072.png
0.25471455,-18.126572,seed38073.png
-32.337227,2.9308987,seed38074.png
10.832204,-40.42248,seed38075.png
15.529079,-33.587727,seed38076.png
20.858469,-4.1223645,seed38077.png
21.201529,1.6230384,seed38078.png
6.7849827,5.774005,seed38079.png
-7.8976593,-20.583326,seed3808.png
14.774095,-34.41233,seed38080.png
12.797312,-32.009384,seed38081.png
1.9399283,-1.6085743,seed38082.png
0.44604513,-0.36598873,seed38083.png
-18.3255,-29.607193,seed38084.png
37.03648,8.549012,seed38085.png
-19.57371,-9.405984,seed38086.png
10.242866,-10.26835,seed38087.png
-33.0337,-0.42788854,seed38088.png
15.732334,4.377012,seed38089.png
-11.36812,-24.740252,seed3809.png
-3.8811922,-24.242453,seed38090.png
-11.944414,5.3572307,seed38091.png
35.121075,14.703013,seed38092.png
-14.134611,-22.110369,seed38093.png
-12.982097,-14.695339,seed38094.png
-10.543218,-1.8077577,seed38095.png
-2.636311,1.6945406,seed38096.png
3.6151083,25.018908,seed38097.png
-30.894808,11.681951,seed38098.png
-24.05476,-2.6304302,seed38099.png
-16.935772,0.37019607,seed3810.png
-14.394564,-30.958158,seed38100.png
-8.2582655,-6.4350324,seed38101.png
-33.801838,22.775505,seed38102.png
-30.37843,8.126736,seed38103.png
19.395544,-7.30415,seed38104.png
15.182388,9.985563,seed38105.png
-33.881737,3.1244037,seed38106.png
23.006615,20.832531,seed38107.png
29.20107,11.580788,seed38108.png
18.575998,9.432901,seed38109.png
-32.603844,3.4404733,seed3811.png
30.06605,16.032127,seed38110.png
21.153454,21.81725,seed38111.png
-25.864904,-3.8048732,seed38112.png
3.6995826,11.541599,seed38113.png
-25.126501,16.71583,seed38114.png
-2.408616,24.443285,seed38115.png
-19.46148,-16.051071,seed38116.png
-12.943778,-28.551878,seed38117.png
31.449795,4.628355,seed38118.png
30.237764,10.177859,seed38119.png
31.010096,0.059954096,seed3812.png
-21.317097,-17.407694,seed38120.png
17.930975,-8.456192,seed38121.png
23.249966,21.063206,seed38122.png
-30.545017,-13.566416,seed38123.png
-21.059858,-20.685951,seed38124.png
17.406,24.177895,seed38125.png
-24.287691,13.107806,seed38126.png
30.389238,28.299248,seed38127.png
-7.381939,-9.277369,seed38128.png
-24.463255,-19.5679,seed38129.png
29.25739,6.5486364,seed3813.png
8.89254,-0.34484842,seed38130.png
32.70632,19.855711,seed38131.png
29.632439,9.029985,seed38132.png
-9.835287,11.626201,seed38133.png
-21.296974,-23.088781,seed38134.png
5.317928,0.49173895,seed38135.png
-26.350271,-14.182367,seed38136.png
-32.103657,23.305517,seed38137.png
22.833248,-2.083127,seed38138.png
1.4193833,-15.023281,seed38139.png
30.690722,6.6307826,seed3814.png
-13.856296,-29.361961,seed38140.png
29.84015,12.74052,seed38141.png
-10.627837,-23.266142,seed38142.png
-23.86679,12.759876,seed38143.png
-30.19087,4.084568,seed38144.png
-23.448097,-14.663082,seed38145.png
11.058816,-34.20945,seed38146.png
3.6849277,17.436646,seed38147.png
19.598791,17.965672,seed38148.png
12.41659,-36.560513,seed38149.png
8.022923,5.9790387,seed3815.png
-14.385624,9.799746,seed38150.png
-13.606345,-9.062401,seed38151.png
-24.239855,-4.921527,seed38152.png
-7.5669565,-4.5967793,seed38153.png
32.415554,28.13421,seed38154.png
3.6515565,3.5226765,seed38155.png
-22.413992,-19.741291,seed38156.png
-0.23119281,-14.70661,seed38157.png
-19.936825,-28.12399,seed38158.png
0.79997313,-3.3361988,seed38159.png
6.349903,-0.7506021,seed3816.png
-19.072674,-18.058151,seed38160.png
30.499863,28.786882,seed38161.png
-10.131149,-14.68745,seed38162.png
11.148284,-3.6452188,seed38163.png
-13.27849,2.1949725,seed38164.png
-20.25977,-12.201042,seed38165.png
-7.782463,1.3706758,seed38166.png
36.75158,25.033796,seed38167.png
2.718809,-1.6729562,seed38168.png
2.4159322,-29.729391,seed38169.png
-16.222076,-22.359907,seed3817.png
11.6171875,18.202698,seed38170.png
27.693562,16.507065,seed38171.png
33.937416,7.849688,seed38172.png
14.858888,-39.900864,seed38173.png
-29.852911,4.1937513,seed38174.png
12.445678,-21.983519,seed38175.png
-19.397442,9.490951,seed38176.png
38.61705,9.81934,seed38177.png
-19.977211,3.667989,seed38178.png
-17.361681,-16.524288,seed38179.png
12.006886,1.4287211,seed3818.png
6.302323,-28.112337,seed38180.png
38.316807,20.178194,seed38181.png
-1.6835477,22.554234,seed38182.png
7.497275,-4.260432,seed38183.png
11.336385,-28.554386,seed38184.png
7.5302467,16.202532,seed38185.png
31.49994,9.851647,seed38186.png
-8.010778,-24.107834,seed38187.png
-22.131086,2.6620278,seed38188.png
-0.703506,20.927938,seed38189.png
14.987707,-3.084544,seed3819.png
-17.406296,-13.084903,seed38190.png
-23.405018,0.76950276,seed38191.png
-12.90726,-19.825636,seed38192.png
24.313688,15.991931,seed38193.png
-16.047462,-29.687437,seed38194.png
9.9471245,-37.00635,seed38195.png
-7.7409453,-24.596313,seed38196.png
-1.6627009,-26.375557,seed38197.png
29.347546,26.31877,seed38198.png
35.256626,17.543734,seed38199.png
27.642433,13.349738,seed3820.png
-20.726543,13.287444,seed38200.png
25.139338,14.383243,seed38201.png
-14.980519,-30.70579,seed38202.png
-36.70619,4.923854,seed38203.png
-26.743526,13.59857,seed38204.png
-10.659353,-17.992067,seed38205.png
12.440109,11.352065,seed38206.png
-25.727276,-15.436281,seed38207.png
9.044083,-35.298756,seed38208.png
5.1180925,5.470596,seed38209.png
4.8585887,9.464957,seed3821.png
12.102747,-28.914902,seed38210.png
12.558293,-3.0216203,seed38211.png
22.400139,-1.6285506,seed38212.png
17.924116,5.042928,seed38213.png
-0.9322242,-25.990417,seed38214.png
-32.91328,18.859282,seed38215.png
19.71524,-6.7195683,seed38216.png
8.716128,-38.053818,seed38217.png
24.622879,14.941331,seed38218.png
38.128693,17.259335,seed38219.png
-1.2343311,19.056255,seed3822.png
13.156984,-31.8574,seed38220.png
6.835451,-28.662493,seed38221.png
8.213743,2.1075418,seed38222.png
0.4031562,7.85165,seed38223.png
-19.165335,-19.395472,seed38224.png
-23.584713,13.660064,seed38225.png
14.305398,-32.06923,seed38226.png
-31.923977,25.707785,seed38227.png
16.822523,-32.344826,seed38228.png
-28.542147,17.917027,seed38229.png
-8.005173,-1.6666574,seed3823.png
-22.04271,-9.702333,seed38230.png
26.480917,22.197962,seed38231.png
3.2586672,-27.10768,seed38232.png
29.49294,6.666328,seed38233.png
-25.112206,8.177297,seed38234.png
-29.569876,-2.1157076,seed38235.png
27.45914,27.114904,seed38236.png
-23.47017,8.522101,seed38237.png
-10.721177,-5.738662,seed38238.png
-34.70156,7.812167,seed38239.png
21.103765,23.001823,seed3824.png
-19.774906,12.276882,seed38240.png
-21.925634,-22.262735,seed38241.png
11.04007,15.040997,seed38242.png
21.597004,25.362713,seed38243.png
7.7903876,-2.6692014,seed38244.png
2.4690375,-13.625168,seed38245.png
18.049583,-4.513825,seed38246.png
17.109846,20.683363,seed38247.png
30.916494,7.0740333,seed38248.png
-10.926998,-10.296168,seed38249.png
12.2243805,-6.787924,seed3825.png
13.058768,-31.03101,seed38250.png
3.93397,-8.268835,seed38251.png
2.6880803,-35.865894,seed38252.png
23.987629,-0.594108,seed38253.png
-28.460484,0.23450197,seed38254.png
35.409744,8.525812,seed38255.png
-11.421902,-6.4710846,seed38256.png
-35.48372,0.23318794,seed38257.png
-0.13228297,3.3948913,seed38258.png
12.321764,-23.29821,seed38259.png
13.984308,12.601876,seed3826.png
15.40254,19.24084,seed38260.png
-9.887331,-25.785591,seed38261.png
6.162537,12.597213,seed38262.png
-22.107271,-17.027943,seed38263.png
-25.34619,-5.651435,seed38264.png
-21.717285,-2.0348659,seed38265.png
32.835133,18.415056,seed38266.png
-11.395472,-29.189608,seed38267.png
20.749594,17.790558,seed38268.png
-35.660572,20.772154,seed38269.png
-29.307732,22.372139,seed3827.png
17.283394,13.190451,seed38270.png
34.130474,16.622087,seed38271.png
-19.631535,-26.169958,seed38272.png
24.58934,8.470047,seed38273.png
-2.5987763,-1.9983966,seed38274.png
10.585452,-27.174288,seed38275.png
34.745586,26.368793,seed38276.png
40.572544,13.422243,seed38277.png
-27.189087,-20.356094,seed38278.png
38.582317,18.613348,seed38279.png
-22.090075,14.725842,seed3828.png
8.434921,7.434783,seed38280.png
34.73574,9.537942,seed38281.png
-32.29413,-4.5861077,seed38282.png
-31.13766,-1.9852315,seed38283.png
-19.9457,5.885753,seed38284.png
23.68668,-1.1592772,seed38285.png
27.0933,20.84427,seed38286.png
18.737375,12.217992,seed38287.png
-12.483247,-30.184866,seed38288.png
19.973915,-5.6215353,seed38289.png
-31.891582,11.56361,seed3829.png
3.0040734,11.98446,seed38290.png
32.74597,19.818718,seed38291.png
34.813,12.636304,seed38292.png
-21.952192,9.680517,seed38293.png
-17.696835,1.9987723,seed38294.png
5.148237,-6.3485627,seed38295.png
-19.211273,12.097795,seed38296.png
-21.126143,-16.617434,seed38297.png
-19.793867,-8.267685,seed38298.png
27.584724,2.2725108,seed38299.png
-33.83096,22.527306,seed3830.png
-34.310333,-4.124758,seed38300.png
-20.333027,-7.5370793,seed38301.png
14.500279,4.4740467,seed38302.png
-29.746088,-13.660463,seed38303.png
9.727672,12.199941,seed38304.png
-13.099505,-5.2903166,seed38305.png
-36.141674,10.007621,seed38306.png
-34.33215,7.942168,seed38307.png
-12.925144,-29.324509,seed38308.png
16.06405,-5.7650657,seed38309.png
-34.91723,-6.34224,seed3831.png
-28.821938,-12.312029,seed38310.png
-2.8641896,-12.380953,seed38311.png
-10.138549,-16.810343,seed38312.png
28.354069,4.3609967,seed38313.png
21.10312,-4.3200235,seed38314.png
-0.21563287,18.808485,seed38315.png
9.421106,-1.1605644,seed38316.png
-32.181866,13.784589,seed38317.png
-30.730135,23.225235,seed38318.png
39.25352,24.349798,seed38319.png
-34.068462,7.986211,seed3832.png
-11.643435,-16.501339,seed38320.png
5.7679315,23.921644,seed38321.png
27.063236,23.27094,seed38322.png
25.283543,18.930521,seed38323.png
-15.74764,-27.067968,seed38324.png
-26.865606,-10.167606,seed38325.png
-22.754272,5.4464636,seed38326.png
24.144316,12.019107,seed38327.png
10.856388,19.610355,seed38328.png
-26.843376,-17.477493,seed38329.png
9.744351,12.098061,seed3833.png
29.300556,29.724916,seed38330.png
11.839698,-42.108364,seed38331.png
-20.87353,-18.605663,seed38332.png
-34.22169,5.745559,seed38333.png
12.628956,-10.345449,seed38334.png
9.259596,-28.908335,seed38335.png
32.53918,28.336403,seed38336.png
8.110499,6.00763,seed38337.png
32.75218,3.771611,seed38338.png
-18.11951,-25.493244,seed38339.png
-19.159624,-17.014494,seed3834.png
-24.594332,4.5096564,seed38340.png
21.276829,-7.3927145,seed38341.png
7.1470065,-14.169022,seed38342.png
20.72965,11.365936,seed38343.png
-11.407512,-10.4498005,seed38344.png
0.78893155,-18.511702,seed38345.png
-9.486475,-5.567109,seed38346.png
29.959433,27.851135,seed38347.png
36.976196,17.830896,seed38348.png
-0.025018506,-9.6322365,seed38349.png
35.906536,16.466854,seed3835.png
18.022879,18.413239,seed38350.png
33.722786,5.934043,seed38351.png
20.052774,22.246527,seed38352.png
-31.96832,10.70344,seed38353.png
-3.7774558,-4.387479,seed38354.png
-18.878195,-1.7570156,seed38355.png
36.413063,8.258286,seed38356.png
17.29984,12.3446245,seed38357.png
-31.215414,-6.7970552,seed38358.png
4.610125,3.7596838,seed38359.png
5.1413093,-21.571718,seed3836.png
22.756836,26.37848,seed38360.png
-27.888132,8.142831,seed38361.png
-24.204815,-6.8896737,seed38362.png
38.892372,7.120187,seed38363.png
33.345318,25.74256,seed38364.png
-23.733408,-18.81858,seed38365.png
14.226369,-33.45621,seed38366.png
29.826323,22.588964,seed38367.png
24.81183,7.3895698,seed38368.png
-11.7484865,-26.928051,seed38369.png
-19.826094,-4.4884715,seed3837.png
-27.475826,-19.937819,seed38370.png
-38.891335,14.41396,seed38371.png
-35.087605,9.9074,seed38372.png
-11.5238695,-11.914024,seed38373.png
-18.663681,-24.433342,seed38374.png
38.43176,13.00682,seed38375.png
-31.54985,14.177512,seed38376.png
-14.353391,-31.13074,seed38377.png
-19.334602,-11.241963,seed38378.png
7.366891,5.279092,seed38379.png
-25.107056,-17.262701,seed3838.png
-23.888062,13.555195,seed38380.png
-8.070314,-26.623505,seed38381.png
-7.2165,-17.7025,seed38382.png
-25.311903,-2.0490417,seed38383.png
0.5353928,18.285057,seed38384.png
-25.527866,2.384298,seed38385.png
-0.74447507,2.282229,seed38386.png
9.098884,-41.54442,seed38387.png
-22.96379,-11.343167,seed38388.png
40.509636,23.529057,seed38389.png
-19.854073,-29.820127,seed3839.png
32.67487,17.317314,seed38390.png
31.420965,9.114027,seed38391.png
6.1566715,-33.97549,seed38392.png
15.083505,0.56617445,seed38393.png
-17.861568,-27.938509,seed38394.png
-13.003911,-7.9336066,seed38395.png
-16.120605,-14.191713,seed38396.png
-9.810942,-24.935654,seed38397.png
-12.342533,-14.110111,seed38398.png
36.304214,17.35976,seed38399.png
23.29755,1.3211846,seed3840.png
-21.290758,0.79008603,seed38400.png
0.95501715,-15.175413,seed38401.png
-13.148834,-22.206575,seed38402.png
-14.267837,-8.526613,seed38403.png
25.759882,13.822405,seed38404.png
29.927769,12.315106,seed38405.png
2.9691753,-20.574343,seed38406.png
12.813021,7.414689,seed38407.png
30.1548,8.232731,seed38408.png
-32.703213,20.27468,seed38409.png
6.107725,-38.29455,seed3841.png
15.88219,23.061054,seed38410.png
-15.185625,-24.018583,seed38411.png
-16.108313,-23.827044,seed38412.png
-15.822564,-23.214195,seed38413.png
12.341589,9.006474,seed38414.png
-18.69312,13.391307,seed38415.png
15.036457,-30.110361,seed38416.png
12.977055,-31.785727,seed38417.png
-32.571465,7.6154737,seed38418.png
-27.12641,17.234827,seed38419.png
-25.298826,-19.09479,seed3842.png
-25.634594,-22.12645,seed38420.png
13.799447,10.385687,seed38421.png
-3.1744583,-22.894615,seed38422.png
36.63315,21.636772,seed38423.png
-11.761327,-1.4476163,seed38424.png
-28.771217,-0.6489403,seed38425.png
11.565341,18.063896,seed38426.png
-13.985312,7.708889,seed38427.png
14.668362,1.7403419,seed38428.png
24.155504,12.514736,seed38429.png
32.840675,15.5727625,seed3843.png
7.054807,-41.23618,seed38430.png
18.828972,0.4077227,seed38431.png
5.238347,21.634077,seed38432.png
-12.248519,-22.78829,seed38433.png
27.459503,7.059368,seed38434.png
20.580729,-8.083807,seed38435.png
11.6562605,27.014513,seed38436.png
8.311084,-4.5935407,seed38437.png
-30.665323,19.14053,seed38438.png
0.61515796,19.635658,seed38439.png
32.08712,22.613745,seed3844.png
-14.877713,-8.888873,seed38440.png
1.9948783,0.09695465,seed38441.png
21.697868,16.312325,seed38442.png
-29.820612,10.946759,seed38443.png
29.603016,20.531792,seed38444.png
-21.040154,-8.030725,seed38445.png
7.6426682,12.910772,seed38446.png
12.167255,-42.24465,seed38447.png
7.0420833,-32.47995,seed38448.png
24.388258,8.850589,seed38449.png
32.681255,11.856554,seed3845.png
9.148251,-11.158146,seed38450.png
35.592335,4.528952,seed38451.png
14.011498,-2.7999413,seed38452.png
18.834618,18.679403,seed38453.png
19.733715,2.782802,seed38454.png
15.970504,12.53383,seed38455.png
4.969045,-38.95609,seed38456.png
-9.976855,-27.138552,seed38457.png
37.37493,8.670415,seed38458.png
0.805211,-4.0778575,seed38459.png
2.178479,24.716179,seed3846.png
-32.7894,3.642989,seed38460.png
-17.162548,-13.934379,seed38461.png
27.109804,3.6273458,seed38462.png
9.641625,1.2059656,seed38463.png
12.944696,-25.602283,seed38464.png
-32.56043,20.748556,seed38465.png
17.711975,3.6229963,seed38466.png
-21.595835,-23.278,seed38467.png
15.885255,19.194056,seed38468.png
17.733759,12.955,seed38469.png
4.1171083,-23.344753,seed3847.png
32.265965,9.435673,seed38470.png
-3.1316803,2.0613847,seed38471.png
31.564741,12.227424,seed38472.png
-28.884624,-13.760298,seed38473.png
-11.019783,-15.584651,seed38474.png
25.919909,15.823805,seed38475.png
-12.494655,-17.986118,seed38476.png
-14.176505,-11.328558,seed38477.png
-20.40988,-15.192373,seed38478.png
16.944897,-35.13452,seed38479.png
-0.9080488,15.128118,seed3848.png
21.512081,2.4867754,seed38480.png
-32.25141,12.003818,seed38481.png
-19.236475,-26.072718,seed38482.png
18.233389,18.53376,seed38483.png
15.013476,-2.4397817,seed38484.png
-33.201984,-11.850635,seed38485.png
-22.676311,15.729294,seed38486.png
-18.781616,-27.382616,seed38487.png
21.870556,21.489956,seed38488.png
-19.731112,-18.36142,seed38489.png
-14.648278,-3.230194,seed3849.png
8.509574,24.396833,seed38490.png
-4.4957895,-4.308559,seed38491.png
-21.41424,-19.108364,seed38492.png
4.530526,13.947513,seed38493.png
34.010586,19.025866,seed38494.png
-31.68239,4.3591676,seed38495.png
12.248612,26.66817,seed38496.png
6.0981536,6.411463,seed38497.png
-0.07564879,-23.839924,seed38498.png
9.668014,14.877763,seed38499.png
12.969587,-37.13162,seed3850.png
21.376045,-2.1365602,seed38500.png
12.372457,5.8810616,seed38501.png
-32.641983,-8.981048,seed38502.png
20.221603,26.64753,seed38503.png
16.880148,25.331648,seed38504.png
-31.699883,20.431946,seed38505.png
29.432598,26.514887,seed38506.png
-27.505533,19.251202,seed38507.png
-28.111172,13.704646,seed38508.png
-0.7409948,-12.122872,seed38509.png
37.77183,21.260597,seed3851.png
23.245493,24.650314,seed38510.png
21.394875,-5.7804165,seed38511.png
-18.809696,-27.36287,seed38512.png
-31.540365,-8.731761,seed38513.png
-17.85986,4.636719,seed38514.png
-27.315228,-9.25173,seed38515.png
-25.691309,19.137981,seed38516.png
2.7372904,-7.2543917,seed38517.png
-19.718346,5.9948244,seed38518.png
6.376207,19.64047,seed38519.png
18.948938,1.5494993,seed3852.png
-35.10087,13.676334,seed38520.png
-28.586695,9.566983,seed38521.png
-13.24776,0.16236739,seed38522.png
-23.997387,-6.8905487,seed38523.png
-10.751689,-14.613829,seed38524.png
10.838272,-34.897263,seed38525.png
-23.113832,-19.215778,seed38526.png
-22.373339,-20.655216,seed38527.png
-24.57245,18.24159,seed38528.png
25.326267,10.2072525,seed38529.png
-33.655437,11.766801,seed3853.png
11.463099,1.5972443,seed38530.png
13.823761,-28.464584,seed38531.png
-33.423714,26.132387,seed38532.png
-35.421627,7.0515466,seed38533.png
8.511718,-1.8102437,seed38534.png
13.264428,-3.5846436,seed38535.png
-0.10929015,19.140724,seed38536.png
36.832203,24.027397,seed38537.png
18.383821,-9.122771,seed38538.png
6.058131,0.5012484,seed38539.png
36.683517,17.002575,seed3854.png
-21.885303,-21.1715,seed38540.png
-36.03418,23.942028,seed38541.png
13.905708,3.6311119,seed38542.png
23.882832,8.049345,seed38543.png
12.402343,1.8428873,seed38544.png
8.689813,-26.526047,seed38545.png
9.016892,-40.35637,seed38546.png
-37.08323,21.574268,seed38547.png
-23.485403,-3.6390083,seed38548.png
-27.250221,-1.7265089,seed38549.png
8.702144,-28.799015,seed3855.png
13.821489,10.497706,seed38550.png
-33.919193,26.973043,seed38551.png
24.489992,-4.438288,seed38552.png
-32.526756,14.401442,seed38553.png
13.49313,-2.2152402,seed38554.png
-37.336018,11.043842,seed38555.png
-18.223658,2.8205197,seed38556.png
16.47576,-3.5783465,seed38557.png
-13.118079,6.48916,seed38558.png
25.502045,14.69241,seed38559.png
-13.553223,8.605694,seed3856.png
16.773327,9.97492,seed38560.png
4.0617485,5.6847363,seed38561.png
2.9382439,11.160093,seed38562.png
-17.30465,-19.564356,seed38563.png
-20.427776,11.361206,seed38564.png
30.556248,3.6926317,seed38565.png
12.217599,-23.246653,seed38566.png
-11.297247,-0.44858402,seed38567.png
-23.991354,-5.592593,seed38568.png
-18.60575,-11.7426,seed38569.png
-28.503849,15.122606,seed3857.png
41.351425,20.723272,seed38570.png
-22.186129,1.351113,seed38571.png
16.386227,-3.1176865,seed38572.png
36.599113,9.474406,seed38573.png
15.838599,-34.77513,seed38574.png
-25.23494,-13.933182,seed38575.png
-19.285503,-29.842709,seed38576.png
8.404082,-38.87652,seed38577.png
3.3917737,-28.140688,seed38578.png
-29.685385,16.510738,seed38579.png
-29.659113,22.277514,seed3858.png
6.4006405,-25.312119,seed38580.png
30.55339,17.153294,seed38581.png
-14.082345,-2.434295,seed38582.png
-14.983348,-31.682375,seed38583.png
22.68782,1.0572407,seed38584.png
-23.302483,19.43266,seed38585.png
4.365691,-2.1502464,seed38586.png
-23.03307,-15.562791,seed38587.png
-27.01982,-3.8998551,seed38588.png
-18.083817,2.1906254,seed38589.png
6.41761,-9.128554,seed3859.png
0.2596399,15.769016,seed38590.png
28.462343,13.88982,seed38591.png
5.1460643,21.069878,seed38592.png
9.685618,-11.64438,seed38593.png
12.376705,-31.336054,seed38594.png
-26.59017,-1.6992811,seed38595.png
30.076633,-0.96659786,seed38596.png
13.71453,-27.714628,seed38597.png
13.43207,-37.592823,seed38598.png
-1.4642098,23.402454,seed38599.png
29.773544,25.790024,seed3860.png
-13.139068,-18.738125,seed38600.png
-31.112425,15.995909,seed38601.png
-2.8389115,4.4700117,seed38602.png
-0.57903576,-9.934052,seed38603.png
13.545396,-40.64844,seed38604.png
-35.326054,16.30627,seed38605.png
-24.304132,-25.027584,seed38606.png
12.0833845,22.650505,seed38607.png
37.30967,12.763419,seed38608.png
22.074217,-3.5963953,seed38609.png
36.33314,14.072303,seed3861.png
18.02922,14.441905,seed38610.png
-19.90325,-4.061003,seed38611.png
7.9426155,2.4462097,seed38612.png
-18.849026,-11.497846,seed38613.png
12.108456,26.16794,seed38614.png
10.251076,-36.48414,seed38615.png
-24.45582,-3.9193373,seed38616.png
6.197475,-24.282791,seed38617.png
30.36641,18.157438,seed38618.png
27.798845,2.0546117,seed38619.png
21.50336,17.93854,seed3862.png
38.692863,14.447123,seed38620.png
28.719873,16.49959,seed38621.png
5.189553,-35.68555,seed38622.png
18.511906,-6.935201,seed38623.png
16.78099,-36.268345,seed38624.png
-1.392198,-4.668506,seed38625.png
1.2254866,11.990886,seed38626.png
25.456343,24.736422,seed38627.png
19.745132,20.087477,seed38628.png
33.236904,4.228017,seed38629.png
3.4768467,-29.881916,seed3863.png
17.940973,-4.084939,seed38630.png
-16.048206,-1.8085045,seed38631.png
-29.709888,-2.3622382,seed38632.png
-10.062778,-15.636989,seed38633.png
-33.78915,26.823288,seed38634.png
21.734371,16.341248,seed38635.png
38.066086,13.2357235,seed38636.png
-14.249193,-20.998356,seed38637.png
13.821233,-10.123863,seed38638.png
-14.179472,-14.82832,seed38639.png
30.698957,14.63953,seed3864.png
21.34667,18.826683,seed38640.png
19.443579,-3.9878492,seed38641.png
13.38442,1.3384551,seed38642.png
-15.664294,-19.91939,seed38643.png
12.0551,-33.952644,seed38644.png
19.326786,8.283023,seed38645.png
-6.717992,10.141279,seed38646.png
-27.316881,9.881778,seed38647.png
-22.818913,0.31712803,seed38648.png
7.663781,-3.1299129,seed38649.png
22.080173,20.053598,seed3865.png
20.405115,-6.8613014,seed38650.png
10.5685425,-36.43052,seed38651.png
-25.130384,-24.44898,seed38652.png
40.657326,13.7934,seed38653.png
-18.674887,-7.0827475,seed38654.png
33.73883,24.201908,seed38655.png
-16.165476,-14.539378,seed38656.png
-2.6103811,21.575079,seed38657.png
1.1937934,14.288673,seed38658.png
-7.4332004,-22.008768,seed38659.png
-18.538347,-20.471813,seed3866.png
-5.5187635,-6.358704,seed38660.png
-28.06644,-15.450656,seed38661.png
7.9270997,-40.597145,seed38662.png
-25.838009,6.123884,seed38663.png
7.1799383,0.5579286,seed38664.png
-6.012684,-0.33300152,seed38665.png
-30.53251,6.1905837,seed38666.png
-22.01612,-16.53415,seed38667.png
-20.239717,-9.878121,seed38668.png
10.214785,5.55037,seed38669.png
-16.43266,-23.856806,seed3867.png
27.682806,6.5682063,seed38670.png
8.573697,-1.8615214,seed38671.png
14.583566,24.53764,seed38672.png
-24.777363,19.304838,seed38673.png
35.797497,17.368168,seed38674.png
-6.8528223,2.2615683,seed38675.png
19.873907,-1.2525651,seed38676.png
-16.211945,3.1249995,seed38677.png
11.683953,16.562069,seed38678.png
25.600851,22.885546,seed38679.png
12.207806,-29.791216,seed3868.png
-6.4281845,-2.9194784,seed38680.png
-15.032305,-16.459953,seed38681.png
0.7380269,-8.875233,seed38682.png
21.440458,-6.7448096,seed38683.png
-17.864956,10.051758,seed38684.png
-5.3876863,-3.9447508,seed38685.png
15.188926,-30.625011,seed38686.png
-37.445484,13.848557,seed38687.png
35.860588,22.36755,seed38688.png
9.623497,11.099304,seed38689.png
11.683567,13.897685,seed3869.png
9.818555,-8.418977,seed38690.png
-13.877622,-12.462968,seed38691.png
-24.583237,-28.214895,seed38692.png
16.267586,-5.4459805,seed38693.png
7.886955,-30.123785,seed38694.png
6.2347107,-36.92632,seed38695.png
-13.855613,-8.751909,seed38696.png
15.29063,9.711984,seed38697.png
-3.0860739,-6.744688,seed38698.png
25.966923,16.696064,seed38699.png
1.4222523,14.879937,seed3870.png
29.11721,26.104675,seed38700.png
-21.572752,-17.490433,seed38701.png
28.402376,25.487135,seed38702.png
-21.62583,-16.804132,seed38703.png
-3.8808832,4.039242,seed38704.png
-14.585156,4.8722315,seed38705.png
34.041847,3.10767,seed38706.png
-2.4315143,-12.787484,seed38707.png
-23.006216,-20.308619,seed38708.png
-19.632,-15.023176,seed38709.png
-7.2121253,-11.164326,seed3871.png
-25.447159,1.8972709,seed38710.png
10.709581,-38.556618,seed38711.png
-30.648647,7.109235,seed38712.png
-1.548057,13.2646885,seed38713.png
7.9682074,0.6241978,seed38714.png
-25.253578,-26.63288,seed38715.png
-35.234882,26.396572,seed38716.png
-13.58059,-6.428267,seed38717.png
12.932482,-1.7977349,seed38718.png
-21.309395,18.920698,seed38719.png
18.790548,23.945189,seed3872.png
-19.547556,2.8534832,seed38720.png
14.226157,15.048478,seed38721.png
-26.118946,-12.268298,seed38722.png
-32.609932,8.727226,seed38723.png
0.58387697,22.63556,seed38724.png
14.30633,14.648448,seed38725.png
33.49561,7.4064674,seed38726.png
5.48377,-6.4006343,seed38727.png
-5.6144347,-4.5841017,seed38728.png
14.874133,-3.653782,seed38729.png
-18.696144,3.5298104,seed3873.png
21.07199,17.34404,seed38730.png
-20.390566,-4.8509736,seed38731.png
-19.227743,-20.358097,seed38732.png
-29.922028,20.980438,seed38733.png
13.19772,-37.058514,seed38734.png
-32.221706,22.798859,seed38735.png
-28.672825,-22.042292,seed38736.png
-18.671347,-5.1324306,seed38737.png
-23.113297,4.574344,seed38738.png
-12.296316,-18.624586,seed38739.png
-25.724722,-3.9637601,seed3874.png
-18.527924,-15.794999,seed38740.png
10.800152,14.894966,seed38741.png
-33.679615,19.113283,seed38742.png
11.230827,-1.93326,seed38743.png
-11.471204,-20.705688,seed38744.png
16.34473,2.8189323,seed38745.png
-28.533253,2.0866442,seed38746.png
24.197784,21.13237,seed38747.png
11.264146,-24.776367,seed38748.png
13.144529,-36.66052,seed38749.png
17.526882,0.18531609,seed3875.png
-1.7293371,25.192001,seed38750.png
17.49278,1.7976595,seed38751.png
6.831033,-8.94167,seed38752.png
-17.707905,-18.594896,seed38753.png
-4.0560455,-7.350076,seed38754.png
-25.336035,-9.946302,seed38755.png
-29.34131,-10.850865,seed38756.png
5.748871,2.3635526,seed38757.png
-31.683428,-0.6858823,seed38758.png
-19.52336,-21.027384,seed38759.png
-21.648571,19.784294,seed3876.png
-23.912193,-11.950015,seed38760.png
-8.049069,1.5590382,seed38761.png
11.646726,22.243784,seed38762.png
10.488796,-30.31802,seed38763.png
16.785841,28.608316,seed38764.png
26.341564,8.509355,seed38765.png
11.278154,-2.3275816,seed38766.png
-17.541319,-30.78566,seed38767.png
-19.86869,-13.973047,seed38768.png
-15.6401825,5.3333387,seed38769.png
-13.608394,-2.8579485,seed3877.png
17.456396,14.338177,seed38770.png
6.7733626,-5.1958785,seed38771.png
22.53243,22.892971,seed38772.png
34.562492,6.57211,seed38773.png
-32.58461,24.029203,seed38774.png
-20.165585,5.0457954,seed38775.png
-33.21417,26.907713,seed38776.png
19.060476,-7.416169,seed38777.png
-15.428888,-5.042759,seed38778.png
-34.78914,-0.07965128,seed38779.png
10.98975,-39.558064,seed3878.png
-34.654415,-12.97427,seed38780.png
7.7289305,20.28797,seed38781.png
-35.135918,8.682874,seed38782.png
-5.294593,13.727033,seed38783.png
-7.173359,-9.9093275,seed38784.png
39.12184,16.704777,seed38785.png
-19.434593,-26.32093,seed38786.png
14.62982,2.0060651,seed38787.png
-23.975704,-18.93557,seed38788.png
12.073177,22.039495,seed38789.png
19.057217,-2.76101,seed3879.png
13.06662,21.113235,seed38790.png
-7.6489534,-13.031696,seed38791.png
-0.32248992,14.643455,seed38792.png
-15.667065,-25.948914,seed38793.png
-9.195322,-10.915251,seed38794.png
-24.580597,8.568642,seed38795.png
-31.024685,9.1233835,seed38796.png
39.96506,15.895102,seed38797.png
4.7777443,-35.949787,seed38798.png
-13.125192,-18.671116,seed38799.png
1.264434,-26.252985,seed3880.png
24.666342,7.9187884,seed38800.png
18.964918,8.180596,seed38801.png
-34.201862,23.11689,seed38802.png
18.64831,26.012413,seed38803.png
-28.668106,2.1303203,seed38804.png
-4.52192,-1.0836025,seed38805.png
2.7282898,-27.46254,seed38806.png
-36.721283,11.100745,seed38807.png
-27.675314,12.856296,seed38808.png
0.8943117,6.3485904,seed38809.png
20.014786,20.470385,seed3881.png
-33.64782,7.76482,seed38810.png
23.784973,26.76651,seed38811.png
-22.475895,9.6450405,seed38812.png
6.707265,-22.373365,seed38813.png
20.379911,10.745732,seed38814.png
-29.118265,3.6436534,seed38815.png
35.265015,23.126513,seed38816.png
-16.359327,-11.5341215,seed38817.png
38.122257,22.872412,seed38818.png
21.267746,0.1338084,seed38819.png
-26.838802,12.026352,seed3882.png
-19.776722,9.28822,seed38820.png
-32.473774,18.499407,seed38821.png
14.875777,-35.188892,seed38822.png
-17.132708,-22.027775,seed38823.png
-14.604656,-30.14024,seed38824.png
-21.584015,9.353581,seed38825.png
-18.023537,-17.452814,seed38826.png
-2.283516,24.98182,seed38827.png
10.886642,28.686665,seed38828.png
-17.61651,4.48885,seed38829.png
18.85595,0.6424485,seed3883.png
27.918585,26.89592,seed38830.png
25.828552,13.189875,seed38831.png
-24.519564,-24.811567,seed38832.png
-32.585476,23.647676,seed38833.png
-6.500999,-24.080484,seed38834.png
-19.434984,-17.650658,seed38835.png
18.826176,0.6337132,seed38836.png
-22.203762,-1.1692345,seed38837.png
12.184889,2.2213156,seed38838.png
-17.341156,-25.58619,seed38839.png
-13.799115,0.9752071,seed3884.png
-34.666134,-6.426145,seed38840.png
3.1742373,-0.88691926,seed38841.png
-13.363057,-11.634328,seed38842.png
-11.982778,-21.163599,seed38843.png
8.407364,-31.322056,seed38844.png
-3.0513353,-12.6800995,seed38845.png
19.764902,12.500843,seed38846.png
-28.056984,-0.43630022,seed38847.png
39.397274,18.986614,seed38848.png
-29.695684,22.279118,seed38849.png
33.28209,19.198168,seed3885.png
23.089651,1.4100852,seed38850.png
30.515682,20.483534,seed38851.png
9.216113,-37.258038,seed38852.png
39.42582,10.67996,seed38853.png
-9.231514,6.7007375,seed38854.png
8.631296,1.9424214,seed38855.png
-4.181891,-5.8748612,seed38856.png
34.12148,24.91576,seed38857.png
7.4303617,-5.273544,seed38858.png
21.07902,6.298466,seed38859.png
-31.479055,17.648146,seed3886.png
11.017454,9.824102,seed38860.png
-24.021446,16.02347,seed38861.png
10.457385,-22.827715,seed38862.png
-29.35569,-7.753643,seed38863.png
26.865929,4.4251904,seed38864.png
-19.742987,-7.5899796,seed38865.png
17.271637,24.488447,seed38866.png
-27.874556,8.235439,seed38867.png
-31.766693,19.569153,seed38868.png
6.9262886,-3.7559612,seed38869.png
14.564165,-12.833666,seed3887.png
40.550144,17.91699,seed38870.png
28.491482,11.252113,seed38871.png
-11.68436,-28.193047,seed38872.png
25.236998,13.845474,seed38873.png
-26.437654,-18.58539,seed38874.png
-30.34943,3.1428783,seed38875.png
-15.500977,3.3406096,seed38876.png
-1.1209235,-4.1791086,seed38877.png
17.029137,-9.0298395,seed38878.png
14.823978,-9.8654995,seed38879.png
18.241879,4.6730156,seed3888.png
-12.733958,7.492671,seed38880.png
-2.7165983,-8.973136,seed38881.png
-3.7104275,-7.602363,seed38882.png
-6.689766,-2.3310823,seed38883.png
-21.40416,-1.5951464,seed38884.png
-31.04362,26.391481,seed38885.png
-14.403866,-12.119448,seed38886.png
14.877584,8.53467,seed38887.png
-14.27109,-15.938253,seed38888.png
-9.177301,-22.72405,seed38889.png
-26.126602,-0.31443906,seed3889.png
-12.035005,-4.475443,seed38890.png
-34.454006,1.4555346,seed38891.png
34.033623,0.055728868,seed38892.png
0.0727994,-13.467622,seed38893.png
-15.196981,-23.844345,seed38894.png
19.302423,10.944628,seed38895.png
0.2744608,-13.813735,seed38896.png
16.216583,-8.151169,seed38897.png
-11.282244,-25.13497,seed38898.png
16.529068,3.0166957,seed38899.png
-2.1747878,-5.987704,seed3890.png
-29.870432,14.545702,seed38900.png
35.476654,16.475594,seed38901.png
-23.767056,4.9552684,seed38902.png
-17.512602,-23.640205,seed38903.png
5.831347,23.40089,seed38904.png
4.007284,18.45184,seed38905.png
-20.54331,4.7671437,seed38906.png
2.4450195,17.179682,seed38907.png
-4.0580077,-13.631956,seed38908.png
27.201925,20.739216,seed38909.png
17.05697,-1.2438661,seed3891.png
-8.736136,-8.885819,seed38910.png
31.633709,-0.9899279,seed38911.png
-23.653244,3.7301748,seed38912.png
16.294281,-7.8722286,seed38913.png
-6.402804,13.364418,seed38914.png
-17.11374,-16.333954,seed38915.png
0.062386088,-14.77409,seed38916.png
-22.941483,9.154209,seed38917.png
-31.3314,6.970732,seed38918.png
-21.859468,9.417605,seed38919.png
-5.8272753,-15.739235,seed3892.png
-17.253504,-14.505919,seed38920.png
0.15816914,-14.722334,seed38921.png
9.841848,29.635643,seed38922.png
41.20773,18.180328,seed38923.png
-21.85458,3.1288075,seed38924.png
36.547085,16.86125,seed38925.png
-32.81965,11.738659,seed38926.png
15.48546,-33.816936,seed38927.png
4.0588284,-2.9014595,seed38928.png
12.264678,0.21927907,seed38929.png
21.58826,18.185379,seed3893.png
4.969784,20.873117,seed38930.png
6.892883,-0.38333705,seed38931.png
21.804827,-8.040847,seed38932.png
27.155596,18.056479,seed38933.png
-10.682549,-23.254307,seed38934.png
19.60269,-8.355396,seed38935.png
27.532307,-2.8359404,seed38936.png
3.3471851,-7.047538,seed38937.png
-16.822859,-7.377053,seed38938.png
-33.5514,23.160551,seed38939.png
-21.215343,-11.602499,seed3894.png
-32.0392,19.937212,seed38940.png
-2.300381,-16.021544,seed38941.png
-13.566008,-0.37660784,seed38942.png
11.980543,-40.889984,seed38943.png
16.094019,-4.7985444,seed38944.png
7.0732923,-8.741671,seed38945.png
6.338974,-4.9431305,seed38946.png
-26.775259,3.9173882,seed38947.png
5.206265,-0.53524697,seed38948.png
-22.53104,-17.16319,seed38949.png
-29.502285,10.578991,seed3895.png
-23.145378,14.270935,seed38950.png
-12.8799305,-15.323793,seed38951.png
10.507584,-38.569267,seed38952.png
10.335501,-2.3065932,seed38953.png
-31.331255,2.0699973,seed38954.png
-21.706717,15.009686,seed38955.png
-32.27258,-6.971423,seed38956.png
-17.470345,-30.09803,seed38957.png
12.162253,15.30239,seed38958.png
-4.9939847,-12.868563,seed38959.png
-29.487701,-18.262941,seed3896.png
-13.655571,-28.595299,seed38960.png
-33.28629,23.375647,seed38961.png
18.846441,22.448229,seed38962.png
35.825047,10.984698,seed38963.png
-35.06398,21.627098,seed38964.png
14.644982,-30.910019,seed38965.png
-25.794413,-13.049378,seed38966.png
-13.631438,-18.254028,seed38967.png
-7.738015,0.20938346,seed38968.png
38.61017,25.594007,seed38969.png
7.914145,3.0122786,seed3897.png
-13.171625,-1.9478264,seed38970.png
26.782005,23.027721,seed38971.png
19.06287,5.593451,seed38972.png
15.213609,15.963135,seed38973.png
12.401991,-41.858646,seed38974.png
-6.5513864,-24.536327,seed38975.png
-2.4033995,18.436226,seed38976.png
-31.062359,14.066167,seed38977.png
-2.699777,15.963467,seed38978.png
-20.919346,2.2350245,seed38979.png
-23.609953,-9.75176,seed3898.png
25.47205,-2.1093705,seed38980.png
-20.467697,-11.360657,seed38981.png
-7.0494366,-24.643028,seed38982.png
34.389236,17.183039,seed38983.png
13.144687,-7.951853,seed38984.png
31.39962,0.88913727,seed38985.png
17.709763,-0.5261864,seed38986.png
2.6738365,25.138872,seed38987.png
-28.12018,12.411336,seed38988.png
17.947922,10.140799,seed38989.png
18.839945,-9.841061,seed3899.png
-16.526497,-24.482292,seed38990.png
23.617308,20.93608,seed38991.png
2.5259774,15.884393,seed38992.png
-31.06587,4.6194487,seed38993.png
-31.119349,-11.563659,seed38994.png
-9.587463,-12.101008,seed38995.png
6.5356393,12.194807,seed38996.png
11.650573,-42.708035,seed38997.png
32.706554,15.668783,seed38998.png
26.548529,12.869209,seed38999.png
30.516037,6.272395,seed3900.png
-18.950829,-2.9063406,seed39000.png
10.795163,-1.2516918,seed39001.png
-27.527431,10.561588,seed39002.png
23.573603,8.231474,seed39003.png
-20.659286,-11.588897,seed39004.png
32.660965,19.284355,seed39005.png
-30.96785,14.927432,seed39006.png
7.713095,-17.657248,seed39007.png
15.279126,-33.481544,seed39008.png
-20.837454,-1.9773812,seed39009.png
-27.2318,-20.73881,seed3901.png
0.8347592,14.754301,seed39010.png
-15.631587,-31.093548,seed39011.png
-22.084658,-3.6729753,seed39012.png
7.8536015,-38.69897,seed39013.png
23.4119,1.0888841,seed39014.png
-25.937258,11.95219,seed39015.png
35.570114,13.673297,seed39016.png
-23.492493,-26.673582,seed39017.png
33.407322,13.987843,seed39018.png
15.338145,7.7448454,seed39019.png
-21.08409,-11.90466,seed3902.png
-32.779316,21.61562,seed39020.png
-22.00503,-10.197889,seed39021.png
-17.314001,0.7044901,seed39022.png
30.674124,25.963196,seed39023.png
-34.99445,2.8090239,seed39024.png
0.32411796,0.37609294,seed39025.png
19.712437,18.623755,seed39026.png
20.871292,20.409748,seed39027.png
35.592606,10.286407,seed39028.png
30.846743,-0.37446517,seed39029.png
20.503656,26.10755,seed3903.png
-5.2390304,15.684848,seed39030.png
4.959601,20.975788,seed39031.png
-24.160896,-14.49926,seed39032.png
12.796377,18.510391,seed39033.png
-28.229193,19.778873,seed39034.png
-16.407406,2.1697748,seed39035.png
-14.904516,-15.370427,seed39036.png
14.291344,24.875242,seed39037.png
-18.6242,11.685604,seed39038.png
6.0161395,4.819702,seed39039.png
5.704858,11.292898,seed3904.png
30.263725,10.567738,seed39040.png
-3.2709033,-5.1248407,seed39041.png
30.490625,22.743822,seed39042.png
-29.098444,12.260752,seed39043.png
23.503685,-0.4897234,seed39044.png
-32.03652,-6.587299,seed39045.png
23.841026,21.551317,seed39046.png
15.6154175,26.866154,seed39047.png
9.252963,-28.749163,seed39048.png
29.547186,8.2532,seed39049.png
-22.029873,-2.4293642,seed3905.png
-30.090452,14.358741,seed39050.png
17.300634,-34.969856,seed39051.png
-30.459076,-10.885534,seed39052.png
-14.377831,-6.551269,seed39053.png
20.975931,18.834097,seed39054.png
3.9821787,-28.14604,seed39055.png
-12.77522,-5.4217243,seed39056.png
-33.519592,19.655123,seed39057.png
-16.986242,-9.797812,seed39058.png
32.199978,0.7752066,seed39059.png
17.859123,16.978367,seed3906.png
0.28320518,-15.439774,seed39060.png
-17.261559,-6.484363,seed39061.png
-34.30066,16.174135,seed39062.png
-30.947111,25.832258,seed39063.png
-24.687147,-8.9085245,seed39064.png
3.85431,-29.00875,seed39065.png
5.1482897,-37.82541,seed39066.png
-30.208033,13.818793,seed39067.png
2.5566232,8.573124,seed39068.png
17.437038,-8.02024,seed39069.png
-28.724812,8.490305,seed3907.png
-2.2544172,-10.100606,seed39070.png
-16.434603,-13.854277,seed39071.png
14.936346,25.415966,seed39072.png
4.089476,9.108353,seed39073.png
35.04305,24.56135,seed39074.png
-2.8883164,-15.412071,seed39075.png
-20.981384,3.561742,seed39076.png
27.471586,18.728338,seed39077.png
1.0204626,16.658754,seed39078.png
-23.445965,-3.3343418,seed39079.png
-17.668962,3.7523475,seed3908.png
-31.838203,14.875549,seed39080.png
12.931901,-28.950771,seed39081.png
21.53507,3.6773696,seed39082.png
23.587166,-2.0647004,seed39083.png
-14.197887,1.8855282,seed39084.png
-33.173042,24.000229,seed39085.png
-23.428131,5.8765945,seed39086.png
-35.63911,13.13371,seed39087.png
-0.06308779,15.127662,seed39088.png
22.825827,9.577334,seed39089.png
-25.685808,-1.9861006,seed3909.png
31.951298,26.610401,seed39090.png
-26.292437,-11.533604,seed39091.png
-1.9550489,16.844265,seed39092.png
11.003971,-1.9466388,seed39093.png
8.914572,-29.226896,seed39094.png
31.663134,11.47066,seed39095.png
-16.00144,-9.925018,seed39096.png
15.576744,-9.105353,seed39097.png
26.621094,24.976913,seed39098.png
35.89893,22.514421,seed39099.png
-1.8987256,-17.746546,seed3910.png
6.775493,10.88596,seed39100.png
5.7796946,15.1327505,seed39101.png
30.268526,13.820739,seed39102.png
-36.259888,20.279688,seed39103.png
28.863235,0.69551075,seed39104.png
4.773068,1.4273535,seed39105.png
5.5758247,3.24541,seed39106.png
30.613512,8.801699,seed39107.png
-12.268259,-24.014223,seed39108.png
11.391488,-24.812101,seed39109.png
-32.372055,20.34631,seed3911.png
2.3745809,-10.042577,seed39110.png
5.6185737,-37.825806,seed39111.png
-0.16135481,-30.248634,seed39112.png
-15.224437,-14.953633,seed39113.png
-29.803095,-2.6659033,seed39114.png
9.45099,-41.154575,seed39115.png
-5.56533,3.50332,seed39116.png
1.9643306,-14.389295,seed39117.png
-15.194581,-28.326256,seed39118.png
-19.402336,-18.069305,seed39119.png
-33.59212,-1.2123266,seed3912.png
23.735521,12.593852,seed39120.png
-15.46215,-25.573238,seed39121.png
22.634975,3.3792026,seed39122.png
-33.636337,-0.41343346,seed39123.png
35.24144,18.463333,seed39124.png
33.23288,10.324209,seed39125.png
-11.393955,-23.176298,seed39126.png
1.9368778,8.60904,seed39127.png
-32.53734,18.147861,seed39128.png
25.773808,19.145555,seed39129.png
41.28379,16.843771,seed3913.png
15.098727,12.354725,seed39130.png
-4.095737,15.594062,seed39131.png
10.216082,19.924683,seed39132.png
-0.95600593,23.710123,seed39133.png
-11.238519,-16.761425,seed39134.png
15.722499,-31.932299,seed39135.png
10.391833,-0.63193023,seed39136.png
-13.4191475,-23.63809,seed39137.png
-22.041399,-19.924728,seed39138.png
9.032886,-12.976088,seed39139.png
-33.209614,-4.078161,seed3914.png
-10.919559,-22.297354,seed39140.png
8.816952,21.892794,seed39141.png
-12.696832,-11.427077,seed39142.png
31.814224,18.897139,seed39143.png
-18.328976,-14.877177,seed39144.png
10.4393835,-31.205105,seed39145.png
-38.246628,20.212692,seed39146.png
39.36793,14.830683,seed39147.png
22.678322,10.895069,seed39148.png
10.890222,15.025501,seed39149.png
-19.9522,-23.600143,seed3915.png
-28.851002,-17.874844,seed39150.png
9.2333765,-9.330636,seed39151.png
22.74997,8.801874,seed39152.png
10.380953,5.632973,seed39153.png
28.626143,13.485943,seed39154.png
-17.980225,-2.2713096,seed39155.png
-23.953653,15.810267,seed39156.png
-16.769463,4.567041,seed39157.png
2.3198347,14.939805,seed39158.png
12.744252,-0.7239554,seed39159.png
-2.607422,7.7171526,seed3916.png
9.351006,22.47129,seed39160.png
-19.120512,-22.683758,seed39161.png
5.6110616,2.0511787,seed39162.png
-16.447205,-4.323482,seed39163.png
-25.012007,-8.832075,seed39164.png
26.522484,12.013812,seed39165.png
0.5685288,-18.968666,seed39166.png
-12.7034855,-1.6911433,seed39167.png
31.466072,26.709135,seed39168.png
15.541935,22.788807,seed39169.png
-22.78432,-1.6030627,seed3917.png
-13.247584,-11.142902,seed39170.png
15.243949,27.125608,seed39171.png
8.845891,-38.943733,seed39172.png
-32.038567,-16.624815,seed39173.png
-12.918717,-13.000682,seed39174.png
-9.690959,-22.693594,seed39175.png
9.034541,-33.31047,seed39176.png
2.1904545,15.2627325,seed39177.png
30.833323,11.7156105,seed39178.png
-0.52874964,13.018731,seed39179.png
1.9710417,-1.9628804,seed3918.png
-0.99617857,24.947763,seed39180.png
-25.29673,-11.773999,seed39181.png
19.537374,-6.3808045,seed39182.png
18.73149,1.4717745,seed39183.png
-10.85016,-13.662947,seed39184.png
5.9849806,-38.302143,seed39185.png
15.783017,20.786173,seed39186.png
7.003488,-35.39434,seed39187.png
4.604337,-8.172044,seed39188.png
-18.44252,-18.497223,seed39189.png
-29.604803,9.521973,seed3919.png
-2.8634996,-16.402678,seed39190.png
31.614298,28.251444,seed39191.png
-14.368686,6.877663,seed39192.png
-18.979311,15.663475,seed39193.png
11.558,-34.02728,seed39194.png
23.75267,20.685493,seed39195.png
-18.22389,-6.227115,seed39196.png
19.748579,-7.7552867,seed39197.png
23.552263,0.07929573,seed39198.png
13.683442,13.817512,seed39199.png
38.062443,25.601587,seed3920.png
-8.846532,-13.8469,seed39200.png
-9.755446,3.9599967,seed39201.png
23.50326,22.581291,seed39202.png
-21.178537,-17.432522,seed39203.png
20.160479,24.090471,seed39204.png
16.843832,18.030777,seed39205.png
3.358972,2.6240754,seed39206.png
-22.789726,7.3604174,seed39207.png
26.975105,-0.2437643,seed39208.png
18.311186,24.48594,seed39209.png
-33.29079,23.02409,seed3921.png
0.3871576,20.729963,seed39210.png
2.1991198,-0.15111521,seed39211.png
8.980887,-22.184355,seed39212.png
32.71638,14.867803,seed39213.png
-12.969739,-25.177505,seed39214.png
35.7341,6.3810587,seed39215.png
-7.2899404,-23.098015,seed39216.png
-25.337664,-20.025505,seed39217.png
40.460114,19.80879,seed39218.png
5.243459,-5.2630157,seed39219.png
-1.4263355,-2.8296323,seed3922.png
-32.35675,-17.42818,seed39220.png
-0.76566815,-16.084415,seed39221.png
26.19503,20.71966,seed39222.png
17.609228,14.242928,seed39223.png
-1.3751903,14.822278,seed39224.png
0.6678279,6.6883883,seed39225.png
-33.299644,-7.0352025,seed39226.png
10.000386,-28.329739,seed39227.png
29.797842,28.897081,seed39228.png
13.046479,8.00019,seed39229.png
-31.216698,-8.599758,seed3923.png
37.47215,25.032816,seed39230.png
-9.5502205,-26.029463,seed39231.png
13.347537,2.8077257,seed39232.png
-22.28249,-12.738361,seed39233.png
30.596767,25.530706,seed39234.png
15.186035,-36.299927,seed39235.png
-11.081878,-21.815485,seed39236.png
-7.4878883,1.2131395,seed39237.png
12.832593,-34.40902,seed39238.png
16.578415,-36.948498,seed39239.png
30.242672,24.322254,seed3924.png
-20.848999,-17.267933,seed39240.png
14.590466,-32.03265,seed39241.png
28.244476,12.424523,seed39242.png
-18.34929,-7.3551145,seed39243.png
13.682821,-5.3578215,seed39244.png
35.24057,13.485028,seed39245.png
-11.484688,-28.391321,seed39246.png
-22.725824,0.3860388,seed39247.png
34.818867,26.000187,seed39248.png
25.460554,9.485905,seed39249.png
4.4793587,-36.28129,seed3925.png
11.471731,-44.205162,seed39250.png
-29.19627,-13.004619,seed39251.png
9.365829,-29.758137,seed39252.png
11.250773,-27.346327,seed39253.png
14.246575,27.965162,seed39254.png
30.656437,8.590855,seed39255.png
-21.482939,17.628092,seed39256.png
-7.601678,-7.779502,seed39257.png
-21.098667,-18.255178,seed39258.png
-22.133097,-26.316023,seed39259.png
15.991889,15.961721,seed3926.png
24.908474,2.4005494,seed39260.png
19.439571,9.542421,seed39261.png
36.069447,18.387642,seed39262.png
33.505955,29.031384,seed39263.png
37.34463,19.31448,seed39264.png
15.244542,-5.0913696,seed39265.png
-35.57177,24.292522,seed39266.png
6.810285,-27.190758,seed39267.png
35.857292,4.394233,seed39268.png
-33.315697,16.894169,seed39269.png
31.190605,9.647155,seed3927.png
-30.380486,0.8259489,seed39270.png
-21.386412,3.7658083,seed39271.png
12.772569,-34.40204,seed39272.png
4.927954,-29.744349,seed39273.png
-26.247622,14.894746,seed39274.png
-7.310542,9.292808,seed39275.png
21.071457,-2.2346015,seed39276.png
-14.44038,4.012654,seed39277.png
15.308651,-34.26383,seed39278.png
-33.895416,23.384245,seed39279.png
-16.840496,-16.247955,seed3928.png
18.924358,-2.7105062,seed39280.png
-38.196503,13.331885,seed39281.png
-15.919232,-28.485195,seed39282.png
-19.80171,-8.113902,seed39283.png
-33.6102,-6.7391396,seed39284.png
14.735793,-1.6649252,seed39285.png
-12.20903,-24.60495,seed39286.png
33.38309,19.015394,seed39287.png
18.719017,1.2494121,seed39288.png
37.84416,8.234591,seed39289.png
-18.764772,17.19571,seed3929.png
16.12286,11.400152,seed39290.png
-18.737375,-3.5326586,seed39291.png
19.534445,-6.598998,seed39292.png
-14.330581,6.4118714,seed39293.png
33.68009,23.875244,seed39294.png
25.110865,8.853783,seed39295.png
-2.457278,14.383144,seed39296.png
39.156235,23.01143,seed39297.png
-22.2389,-23.784357,seed39298.png
-30.751465,3.8175201,seed39299.png
9.336711,-38.739853,seed3930.png
37.08674,13.25155,seed39300.png
10.932151,26.580082,seed39301.png
-21.63913,-10.517168,seed39302.png
14.9762335,-9.482421,seed39303.png
21.40058,8.990282,seed39304.png
-26.725502,10.150465,seed39305.png
-19.04755,4.0531154,seed39306.png
-3.193631,-17.303259,seed39307.png
-32.49064,23.184454,seed39308.png
-9.542798,-20.055056,seed39309.png
-36.626865,22.989323,seed3931.png
37.38505,21.622005,seed39310.png
-32.056408,-7.3872256,seed39311.png
23.287737,-4.8401184,seed39312.png
33.09097,22.296162,seed39313.png
-21.790873,7.8439054,seed39314.png
-10.979375,-20.560043,seed39315.png
-29.61814,12.567049,seed39316.png
-13.256712,-17.804026,seed39317.png
30.416103,3.3743327,seed39318.png
-28.835709,16.889315,seed39319.png
-21.075853,-6.9024158,seed3932.png
17.361246,0.62936956,seed39320.png
-11.510576,-3.363569,seed39321.png
11.095706,3.650116,seed39322.png
-29.74914,20.784126,seed39323.png
6.0597754,20.341179,seed39324.png
-25.15841,-16.595928,seed39325.png
-7.4826946,-22.881643,seed39326.png
-28.988031,1.3413798,seed39327.png
33.488068,25.862616,seed39328.png
-24.720758,-20.371717,seed39329.png
16.432234,27.374504,seed3933.png
18.32447,-3.7271183,seed39330.png
-29.315542,-11.74578,seed39331.png
-16.675041,-5.506481,seed39332.png
-3.9011452,16.210922,seed39333.png
15.846602,27.834263,seed39334.png
-5.125674,19.003471,seed39335.png
9.857156,26.45923,seed39336.png
35.947044,21.672832,seed39337.png
14.028356,1.1773351,seed39338.png
-8.21955,-4.7463284,seed39339.png
19.371315,9.659505,seed3934.png
23.903444,8.667677,seed39340.png
-29.121058,16.38791,seed39341.png
-2.7587664,-17.233477,seed39342.png
20.720102,24.517635,seed39343.png
-22.641098,-20.65909,seed39344.png
-4.4342628,5.309505,seed39345.png
-12.72342,-15.210332,seed39346.png
-1.5013847,4.879492,seed39347.png
19.825382,-2.4997792,seed39348.png
4.4150867,9.94846,seed39349.png
-8.752262,-3.86528,seed3935.png
0.44715247,19.724863,seed39350.png
-21.771084,-24.018635,seed39351.png
-17.257416,-1.0451419,seed39352.png
-21.759966,11.50586,seed39353.png
1.8978177,16.523516,seed39354.png
-14.933561,-19.634888,seed39355.png
-12.802737,-2.490277,seed39356.png
12.823888,-5.4974566,seed39357.png
15.65596,11.334269,seed39358.png
18.009043,-6.993876,seed39359.png
-26.057573,15.70671,seed3936.png
28.678213,11.154156,seed39360.png
6.204885,0.8819444,seed39361.png
-19.410645,0.52589196,seed39362.png
-31.38147,-9.133105,seed39363.png
10.286888,-36.839878,seed39364.png
9.605126,16.210258,seed39365.png
-8.445485,-17.227001,seed39366.png
-30.758553,16.100454,seed39367.png
24.94277,-3.6463811,seed39368.png
22.840834,-7.782998,seed39369.png
11.005932,-1.6808981,seed3937.png
-20.908495,-14.604216,seed39370.png
-8.749778,-23.618303,seed39371.png
32.431557,24.336456,seed39372.png
29.801804,10.26167,seed39373.png
-12.52103,-20.84102,seed39374.png
37.331093,22.40898,seed39375.png
38.135056,21.893175,seed39376.png
-26.440279,12.202858,seed39377.png
-9.849937,-12.677786,seed39378.png
-24.710552,-12.484543,seed39379.png
-17.456896,3.3168297,seed3938.png
-5.949257,-19.78104,seed39380.png
-17.89578,7.69189,seed39381.png
12.248222,-33.24779,seed39382.png
6.0939484,-5.7353034,seed39383.png
-22.638721,8.374233,seed39384.png
-13.168461,-14.037945,seed39385.png
10.43183,-35.809933,seed39386.png
27.110397,-0.06464777,seed39387.png
-29.557789,13.440408,seed39388.png
0.5683015,-1.2706485,seed39389.png
-8.878188,-0.26994923,seed3939.png
6.9608283,8.535109,seed39390.png
3.542478,17.105822,seed39391.png
37.09853,7.3606987,seed39392.png
-24.482603,-4.7327256,seed39393.png
-3.5565588,-1.2816658,seed39394.png
-5.0452533,-0.38973594,seed39395.png
4.519771,-13.993035,seed39396.png
-24.980368,-0.79013973,seed39397.png
-7.0516224,-27.8966,seed39398.png
26.069431,10.77122,seed39399.png
14.936174,22.790102,seed3940.png
-2.5289974,-13.97084,seed39400.png
-8.817879,-8.121161,seed39401.png
-19.368664,-12.4550085,seed39402.png
-22.38293,-19.816612,seed39403.png
-19.160484,-28.323929,seed39404.png
-24.49378,-5.1562314,seed39405.png
4.594553,0.11391808,seed39406.png
8.833484,-40.661564,seed39407.png
5.168013,-4.4620295,seed39408.png
16.701216,-3.6919456,seed39409.png
2.3591256,23.053362,seed3941.png
-30.80598,26.22997,seed39410.png
-21.8735,-23.19208,seed39411.png
-18.679253,-29.353638,seed39412.png
-24.723524,14.93369,seed39413.png
9.433163,-36.45058,seed39414.png
5.747687,-6.3394375,seed39415.png
18.730207,23.963963,seed39416.png
21.785162,-4.241619,seed39417.png
-31.304457,-7.5153375,seed39418.png
-9.035575,-19.409489,seed39419.png
15.862663,-1.5621582,seed3942.png
2.4147246,-12.762816,seed39420.png
-0.44715422,14.364494,seed39421.png
0.5815253,-19.076876,seed39422.png
-18.869562,-1.2501814,seed39423.png
-24.23198,-3.4692504,seed39424.png
9.681469,-8.052491,seed39425.png
19.282568,5.356825,seed39426.png
-40.074192,14.821216,seed39427.png
18.891262,8.018166,seed39428.png
-13.756772,4.17267,seed39429.png
14.822596,-4.2845564,seed3943.png
-30.865515,0.76192486,seed39430.png
-13.613821,-26.664091,seed39431.png
5.5345664,23.637934,seed39432.png
-3.445185,-13.944004,seed39433.png
3.4423718,-0.889768,seed39434.png
-0.32548133,-18.936518,seed39435.png
-34.65916,22.02931,seed39436.png
-31.07433,-7.1586556,seed39437.png
12.102011,-39.325237,seed39438.png
-3.1625376,-10.149926,seed39439.png
-6.887338,-19.776165,seed3944.png
34.385017,25.840584,seed39440.png
20.783224,6.625662,seed39441.png
-16.467945,-28.633389,seed39442.png
19.65092,2.8707762,seed39443.png
11.054547,-25.892723,seed39444.png
-24.377686,3.078424,seed39445.png
22.609798,-3.0781472,seed39446.png
-31.066944,-3.560304,seed39447.png
-30.072647,16.869083,seed39448.png
18.341223,1.4681296,seed39449.png
16.080215,-1.0235602,seed3945.png
9.709567,4.264632,seed39450.png
-18.798225,-12.216102,seed39451.png
-23.749777,1.3762518,seed39452.png
-26.260426,17.642687,seed39453.png
13.307558,-31.35331,seed39454.png
-32.496834,-12.49131,seed39455.png
17.117529,21.156494,seed39456.png
-24.531584,-5.8890347,seed39457.png
4.488191,-7.174839,seed39458.png
4.709926,-2.5087023,seed39459.png
-22.694012,-15.977267,seed3946.png
12.048637,-30.50119,seed39460.png
4.319443,3.6649945,seed39461.png
3.4140935,19.081505,seed39462.png
6.7090683,-25.983425,seed39463.png
38.723038,15.175863,seed39464.png
-22.056936,15.6299,seed39465.png
-34.462147,27.537342,seed39466.png
-14.625663,-4.1046824,seed39467.png
-30.22726,20.497961,seed39468.png
-15.337585,-6.905426,seed39469.png
16.201525,9.87605,seed3947.png
4.912188,15.179624,seed39470.png
-20.21316,11.802433,seed39471.png
-32.17964,-9.221853,seed39472.png
23.663572,18.812027,seed39473.png
22.76198,-0.65331054,seed39474.png
-0.35076705,14.638206,seed39475.png
11.783936,1.7794536,seed39476.png
34.3843,13.25687,seed39477.png
11.760299,-36.98511,seed39478.png
21.019678,27.678139,seed39479.png
19.702957,26.273388,seed3948.png
-35.85639,26.722006,seed39480.png
12.615462,-27.414833,seed39481.png
9.170693,13.321272,seed39482.png
-16.06548,-23.051584,seed39483.png
-32.086254,17.878832,seed39484.png
-22.288267,10.136631,seed39485.png
10.004905,-39.11955,seed39486.png
16.333216,27.14077,seed39487.png
36.438755,13.580633,seed39488.png
-26.559086,-14.899046,seed39489.png
-13.486826,-14.454562,seed3949.png
22.706194,9.773358,seed39490.png
12.474826,-23.010035,seed39491.png
17.375555,26.762253,seed39492.png
2.6658683,-1.696458,seed39493.png
-6.0562534,-9.901789,seed39494.png
19.518826,-6.672161,seed39495.png
-24.460606,19.933691,seed39496.png
-16.240122,-15.909547,seed39497.png
-8.834725,-7.303289,seed39498.png
-13.75627,-0.88394606,seed39499.png
-22.289085,-25.889862,seed3950.png
-21.974083,0.9372291,seed39500.png
-20.544748,-18.402058,seed39501.png
-9.830371,-23.388838,seed39502.png
4.4650097,9.903727,seed39503.png
28.991459,1.7329009,seed39504.png
-14.704108,-4.530525,seed39505.png
5.970609,25.004263,seed39506.png
2.9574049,-17.253859,seed39507.png
-17.358013,-11.020663,seed39508.png
-26.629921,-0.22923973,seed39509.png
-27.465084,-8.36017,seed3951.png
32.264145,12.845893,seed39510.png
-31.296114,16.059137,seed39511.png
9.39719,0.75749856,seed39512.png
-29.343092,16.383265,seed39513.png
-0.7127986,-14.652609,seed39514.png
-0.47749734,-17.48776,seed39515.png
7.8097825,18.41946,seed39516.png
23.071276,-0.3204975,seed39517.png
-30.582594,-4.2275906,seed39518.png
25.673206,2.1808734,seed39519.png
12.485443,1.3474966,seed3952.png
11.685116,-42.862762,seed39520.png
-29.052532,17.950928,seed39521.png
11.371328,-43.00873,seed39522.png
-3.0862732,5.051894,seed39523.png
-29.851883,-8.3844385,seed39524.png
-25.170181,-1.2454126,seed39525.png
-18.07397,7.7386107,seed39526.png
-5.7926083,-24.854761,seed39527.png
-0.5835434,-19.171043,seed39528.png
5.496127,10.34338,seed39529.png
22.014248,-1.6600126,seed3953.png
-15.662318,-30.33972,seed39530.png
18.012032,-5.184788,seed39531.png
36.24784,21.393627,seed39532.png
-20.822847,7.632255,seed39533.png
-25.885637,-2.9162307,seed39534.png
-4.280777,0.62110084,seed39535.png
15.450922,-40.142136,seed39536.png
35.322815,9.655913,seed39537.png
22.665516,11.967093,seed39538.png
9.496499,-39.610973,seed39539.png
-37.815754,13.177798,seed3954.png
-9.635713,-28.157421,seed39540.png
33.960827,3.7695076,seed39541.png
18.263262,26.49404,seed39542.png
35.005238,21.47566,seed39543.png
-18.55641,-30.81101,seed39544.png
18.672337,18.910614,seed39545.png
27.919151,23.381748,seed39546.png
-19.984236,-17.530605,seed39547.png
3.8262753,14.540855,seed39548.png
-11.953121,-26.515905,seed39549.png
-18.557566,-7.3697004,seed3955.png
25.582851,11.36108,seed39550.png
-0.9248953,-17.741343,seed39551.png
-1.6906148,-14.727795,seed39552.png
16.758337,6.3746934,seed39553.png
-35.999214,8.972342,seed39554.png
-30.862967,19.417171,seed39555.png
-32.868183,19.726992,seed39556.png
17.046085,-10.521754,seed39557.png
-11.714845,-6.408046,seed39558.png
-27.293753,3.1035395,seed39559.png
-2.9675746,-3.9581232,seed3956.png
-29.981367,-18.643309,seed39560.png
16.70747,-6.158251,seed39561.png
-5.1518855,-14.716706,seed39562.png
12.188296,-34.666862,seed39563.png
-37.233055,13.240605,seed39564.png
-12.674285,-2.8374588,seed39565.png
-20.12414,-15.927444,seed39566.png
31.932785,18.433279,seed39567.png
-13.340728,-6.6490335,seed39568.png
-26.848305,19.389843,seed39569.png
-28.137682,-11.532985,seed3957.png
-17.858624,-23.27025,seed39570.png
-20.814442,18.862814,seed39571.png
-26.837856,16.53186,seed39572.png
9.354594,-7.5449295,seed39573.png
-33.819077,26.828325,seed39574.png
-35.376167,7.942432,seed39575.png
42.399418,22.132734,seed39576.png
-27.10974,-13.802068,seed39577.png
-5.6422524,-10.9315405,seed39578.png
-19.59705,7.2974353,seed39579.png
-26.160728,8.468472,seed3958.png
-36.59616,23.984163,seed39580.png
10.103294,24.726242,seed39581.png
-16.243505,-18.18849,seed39582.png
31.546942,6.382378,seed39583.png
20.690462,3.5405853,seed39584.png
-3.571583,-23.772676,seed39585.png
-26.139652,-10.802108,seed39586.png
23.068928,16.211065,seed39587.png
12.057744,10.72141,seed39588.png
-18.281424,-19.705307,seed39589.png
8.077,-35.198727,seed3959.png
-18.744093,7.5326853,seed39590.png
-7.507617,-8.262127,seed39591.png
29.513475,18.024961,seed39592.png
-27.260244,-13.117381,seed39593.png
-19.603886,5.0775995,seed39594.png
8.592422,24.398344,seed39595.png
0.85774416,20.31614,seed39596.png
32.76621,10.65164,seed39597.png
-5.993415,-18.085226,seed39598.png
-0.6778847,8.978685,seed39599.png
4.3396144,22.692482,seed3960.png
-23.453938,16.540836,seed39600.png
9.260277,-36.597813,seed39601.png
33.195827,17.990614,seed39602.png
-19.829245,18.862411,seed39603.png
-21.864258,3.8375695,seed39604.png
-20.276075,3.9907417,seed39605.png
11.140189,23.566174,seed39606.png
-29.40948,6.046102,seed39607.png
-18.94208,-30.898155,seed39608.png
-21.60119,0.60513437,seed39609.png
9.132061,-2.5604703,seed3961.png
-17.156927,7.782657,seed39610.png
-33.922016,18.53651,seed39611.png
33.01765,5.548082,seed39612.png
-27.916355,-12.387193,seed39613.png
37.660168,23.732882,seed39614.png
16.603954,1.6823565,seed39615.png
8.863413,-12.485031,seed39616.png
11.131774,-42.521122,seed39617.png
-11.934192,-4.649067,seed39618.png
-20.064505,-4.905084,seed39619.png
12.061559,26.714119,seed3962.png
11.392848,11.67008,seed39620.png
10.518083,-5.9283714,seed39621.png
-26.19647,-1.0264306,seed39622.png
-11.8128805,-12.788072,seed39623.png
-24.598137,18.879045,seed39624.png
11.623702,-29.194168,seed39625.png
-14.282836,-23.162565,seed39626.png
3.2797117,10.760437,seed39627.png
-28.82359,7.486379,seed39628.png
-13.34131,-23.284424,seed39629.png
38.858948,15.032621,seed3963.png
0.88480645,-15.433718,seed39630.png
-14.997321,-30.582312,seed39631.png
1.9474541,24.718494,seed39632.png
33.153076,13.879776,seed39633.png
20.940447,24.035301,seed39634.png
5.9504,2.5399725,seed39635.png
18.998863,5.32423,seed39636.png
-23.064146,-25.209755,seed39637.png
-21.557396,18.990274,seed39638.png
-34.503536,15.299472,seed39639.png
-19.34415,-1.9357551,seed3964.png
-32.118874,6.7610316,seed39640.png
-23.276339,-25.183865,seed39641.png
-9.920082,-24.700386,seed39642.png
-18.543732,-10.136623,seed39643.png
-29.77559,-9.613504,seed39644.png
-23.584064,-0.62600744,seed39645.png
21.799492,25.273708,seed39646.png
-32.668602,13.658069,seed39647.png
13.39346,-37.59288,seed39648.png
-2.9564173,-11.342923,seed39649.png
-21.034338,1.0451716,seed3965.png
-34.79714,-4.3306203,seed39650.png
-21.513527,-17.220703,seed39651.png
-0.73098874,-16.701551,seed39652.png
14.56215,-5.827714,seed39653.png
26.69265,23.73496,seed39654.png
-25.83905,-14.46094,seed39655.png
4.7942643,-0.33305585,seed39656.png
5.3241816,-3.6719635,seed39657.png
-25.557785,5.696624,seed39658.png
3.5386953,-25.018255,seed39659.png
-34.03752,18.09659,seed3966.png
6.370819,-22.67848,seed39660.png
0.082326464,18.916134,seed39661.png
25.601671,6.4652557,seed39662.png
10.49873,-21.431799,seed39663.png
-20.874426,7.433718,seed39664.png
10.535146,9.252288,seed39665.png
37.77451,19.876947,seed39666.png
-15.394974,-19.403864,seed39667.png
8.720542,8.96281,seed39668.png
13.6380625,-36.482296,seed39669.png
19.382156,-9.192396,seed3967.png
-21.606382,17.028664,seed39670.png
16.608711,-6.725365,seed39671.png
1.4418343,2.9734135,seed39672.png
-31.54414,17.874617,seed39673.png
-30.452814,15.853114,seed39674.png
-27.152212,14.533212,seed39675.png
-22.378492,15.1919775,seed39676.png
-10.472809,10.753574,seed39677.png
-30.223904,-17.102535,seed39678.png
14.108657,-32.1117,seed39679.png
-14.912707,-29.17428,seed3968.png
22.647314,15.894096,seed39680.png
22.751228,20.322882,seed39681.png
-1.278097,24.21787,seed39682.png
38.067093,21.323668,seed39683.png
24.256004,16.525576,seed39684.png
-34.80466,24.244608,seed39685.png
-1.8106233,19.973131,seed39686.png
31.169788,9.366953,seed39687.png
-23.085289,12.7107115,seed39688.png
-28.863981,-10.167215,seed39689.png
-17.738695,-19.72779,seed3969.png
1.5494819,-2.5570512,seed39690.png
-4.609873,-11.001163,seed39691.png
-36.300694,23.769796,seed39692.png
-22.950071,18.724525,seed39693.png
16.858719,-8.377223,seed39694.png
-27.797606,12.440659,seed39695.png
5.0610166,21.802643,seed39696.png
10.2975235,-39.156345,seed39697.png
-32.111477,23.934732,seed39698.png
5.431929,-15.313865,seed39699.png
33.746254,7.898363,seed3970.png
-17.499235,6.165245,seed39700.png
12.604595,-35.82376,seed39701.png
21.429602,3.276465,seed39702.png
11.973273,2.725773,seed39703.png
13.7697,-40.015232,seed39704.png
35.91592,16.539518,seed39705.png
-16.682415,-30.75488,seed39706.png
-33.400455,0.8126115,seed39707.png
22.915045,-6.925064,seed39708.png
-26.538483,10.886064,seed39709.png
31.40065,3.6943507,seed3971.png
-15.258198,-15.744385,seed39710.png
23.45664,12.812289,seed39711.png
-30.972824,-6.851209,seed39712.png
9.067367,-2.5104382,seed39713.png
36.584564,15.028587,seed39714.png
24.154873,6.005413,seed39715.png
22.444695,22.197245,seed39716.png
-20.178915,1.8747554,seed39717.png
11.59353,20.121838,seed39718.png
-7.672615,2.6097977,seed39719.png
-8.027917,11.617149,seed3972.png
14.689553,24.590364,seed39720.png
32.247852,6.5968,seed39721.png
33.842434,12.305162,seed39722.png
9.909503,14.812428,seed39723.png
-13.804745,-16.13055,seed39724.png
29.54457,14.985248,seed39725.png
-15.2028475,-16.338024,seed39726.png
-1.3542521,24.683458,seed39727.png
-17.088789,-20.808352,seed39728.png
23.918072,-4.3424377,seed39729.png
-5.3834233,-12.177466,seed3973.png
30.143871,9.9752035,seed39730.png
-14.6789055,-13.06348,seed39731.png
-20.552572,16.42395,seed39732.png
9.749995,-33.983234,seed39733.png
18.354183,9.983891,seed39734.png
5.611833,-8.278182,seed39735.png
-34.889793,26.44047,seed39736.png
-17.026793,-17.386377,seed39737.png
-21.833357,-7.28812,seed39738.png
10.254109,16.681614,seed39739.png
4.8333044,-10.302292,seed3974.png
-1.7357943,-11.608408,seed39740.png
-19.641449,0.2143718,seed39741.png
7.3601947,-26.774483,seed39742.png
20.625744,19.970406,seed39743.png
-31.435976,8.729602,seed39744.png
30.907984,25.558186,seed39745.png
14.673672,26.61986,seed39746.png
-24.683525,-11.483637,seed39747.png
-5.9996667,-0.18939243,seed39748.png
13.778272,22.747274,seed39749.png
-7.6461163,-7.0208383,seed3975.png
-18.501614,3.023659,seed39750.png
-20.653952,-21.133389,seed39751.png
-13.231002,-13.759416,seed39752.png
-32.458935,24.302755,seed39753.png
-25.688635,12.669131,seed39754.png
-18.35524,-22.179827,seed39755.png
18.521154,17.915817,seed39756.png
-19.347824,-22.383768,seed39757.png
18.53775,12.448331,seed39758.png
-21.114544,19.401266,seed39759.png
-11.802991,-3.5500488,seed3976.png
3.43303,11.808607,seed39760.png
9.103353,-34.37774,seed39761.png
12.592765,3.8634846,seed39762.png
-18.927639,-21.016474,seed39763.png
-33.242775,17.11434,seed39764.png
-5.231836,-6.298293,seed39765.png
-5.0634212,-12.435315,seed39766.png
-30.302536,18.841337,seed39767.png
13.265573,-38.552937,seed39768.png
-17.207754,-22.614706,seed39769.png
18.480131,25.325817,seed3977.png
27.811094,11.995322,seed39770.png
-20.309696,-14.925176,seed39771.png
32.99459,5.8449826,seed39772.png
28.02328,-0.19876866,seed39773.png
26.628046,5.0655813,seed39774.png
27.0821,15.037451,seed39775.png
-33.286602,-12.126047,seed39776.png
-27.31744,-5.4878306,seed39777.png
26.307934,9.443748,seed39778.png
-19.620373,1.9932985,seed39779.png
6.0332127,-29.345604,seed3978.png
11.465474,-32.99294,seed39780.png
-28.539358,-9.227645,seed39781.png
36.370384,3.580216,seed39782.png
0.9059557,-23.146883,seed39783.png
-31.739279,9.969909,seed39784.png
-19.597008,-22.029722,seed39785.png
32.07836,13.586292,seed39786.png
24.439857,23.67825,seed39787.png
17.444925,-5.5131235,seed39788.png
28.236588,-0.12089249,seed39789.png
-4.173385,-14.439053,seed3979.png
-14.976465,-20.02955,seed39790.png
14.449099,-35.36147,seed39791.png
4.651443,-31.219376,seed39792.png
-15.72741,-22.507082,seed39793.png
37.22708,15.147298,seed39794.png
-22.090113,-9.211336,seed39795.png
-30.853281,-13.416787,seed39796.png
0.013829223,-10.414423,seed39797.png
22.829884,21.402027,seed39798.png
30.871792,12.631081,seed39799.png
-34.16608,12.184062,seed3980.png
-4.3545165,4.65706,seed39800.png
-26.92305,13.244555,seed39801.png
26.847235,0.3116261,seed39802.png
1.4906272,-1.2136978,seed39803.png
12.342551,1.4875121,seed39804.png
4.032174,-26.235153,seed39805.png
-10.498685,-20.948006,seed39806.png
-19.827188,-12.667247,seed39807.png
8.669695,-35.78638,seed39808.png
-23.142113,-11.126964,seed39809.png
-6.8684244,5.4413185,seed3981.png
5.920017,-26.296572,seed39810.png
31.510159,18.286879,seed39811.png
-4.3576746,-8.662691,seed39812.png
-4.792398,-18.51726,seed39813.png
-34.601803,18.09769,seed39814.png
-13.424711,-18.846128,seed39815.png
5.4507756,17.090214,seed39816.png
-29.385952,4.157386,seed39817.png
5.1277623,8.579414,seed39818.png
20.661587,27.214106,seed39819.png
6.287924,-33.868736,seed3982.png
8.367842,-0.27112204,seed39820.png
5.0979524,-39.83081,seed39821.png
-22.675901,-3.817122,seed39822.png
-12.693484,-24.762243,seed39823.png
-12.21921,-9.670061,seed39824.png
-32.83455,23.385412,seed39825.png
10.24018,-33.196705,seed39826.png
11.615011,-38.225853,seed39827.png
-19.027727,-18.367102,seed39828.png
6.7711716,-35.06427,seed39829.png
34.36572,10.90512,seed3983.png
-24.25017,-4.1487064,seed39830.png
-27.606236,1.2267414,seed39831.png
-26.21561,17.21983,seed39832.png
7.32919,8.318867,seed39833.png
-24.320293,0.43047282,seed39834.png
-7.9468393,-25.950642,seed39835.png
-25.800144,8.594889,seed39836.png
37.12742,9.847795,seed39837.png
-18.199331,-28.440895,seed39838.png
-25.192816,13.185762,seed39839.png
18.344297,27.262451,seed3984.png
30.821821,26.55569,seed39840.png
-24.138973,11.393081,seed39841.png
-21.05542,-4.1665173,seed39842.png
-0.5491913,-3.2418344,seed39843.png
-15.589973,-24.09623,seed39844.png
38.49219,11.224546,seed39845.png
34.783268,19.352612,seed39846.png
-18.039993,0.16940323,seed39847.png
17.898691,2.1753757,seed39848.png
-11.8852215,-21.05371,seed39849.png
10.62808,-2.7481089,seed3985.png
-20.974016,-13.748072,seed39850.png
3.2836084,21.337103,seed39851.png
-16.639156,3.9562638,seed39852.png
17.41188,-7.063697,seed39853.png
24.428093,13.707923,seed39854.png
-4.9300985,-16.143354,seed39855.png
-30.033241,23.11417,seed39856.png
7.4557137,13.507449,seed39857.png
-35.84248,19.163643,seed39858.png
-25.811686,4.025566,seed39859.png
-28.057251,-8.507539,seed3986.png
-22.952244,3.2321959,seed39860.png
11.825525,-27.933395,seed39861.png
-14.708803,-18.299263,seed39862.png
-24.822239,12.922635,seed39863.png
7.8708434,-38.16745,seed39864.png
17.67889,-2.2621162,seed39865.png
5.4024196,1.4436872,seed39866.png
8.192516,-0.25270325,seed39867.png
23.320086,21.193335,seed39868.png
10.301192,9.434122,seed39869.png
-16.54707,-2.0896847,seed3987.png
-33.785065,-0.9887365,seed39870.png
-13.574367,-12.275535,seed39871.png
-9.11532,-26.021168,seed39872.png
-23.264141,14.492877,seed39873.png
33.006718,18.973162,seed39874.png
31.167555,29.124939,seed39875.png
11.82063,-24.718882,seed39876.png
31.153252,28.327845,seed39877.png
-13.688635,-32.057095,seed39878.png
16.798468,1.1259892,seed39879.png
-8.108612,-13.314989,seed3988.png
24.969707,-2.4911354,seed39880.png
-3.0064108,-14.2795,seed39881.png
18.308092,-3.6508532,seed39882.png
5.154958,-39.615833,seed39883.png
19.098528,10.068111,seed39884.png
-31.758188,23.967852,seed39885.png
5.8640294,-30.86463,seed39886.png
30.33312,6.1029296,seed39887.png
30.897491,18.808514,seed39888.png
-25.772245,10.946153,seed39889.png
14.505068,-35.799625,seed3989.png
18.283484,16.50703,seed39890.png
-24.083504,4.4705873,seed39891.png
-20.95079,10.544362,seed39892.png
14.678249,-30.886812,seed39893.png
13.53242,-2.25108,seed39894.png
-20.804579,10.404685,seed39895.png
-4.518131,17.529835,seed39896.png
30.70537,25.305418,seed39897.png
1.9928935,-23.817806,seed39898.png
-35.302605,21.239334,seed39899.png
27.344988,3.9867172,seed3990.png
-24.403938,-11.278589,seed39900.png
-16.053179,-5.863162,seed39901.png
-18.860674,-26.233604,seed39902.png
4.9579563,4.783475,seed39903.png
-27.785378,-10.127205,seed39904.png
11.195821,3.8283386,seed39905.png
8.217775,-27.178253,seed39906.png
14.103033,26.157326,seed39907.png
-12.83314,-19.430008,seed39908.png
0.60146457,-1.4047822,seed39909.png
34.237392,4.5409966,seed3991.png
-35.817646,24.307007,seed39910.png
4.3901105,13.364133,seed39911.png
-13.369603,-10.021386,seed39912.png
-6.3565135,3.8073235,seed39913.png
-14.835004,-15.03571,seed39914.png
11.591692,25.837246,seed39915.png
40.68142,21.96735,seed39916.png
-33.43358,10.750476,seed39917.png
38.196575,5.614785,seed39918.png
19.732634,20.247156,seed39919.png
-13.834106,-2.6037097,seed3992.png
-22.415678,14.889392,seed39920.png
-8.678345,-7.0444064,seed39921.png
9.421039,2.7805693,seed39922.png
32.12384,6.232386,seed39923.png
3.4172392,-13.964785,seed39924.png
-30.999052,0.3019077,seed39925.png
6.145531,-40.337265,seed39926.png
-27.299524,6.886942,seed39927.png
20.536741,-3.363408,seed39928.png
-32.911476,16.01942,seed39929.png
-26.386097,2.057747,seed3993.png
-1.481137,5.313945,seed39930.png
-16.704615,-14.381106,seed39931.png
-12.12419,-24.134752,seed39932.png
-12.650367,-14.448184,seed39933.png
-23.64409,-12.219059,seed39934.png
-10.9576645,2.2603705,seed39935.png
-11.780661,-11.06983,seed39936.png
-21.331099,7.881476,seed39937.png
-16.893717,5.3523126,seed39938.png
3.5680976,-16.007967,seed39939.png
-2.0563924,24.28905,seed3994.png
26.198473,11.806442,seed39940.png
14.394562,18.399502,seed39941.png
-21.171167,7.8573194,seed39942.png
-10.687802,-16.507153,seed39943.png
39.20454,20.460453,seed39944.png
-32.64146,8.174201,seed39945.png
-1.3274201,-4.0208735,seed39946.png
19.873886,19.572138,seed39947.png
4.6439877,24.17971,seed39948.png
26.140484,21.501427,seed39949.png
-34.18631,-3.1297855,seed3995.png
-31.760984,1.8661307,seed39950.png
2.185056,-6.4148355,seed39951.png
-21.454433,19.654232,seed39952.png
30.793907,27.490202,seed39953.png
-18.98277,1.4915465,seed39954.png
-2.9527202,-15.824458,seed39955.png
-6.734447,-14.821891,seed39956.png
-26.802248,12.811241,seed39957.png
10.574717,-32.79087,seed39958.png
32.01881,4.6519504,seed39959.png
33.4494,20.614864,seed3996.png
-17.170307,-14.917621,seed39960.png
8.017609,0.4820136,seed39961.png
-10.008573,-24.375906,seed39962.png
41.300236,19.832844,seed39963.png
-28.47082,-20.858824,seed39964.png
30.458342,13.428311,seed39965.png
26.69902,13.634997,seed39966.png
25.25191,3.1047776,seed39967.png
36.350117,16.202179,seed39968.png
-18.124063,-26.558592,seed39969.png
9.85635,20.440245,seed3997.png
-7.2413726,-18.632574,seed39970.png
-16.527586,-24.039251,seed39971.png
13.475636,27.914265,seed39972.png
29.651045,15.854935,seed39973.png
10.683591,2.864731,seed39974.png
-11.303021,-4.775059,seed39975.png
-28.044592,-3.9918401,seed39976.png
25.691265,9.776668,seed39977.png
-21.270828,9.268756,seed39978.png
0.15008485,1.2558537,seed39979.png
-2.0874634,22.118631,seed3998.png
-32.632923,21.90426,seed39980.png
-25.831406,14.816093,seed39981.png
30.661903,24.265226,seed39982.png
-13.496487,-6.272594,seed39983.png
26.639694,13.83427,seed39984.png
5.7456355,-29.072348,seed39985.png
22.948662,24.544529,seed39986.png
32.59798,11.907443,seed39987.png
-31.803993,-7.0152946,seed39988.png
-17.675428,-10.180557,seed39989.png
-19.322632,-4.1906443,seed3999.png
-28.057676,-1.4977888,seed39990.png
31.182379,-1.0342343,seed39991.png
-32.105385,24.681124,seed39992.png
20.249075,-3.7509604,seed39993.png
-16.702326,-4.218595,seed39994.png
-28.847088,9.440986,seed39995.png
8.754543,-36.188904,seed39996.png
25.824455,1.5748714,seed39997.png
-27.679232,9.784798,seed39998.png
-33.11128,17.360321,seed39999.png
10.49016,-1.8448433,seed4000.png
-7.870283,-24.987087,seed40000.png
13.120186,12.483194,seed40001.png
-9.5427065,7.9134007,seed40002.png
-15.301778,2.160539,seed40003.png
36.938774,13.629053,seed40004.png
9.214018,-5.9464226,seed40005.png
4.772536,12.598167,seed40006.png
40.234505,24.041304,seed40007.png
-23.936333,-21.619152,seed40008.png
-31.235779,-2.9148846,seed40009.png
9.683766,-6.5489087,seed4001.png
11.692737,-5.968118,seed40010.png
-12.209191,-27.787245,seed40011.png
-14.247293,-23.528717,seed40012.png
0.5904891,10.238827,seed40013.png
-3.0151248,14.564131,seed40014.png
-34.7945,8.858489,seed40015.png
22.87476,11.6733055,seed40016.png
22.838829,1.0482785,seed40017.png
6.6236954,9.457223,seed40018.png
-1.4270998,23.644508,seed40019.png
9.109961,-4.3125014,seed4002.png
20.739193,-4.994466,seed40020.png
23.791134,15.343666,seed40021.png
-18.052114,-24.796785,seed40022.png
-10.589698,-15.926114,seed40023.png
-31.746725,18.55556,seed40024.png
-12.288566,-28.99818,seed40025.png
5.4996395,12.683661,seed40026.png
3.2594328,-31.132767,seed40027.png
2.083204,15.732432,seed40028.png
4.893187,3.3036745,seed40029.png
-34.334297,14.330497,seed4003.png
-13.35714,-9.277566,seed40030.png
35.310474,22.313354,seed40031.png
-25.096373,6.2112584,seed40032.png
16.011652,20.252565,seed40033.png
-29.608805,21.488052,seed40034.png
-12.343316,-28.251436,seed40035.png
-6.3118825,-19.264648,seed40036.png
12.760194,-34.81833,seed40037.png
15.77912,-4.1909037,seed40038.png
-34.102455,-3.261538,seed40039.png
3.9503462,23.0756,seed4004.png
-13.112638,0.8720926,seed40040.png
13.238788,-35.628983,seed40041.png
-25.00246,3.3731182,seed40042.png
8.623076,6.4003696,seed40043.png
-14.80536,-4.644548,seed40044.png
7.626711,6.2573485,seed40045.png
-16.10351,-29.802052,seed40046.png
40.771767,20.920029,seed40047.png
-22.890963,14.179194,seed40048.png
32.51713,8.542872,seed40049.png
-25.955042,5.850935,seed4005.png
1.1400582,-4.5123973,seed40050.png
-29.809303,6.2994347,seed40051.png
-17.134645,-25.739428,seed40052.png
-37.438576,18.38204,seed40053.png
-19.911255,-23.241886,seed40054.png
16.426985,6.181296,seed40055.png
4.367519,25.357513,seed40056.png
-15.461853,-19.74862,seed40057.png
-39.05461,21.324423,seed40058.png
3.2050216,-14.395526,seed40059.png
-13.620478,-17.201939,seed4006.png
-3.925961,3.562113,seed40060.png
27.985645,11.875844,seed40061.png
-14.812569,-26.572908,seed40062.png
20.448725,9.659639,seed40063.png
1.0027186,15.943205,seed40064.png
-4.967691,-16.095686,seed40065.png
26.841688,21.31745,seed40066.png
-25.566216,8.470554,seed40067.png
-20.488672,9.283126,seed40068.png
26.609049,14.578604,seed40069.png
-11.24041,-16.3871,seed4007.png
5.6690965,19.57596,seed40070.png
17.12222,15.259401,seed40071.png
-18.465622,-21.138144,seed40072.png
-4.117395,11.303075,seed40073.png
14.466053,13.377684,seed40074.png
-22.908592,4.55461,seed40075.png
31.790142,3.2219548,seed40076.png
15.938753,-36.02942,seed40077.png
-0.27826408,17.435085,seed40078.png
3.6116974,13.062911,seed40079.png
-16.583494,10.538176,seed4008.png
10.911573,-40.267445,seed40080.png
-1.5101391,22.269592,seed40081.png
-23.093605,12.408119,seed40082.png
-19.467655,-3.7462642,seed40083.png
-9.418714,-26.742804,seed40084.png
17.26788,-34.94618,seed40085.png
-18.773844,-25.124676,seed40086.png
17.637486,27.075672,seed40087.png
-31.256304,25.282404,seed40088.png
17.718208,4.5432544,seed40089.png
-27.29428,16.546906,seed4009.png
15.796526,-34.776363,seed40090.png
-32.597965,-2.5814252,seed40091.png
-15.957287,-25.498926,seed40092.png
-17.84933,-6.9580073,seed40093.png
-27.372356,-8.06182,seed40094.png
16.583015,-35.815517,seed40095.png
-24.328434,-9.44541,seed40096.png
-8.314531,-7.6070147,seed40097.png
13.256034,5.0099072,seed40098.png
32.374775,22.644293,seed40099.png
-6.0335946,-17.1197,seed4010.png
3.8664656,11.730261,seed40100.png
-28.40052,-3.322759,seed40101.png
-15.77501,3.36083,seed40102.png
-17.889223,-8.863253,seed40103.png
-34.879112,18.623962,seed40104.png
11.47135,-25.093697,seed40105.png
-20.76369,2.6777084,seed40106.png
2.0558677,-1.680109,seed40107.png
36.69746,9.418933,seed40108.png
8.192766,-11.814941,seed40109.png
-20.483965,-15.730462,seed4011.png
-25.538221,-12.003876,seed40110.png
-11.245401,3.51523,seed40111.png
-0.803944,23.173445,seed40112.png
22.559927,0.7159978,seed40113.png
10.746122,-24.331778,seed40114.png
4.557537,15.281154,seed40115.png
-12.206903,-7.089777,seed40116.png
-32.22845,21.784412,seed40117.png
-21.61821,-25.436127,seed40118.png
-9.60171,4.135626,seed40119.png
1.7520117,16.869068,seed4012.png
-24.236307,4.7530518,seed40120.png
-3.884711,-13.842122,seed40121.png
6.747292,12.591918,seed40122.png
-24.639894,-5.4429674,seed40123.png
-25.007042,-9.4945755,seed40124.png
17.956806,-2.5373054,seed40125.png
-30.558392,12.026648,seed40126.png
32.77436,13.420763,seed40127.png
15.479891,24.803421,seed40128.png
28.820122,28.044565,seed40129.png
-8.557127,-19.876663,seed4013.png
-12.30748,-4.146959,seed40130.png
21.075283,17.498344,seed40131.png
-18.592443,-19.294153,seed40132.png
-27.626741,19.387653,seed40133.png
21.70778,-4.4437895,seed40134.png
2.9930637,7.4232106,seed40135.png
27.831783,16.66982,seed40136.png
27.788456,12.010228,seed40137.png
-20.622923,-22.986074,seed40138.png
19.803532,-6.990586,seed40139.png
-35.063572,25.523247,seed4014.png
20.487703,0.8092357,seed40140.png
21.91008,14.015192,seed40141.png
11.155131,-32.963665,seed40142.png
6.5768147,-26.816162,seed40143.png
14.657754,-40.50414,seed40144.png
6.9808517,-25.673367,seed40145.png
-24.653236,-13.212376,seed40146.png
26.844763,6.2877293,seed40147.png
-23.669922,-13.614318,seed40148.png
7.683638,12.598519,seed40149.png
38.365227,9.977821,seed4015.png
-23.900545,18.598234,seed40150.png
7.6294503,-25.090979,seed40151.png
-12.15392,-3.6347046,seed40152.png
0.85979,18.780981,seed40153.png
-12.752448,-21.040258,seed40154.png
-1.253323,21.46957,seed40155.png
-21.9812,-22.120958,seed40156.png
-32.283283,21.965727,seed40157.png
-13.634796,-13.719667,seed40158.png
-29.262764,23.11136,seed40159.png
-1.259394,24.459946,seed4016.png
30.662308,3.5898654,seed40160.png
-12.921142,-27.327671,seed40161.png
8.2573185,-37.05909,seed40162.png
31.054049,19.340769,seed40163.png
34.625774,14.143981,seed40164.png
-25.875414,2.2586994,seed40165.png
8.653095,20.244617,seed40166.png
-2.655289,-15.699569,seed40167.png
-13.703789,-13.221235,seed40168.png
6.8318543,-35.105083,seed40169.png
17.676155,23.418055,seed4017.png
-13.740568,-2.9411736,seed40170.png
-0.14593022,22.856062,seed40171.png
-12.409817,-2.1154027,seed40172.png
-31.574604,8.925542,seed40173.png
-18.640324,-16.237709,seed40174.png
17.487404,-7.288007,seed40175.png
41.43276,18.285671,seed40176.png
-20.8395,-0.50427103,seed40177.png
-15.373197,-30.676888,seed40178.png
25.44657,14.553008,seed40179.png
-22.911676,-13.532769,seed4018.png
-35.391293,16.147308,seed40180.png
-9.105216,5.858486,seed40181.png
-27.945782,-7.905333,seed40182.png
-2.0126145,-18.343266,seed40183.png
10.273355,29.26785,seed40184.png
-31.385271,20.606806,seed40185.png
-3.0843997,-6.5169845,seed40186.png
29.279434,10.465058,seed40187.png
0.15981166,-2.1910834,seed40188.png
3.1356184,9.758942,seed40189.png
-20.260324,-5.5504174,seed4019.png
27.724012,5.468427,seed40190.png
11.268541,24.00352,seed40191.png
-26.924316,14.839361,seed40192.png
30.679998,-0.787319,seed40193.png
14.818927,-9.3223715,seed40194.png
-3.4922707,-20.134727,seed40195.png
17.34937,14.169766,seed40196.png
-12.932212,-17.284727,seed40197.png
-22.571957,14.720923,seed40198.png
18.521757,24.87143,seed40199.png
2.808666,11.23585,seed4020.png
17.656633,2.8415473,seed40200.png
-4.389973,-18.06993,seed40201.png
-29.596077,-8.007265,seed40202.png
-27.833685,-1.6232451,seed40203.png
7.578016,4.724972,seed40204.png
-12.899443,3.9094908,seed40205.png
11.54157,-29.223175,seed40206.png
24.383184,-9.203174,seed40207.png
-24.966087,9.228591,seed40208.png
-25.707605,-16.574167,seed40209.png
13.642458,-32.36075,seed4021.png
-31.067268,17.151588,seed40210.png
-22.075172,20.368652,seed40211.png
-30.94723,-17.336744,seed40212.png
3.2523868,-28.580275,seed40213.png
8.691476,-30.138636,seed40214.png
11.74748,14.399109,seed40215.png
12.647846,-28.370983,seed40216.png
38.83527,9.811976,seed40217.png
12.389263,7.1695614,seed40218.png
33.14922,8.200729,seed40219.png
-21.560051,17.77547,seed4022.png
-21.015924,-22.3892,seed40220.png
-5.0815086,-22.401224,seed40221.png
24.99457,-2.6822178,seed40222.png
-21.953262,10.30966,seed40223.png
-16.66084,2.7669191,seed40224.png
13.230688,-10.23874,seed40225.png
-31.135529,-19.97543,seed40226.png
-22.69486,-0.9528353,seed40227.png
30.009693,29.25015,seed40228.png
14.005962,-37.903088,seed40229.png
35.66287,25.224483,seed4023.png
-21.23558,17.248854,seed40230.png
-18.890667,1.2548248,seed40231.png
12.980853,-32.96472,seed40232.png
-23.307688,6.702066,seed40233.png
12.403449,0.4760592,seed40234.png
-14.478213,-32.3061,seed40235.png
36.186016,27.190266,seed40236.png
-36.85682,24.580582,seed40237.png
7.925935,1.424491,seed40238.png
15.47318,16.894281,seed40239.png
0.05831643,22.14574,seed4024.png
-13.871455,-23.539026,seed40240.png
-17.715399,-23.28825,seed40241.png
-11.173182,7.048936,seed40242.png
-25.918982,-22.53546,seed40243.png
8.622929,18.666893,seed40244.png
4.926252,1.5006211,seed40245.png
-38.38799,25.997028,seed40246.png
-14.470201,-8.5674,seed40247.png
-14.087632,-13.448309,seed40248.png
0.8042901,21.436815,seed40249.png
-18.50191,-5.8740644,seed4025.png
2.5727434,14.678413,seed40250.png
6.204784,-8.129383,seed40251.png
-11.597251,-8.316877,seed40252.png
22.843788,-1.8142838,seed40253.png
13.072917,8.215744,seed40254.png
-12.330034,-21.194704,seed40255.png
19.006931,0.552949,seed40256.png
0.6373484,-14.944787,seed40257.png
2.191791,-6.5701985,seed40258.png
-31.35807,1.7585607,seed40259.png
8.11773,17.310696,seed4026.png
-19.439077,-15.04541,seed40260.png
11.553696,-37.123985,seed40261.png
13.2925,11.415162,seed40262.png
7.422526,9.004015,seed40263.png
10.0551405,25.787071,seed40264.png
-31.84379,20.647692,seed40265.png
-24.743952,18.224194,seed40266.png
-35.703934,27.0182,seed40267.png
-31.686867,20.781992,seed40268.png
-12.976219,-23.27069,seed40269.png
-2.0333726,-12.389287,seed4027.png
29.03382,27.36868,seed40270.png
11.129826,-31.60304,seed40271.png
17.3815,-5.2378044,seed40272.png
-28.874811,15.799118,seed40273.png
10.571499,-33.64065,seed40274.png
16.53474,-33.877308,seed40275.png
16.30359,-0.6956137,seed40276.png
39.3612,18.177267,seed40277.png
-21.079578,4.765783,seed40278.png
9.615145,-37.18731,seed40279.png
5.4499583,6.4422617,seed4028.png
3.847778,-4.903058,seed40280.png
-10.699516,-5.0915384,seed40281.png
-13.103879,-23.239412,seed40282.png
-10.92391,-4.9415917,seed40283.png
-16.481228,-23.157816,seed40284.png
-33.011143,3.6461165,seed40285.png
-33.633717,22.808743,seed40286.png
29.029432,-1.5868915,seed40287.png
10.603681,-40.865856,seed40288.png
-24.456177,-1.2342018,seed40289.png
20.283247,-1.3489548,seed4029.png
-22.586845,-1.0682721,seed40290.png
-32.919235,-0.3784269,seed40291.png
6.0647063,0.35605142,seed40292.png
21.397644,10.570316,seed40293.png
6.1057305,-5.7113433,seed40294.png
-22.18096,-15.125997,seed40295.png
-24.19415,-10.096297,seed40296.png
-28.468174,-3.6166034,seed40297.png
-9.630604,-2.129306,seed40298.png
-2.1297157,-3.2494268,seed40299.png
34.69965,8.92956,seed4030.png
14.155359,14.825152,seed40300.png
-8.618056,-26.158783,seed40301.png
-22.651617,19.092037,seed40302.png
37.713436,8.493091,seed40303.png
38.42409,16.518892,seed40304.png
-8.305959,-24.426722,seed40305.png
-3.4941075,-24.875648,seed40306.png
7.2068496,-10.413096,seed40307.png
22.74127,23.837442,seed40308.png
12.532417,-27.835695,seed40309.png
-19.710781,-25.489555,seed4031.png
8.276209,-39.684788,seed40310.png
34.861122,20.585917,seed40311.png
-25.474895,9.594179,seed40312.png
-3.3459094,4.3215604,seed40313.png
-28.768862,-15.138116,seed40314.png
-15.445712,-5.055994,seed40315.png
29.073298,3.8087661,seed40316.png
10.733485,-5.0590367,seed40317.png
20.05161,-5.3589206,seed40318.png
-18.353354,5.2891283,seed40319.png
10.137898,-22.69441,seed4032.png
-18.98345,-26.576004,seed40320.png
0.72490263,24.427023,seed40321.png
-22.356216,-17.023914,seed40322.png
-11.922507,-14.668916,seed40323.png
-15.426002,-29.910015,seed40324.png
11.506753,-41.057484,seed40325.png
-11.021536,-24.544708,seed40326.png
-9.332592,6.811909,seed40327.png
10.3747635,-28.595396,seed40328.png
24.712332,17.884424,seed40329.png
26.652374,15.666851,seed4033.png
-21.719223,6.5319443,seed40330.png
-29.314114,9.79772,seed40331.png
2.9959886,26.476608,seed40332.png
12.137344,22.13882,seed40333.png
7.005471,-37.512398,seed40334.png
8.012782,13.673162,seed40335.png
8.262489,7.9242816,seed40336.png
26.83547,-4.866992,seed40337.png
-21.099445,-23.732065,seed40338.png
0.55731523,-6.412809,seed40339.png
-17.834951,-24.803526,seed4034.png
-18.659595,-8.182515,seed40340.png
-15.467775,-27.534094,seed40341.png
-11.729054,-14.520122,seed40342.png
-28.743826,15.895777,seed40343.png
10.782942,16.990194,seed40344.png
-10.632105,-4.312506,seed40345.png
-18.512234,11.369821,seed40346.png
18.086926,-7.15566,seed40347.png
-33.020134,-8.144088,seed40348.png
-11.130553,3.9591448,seed40349.png
-16.96042,-3.5052323,seed4035.png
1.4579053,3.0289462,seed40350.png
-31.691578,2.0922914,seed40351.png
-2.36178,-3.7705095,seed40352.png
-21.173834,-4.490878,seed40353.png
8.443766,-29.571238,seed40354.png
28.985897,12.278476,seed40355.png
-2.1293805,16.587887,seed40356.png
-29.966658,-9.022466,seed40357.png
-23.199364,3.8238914,seed40358.png
-25.65306,-8.069761,seed40359.png
-0.25946477,15.221393,seed4036.png
-11.697349,-19.467985,seed40360.png
7.3968253,6.1733594,seed40361.png
-26.614834,-14.261914,seed40362.png
-25.632849,10.201959,seed40363.png
0.53186226,-24.674664,seed40364.png
17.552692,9.572336,seed40365.png
-35.80944,16.020508,seed40366.png
28.328217,22.0917,seed40367.png
-23.446325,-17.2998,seed40368.png
-33.396996,-7.4192944,seed40369.png
39.363865,18.850655,seed4037.png
-1.8798625,-12.887388,seed40370.png
2.1163254,-23.353624,seed40371.png
15.051605,-33.4796,seed40372.png
16.009188,15.486677,seed40373.png
7.9444337,-5.068945,seed40374.png
-16.779234,4.5132384,seed40375.png
9.053663,11.293329,seed40376.png
23.317959,14.57375,seed40377.png
-23.714323,-21.129936,seed40378.png
26.368286,2.5059862,seed40379.png
15.158739,0.41043365,seed4038.png
-30.637047,-8.227974,seed40380.png
29.946747,4.2002764,seed40381.png
36.486065,14.077048,seed40382.png
17.206652,23.673359,seed40383.png
8.094578,-41.964092,seed40384.png
-20.863794,17.449865,seed40385.png
7.582384,-26.877434,seed40386.png
14.340909,-2.4681304,seed40387.png
12.552929,16.978172,seed40388.png
-10.788498,-4.8163404,seed40389.png
-11.157769,-10.275166,seed4039.png
16.409533,22.992828,seed40390.png
10.545859,16.9276,seed40391.png
-27.082829,11.199093,seed40392.png
13.993224,16.395765,seed40393.png
35.674793,7.9605465,seed40394.png
30.722544,11.541132,seed40395.png
-13.60656,-15.256329,seed40396.png
-24.663948,-15.2182665,seed40397.png
17.145685,-3.6788747,seed40398.png
-20.035738,-12.399819,seed40399.png
16.380348,-36.07815,seed4040.png
-14.045839,6.549359,seed40400.png
-21.46908,-5.504647,seed40401.png
5.9272323,11.18231,seed40402.png
3.0893755,-22.867186,seed40403.png
-35.054832,18.692202,seed40404.png
13.751548,3.630556,seed40405.png
27.259138,10.168292,seed40406.png
-23.291265,5.6998405,seed40407.png
25.61045,-6.646593,seed40408.png
36.823658,3.8947344,seed40409.png
8.543668,-3.952699,seed4041.png
-13.013394,-11.199317,seed40410.png
21.906313,17.559074,seed40411.png
12.123344,16.872032,seed40412.png
17.415775,17.773838,seed40413.png
7.373388,-39.9667,seed40414.png
-16.239021,-13.5822115,seed40415.png
8.035544,11.866796,seed40416.png
-23.66922,-11.381416,seed40417.png
36.01027,10.480837,seed40418.png
3.8170016,16.268696,seed40419.png
-25.317644,6.5585103,seed4042.png
-14.233378,3.6440003,seed40420.png
10.031962,-28.549936,seed40421.png
14.981767,-36.800537,seed40422.png
-28.826427,7.201815,seed40423.png
-16.29926,-15.524261,seed40424.png
-30.352173,15.037779,seed40425.png
20.998802,15.267163,seed40426.png
-5.476752,-19.95133,seed40427.png
-16.62943,-3.728975,seed40428.png
3.1712751,10.766346,seed40429.png
-28.290926,10.426945,seed4043.png
-5.9742374,-17.52567,seed40430.png
11.60567,-24.31281,seed40431.png
-20.696404,-4.787474,seed40432.png
19.778301,-10.390708,seed40433.png
-22.403498,-22.91491,seed40434.png
-21.544123,-23.924479,seed40435.png
18.699888,-9.531183,seed40436.png
-17.64515,-21.979538,seed40437.png
-3.4390326,-7.3347363,seed40438.png
-35.414314,7.618308,seed40439.png
-30.499868,19.66611,seed4044.png
-11.119341,-24.010357,seed40440.png
-2.287943,24.452147,seed40441.png
6.2490706,-30.476295,seed40442.png
-1.0622344,-20.004553,seed40443.png
-29.802965,7.9266047,seed40444.png
-4.388427,12.610592,seed40445.png
-31.340086,-7.558897,seed40446.png
-19.1394,-18.224442,seed40447.png
-17.391863,-7.8111386,seed40448.png
-21.224663,-0.15403141,seed40449.png
-20.822792,-13.604135,seed4045.png
-26.221052,-6.5228605,seed40450.png
-17.499062,-2.834237,seed40451.png
-16.250925,-30.951498,seed40452.png
-21.688807,9.991568,seed40453.png
28.128973,-1.288272,seed40454.png
24.189377,15.238994,seed40455.png
-27.441425,-6.762669,seed40456.png
-1.6832117,17.17041,seed40457.png
-22.1108,4.829883,seed40458.png
13.635678,2.4701903,seed40459.png
-21.652422,-12.936931,seed4046.png
-6.905231,-6.5667014,seed40460.png
-22.743633,10.880189,seed40461.png
-28.473377,-11.311881,seed40462.png
-20.34871,-3.584188,seed40463.png
-17.845293,-3.9036202,seed40464.png
-17.34654,-21.871819,seed40465.png
-14.348149,-19.36654,seed40466.png
6.6175575,6.790349,seed40467.png
32.70855,13.149787,seed40468.png
-8.579753,-17.091494,seed40469.png
-11.490677,-3.8198879,seed4047.png
10.738465,6.695904,seed40470.png
-13.986421,-7.2313094,seed40471.png
-31.19527,23.583237,seed40472.png
-22.842783,-22.469007,seed40473.png
-13.438141,-31.183514,seed40474.png
-18.198942,-4.6681247,seed40475.png
-7.0134063,-6.0638504,seed40476.png
-19.659676,-18.08769,seed40477.png
-13.96652,0.6610065,seed40478.png
-33.267395,14.10826,seed40479.png
25.746525,2.3353002,seed4048.png
-33.364033,22.839287,seed40480.png
-18.284496,-21.208261,seed40481.png
5.858554,-32.5137,seed40482.png
16.354885,-37.182438,seed40483.png
33.756886,7.2868724,seed40484.png
36.88733,12.812812,seed40485.png
-34.67892,7.7771487,seed40486.png
-24.042242,-5.4149923,seed40487.png
23.069674,20.828655,seed40488.png
7.252992,-3.5366795,seed40489.png
-24.719763,-17.565084,seed4049.png
-12.203834,-7.329219,seed40490.png
-13.2765,-10.084026,seed40491.png
-13.194158,-16.82748,seed40492.png
-24.181465,-18.866865,seed40493.png
-4.6331897,17.551483,seed40494.png
-22.583158,-6.4106927,seed40495.png
-15.991898,0.8728382,seed40496.png
-17.420988,-14.38186,seed40497.png
-31.769121,8.0299225,seed40498.png
-19.559193,8.487197,seed40499.png
-7.1899395,-18.419416,seed4050.png
29.067171,4.01141,seed40500.png
2.9646184,12.67125,seed40501.png
17.927187,1.099036,seed40502.png
1.9043956,15.802557,seed40503.png
-34.26398,25.115093,seed40504.png
-13.035722,-30.196135,seed40505.png
-31.445253,-6.287372,seed40506.png
27.846096,10.671966,seed40507.png
2.1546595,8.263388,seed40508.png
14.056941,20.82951,seed40509.png
22.890194,9.646056,seed4051.png
38.506523,9.4249935,seed40510.png
-0.6955197,23.340471,seed40511.png
-18.170027,-2.311638,seed40512.png
4.5767627,-12.120752,seed40513.png
-2.0898025,-18.763792,seed40514.png
16.992756,-1.3852909,seed40515.png
-16.02875,4.685075,seed40516.png
13.107226,13.096488,seed40517.png
13.939124,-29.226824,seed40518.png
13.833785,11.085793,seed40519.png
-16.472652,1.2650748,seed4052.png
10.530287,4.008327,seed40520.png
9.356451,11.155882,seed40521.png
-17.9163,-22.252453,seed40522.png
8.95404,29.380835,seed40523.png
17.287697,17.561352,seed40524.png
-25.197468,10.8593855,seed40525.png
39.561737,16.25538,seed40526.png
23.775015,-1.2197423,seed40527.png
7.7777805,-3.308314,seed40528.png
-12.8173485,1.4565428,seed40529.png
36.21431,21.128605,seed4053.png
-20.924578,11.811178,seed40530.png
14.562172,-31.741823,seed40531.png
25.68401,11.5575,seed40532.png
3.3323293,9.68573,seed40533.png
28.062305,26.69306,seed40534.png
-26.458065,13.021166,seed40535.png
23.428406,26.79154,seed40536.png
-8.880474,-10.790461,seed40537.png
35.34697,16.461536,seed40538.png
32.746174,28.198334,seed40539.png
-16.741873,-28.148157,seed4054.png
4.779492,-27.808716,seed40540.png
17.572792,6.725714,seed40541.png
33.396626,11.643378,seed40542.png
-20.753382,5.0006227,seed40543.png
-28.467497,8.949736,seed40544.png
9.704187,8.83831,seed40545.png
32.588623,5.5937586,seed40546.png
-26.763775,-8.494393,seed40547.png
18.748716,20.047102,seed40548.png
20.133438,0.91181976,seed40549.png
0.87967175,24.776346,seed4055.png
2.1701293,-5.6369276,seed40550.png
16.768301,21.06307,seed40551.png
-20.26947,6.9072804,seed40552.png
40.941597,17.52572,seed40553.png
-7.329732,-7.725682,seed40554.png
4.4073873,24.052761,seed40555.png
11.287927,-35.53304,seed40556.png
27.50948,11.584308,seed40557.png
19.555933,-7.7001405,seed40558.png
-4.743547,-1.1405193,seed40559.png
-17.04775,-13.05569,seed4056.png
-28.685041,-9.164611,seed40560.png
14.452881,23.893368,seed40561.png
5.7039156,19.786366,seed40562.png
-24.642563,-13.713517,seed40563.png
30.051834,13.088398,seed40564.png
-34.58371,27.240993,seed40565.png
33.899757,7.3166428,seed40566.png
27.588636,14.280428,seed40567.png
-1.6509408,-16.854752,seed40568.png
10.997922,2.783728,seed40569.png
29.739847,13.132749,seed4057.png
-31.548315,-17.406622,seed40570.png
6.140354,17.373419,seed40571.png
36.415936,7.2435384,seed40572.png
17.562584,-6.390121,seed40573.png
-15.260647,-14.097068,seed40574.png
-11.675625,-28.097124,seed40575.png
-31.704845,15.006374,seed40576.png
-31.078714,22.51137,seed40577.png
15.043163,-0.16881914,seed40578.png
-11.564484,-2.1940672,seed40579.png
4.918353,5.952103,seed4058.png
18.602514,3.315557,seed40580.png
9.005844,-8.765066,seed40581.png
-30.133259,16.050058,seed40582.png
-23.421614,-19.594025,seed40583.png
11.599921,28.551655,seed40584.png
18.886957,1.6743267,seed40585.png
34.711475,25.390903,seed40586.png
-14.183124,-28.07274,seed40587.png
19.063498,16.416964,seed40588.png
8.002034,-25.027954,seed40589.png
33.327076,5.6752977,seed4059.png
-20.029644,7.512258,seed40590.png
-31.401745,6.408025,seed40591.png
-21.47917,-17.196941,seed40592.png
-26.874174,2.5698023,seed40593.png
-30.140402,12.938301,seed40594.png
-20.570723,8.063051,seed40595.png
27.134365,8.688638,seed40596.png
4.049567,22.339308,seed40597.png
19.120405,-1.0054617,seed40598.png
9.269369,-32.283104,seed40599.png
25.191269,14.742729,seed4060.png
-30.811396,1.2437826,seed40600.png
29.608013,24.2545,seed40601.png
-22.376469,10.944115,seed40602.png
12.490313,-41.39298,seed40603.png
9.638837,3.270061,seed40604.png
-12.793491,-3.6116312,seed40605.png
40.07649,10.8919525,seed40606.png
-18.82227,-17.505293,seed40607.png
-20.64712,9.353145,seed40608.png
30.796045,2.8715754,seed40609.png
9.528384,2.9718082,seed4061.png
23.90153,-3.2046442,seed40610.png
16.380964,-34.347046,seed40611.png
11.985528,-29.893356,seed40612.png
22.969725,8.816903,seed40613.png
-21.607746,11.626324,seed40614.png
33.05891,27.072018,seed40615.png
13.701264,-26.667244,seed40616.png
-19.952524,7.956481,seed40617.png
-37.102016,10.443088,seed40618.png
18.018578,14.030109,seed40619.png
19.277092,3.3665829,seed4062.png
-28.947021,11.418651,seed40620.png
1.2644322,15.725604,seed40621.png
-0.49323186,11.089925,seed40622.png
30.840387,3.0509,seed40623.png
27.124783,9.5098095,seed40624.png
18.150038,-4.2494082,seed40625.png
-14.412686,-9.638092,seed40626.png
-13.923498,-15.685781,seed40627.png
8.417159,-37.83002,seed40628.png
-22.251846,0.443111,seed40629.png
-10.172372,-22.919981,seed4063.png
12.700413,-11.8216305,seed40630.png
-16.698318,-9.167682,seed40631.png
21.178505,14.61921,seed40632.png
-2.0016227,22.027082,seed40633.png
11.567752,-2.6796002,seed40634.png
34.586105,25.560186,seed40635.png
18.653175,22.457993,seed40636.png
16.649387,1.3023318,seed40637.png
23.135172,11.598707,seed40638.png
39.181545,6.879062,seed40639.png
-16.001951,-13.0636215,seed4064.png
5.7410297,-33.143257,seed40640.png
31.130644,3.382735,seed40641.png
-14.894041,6.656576,seed40642.png
-30.836506,-7.7600956,seed40643.png
11.73891,1.3322693,seed40644.png
37.92034,7.3718963,seed40645.png
-13.307314,-15.742528,seed40646.png
-19.748053,4.464711,seed40647.png
9.31458,21.326447,seed40648.png
-36.802273,-0.35273755,seed40649.png
-16.455389,-13.052283,seed4065.png
12.872653,0.71227056,seed40650.png
-19.189142,-5.676821,seed40651.png
-30.006048,-13.09141,seed40652.png
4.7455926,5.358593,seed40653.png
39.47572,23.252592,seed40654.png
33.85989,17.777407,seed40655.png
-34.59659,20.897493,seed40656.png
-15.897205,-12.290222,seed40657.png
-22.13034,5.976676,seed40658.png
-25.91917,0.43319696,seed40659.png
-9.406502,-15.312841,seed4066.png
-4.10134,-12.880657,seed40660.png
14.467899,-8.04105,seed40661.png
8.322787,10.071551,seed40662.png
30.091312,16.84603,seed40663.png
9.37787,1.2653565,seed40664.png
31.840677,2.8342805,seed40665.png
-15.198829,10.784488,seed40666.png
13.101751,8.752175,seed40667.png
13.620669,24.338093,seed40668.png
-15.426198,-23.66325,seed40669.png
21.452013,24.023924,seed4067.png
3.6726391,-24.408749,seed40670.png
20.539293,23.060905,seed40671.png
21.428793,18.520971,seed40672.png
39.333687,22.532887,seed40673.png
5.945785,-41.064007,seed40674.png
6.6232867,17.095678,seed40675.png
11.173537,-42.10266,seed40676.png
18.58796,19.731363,seed40677.png
14.735221,23.798677,seed40678.png
29.234362,13.248852,seed40679.png
12.489357,-36.445778,seed4068.png
-32.018116,25.473886,seed40680.png
-2.9069376,-12.762651,seed40681.png
36.038673,24.763508,seed40682.png
21.636513,4.1028304,seed40683.png
9.166214,21.353794,seed40684.png
10.51219,-40.402386,seed40685.png
16.285828,8.975766,seed40686.png
-17.795027,-2.348487,seed40687.png
-26.76489,18.859217,seed40688.png
-19.105322,3.123835,seed40689.png
2.6659846,18.4088,seed4069.png
6.608017,-27.346046,seed40690.png
22.253696,-2.824331,seed40691.png
18.075285,19.857609,seed40692.png
29.421637,17.225716,seed40693.png
-20.10517,-11.189868,seed40694.png
9.2188015,4.241738,seed40695.png
6.9146295,11.274953,seed40696.png
-11.321024,-21.306646,seed40697.png
4.0997553,-25.649315,seed40698.png
-35.884064,25.979603,seed40699.png
26.624723,13.602798,seed4070.png
-32.98771,17.220203,seed40700.png
-31.111418,-13.3535795,seed40701.png
13.656148,-3.155734,seed40702.png
-18.179441,-19.424814,seed40703.png
-27.869282,-10.142955,seed40704.png
-20.654446,-14.476278,seed40705.png
0.10386254,-6.554198,seed40706.png
37.118576,23.938997,seed40707.png
-23.466578,-8.827476,seed40708.png
8.079898,-30.51291,seed40709.png
5.837503,-32.44761,seed4071.png
-21.130808,-27.783678,seed40710.png
20.339943,-1.2050543,seed40711.png
-27.188196,-13.587936,seed40712.png
13.317491,14.76086,seed40713.png
-14.178711,-15.34729,seed40714.png
13.282024,-39.284874,seed40715.png
-20.031687,15.687677,seed40716.png
20.944626,4.5700192,seed40717.png
15.920642,13.553427,seed40718.png
-0.24787167,18.851797,seed40719.png
11.177344,2.1788886,seed4072.png
-33.20433,22.956125,seed40720.png
-11.055898,-16.616812,seed40721.png
-21.91379,-26.942518,seed40722.png
21.237701,-2.8030334,seed40723.png
28.072454,0.46235025,seed40724.png
31.417116,2.8626077,seed40725.png
-13.538067,-8.234596,seed40726.png
5.3885016,-36.370327,seed40727.png
-22.468987,-10.552685,seed40728.png
-5.1775,14.362459,seed40729.png
-13.394411,-19.203197,seed4073.png
20.888645,17.536554,seed40730.png
14.7620325,-38.628574,seed40731.png
18.387508,19.770735,seed40732.png
19.337708,-6.038359,seed40733.png
29.3959,9.609657,seed40734.png
-24.485567,-20.591942,seed40735.png
-28.956102,-7.2209783,seed40736.png
-28.944506,14.927547,seed40737.png
-6.30602,-17.715635,seed40738.png
-26.840866,1.4874033,seed40739.png
-20.021215,-10.4607,seed4074.png
36.625416,18.74784,seed40740.png
-24.649088,-20.418955,seed40741.png
6.657533,2.2655118,seed40742.png
-14.057589,-22.387836,seed40743.png
-33.556503,-12.956314,seed40744.png
31.479925,6.188507,seed40745.png
-25.94318,-3.4280543,seed40746.png
-12.020509,-13.451654,seed40747.png
-18.525246,-26.918898,seed40748.png
16.6963,25.871563,seed40749.png
8.232309,-38.88035,seed4075.png
34.296154,17.641716,seed40750.png
12.205342,29.817225,seed40751.png
-14.488987,-14.176385,seed40752.png
-25.139626,-8.303598,seed40753.png
-17.633907,-16.395864,seed40754.png
-5.5142875,17.687037,seed40755.png
19.090712,17.439837,seed40756.png
27.101017,27.233889,seed40757.png
8.008351,-34.22774,seed40758.png
15.424054,23.014637,seed40759.png
-29.775114,-18.451736,seed4076.png
-29.674953,11.801028,seed40760.png
-11.455519,-26.882957,seed40761.png
-32.61418,12.220018,seed40762.png
15.403633,6.6246686,seed40763.png
18.940054,-2.5249372,seed40764.png
32.463806,8.289896,seed40765.png
29.582596,3.72304,seed40766.png
-15.6441555,-15.344922,seed40767.png
32.599327,10.02794,seed40768.png
2.6303399,-34.046562,seed40769.png
27.013563,19.483303,seed4077.png
16.635977,19.24875,seed40770.png
-15.110531,2.2340996,seed40771.png
16.257254,-9.277629,seed40772.png
-19.551249,-6.2721386,seed40773.png
-32.50259,12.206469,seed40774.png
7.8904743,24.338352,seed40775.png
15.291773,-39.028694,seed40776.png
-11.02472,-27.312262,seed40777.png
11.281967,-35.760544,seed40778.png
0.13520196,15.11071,seed40779.png
13.7569275,0.17321628,seed4078.png
-3.0408714,11.044799,seed40780.png
-28.299913,13.118159,seed40781.png
33.39452,17.818516,seed40782.png
-27.03334,15.443156,seed40783.png
10.389917,3.3479867,seed40784.png
-2.636685,-5.077893,seed40785.png
32.22491,14.297501,seed40786.png
-21.54513,4.91012,seed40787.png
14.512785,10.074785,seed40788.png
-6.024907,-20.008047,seed40789.png
8.494313,-4.0643454,seed4079.png
22.57162,14.761928,seed40790.png
-0.98969847,22.746107,seed40791.png
29.170033,9.580067,seed40792.png
-28.591705,-19.692461,seed40793.png
15.9051895,-32.896275,seed40794.png
8.777282,-40.599213,seed40795.png
-34.39987,21.07324,seed40796.png
27.002314,-4.648823,seed40797.png
15.459376,-38.106606,seed40798.png
13.217445,15.589018,seed40799.png
7.9751887,-25.7038,seed4080.png
-15.630683,-1.4829426,seed40800.png
1.902617,1.9278883,seed40801.png
14.243881,2.2536304,seed40802.png
-18.815338,-21.546162,seed40803.png
-9.693482,5.8579206,seed40804.png
-13.899231,-14.521752,seed40805.png
31.93834,13.0848875,seed40806.png
15.574862,-37.111057,seed40807.png
8.500469,12.375664,seed40808.png
38.5267,16.812609,seed40809.png
6.4803166,-11.141626,seed4081.png
29.742298,25.385368,seed40810.png
14.491794,-31.2518,seed40811.png
-18.289946,-17.775894,seed40812.png
-19.553137,14.945023,seed40813.png
23.422768,15.279744,seed40814.png
-21.492956,-13.483741,seed40815.png
18.24041,12.043826,seed40816.png
-17.803345,-20.54443,seed40817.png
-0.8865537,24.690794,seed40818.png
-9.675347,-26.82519,seed40819.png
-23.23168,-14.820257,seed4082.png
-29.506435,-10.829242,seed40820.png
12.467092,-23.583424,seed40821.png
-18.844673,-27.900318,seed40822.png
5.1855574,-6.754292,seed40823.png
15.754554,-2.839215,seed40824.png
-32.23957,20.42504,seed40825.png
1.3984474,19.108685,seed40826.png
-17.91872,-29.499191,seed40827.png
21.908644,19.313997,seed40828.png
-27.60755,5.063096,seed40829.png
30.024523,6.1342177,seed4083.png
25.792126,-5.8566723,seed40830.png
17.749784,20.388317,seed40831.png
24.01869,-2.9344862,seed40832.png
-11.40311,-14.048018,seed40833.png
33.181843,13.996065,seed40834.png
-8.12515,-19.769718,seed40835.png
-26.170868,13.125818,seed40836.png
13.293712,-37.597267,seed40837.png
-0.3501973,24.589102,seed40838.png
4.9020076,-3.0711718,seed40839.png
28.234547,17.674614,seed4084.png
3.6864197,14.637408,seed40840.png
6.9961114,3.2270594,seed40841.png
10.138402,5.351524,seed40842.png
-27.169077,-5.026196,seed40843.png
-12.982718,-13.054138,seed40844.png
-33.475746,0.34538093,seed40845.png
-16.706913,-17.820263,seed40846.png
34.455753,27.014732,seed40847.png
31.439247,3.319894,seed40848.png
-31.327497,23.467299,seed40849.png
16.350927,-35.077652,seed4085.png
-12.117161,-15.203657,seed40850.png
-34.938053,11.485146,seed40851.png
-18.394537,-23.993568,seed40852.png
-21.88362,8.426837,seed40853.png
10.655733,-28.949184,seed40854.png
-19.34102,-14.503477,seed40855.png
-17.529505,-7.3537455,seed40856.png
-3.35769,-16.410526,seed40857.png
8.205199,-37.756622,seed40858.png
-1.3736387,25.466476,seed40859.png
8.902932,-5.375623,seed4086.png
2.1304677,-7.8877044,seed40860.png
11.729626,-0.06928203,seed40861.png
-25.914148,9.364397,seed40862.png
18.62641,16.249222,seed40863.png
3.9540558,17.415592,seed40864.png
-27.396822,-6.5349784,seed40865.png
-32.062283,-1.6356398,seed40866.png
-38.372433,15.259923,seed40867.png
-0.21437067,8.807741,seed40868.png
9.1261635,10.513968,seed40869.png
28.389246,10.147159,seed4087.png
27.630873,13.941855,seed40870.png
18.07305,20.775839,seed40871.png
-12.226819,1.9529108,seed40872.png
16.365358,7.836524,seed40873.png
-20.180977,-18.696466,seed40874.png
22.949339,13.669216,seed40875.png
-21.020668,-9.327006,seed40876.png
11.873185,-38.062622,seed40877.png
-0.9266287,19.940393,seed40878.png
-22.229412,-6.604641,seed40879.png
10.803027,12.237896,seed4088.png
33.263653,3.0053031,seed40880.png
-19.891052,9.442628,seed40881.png
-25.175066,-11.345029,seed40882.png
-14.28015,-11.959859,seed40883.png
-12.391707,-17.644007,seed40884.png
11.018194,12.120981,seed40885.png
-17.698536,8.30745,seed40886.png
-27.63772,15.120369,seed40887.png
23.135036,25.691732,seed40888.png
40.3195,17.880312,seed40889.png
-11.223081,-0.5107105,seed4089.png
-34.318245,16.532696,seed40890.png
-35.61796,26.466219,seed40891.png
-19.261148,-19.716913,seed40892.png
-23.304928,-15.943222,seed40893.png
-11.170414,-20.136314,seed40894.png
31.434114,5.874448,seed40895.png
-37.249813,18.973661,seed40896.png
32.024128,8.226287,seed40897.png
-33.06984,16.205153,seed40898.png
9.534149,20.141405,seed40899.png
12.834604,-4.8254466,seed4090.png
-12.619272,-7.2178726,seed40900.png
30.194027,9.617646,seed40901.png
14.535908,-35.22651,seed40902.png
0.65543854,22.925472,seed40903.png
3.3252046,-6.0299525,seed40904.png
-9.302568,-10.293247,seed40905.png
14.372536,-3.7535033,seed40906.png
-14.113587,-17.421982,seed40907.png
-16.314074,-31.530493,seed40908.png
11.667967,-29.26149,seed40909.png
14.353958,15.176506,seed4091.png
-28.887583,-8.051015,seed40910.png
9.379949,9.7703,seed40911.png
-19.990223,-27.955166,seed40912.png
36.04441,18.172106,seed40913.png
12.660584,26.819618,seed40914.png
-11.031704,-22.68918,seed40915.png
10.491436,8.215486,seed40916.png
-29.108458,8.135018,seed40917.png
0.13674898,-0.37773946,seed40918.png
0.27822354,24.381506,seed40919.png
11.599627,-40.912704,seed4092.png
-10.272872,-13.014791,seed40920.png
-24.284916,-5.3816795,seed40921.png
-12.883234,-29.450798,seed40922.png
-23.905342,-22.10682,seed40923.png
29.604675,15.049859,seed40924.png
-19.689655,3.7349772,seed40925.png
-28.715927,9.552895,seed40926.png
22.393309,20.579506,seed40927.png
-11.197252,-20.206562,seed40928.png
-7.364767,-18.538374,seed40929.png
-31.082558,4.0364814,seed4093.png
-12.940748,-16.189152,seed40930.png
9.508157,25.53302,seed40931.png
14.72062,-11.158938,seed40932.png
11.634278,25.069939,seed40933.png
-6.9595094,-25.578342,seed40934.png
-17.458384,1.4850311,seed40935.png
17.260002,16.440693,seed40936.png
40.346752,21.384892,seed40937.png
-30.233376,-10.085904,seed40938.png
-2.1018775,0.64529485,seed40939.png
13.314016,-39.29617,seed4094.png
-9.381514,-20.331425,seed40940.png
15.545897,14.767055,seed40941.png
-9.725468,-23.677317,seed40942.png
14.894664,20.780796,seed40943.png
17.677382,21.966562,seed40944.png
-13.3587,-9.302848,seed40945.png
-10.752308,-31.516085,seed40946.png
23.147442,4.792569,seed40947.png
30.134817,17.084167,seed40948.png
-28.07163,-1.6855708,seed40949.png
-33.652855,13.276964,seed4095.png
26.690237,10.584507,seed40950.png
-28.202608,8.184497,seed40951.png
15.696016,4.8326764,seed40952.png
-19.156826,-27.165266,seed40953.png
-16.640362,-12.895844,seed40954.png
-3.2073078,24.366148,seed40955.png
-30.181944,10.565184,seed40956.png
25.74241,23.990711,seed40957.png
8.357025,-39.44223,seed40958.png
13.539406,28.045008,seed40959.png
22.894022,22.853523,seed4096.png
18.376781,18.441662,seed40960.png
25.698782,22.244295,seed40961.png
10.4781,-35.44276,seed40962.png
11.728763,-1.6905224,seed40963.png
-33.60756,10.240032,seed40964.png
11.775518,20.346497,seed40965.png
0.98575807,19.083353,seed40966.png
-11.839081,-29.108465,seed40967.png
-17.92568,-4.923639,seed40968.png
-32.783222,13.890981,seed40969.png
-15.492804,-3.4676304,seed4097.png
32.23528,3.8161778,seed40970.png
30.394768,27.673948,seed40971.png
-33.620834,14.96287,seed40972.png
-1.1043493,5.5036163,seed40973.png
4.3583717,20.382761,seed40974.png
-7.9207797,-15.988322,seed40975.png
37.937675,13.756076,seed40976.png
31.7718,-0.2734294,seed40977.png
27.364582,17.955229,seed40978.png
23.800386,-6.37812,seed40979.png
-6.5287457,6.5509562,seed4098.png
9.763184,-27.092138,seed40980.png
2.678386,11.253306,seed40981.png
-17.474417,-30.94566,seed40982.png
9.656771,0.7128853,seed40983.png
-24.05561,9.219033,seed40984.png
-15.62364,-30.73557,seed40985.png
36.59294,17.99349,seed40986.png
37.93382,22.720882,seed40987.png
-8.384341,-17.074966,seed40988.png
7.11027,-4.618593,seed40989.png
36.55358,24.526098,seed4099.png
-32.357975,12.097571,seed40990.png
30.18128,16.481384,seed40991.png
-2.6017687,-8.644566,seed40992.png
2.4064515,-26.492704,seed40993.png
10.717555,-29.608112,seed40994.png
1.8722385,-24.46441,seed40995.png
25.991167,0.3192077,seed40996.png
9.63616,12.384175,seed40997.png
4.1851726,-2.9746587,seed40998.png
-22.20927,-18.28661,seed40999.png
-20.95518,-3.0736003,seed4100.png
0.06808969,19.662992,seed41000.png
-33.351383,22.410503,seed41001.png
-16.386787,-13.236652,seed41002.png
-13.490446,-8.156001,seed41003.png
-27.896643,12.666807,seed41004.png
-12.304051,-29.55079,seed41005.png
9.194184,-3.3007467,seed41006.png
-15.817688,-5.344953,seed41007.png
-34.88048,0.9731115,seed41008.png
-23.282152,-9.490782,seed41009.png
3.0128167,-37.296032,seed4101.png
-15.539114,9.591946,seed41010.png
7.8088145,-42.50617,seed41011.png
11.244809,24.125591,seed41012.png
-30.978407,-9.390481,seed41013.png
0.8650956,20.73872,seed41014.png
-17.709791,-24.173733,seed41015.png
-30.207777,17.32634,seed41016.png
35.55874,25.22956,seed41017.png
-32.612972,14.16371,seed41018.png
13.045713,20.590782,seed41019.png
25.794416,16.648138,seed4102.png
-34.02421,13.500431,seed41020.png
-14.051831,-4.163562,seed41021.png
-36.633556,11.056513,seed41022.png
-10.437577,-16.56383,seed41023.png
12.35114,-39.343674,seed41024.png
16.731989,-33.82319,seed41025.png
8.112214,-7.047227,seed41026.png
12.293798,13.586276,seed41027.png
-13.788808,6.4573526,seed41028.png
19.505312,-8.702654,seed41029.png
2.9119837,-8.125369,seed4103.png
31.52645,22.833467,seed41030.png
-11.8476095,-18.468044,seed41031.png
-16.471651,-14.749305,seed41032.png
-21.907093,-9.649526,seed41033.png
-23.321436,-13.163846,seed41034.png
0.13561825,25.208736,seed41035.png
19.063961,9.747221,seed41036.png
32.034107,9.949906,seed41037.png
30.173956,18.32882,seed41038.png
25.71799,22.34159,seed41039.png
-19.034636,-25.40784,seed4104.png
-23.38769,-26.239868,seed41040.png
15.164871,22.569273,seed41041.png
-0.9378338,24.855715,seed41042.png
27.254154,6.22651,seed41043.png
-11.818949,-20.950037,seed41044.png
32.627815,19.46698,seed41045.png
18.996305,9.96649,seed41046.png
5.7413573,-31.025082,seed41047.png
-28.974512,-11.527968,seed41048.png
32.160706,18.807388,seed41049.png
8.773471,20.265167,seed4105.png
18.285244,-5.5118375,seed41050.png
-29.438206,8.925861,seed41051.png
-22.422997,6.6387663,seed41052.png
-2.9357288,14.3856,seed41053.png
4.526144,-4.82248,seed41054.png
8.4274435,-5.4521036,seed41055.png
2.8184617,-3.8204482,seed41056.png
22.516352,16.10166,seed41057.png
34.072113,15.297376,seed41058.png
-35.212418,13.77192,seed41059.png
-11.556869,-27.918371,seed4106.png
-11.316738,-9.674948,seed41060.png
-9.591929,-9.017151,seed41061.png
-14.292061,-21.76435,seed41062.png
-34.273354,-1.3866,seed41063.png
-17.573961,2.0629027,seed41064.png
7.2188306,0.5028641,seed41065.png
-3.186239,-21.256763,seed41066.png
-19.10364,-9.878354,seed41067.png
-0.37555772,25.121248,seed41068.png
6.2389784,-3.6074748,seed41069.png
0.57673955,-18.89383,seed4107.png
10.026511,3.379316,seed41070.png
-16.555933,-7.932954,seed41071.png
-21.681356,0.427699,seed41072.png
-14.641492,-14.970102,seed41073.png
36.969982,5.0668836,seed41074.png
21.59712,-1.3744614,seed41075.png
13.57656,-40.653778,seed41076.png
10.652354,-24.299366,seed41077.png
-14.259219,-14.678476,seed41078.png
26.6056,9.213577,seed41079.png
-19.051575,-8.357933,seed4108.png
1.8138995,-21.35563,seed41080.png
-11.278187,-21.992033,seed41081.png
-17.827412,-7.086557,seed41082.png
-31.775728,13.523714,seed41083.png
12.315523,24.336967,seed41084.png
11.768844,-39.133286,seed41085.png
19.564047,18.746454,seed41086.png
-13.182643,-9.328569,seed41087.png
-22.424486,13.602797,seed41088.png
28.110083,23.549095,seed41089.png
-26.824524,-7.414604,seed4109.png
25.724976,-2.5683413,seed41090.png
-21.043232,-8.053114,seed41091.png
22.074465,8.278628,seed41092.png
31.226942,7.3776336,seed41093.png
-19.085255,-15.584773,seed41094.png
-23.273035,3.5238106,seed41095.png
23.495234,22.848768,seed41096.png
5.474623,-27.309883,seed41097.png
-28.352556,-2.3506508,seed41098.png
9.987087,-28.25257,seed41099.png
-30.97712,7.596439,seed4110.png
-17.076164,-18.307789,seed41100.png
-32.808784,10.478809,seed41101.png
32.093113,24.954813,seed41102.png
-23.617592,-10.301863,seed41103.png
-13.04438,-5.4414463,seed41104.png
-20.084717,7.1291885,seed41105.png
-31.777477,-9.407922,seed41106.png
7.3655133,1.7801176,seed41107.png
-34.545662,7.6784725,seed41108.png
8.599919,-24.30911,seed41109.png
23.953226,19.11098,seed4111.png
11.269078,2.3981402,seed41110.png
-13.205817,-15.259634,seed41111.png
-4.1301227,2.9196126,seed41112.png
23.56619,5.2938304,seed41113.png
7.9287415,-26.983938,seed41114.png
-10.318915,-17.288305,seed41115.png
-20.50622,-10.2497425,seed41116.png
-7.119691,-16.288372,seed41117.png
32.91111,22.700684,seed41118.png
15.268992,9.722741,seed41119.png
-15.035536,-3.1737235,seed4112.png
-14.629039,-19.46595,seed41120.png
-34.651436,2.9682806,seed41121.png
-16.174824,-18.768198,seed41122.png
-28.884354,-13.6007395,seed41123.png
8.786205,-1.2242217,seed41124.png
-24.583387,-25.416443,seed41125.png
-30.832077,13.978234,seed41126.png
22.054754,-6.5755553,seed41127.png
11.889864,1.6008378,seed41128.png
-14.852536,-28.44222,seed41129.png
30.985893,-0.29666594,seed4113.png
-10.516894,-11.866107,seed41130.png
15.732704,-7.4215803,seed41131.png
20.040154,9.303169,seed41132.png
8.108248,12.264603,seed41133.png
-22.309172,7.2318506,seed41134.png
6.948254,-32.636078,seed41135.png
-28.16878,9.633505,seed41136.png
23.4697,6.738399,seed41137.png
10.078747,-34.9623,seed41138.png
28.382235,11.370098,seed41139.png
3.6552656,8.035402,seed4114.png
12.491873,-33.623817,seed41140.png
13.7282295,-0.24967983,seed41141.png
9.82934,-4.562328,seed41142.png
13.385244,15.571826,seed41143.png
-14.077611,-28.816744,seed41144.png
14.281758,15.133366,seed41145.png
7.333241,10.909113,seed41146.png
-13.617724,-9.661575,seed41147.png
35.059845,14.770045,seed41148.png
31.838976,28.612438,seed41149.png
11.063571,12.041692,seed4115.png
-17.776114,-3.709566,seed41150.png
-32.656322,13.967051,seed41151.png
21.28861,23.377115,seed41152.png
-11.547752,-6.100961,seed41153.png
5.286365,-34.514,seed41154.png
-27.989882,-13.331006,seed41155.png
-23.46994,0.19051881,seed41156.png
-14.764077,-13.015947,seed41157.png
-20.24305,-6.7062883,seed41158.png
-28.641182,9.075025,seed41159.png
21.765097,26.502367,seed4116.png
-34.97933,6.122789,seed41160.png
-34.510185,27.352966,seed41161.png
13.488848,-32.500607,seed41162.png
2.1229553,16.001907,seed41163.png
-27.296076,-5.922387,seed41164.png
-6.1324306,-10.043032,seed41165.png
19.760979,21.50378,seed41166.png
-9.92319,-10.186422,seed41167.png
36.741405,14.118317,seed41168.png
-23.992018,-26.30666,seed41169.png
-10.865981,7.078543,seed4117.png
17.335072,22.9995,seed41170.png
38.753933,18.795988,seed41171.png
-33.115295,25.962448,seed41172.png
-30.07757,17.124153,seed41173.png
-19.537844,-13.085725,seed41174.png
-23.798628,-20.043434,seed41175.png
3.034937,-30.896273,seed41176.png
-19.944649,0.5181402,seed41177.png
-12.7758465,-31.325922,seed41178.png
-30.805933,16.444647,seed41179.png
25.129398,12.367882,seed4118.png
26.213228,11.57774,seed41180.png
9.960111,-14.454353,seed41181.png
5.8890114,-30.998892,seed41182.png
18.557655,16.68067,seed41183.png
18.669315,17.38966,seed41184.png
-22.282625,-16.071564,seed41185.png
-1.5249228,-13.357451,seed41186.png
20.416441,21.69784,seed41187.png
-7.028733,-3.3306224,seed41188.png
13.647122,23.7402,seed41189.png
-4.387608,1.76523,seed4119.png
23.161562,3.3277872,seed41190.png
-3.477178,-26.487432,seed41191.png
-23.063187,8.416228,seed41192.png
6.118079,-28.022718,seed41193.png
37.96876,19.763975,seed41194.png
23.945406,18.239298,seed41195.png
-21.805584,13.147057,seed41196.png
6.121143,0.70979935,seed41197.png
-4.218697,-12.43522,seed41198.png
8.092263,-20.526754,seed41199.png
3.9278028,25.015024,seed4120.png
32.589104,13.234867,seed41200.png
11.329602,13.187333,seed41201.png
-25.114145,-13.68287,seed41202.png
25.532776,12.148166,seed41203.png
15.135601,24.821693,seed41204.png
-23.024637,20.907024,seed41205.png
-26.834154,-14.089974,seed41206.png
-19.649027,-21.911602,seed41207.png
-1.312097,-11.632072,seed41208.png
-22.63685,-12.785301,seed41209.png
7.4522448,12.513797,seed4121.png
-4.9610767,14.545246,seed41210.png
-21.051477,-25.654024,seed41211.png
-35.692455,12.748743,seed41212.png
-17.096552,-29.546082,seed41213.png
-10.327109,-11.01872,seed41214.png
2.6023164,2.9009392,seed41215.png
21.908752,17.984222,seed41216.png
-21.650654,-31.311487,seed41217.png
-19.139227,-21.52862,seed41218.png
7.1676917,10.206815,seed41219.png
2.4361336,3.214478,seed4122.png
13.230284,1.520371,seed41220.png
-22.88139,17.901857,seed41221.png
-15.381145,-10.484163,seed41222.png
36.206837,22.497498,seed41223.png
-14.4352045,-25.480108,seed41224.png
10.079814,-0.77416766,seed41225.png
2.491994,25.816309,seed41226.png
-31.040834,-12.430348,seed41227.png
14.761748,-8.527929,seed41228.png
16.7316,25.129177,seed41229.png
-32.41564,-10.993454,seed4123.png
-16.183392,5.178943,seed41230.png
-20.671852,-7.3257804,seed41231.png
-30.307886,-4.4014864,seed41232.png
38.282555,18.966778,seed41233.png
-13.396084,-6.398545,seed41234.png
-19.520681,1.3497066,seed41235.png
-15.947371,-8.25211,seed41236.png
-16.853794,14.118188,seed41237.png
4.163333,3.1056316,seed41238.png
2.4892657,22.857807,seed41239.png
15.948121,13.849064,seed4124.png
-18.696846,-1.1385229,seed41240.png
-10.83904,-14.216023,seed41241.png
3.613802,13.309836,seed41242.png
13.715167,-32.438416,seed41243.png
15.60235,12.639846,seed41244.png
36.309326,18.594461,seed41245.png
24.87528,26.829832,seed41246.png
24.029287,17.485958,seed41247.png
-12.425649,-16.895498,seed41248.png
34.48461,6.0764832,seed41249.png
-12.15506,-25.123415,seed4125.png
23.671919,18.824297,seed41250.png
-15.782482,-18.198597,seed41251.png
11.98617,-41.828655,seed41252.png
2.5367007,-28.712725,seed41253.png
-20.143486,12.020469,seed41254.png
38.828728,18.454464,seed41255.png
32.838135,20.87138,seed41256.png
5.550273,3.6317244,seed41257.png
-11.172168,-17.125696,seed41258.png
-35.427197,18.591787,seed41259.png
-22.611055,6.125124,seed4126.png
-31.318203,22.369524,seed41260.png
-21.935623,-3.3481693,seed41261.png
-0.41563058,-25.476423,seed41262.png
-16.545166,-27.553164,seed41263.png
15.010485,18.066437,seed41264.png
3.5549726,-32.30123,seed41265.png
-11.61294,-16.886366,seed41266.png
18.002245,19.04237,seed41267.png
14.004065,-2.824241,seed41268.png
15.382446,10.000857,seed41269.png
-18.14536,7.385771,seed4127.png
29.999727,19.055649,seed41270.png
-1.924718,-2.4315562,seed41271.png
-24.557186,-10.315191,seed41272.png
23.682364,-3.1284857,seed41273.png
-7.194845,11.080117,seed41274.png
-24.627798,1.8061979,seed41275.png
14.465073,25.246841,seed41276.png
2.6328948,18.538828,seed41277.png
13.090969,-6.422332,seed41278.png
24.976757,5.6246305,seed41279.png
35.727192,21.701912,seed4128.png
16.345945,-35.8566,seed41280.png
-11.022474,1.3978949,seed41281.png
18.589563,22.966343,seed41282.png
28.574814,22.836658,seed41283.png
-2.4560368,-11.071704,seed41284.png
34.57455,4.7403903,seed41285.png
3.6728156,18.364418,seed41286.png
-23.384197,-1.2288696,seed41287.png
-26.122843,-0.8697772,seed41288.png
8.2210655,-28.86529,seed41289.png
-32.33853,15.549812,seed4129.png
17.404026,0.16810845,seed41290.png
-25.671057,-2.9599416,seed41291.png
40.611706,16.45841,seed41292.png
-22.363989,-27.959753,seed41293.png
-31.1205,25.526497,seed41294.png
-18.565422,1.9041116,seed41295.png
13.210965,25.634811,seed41296.png
-34.65462,10.719145,seed41297.png
-28.978254,7.7572627,seed41298.png
8.001819,-39.068012,seed41299.png
13.410502,27.849207,seed4130.png
11.898097,-33.091904,seed41300.png
-8.843789,-22.432777,seed41301.png
-31.514229,11.969672,seed41302.png
-25.218115,10.092405,seed41303.png
15.783588,-35.33323,seed41304.png
-32.52267,13.729844,seed41305.png
-23.829802,-21.623135,seed41306.png
11.218857,-39.563515,seed41307.png
27.762972,21.573608,seed41308.png
-19.247505,-14.672974,seed41309.png
2.7896867,5.0020595,seed4131.png
-33.07001,24.818459,seed41310.png
7.488378,-37.119255,seed41311.png
12.045462,0.8248084,seed41312.png
-22.103483,-6.9808636,seed41313.png
2.2698438,-11.667624,seed41314.png
24.296097,10.369526,seed41315.png
6.948491,8.328377,seed41316.png
21.423565,24.896235,seed41317.png
26.448973,16.255947,seed41318.png
-8.675078,-21.154734,seed41319.png
-8.020591,12.864149,seed4132.png
-25.681482,-21.407318,seed41320.png
25.61939,14.797503,seed41321.png
-25.005545,-18.962042,seed41322.png
19.214659,-1.6554505,seed41323.png
-17.390276,6.249799,seed41324.png
-20.029688,-21.903803,seed41325.png
16.193815,27.159042,seed41326.png
-13.737604,-14.725702,seed41327.png
-10.611565,-27.656363,seed41328.png
-16.71925,-22.965128,seed41329.png
-17.68791,-24.782753,seed4133.png
-33.902645,25.12214,seed41330.png
35.74858,9.692732,seed41331.png
-32.4396,9.229314,seed41332.png
-20.982576,-19.719545,seed41333.png
6.012531,3.7329533,seed41334.png
30.037342,27.66764,seed41335.png
10.07454,23.856855,seed41336.png
4.412194,10.551232,seed41337.png
6.5688953,13.1896305,seed41338.png
14.354988,11.292914,seed41339.png
-8.669075,-20.12399,seed4134.png
-29.271278,12.8801565,seed41340.png
19.834494,26.157753,seed41341.png
25.413614,13.23421,seed41342.png
-8.354676,13.4563675,seed41343.png
14.867832,-1.2951584,seed41344.png
-31.957315,6.707965,seed41345.png
-2.9708922,8.211337,seed41346.png
28.53796,12.127091,seed41347.png
3.7537677,5.1736674,seed41348.png
-9.429818,0.7255563,seed41349.png
-1.4239106,21.28204,seed4135.png
19.7615,8.224211,seed41350.png
-15.802284,-12.315346,seed41351.png
19.061499,16.627695,seed41352.png
-2.81155,-16.941042,seed41353.png
-37.912003,11.556303,seed41354.png
26.605453,19.32979,seed41355.png
-26.137903,3.2548325,seed41356.png
21.606167,21.752577,seed41357.png
8.238857,24.352463,seed41358.png
-37.868244,0.87842286,seed41359.png
15.522659,3.561073,seed4136.png
-24.584116,-3.0093386,seed41360.png
-2.6102424,-1.696106,seed41361.png
-35.81842,19.917263,seed41362.png
25.714031,2.7586067,seed41363.png
9.5259905,7.2975836,seed41364.png
-6.6211987,-2.9858139,seed41365.png
8.48698,20.097685,seed41366.png
-19.404093,-1.4527599,seed41367.png
-36.99715,14.1462755,seed41368.png
-13.307319,-10.857575,seed41369.png
-14.170404,-33.133373,seed4137.png
-3.379429,20.28625,seed41370.png
-7.1000547,0.54647267,seed41371.png
24.16421,4.3080506,seed41372.png
-4.1443725,-4.7349424,seed41373.png
6.4143424,-38.78896,seed41374.png
17.818226,-3.5329747,seed41375.png
-13.305644,-28.7255,seed41376.png
26.716906,8.556766,seed41377.png
-8.431319,10.789109,seed41378.png
-29.584795,5.191227,seed41379.png
16.71325,-3.112718,seed4138.png
28.496447,24.705612,seed41380.png
-15.268463,-13.197356,seed41381.png
31.970438,2.489449,seed41382.png
-9.093893,-13.031929,seed41383.png
-33.550537,7.738348,seed41384.png
1.1575656,23.02634,seed41385.png
35.115753,12.204264,seed41386.png
-28.638914,1.1757007,seed41387.png
-13.182389,-17.235676,seed41388.png
41.726864,21.200481,seed41389.png
-23.98026,-12.559157,seed4139.png
-16.544384,3.9857018,seed41390.png
13.962762,13.175879,seed41391.png
7.180675,16.165953,seed41392.png
-1.5002917,-18.56071,seed41393.png
-15.400011,-27.72623,seed41394.png
-1.3897814,-0.76620436,seed41395.png
17.63808,11.271742,seed41396.png
21.51322,10.64985,seed41397.png
15.9417,12.205303,seed41398.png
-34.982044,-5.5153008,seed41399.png
8.855413,-4.6700277,seed4140.png
-22.78517,-28.288185,seed41400.png
-17.87,-19.125717,seed41401.png
10.546868,1.3895041,seed41402.png
-21.039412,-25.130665,seed41403.png
39.418037,22.708834,seed41404.png
-28.053122,11.283566,seed41405.png
-26.817106,-12.299744,seed41406.png
9.485894,16.709162,seed41407.png
-20.956299,-27.717648,seed41408.png
9.948204,14.388668,seed41409.png
-6.997407,-0.13611893,seed4141.png
-20.88646,4.022951,seed41410.png
0.5789255,3.001496,seed41411.png
-32.86778,22.921173,seed41412.png
-13.690376,-2.4678302,seed41413.png
-19.825817,12.394848,seed41414.png
-23.867388,3.003035,seed41415.png
33.693768,27.008911,seed41416.png
-35.34594,9.156039,seed41417.png
12.3512,-4.532212,seed41418.png
32.582745,11.17611,seed41419.png
10.9752865,19.974396,seed4142.png
18.410976,1.0075511,seed41420.png
-34.349007,27.265974,seed41421.png
27.945154,4.386494,seed41422.png
7.811958,-2.754672,seed41423.png
-34.814674,23.567455,seed41424.png
-10.194155,-7.096939,seed41425.png
16.971792,-1.743352,seed41426.png
31.429314,11.918612,seed41427.png
37.505,7.3391514,seed41428.png
6.716074,-3.0045414,seed41429.png
-20.17667,-10.02329,seed4143.png
-26.535374,8.77304,seed41430.png
9.943536,-28.519714,seed41431.png
0.50505865,-14.545388,seed41432.png
33.075657,5.4359517,seed41433.png
12.552461,26.10053,seed41434.png
-28.621868,1.9096181,seed41435.png
-21.022272,7.506563,seed41436.png
12.897948,-6.232135,seed41437.png
-19.00198,-2.4368773,seed41438.png
12.377842,0.33573443,seed41439.png
-27.087059,3.6930861,seed4144.png
-33.47278,-6.2019153,seed41440.png
-6.380177,-9.569164,seed41441.png
21.47562,15.61374,seed41442.png
-15.694328,6.9020014,seed41443.png
-20.294395,11.352382,seed41444.png
10.933233,-24.968485,seed41445.png
24.261326,14.866369,seed41446.png
-23.0239,-7.5849586,seed41447.png
19.169416,-6.4768677,seed41448.png
-20.369364,17.867142,seed41449.png
24.447092,20.67509,seed4145.png
11.188371,-23.847511,seed41450.png
5.6078205,6.3339996,seed41451.png
-18.102882,-3.3239086,seed41452.png
3.1148734,9.116916,seed41453.png
-25.635246,2.7850976,seed41454.png
24.431316,-9.267647,seed41455.png
8.32259,-2.2775605,seed41456.png
-17.84961,-16.861382,seed41457.png
37.742058,7.8683524,seed41458.png
5.469341,8.923182,seed41459.png
-5.7101307,-23.265926,seed4146.png
5.1114635,14.937847,seed41460.png
-33.173065,-8.751567,seed41461.png
24.276962,5.4260197,seed41462.png
-3.1995528,7.4658933,seed41463.png
11.349937,0.19510359,seed41464.png
-15.685387,-10.134331,seed41465.png
14.475702,8.796373,seed41466.png
-32.021145,22.151072,seed41467.png
-25.406034,-11.743899,seed41468.png
33.886177,25.407299,seed41469.png
38.047455,8.980107,seed4147.png
7.4456887,8.818063,seed41470.png
-29.912434,15.778623,seed41471.png
10.94255,23.540003,seed41472.png
-18.22544,9.869807,seed41473.png
-13.339226,-30.074366,seed41474.png
-21.256899,-14.152901,seed41475.png
11.284386,-38.845608,seed41476.png
-17.959534,-22.833899,seed41477.png
-23.909222,-8.481458,seed41478.png
-24.566025,12.66943,seed41479.png
36.32096,15.832778,seed4148.png
7.0567775,-7.397841,seed41480.png
16.304811,19.25715,seed41481.png
-9.9583025,-18.00462,seed41482.png
9.866444,17.837885,seed41483.png
-29.497845,12.416442,seed41484.png
13.185693,19.478374,seed41485.png
20.113838,-4.3194346,seed41486.png
-35.92137,16.52377,seed41487.png
14.494241,-8.014915,seed41488.png
24.504507,-6.1966305,seed41489.png
7.137302,-26.75527,seed4149.png
-10.967745,6.7254577,seed41490.png
-0.81964695,20.007992,seed41491.png
-7.4910684,-13.106863,seed41492.png
-25.953499,-20.245102,seed41493.png
13.749328,23.527592,seed41494.png
-29.07905,-18.548164,seed41495.png
22.035433,-7.49144,seed41496.png
-29.461712,7.542447,seed41497.png
-35.657337,17.999735,seed41498.png
25.693419,23.402313,seed41499.png
-21.224127,-27.49728,seed4150.png
-33.399292,9.51212,seed41500.png
-35.938614,-8.340207,seed41501.png
-31.787138,17.986904,seed41502.png
-12.571249,5.095127,seed41503.png
-22.331884,14.293173,seed41504.png
33.37914,19.266327,seed41505.png
-17.329712,-7.7771096,seed41506.png
-27.509829,10.845106,seed41507.png
7.6193995,-9.275556,seed41508.png
13.85541,-30.72222,seed41509.png
21.730907,6.502386,seed4151.png
8.899543,21.88066,seed41510.png
-21.633434,1.6809425,seed41511.png
-13.870505,-20.794626,seed41512.png
-26.509256,5.9494176,seed41513.png
-22.829159,3.040454,seed41514.png
-0.9924615,-0.0546488,seed41515.png
31.998592,22.405,seed41516.png
6.1613235,-8.643103,seed41517.png
13.563358,3.2151022,seed41518.png
-21.516233,-15.021119,seed41519.png
7.930885,9.225541,seed4152.png
-4.352413,7.8525095,seed41520.png
18.189335,14.017917,seed41521.png
12.067076,1.9130876,seed41522.png
-12.9926,1.7058753,seed41523.png
-4.440059,14.77955,seed41524.png
4.7091055,21.373747,seed41525.png
16.203615,-0.83303344,seed41526.png
6.8228197,17.609505,seed41527.png
15.587679,-33.30343,seed41528.png
40.233753,16.030266,seed41529.png
-7.3788447,8.523908,seed4153.png
-32.036156,24.528444,seed41530.png
-19.085842,18.27664,seed41531.png
-32.37163,8.989721,seed41532.png
-28.745352,-20.229841,seed41533.png
-21.713644,8.30084,seed41534.png
-17.907969,-9.167829,seed41535.png
10.984086,-27.384865,seed41536.png
10.015822,-22.00811,seed41537.png
16.875696,23.924578,seed41538.png
-17.146046,5.503852,seed41539.png
3.930967,-4.7740083,seed4154.png
-0.5846147,-13.455552,seed41540.png
-37.11942,21.457594,seed41541.png
32.564888,3.6600082,seed41542.png
8.190613,24.111355,seed41543.png
-24.553778,9.588679,seed41544.png
21.18216,22.425732,seed41545.png
-10.443602,-2.7414172,seed41546.png
23.418497,-6.644244,seed41547.png
23.464033,1.9861106,seed41548.png
32.82282,19.855888,seed41549.png
-10.461782,-4.5597315,seed4155.png
-3.64737,-2.306859,seed41550.png
-23.592382,1.9477775,seed41551.png
28.091152,16.151133,seed41552.png
32.44525,16.35209,seed41553.png
10.023891,-1.81742,seed41554.png
16.280167,-5.9684534,seed41555.png
-3.9315078,2.0554311,seed41556.png
-10.745433,-0.28570637,seed41557.png
6.8608656,-35.33456,seed41558.png
-34.895218,24.453876,seed41559.png
18.707155,-5.3469853,seed4156.png
18.16936,20.706917,seed41560.png
33.78846,22.238657,seed41561.png
-39.51778,20.770283,seed41562.png
27.519638,4.3801613,seed41563.png
14.592909,25.496304,seed41564.png
-30.744,-1.9792365,seed41565.png
10.4386,-27.915953,seed41566.png
-1.3887831,11.441789,seed41567.png
12.456224,-42.2631,seed41568.png
8.090115,4.445835,seed41569.png
11.585193,-32.86606,seed4157.png
28.159994,5.7746706,seed41570.png
7.3742185,5.368357,seed41571.png
29.670788,28.10316,seed41572.png
14.380326,-5.311093,seed41573.png
29.778147,16.554012,seed41574.png
4.8726983,20.127802,seed41575.png
12.966875,-36.862476,seed41576.png
7.539606,-11.679833,seed41577.png
-12.801481,3.5231276,seed41578.png
14.224527,-29.76996,seed41579.png
37.18859,8.197797,seed4158.png
35.729122,21.604847,seed41580.png
-29.583828,-11.328147,seed41581.png
-5.36239,-3.536384,seed41582.png
-11.484587,-22.56747,seed41583.png
7.8604155,-30.626143,seed41584.png
-15.018009,-27.559982,seed41585.png
33.01408,6.157112,seed41586.png
10.627274,-36.21698,seed41587.png
-18.15819,-30.516619,seed41588.png
-15.907072,-20.153343,seed41589.png
3.662204,20.495169,seed4159.png
3.2991867,12.443828,seed41590.png
35.84653,2.050833,seed41591.png
3.2049787,10.870524,seed41592.png
-30.193054,21.238293,seed41593.png
-30.184544,-1.3686224,seed41594.png
-29.142414,0.76587176,seed41595.png
-11.627422,-22.569788,seed41596.png
-11.154939,-8.822401,seed41597.png
14.720943,-39.382057,seed41598.png
15.810991,-33.790714,seed41599.png
-27.640398,-15.165666,seed4160.png
12.51369,-32.166595,seed41600.png
-25.07067,-7.476153,seed41601.png
17.511803,17.335428,seed41602.png
29.288488,28.454899,seed41603.png
-22.69425,14.569834,seed41604.png
10.345604,10.506377,seed41605.png
0.9774287,-16.25636,seed41606.png
-11.812187,-7.3265324,seed41607.png
10.875525,-30.985725,seed41608.png
-30.31124,24.208408,seed41609.png
13.905692,-38.649803,seed4161.png
-15.43109,-24.859114,seed41610.png
21.471516,9.333767,seed41611.png
-35.776024,27.63847,seed41612.png
12.099936,-39.731564,seed41613.png
-28.620602,-13.4788885,seed41614.png
-25.466774,5.989199,seed41615.png
12.562434,-4.1050243,seed41616.png
29.379751,12.444514,seed41617.png
7.208299,-21.956448,seed41618.png
-10.631163,-20.366144,seed41619.png
-1.1789608,17.30023,seed4162.png
-21.805769,-4.8388743,seed41620.png
26.782759,8.382643,seed41621.png
8.207324,17.533936,seed41622.png
17.28194,27.926327,seed41623.png
-28.378536,4.360621,seed41624.png
10.822874,-25.163885,seed41625.png
-1.7141808,-12.896346,seed41626.png
18.866404,11.66637,seed41627.png
25.97166,9.821001,seed41628.png
-3.2375875,-3.0796285,seed41629.png
0.06475255,-3.2806828,seed4163.png
5.7727165,8.295191,seed41630.png
39.009598,11.405638,seed41631.png
14.320292,26.56874,seed41632.png
19.968992,13.96683,seed41633.png
0.2529618,7.0569186,seed41634.png
13.521666,1.6009727,seed41635.png
11.349765,21.40485,seed41636.png
9.757527,6.8881593,seed41637.png
-1.6049212,-25.015905,seed41638.png
25.677961,10.09946,seed41639.png
9.964225,-30.478657,seed4164.png
19.768696,0.58797663,seed41640.png
-23.426636,20.511003,seed41641.png
-0.731252,22.420616,seed41642.png
20.579033,11.820958,seed41643.png
-14.307834,-4.8583765,seed41644.png
-32.42769,25.937962,seed41645.png
4.7492065,-36.32088,seed41646.png
20.656263,6.240697,seed41647.png
39.564644,10.234763,seed41648.png
-25.364094,3.9347827,seed41649.png
-36.0582,19.41714,seed4165.png
-10.083645,-7.3640037,seed41650.png
26.421646,11.727586,seed41651.png
-17.350388,-14.867398,seed41652.png
-1.7580708,-12.840041,seed41653.png
-20.678335,-10.238975,seed41654.png
-22.384928,-24.929424,seed41655.png
25.986639,7.238242,seed41656.png
-10.106,-3.803484,seed41657.png
-20.675764,-18.034569,seed41658.png
19.568079,22.692091,seed41659.png
13.220052,-35.668484,seed4166.png
16.69119,-8.987549,seed41660.png
2.210362,12.84993,seed41661.png
-9.621216,-8.817326,seed41662.png
5.687038,-7.0359693,seed41663.png
26.021278,2.224264,seed41664.png
-30.837595,18.307322,seed41665.png
-1.2983267,-18.10442,seed41666.png
-31.024015,-6.092778,seed41667.png
7.1653438,13.082212,seed41668.png
5.7996917,-35.70616,seed41669.png
-21.829197,11.014669,seed4167.png
37.70154,22.301113,seed41670.png
-27.587742,8.270109,seed41671.png
-31.156998,5.1617484,seed41672.png
-8.834512,-20.25037,seed41673.png
-33.239216,-1.9671563,seed41674.png
-6.263233,-1.7205123,seed41675.png
21.276333,23.424118,seed41676.png
16.390144,-1.7104373,seed41677.png
-13.907551,-1.9066387,seed41678.png
29.840803,24.958355,seed41679.png
11.7101965,-32.875214,seed4168.png
-23.01158,-1.1532478,seed41680.png
-32.5375,-1.1765695,seed41681.png
-0.1768892,-14.613795,seed41682.png
12.154588,-38.14989,seed41683.png
-18.811842,5.0771055,seed41684.png
-10.9009285,-24.07085,seed41685.png
-15.856022,-9.305412,seed41686.png
13.769671,-32.283745,seed41687.png
11.215779,5.0338016,seed41688.png
-18.792782,-8.955787,seed41689.png
-25.383116,-9.127806,seed4169.png
16.44341,-2.629612,seed41690.png
17.801903,3.0056794,seed41691.png
30.070297,17.753149,seed41692.png
-11.471783,-13.005379,seed41693.png
-14.895565,-16.501394,seed41694.png
-15.382549,-19.578201,seed41695.png
21.34869,26.625608,seed41696.png
3.665507,-28.65157,seed41697.png
-19.536104,-12.372422,seed41698.png
-19.913467,-6.99231,seed41699.png
12.75924,0.6251023,seed4170.png
-34.51517,-2.8696034,seed41700.png
19.951326,-3.7341151,seed41701.png
-11.606435,0.84282815,seed41702.png
-9.620425,-10.848241,seed41703.png
-30.308086,24.010324,seed41704.png
3.7488213,-25.4777,seed41705.png
-29.029444,-10.904317,seed41706.png
32.43617,6.9979157,seed41707.png
-14.851277,0.31900924,seed41708.png
0.8887504,16.404505,seed41709.png
4.49203,-32.073536,seed4171.png
18.143837,-6.807198,seed41710.png
-19.02,-22.664759,seed41711.png
2.261204,23.344824,seed41712.png
9.696777,17.662926,seed41713.png
-11.026407,-25.296383,seed41714.png
-35.15755,27.196007,seed41715.png
-18.776789,-19.2092,seed41716.png
11.900841,20.335245,seed41717.png
12.580871,7.6088643,seed41718.png
14.958324,-34.06324,seed41719.png
39.194782,14.279134,seed4172.png
17.361292,14.725194,seed41720.png
-26.07947,13.927804,seed41721.png
8.661397,8.604084,seed41722.png
-2.6999774,-15.379066,seed41723.png
29.572552,25.868475,seed41724.png
24.969328,21.361536,seed41725.png
13.122319,20.707638,seed41726.png
18.952991,-3.6954982,seed41727.png
-7.937334,-9.270535,seed41728.png
10.792152,-30.048777,seed41729.png
-30.404985,21.896725,seed4173.png
13.127632,-41.00572,seed41730.png
-18.477642,-4.191383,seed41731.png
-12.749322,-31.13821,seed41732.png
4.4012394,-26.044065,seed41733.png
16.215183,6.079079,seed41734.png
10.045513,15.031326,seed41735.png
-10.047607,-20.125536,seed41736.png
-7.3628197,-13.418033,seed41737.png
13.735629,-6.6688285,seed41738.png
-19.375301,-9.771421,seed41739.png
25.69188,21.088907,seed4174.png
-6.4178653,-14.662974,seed41740.png
-19.357582,-1.7069662,seed41741.png
0.86734873,16.528732,seed41742.png
-21.04207,-10.680316,seed41743.png
0.8425712,18.28898,seed41744.png
10.806881,-35.043877,seed41745.png
-29.327263,0.45830232,seed41746.png
4.875509,5.2495236,seed41747.png
39.0123,10.813781,seed41748.png
24.662859,12.49794,seed41749.png
26.31508,13.212388,seed4175.png
9.61613,-9.269901,seed41750.png
30.405964,12.985337,seed41751.png
-14.975408,-20.867188,seed41752.png
-25.96635,-15.630959,seed41753.png
38.979244,20.189829,seed41754.png
-11.691187,-25.042852,seed41755.png
-22.180017,-4.8952374,seed41756.png
-19.19623,-13.594206,seed41757.png
37.18035,11.736743,seed41758.png
28.246822,9.528114,seed41759.png
14.724893,-9.217811,seed4176.png
6.567288,6.1729007,seed41760.png
12.704177,-5.6440163,seed41761.png
-26.421051,-7.5662136,seed41762.png
13.7737665,6.1363063,seed41763.png
15.343951,27.1204,seed41764.png
-27.272943,-22.069616,seed41765.png
-28.237896,14.946156,seed41766.png
16.35156,-33.559193,seed41767.png
15.833344,4.532647,seed41768.png
32.64556,24.680695,seed41769.png
-30.243387,4.543941,seed4177.png
10.108928,18.608501,seed41770.png
15.6865635,-34.590694,seed41771.png
-33.91505,12.324953,seed41772.png
-19.47861,14.6888685,seed41773.png
11.347881,10.000491,seed41774.png
-24.312109,-4.0096045,seed41775.png
30.858633,9.868228,seed41776.png
-29.320532,-14.354025,seed41777.png
-1.4074328,14.81902,seed41778.png
-27.67651,10.996943,seed41779.png
-18.838211,-11.301052,seed4178.png
-23.336033,-16.240988,seed41780.png
-35.928284,14.540963,seed41781.png
-21.271183,19.18747,seed41782.png
-37.45094,13.007401,seed41783.png
26.5643,8.858224,seed41784.png
35.566948,19.194506,seed41785.png
-31.313501,21.048697,seed41786.png
12.782707,23.999557,seed41787.png
11.170326,18.647741,seed41788.png
15.530646,-35.295296,seed41789.png
25.833973,-3.3304772,seed4179.png
27.986385,22.70273,seed41790.png
8.484587,15.207737,seed41791.png
-36.442802,7.687147,seed41792.png
-16.885403,-19.752167,seed41793.png
-25.079973,12.750258,seed41794.png
-16.734398,-21.184853,seed41795.png
34.261326,23.522402,seed41796.png
22.578602,-1.2895976,seed41797.png
1.437672,-18.359554,seed41798.png
-28.461092,-13.992079,seed41799.png
-33.300694,21.909615,seed4180.png
15.203205,-35.9131,seed41800.png
-20.235508,-0.52743655,seed41801.png
-31.99675,10.380545,seed41802.png
-18.89555,-22.699501,seed41803.png
20.816723,-5.6210227,seed41804.png
16.225727,6.4560814,seed41805.png
-12.356294,-21.351004,seed41806.png
14.678672,15.350092,seed41807.png
9.406114,5.3869967,seed41808.png
39.904438,24.160727,seed41809.png
-12.063858,-30.85638,seed4181.png
-30.925833,-15.445536,seed41810.png
-22.081331,-4.313636,seed41811.png
-19.486275,-23.073484,seed41812.png
-0.9590586,23.015966,seed41813.png
34.571342,9.265876,seed41814.png
12.750235,-6.3276763,seed41815.png
10.524298,-20.553179,seed41816.png
-4.5649467,-23.275724,seed41817.png
9.942131,20.639595,seed41818.png
32.2273,10.507948,seed41819.png
-19.171484,10.503291,seed4182.png
12.387964,27.855957,seed41820.png
5.6143785,3.3960848,seed41821.png
5.1096506,-34.695984,seed41822.png
23.165798,15.798647,seed41823.png
-7.8215103,9.988146,seed41824.png
7.3209662,-5.861113,seed41825.png
-23.654383,12.664507,seed41826.png
-9.40231,1.3437129,seed41827.png
-31.392897,24.027306,seed41828.png
6.8696094,-26.845657,seed41829.png
-16.723951,10.121839,seed4183.png
-20.632437,0.37228432,seed41830.png
-26.776371,0.39597872,seed41831.png
-25.951878,2.2227077,seed41832.png
10.323577,-22.839254,seed41833.png
-19.266996,3.5783508,seed41834.png
-7.1259427,-18.643652,seed41835.png
-25.354235,0.7600481,seed41836.png
1.3754618,-17.847345,seed41837.png
-13.257383,-10.750383,seed41838.png
20.231644,-4.229285,seed41839.png
-18.847002,-32.49777,seed4184.png
11.969729,-18.006819,seed41840.png
-5.342554,-4.0605927,seed41841.png
-15.69927,-3.1767075,seed41842.png
10.584054,-34.658257,seed41843.png
11.827869,-32.26127,seed41844.png
31.053305,11.359017,seed41845.png
18.012053,-8.495304,seed41846.png
-31.421955,20.390478,seed41847.png
17.680407,-8.147219,seed41848.png
-16.525343,-26.81963,seed41849.png
12.491504,-31.430573,seed4185.png
14.017884,-31.732838,seed41850.png
-20.017975,-17.911957,seed41851.png
-25.106651,-18.267162,seed41852.png
29.329624,15.799218,seed41853.png
-33.28578,25.720016,seed41854.png
3.9959626,-25.683332,seed41855.png
-7.5435505,-17.834442,seed41856.png
30.819826,13.395091,seed41857.png
4.6881447,-30.37452,seed41858.png
16.138102,-33.322315,seed41859.png
-25.70425,-19.056211,seed4186.png
12.584795,-3.6781793,seed41860.png
-11.354876,-22.494324,seed41861.png
20.89565,-5.895243,seed41862.png
-14.832852,-11.972011,seed41863.png
-3.3223422,-10.317079,seed41864.png
15.32349,-35.973606,seed41865.png
36.93093,11.111593,seed41866.png
22.93465,21.65578,seed41867.png
-23.729227,15.789129,seed41868.png
-24.798037,-11.897739,seed41869.png
2.095217,-1.9248581,seed4187.png
-22.303621,-0.75899273,seed41870.png
12.945649,22.716595,seed41871.png
-35.782223,24.854649,seed41872.png
9.114014,0.47330874,seed41873.png
-25.462769,-21.71734,seed41874.png
12.570293,-19.86649,seed41875.png
34.410004,16.049856,seed41876.png
-0.08012364,13.72298,seed41877.png
-8.156634,-11.760687,seed41878.png
-10.226939,-12.504904,seed41879.png
-14.765494,0.4957,seed4188.png
8.589053,-43.308777,seed41880.png
28.707062,16.481218,seed41881.png
-20.158957,-10.644546,seed41882.png
2.951713,-30.30359,seed41883.png
-16.586296,-15.0274,seed41884.png
-9.23849,-11.711958,seed41885.png
-10.656733,-17.212654,seed41886.png
-23.054098,-1.2723207,seed41887.png
17.671938,17.774801,seed41888.png
-22.106607,-10.212559,seed41889.png
5.8463535,13.650995,seed4189.png
16.280651,-32.619953,seed41890.png
24.062706,4.7110577,seed41891.png
22.174017,24.359028,seed41892.png
9.149105,4.7525935,seed41893.png
21.449734,8.841341,seed41894.png
0.6493982,5.335334,seed41895.png
18.77414,15.8304205,seed41896.png
-15.93484,-15.556282,seed41897.png
-10.852492,-29.954334,seed41898.png
-12.68496,-14.355794,seed41899.png
9.588379,21.331844,seed4190.png
-14.217795,3.2738428,seed41900.png
28.67658,19.3588,seed41901.png
6.372704,12.785065,seed41902.png
-20.996479,10.449032,seed41903.png
9.906107,12.586797,seed41904.png
-30.6578,-10.109134,seed41905.png
5.717967,13.697155,seed41906.png
-5.51401,8.228547,seed41907.png
-27.018745,7.7814355,seed41908.png
23.55191,-0.2292748,seed41909.png
-32.846085,19.070227,seed4191.png
13.706444,-40.530323,seed41910.png
10.314809,1.9717897,seed41911.png
35.453693,10.618597,seed41912.png
29.150034,27.335913,seed41913.png
-13.759021,-30.50578,seed41914.png
13.897427,-37.204914,seed41915.png
37.47524,5.0117984,seed41916.png
16.993048,-35.504578,seed41917.png
30.534922,28.41983,seed41918.png
11.621638,1.0711101,seed41919.png
35.187412,23.528692,seed4192.png
3.2806883,1.5885737,seed41920.png
16.54838,25.513956,seed41921.png
-26.046942,-12.991746,seed41922.png
-24.066725,-0.4117276,seed41923.png
-9.915958,-22.601938,seed41924.png
17.883379,25.93235,seed41925.png
-19.787863,-17.389057,seed41926.png
-34.632603,14.14502,seed41927.png
-2.0941901,-15.421136,seed41928.png
21.79536,11.01319,seed41929.png
-32.105427,24.61888,seed4193.png
-3.1757233,9.118496,seed41930.png
23.245531,0.5767951,seed41931.png
25.863089,16.883566,seed41932.png
8.57191,-23.129404,seed41933.png
6.1759467,23.877472,seed41934.png
5.128046,-34.436317,seed41935.png
25.903294,11.815967,seed41936.png
24.428118,16.847193,seed41937.png
8.99959,-35.71618,seed41938.png
10.633815,-24.79828,seed41939.png
17.164234,-33.198437,seed4194.png
22.024956,14.503139,seed41940.png
-7.3189645,2.1342773,seed41941.png
40.84449,17.776491,seed41942.png
-19.062595,-12.7901325,seed41943.png
-19.607365,2.4725866,seed41944.png
-26.14073,13.281597,seed41945.png
-28.789812,-1.723316,seed41946.png
30.095182,12.851159,seed41947.png
-15.659187,-22.201002,seed41948.png
2.485269,1.2728384,seed41949.png
17.230871,19.790255,seed4195.png
34.99834,6.834952,seed41950.png
-21.560102,-15.527811,seed41951.png
32.33189,13.731601,seed41952.png
5.040967,20.128235,seed41953.png
31.975069,26.025755,seed41954.png
32.805973,21.47487,seed41955.png
36.228012,18.379858,seed41956.png
3.4148028,-0.45457825,seed41957.png
-4.69375,-20.551964,seed41958.png
-10.869185,-21.513374,seed41959.png
8.6485195,-36.551453,seed4196.png
-17.140205,-15.080288,seed41960.png
-22.011421,-13.841422,seed41961.png
-24.873823,3.15803,seed41962.png
16.698141,-9.382103,seed41963.png
10.939466,-34.750874,seed41964.png
7.6993093,-2.849057,seed41965.png
-12.386695,-18.899258,seed41966.png
19.411076,13.847695,seed41967.png
12.820571,-1.5083467,seed41968.png
2.5270233,-14.274386,seed41969.png
24.784147,21.041903,seed4197.png
5.1639757,-13.611143,seed41970.png
-33.211945,7.443821,seed41971.png
-18.181318,-15.601145,seed41972.png
-17.760849,2.8470612,seed41973.png
-10.592487,-14.032696,seed41974.png
28.243435,25.921606,seed41975.png
5.6816154,-18.175001,seed41976.png
5.5809374,-6.406846,seed41977.png
21.66136,-5.507222,seed41978.png
13.337987,-32.048138,seed41979.png
0.47132692,-4.2496357,seed4198.png
12.936177,-4.0047345,seed41980.png
-25.2772,5.088043,seed41981.png
22.610104,21.976236,seed41982.png
17.98218,28.412922,seed41983.png
7.0688567,13.380737,seed41984.png
39.039825,17.569122,seed41985.png
0.8331992,-24.26474,seed41986.png
7.2081904,-31.676483,seed41987.png
-1.369721,-16.58077,seed41988.png
-8.756801,-19.33759,seed41989.png
-6.0119123,12.3238325,seed4199.png
-22.655851,-15.076866,seed41990.png
-0.5025277,-15.810088,seed41991.png
-33.483875,-5.815743,seed41992.png
9.720537,-2.558278,seed41993.png
-13.384977,-4.5151353,seed41994.png
-21.181103,-25.615587,seed41995.png
-19.014751,9.358946,seed41996.png
-25.308191,-13.214977,seed41997.png
-34.10993,18.77171,seed41998.png
12.800974,-41.16812,seed41999.png
29.561825,9.946482,seed4200.png
9.617732,25.797823,seed42000.png
16.256052,-0.43356538,seed42001.png
19.89656,1.0552994,seed42002.png
-10.942108,-26.614874,seed42003.png
-25.808292,5.463148,seed42004.png
-11.887033,-15.700742,seed42005.png
-36.17285,9.264547,seed42006.png
-31.361794,21.984251,seed42007.png
12.197749,-38.52984,seed42008.png
14.140479,27.01094,seed42009.png
-0.83026916,-12.054384,seed4201.png
15.663212,13.254883,seed42010.png
-31.584734,24.322681,seed42011.png
26.379995,9.312704,seed42012.png
12.303265,-42.890453,seed42013.png
-3.5742345,-16.537418,seed42014.png
-13.946475,-30.534239,seed42015.png
-18.213518,-9.211036,seed42016.png
-31.46626,20.919437,seed42017.png
18.045103,21.123302,seed42018.png
-12.970735,-29.825636,seed42019.png
32.88826,8.202872,seed4202.png
2.2242324,12.609347,seed42020.png
-21.914486,13.670167,seed42021.png
27.679327,2.6343172,seed42022.png
37.46441,23.578306,seed42023.png
10.655981,-41.613094,seed42024.png
31.94726,22.682037,seed42025.png
-28.266544,-11.431005,seed42026.png
37.387707,8.258601,seed42027.png
-26.715418,-11.209216,seed42028.png
15.007747,23.767796,seed42029.png
-21.828014,-21.471182,seed4203.png
1.3985273,22.234486,seed42030.png
-31.327131,-13.162927,seed42031.png
24.546078,12.446732,seed42032.png
26.691114,28.075653,seed42033.png
35.31531,13.450585,seed42034.png
-13.848901,-7.3156757,seed42035.png
-20.925564,-7.9078946,seed42036.png
35.102215,10.094442,seed42037.png
9.911685,-38.71812,seed42038.png
18.967817,8.343319,seed42039.png
14.684903,-22.501074,seed4204.png
-25.544666,-0.36021152,seed42040.png
7.003336,15.673087,seed42041.png
15.81059,-35.281776,seed42042.png
26.82677,11.526012,seed42043.png
-24.574438,2.8072302,seed42044.png
-23.080189,-12.609519,seed42045.png
38.057682,19.76743,seed42046.png
-14.74521,-21.706793,seed42047.png
0.065620996,22.132631,seed42048.png
5.814247,4.0134897,seed42049.png
32.159374,24.379623,seed4205.png
15.673202,-8.252787,seed42050.png
16.184908,-33.37041,seed42051.png
-10.400547,-23.966135,seed42052.png
-15.205233,-12.854857,seed42053.png
-32.689903,3.4441986,seed42054.png
-26.974184,-15.520745,seed42055.png
10.199334,-24.492954,seed42056.png
30.626814,21.62047,seed42057.png
-27.445745,12.7860775,seed42058.png
13.949969,-9.542919,seed42059.png
-15.417241,-7.7478013,seed4206.png
-15.545969,1.7868444,seed42060.png
3.1922896,-29.862604,seed42061.png
36.36356,23.562029,seed42062.png
-34.706703,19.8773,seed42063.png
-13.374078,6.7086577,seed42064.png
-15.292284,-21.995386,seed42065.png
21.043022,12.823941,seed42066.png
-30.15508,16.041002,seed42067.png
-22.761711,-4.376777,seed42068.png
-31.23801,10.484347,seed42069.png
38.37578,24.600838,seed4207.png
-24.995255,-22.118351,seed42070.png
-30.602343,9.7011385,seed42071.png
-20.8142,-17.580437,seed42072.png
-27.098871,15.330757,seed42073.png
3.5478084,-12.324342,seed42074.png
7.132385,-26.294012,seed42075.png
10.036052,3.757879,seed42076.png
-0.9030038,23.874634,seed42077.png
-20.27604,-11.288758,seed42078.png
3.8120182,-29.833603,seed42079.png
-11.175847,-19.609526,seed4208.png
6.421885,17.892273,seed42080.png
-19.047197,-12.606728,seed42081.png
14.177969,-24.91572,seed42082.png
31.769165,23.358929,seed42083.png
31.67887,26.033306,seed42084.png
-31.212286,25.34219,seed42085.png
-24.074581,14.424198,seed42086.png
-25.2271,-5.118217,seed42087.png
-18.81031,-4.656873,seed42088.png
-1.1994019,-21.395195,seed42089.png
30.576794,3.4440227,seed4209.png
31.511143,12.450706,seed42090.png
18.60985,22.783045,seed42091.png
6.361471,-33.33064,seed42092.png
13.296522,22.537691,seed42093.png
20.613844,-0.15180227,seed42094.png
5.503582,-35.848396,seed42095.png
-12.563849,-10.511724,seed42096.png
3.1082406,1.7505181,seed42097.png
-28.119612,-6.759702,seed42098.png
22.34585,22.942036,seed42099.png
-26.57879,5.6461363,seed4210.png
-30.871403,22.533546,seed42100.png
28.56358,5.4989614,seed42101.png
8.518834,-26.562744,seed42102.png
31.105293,10.893294,seed42103.png
-24.893534,17.271082,seed42104.png
20.037117,-5.848504,seed42105.png
13.2352295,-40.759773,seed42106.png
16.643188,3.457511,seed42107.png
20.275244,7.040593,seed42108.png
17.178724,15.912787,seed42109.png
31.13312,13.440027,seed4211.png
26.26213,8.194207,seed42110.png
37.066124,14.745252,seed42111.png
-7.0309668,-10.116213,seed42112.png
23.684914,10.453038,seed42113.png
11.391828,-4.7624893,seed42114.png
-25.002043,-16.075947,seed42115.png
9.707535,25.746986,seed42116.png
-23.03425,-28.170692,seed42117.png
15.029963,3.8123813,seed42118.png
-17.562471,-22.400225,seed42119.png
15.396082,-36.36685,seed4212.png
-23.28358,4.637536,seed42120.png
7.515214,8.113208,seed42121.png
29.074106,3.5389793,seed42122.png
12.074996,28.71384,seed42123.png
22.653326,-0.5056957,seed42124.png
-3.675554,-6.702147,seed42125.png
8.062264,-2.8776565,seed42126.png
-15.920532,-19.328667,seed42127.png
11.343164,-43.130848,seed42128.png
33.571842,9.967057,seed42129.png
4.7399983,-32.298477,seed4213.png
15.119471,19.447502,seed42130.png
24.058912,20.836658,seed42131.png
-32.00761,-7.785772,seed42132.png
-0.58323,24.907509,seed42133.png
-0.96666855,-17.927416,seed42134.png
-32.534924,1.1822284,seed42135.png
20.910784,21.619688,seed42136.png
-29.079884,16.13311,seed42137.png
-26.64845,5.843889,seed42138.png
30.469046,14.682106,seed42139.png
7.5299544,1.6172023,seed4214.png
-21.20738,12.405959,seed42140.png
-3.9150753,-16.991386,seed42141.png
-10.372098,-24.549469,seed42142.png
-9.958874,-1.9575882,seed42143.png
11.205484,4.8306794,seed42144.png
31.595009,10.283373,seed42145.png
-15.068874,-18.642992,seed42146.png
15.544696,22.799849,seed42147.png
10.037231,-38.708954,seed42148.png
33.727566,6.458971,seed42149.png
-24.995182,-1.7048906,seed4215.png
22.429949,11.068352,seed42150.png
5.2148495,5.222512,seed42151.png
15.033649,-34.102783,seed42152.png
-16.486704,-18.70901,seed42153.png
-16.64158,-19.837008,seed42154.png
8.071014,-13.785386,seed42155.png
-19.46102,-21.55719,seed42156.png
4.027866,-34.694366,seed42157.png
10.861211,24.33703,seed42158.png
8.017768,20.70224,seed42159.png
-30.228233,-16.768444,seed4216.png
-19.414745,-17.542002,seed42160.png
18.679516,23.940699,seed42161.png
-7.6783166,-21.088936,seed42162.png
-5.801762,-13.029493,seed42163.png
5.216334,22.883413,seed42164.png
27.971111,5.775019,seed42165.png
6.15729,-31.43684,seed42166.png
6.7141128,21.535221,seed42167.png
28.462097,24.707748,seed42168.png
15.966245,-35.39321,seed42169.png
-12.33345,-22.871372,seed4217.png
1.8595592,21.478085,seed42170.png
32.70605,26.20253,seed42171.png
2.1955154,22.592958,seed42172.png
20.509447,10.867399,seed42173.png
-15.759151,-23.516012,seed42174.png
-21.505136,-23.420656,seed42175.png
-12.206476,-0.34677288,seed42176.png
3.1465185,-0.927419,seed42177.png
-17.153988,-7.784258,seed42178.png
-27.274315,11.771195,seed42179.png
-26.367638,1.7166785,seed4218.png
30.666698,19.872978,seed42180.png
-17.640757,-12.985348,seed42181.png
-0.50120395,24.636755,seed42182.png
-31.986603,15.221549,seed42183.png
-8.09836,-5.9804926,seed42184.png
-34.86259,-5.5210648,seed42185.png
19.994354,23.705208,seed42186.png
-2.238146,-12.85254,seed42187.png
-10.574036,-17.123005,seed42188.png
-28.477573,-22.784101,seed42189.png
8.615725,13.941657,seed4219.png
0.24655768,11.486215,seed42190.png
9.620316,7.0856385,seed42191.png
15.057991,18.767605,seed42192.png
13.197325,-30.374346,seed42193.png
-36.19318,18.516937,seed42194.png
-10.222888,5.120982,seed42195.png
-21.233597,-21.359638,seed42196.png
31.997293,20.589941,seed42197.png
-16.150522,-2.5729566,seed42198.png
16.515253,-7.6452594,seed42199.png
8.606642,-41.82543,seed4220.png
-21.483692,-5.9952507,seed42200.png
-10.7109995,-14.413753,seed42201.png
-26.401686,1.2483653,seed42202.png
11.604938,-31.101559,seed42203.png
23.81527,5.670636,seed42204.png
-4.340707,10.482061,seed42205.png
34.851376,11.801953,seed42206.png
6.2383146,12.190871,seed42207.png
10.854843,24.797476,seed42208.png
-24.933409,-17.832298,seed42209.png
-3.6552389,-16.242563,seed4221.png
8.808013,2.5251076,seed42210.png
-22.921013,-13.4672365,seed42211.png
-2.1526654,-7.834129,seed42212.png
12.69082,-31.156364,seed42213.png
4.9201417,10.486364,seed42214.png
5.2784266,-26.160423,seed42215.png
-21.570936,-27.533356,seed42216.png
-13.752966,-10.177419,seed42217.png
-19.85164,-30.358171,seed42218.png
-16.819302,6.704273,seed42219.png
15.708567,-36.50182,seed4222.png
22.252382,-5.8868747,seed42220.png
-23.819458,3.6774166,seed42221.png
-0.28717864,15.258116,seed42222.png
15.754535,19.006418,seed42223.png
12.248808,-37.476826,seed42224.png
-38.23401,14.578071,seed42225.png
9.321463,-24.00969,seed42226.png
-24.087637,4.72374,seed42227.png
14.997251,15.605533,seed42228.png
-30.359999,15.646626,seed42229.png
-25.42843,13.14659,seed4223.png
36.92886,24.477793,seed42230.png
-13.48308,-4.7462225,seed42231.png
29.668316,14.9671955,seed42232.png
-19.45489,-13.483203,seed42233.png
3.2369378,8.409479,seed42234.png
-22.103985,-20.277006,seed42235.png
-27.93312,10.546524,seed42236.png
35.285667,20.364159,seed42237.png
-23.677427,-18.367352,seed42238.png
-18.720156,-30.904041,seed42239.png
13.592796,22.959589,seed4224.png
33.642563,11.828454,seed42240.png
-23.85959,-9.501433,seed42241.png
24.204346,13.658475,seed42242.png
-10.262125,-20.604855,seed42243.png
-4.0305257,-15.629542,seed42244.png
-3.3568358,-16.914415,seed42245.png
6.516631,-34.295403,seed42246.png
-15.017108,-9.736573,seed42247.png
23.62038,-3.8046474,seed42248.png
-20.058863,5.4057584,seed42249.png
15.828057,-37.158127,seed4225.png
-29.121567,-4.4184375,seed42250.png
4.3620234,-3.9575534,seed42251.png
-18.407618,-10.589091,seed42252.png
6.9995685,11.721905,seed42253.png
-9.760428,-8.801728,seed42254.png
17.658323,12.116971,seed42255.png
17.737494,13.334103,seed42256.png
-17.467749,-16.588007,seed42257.png
-32.62812,24.185589,seed42258.png
-3.7715156,-14.768237,seed42259.png
7.8827505,-1.1014514,seed4226.png
-25.020626,-7.956429,seed42260.png
-26.951826,12.60246,seed42261.png
5.7113223,19.401289,seed42262.png
18.233624,0.048990738,seed42263.png
29.445951,7.0664544,seed42264.png
-17.246214,8.808988,seed42265.png
15.315817,-0.93560284,seed42266.png
-1.1761007,-17.375002,seed42267.png
16.429068,8.5220995,seed42268.png
3.6519847,13.001826,seed42269.png
-14.77973,-13.171025,seed4227.png
16.549753,-13.635416,seed42270.png
8.426423,-26.012424,seed42271.png
25.200283,5.4298387,seed42272.png
16.168142,-4.2774396,seed42273.png
-33.120895,6.6313643,seed42274.png
11.607611,-34.295624,seed42275.png
21.78055,-5.348268,seed42276.png
-30.854912,24.777933,seed42277.png
27.898088,7.741205,seed42278.png
11.724423,-43.57613,seed42279.png
18.119802,5.821445,seed4228.png
-27.839355,14.486236,seed42280.png
25.125309,8.967397,seed42281.png
-32.03784,13.106253,seed42282.png
11.429185,8.328482,seed42283.png
-0.7164348,-13.318527,seed42284.png
12.69859,3.237014,seed42285.png
-13.096061,-3.2387393,seed42286.png
7.9482627,25.707926,seed42287.png
-13.77882,-9.783756,seed42288.png
-3.726662,-3.5278313,seed42289.png
-22.335936,5.2667265,seed4229.png
8.972731,12.008172,seed42290.png
38.506065,17.395428,seed42291.png
35.984867,5.71191,seed42292.png
8.323109,-32.041714,seed42293.png
18.892252,17.392979,seed42294.png
-9.875818,-26.65476,seed42295.png
-22.049576,-17.121624,seed42296.png
39.3867,20.093533,seed42297.png
-19.659704,12.788069,seed42298.png
-27.042246,6.249973,seed42299.png
22.396353,4.546976,seed4230.png
33.742725,22.416222,seed42300.png
-19.251202,-18.006958,seed42301.png
-18.65467,-15.090567,seed42302.png
-28.108768,-7.562442,seed42303.png
11.645647,-26.025824,seed42304.png
-7.2373238,-16.03052,seed42305.png
14.565378,-39.263863,seed42306.png
-12.257914,-10.110773,seed42307.png
-21.493145,4.349927,seed42308.png
-21.008648,10.1746025,seed42309.png
5.429568,7.1341166,seed4231.png
4.8908134,-28.12612,seed42310.png
-31.462034,9.591064,seed42311.png
4.8176346,17.939062,seed42312.png
8.381011,-39.108852,seed42313.png
15.451659,-35.593063,seed42314.png
3.3474414,20.319939,seed42315.png
-16.53936,-27.704422,seed42316.png
16.460676,-9.3209915,seed42317.png
2.3358955,6.775338,seed42318.png
27.600391,-2.7090304,seed42319.png
23.021141,7.0047226,seed4232.png
6.2859464,20.142794,seed42320.png
11.358857,14.393437,seed42321.png
5.2377057,5.8388176,seed42322.png
-25.441376,-10.758177,seed42323.png
14.028423,-23.084608,seed42324.png
9.658796,-32.521553,seed42325.png
-7.497326,-5.1952925,seed42326.png
36.414997,22.066545,seed42327.png
0.34364268,-3.3797832,seed42328.png
26.470123,10.246699,seed42329.png
-24.364016,-4.104788,seed4233.png
25.999365,3.727886,seed42330.png
11.080711,16.13832,seed42331.png
21.100351,6.1731844,seed42332.png
33.17287,20.67349,seed42333.png
-14.856747,-27.893108,seed42334.png
-15.600958,-20.440823,seed42335.png
29.307165,12.054973,seed42336.png
14.855672,-1.9643902,seed42337.png
4.510433,-33.93277,seed42338.png
0.3849702,-16.398636,seed42339.png
-24.806229,13.343852,seed4234.png
-29.605537,13.433271,seed42340.png
15.054337,-6.60356,seed42341.png
-28.0139,-19.34165,seed42342.png
-20.094706,-29.607439,seed42343.png
-31.483728,-6.922247,seed42344.png
-18.638695,11.327333,seed42345.png
32.001644,1.4277437,seed42346.png
-11.15257,-3.614994,seed42347.png
-16.888319,-26.139652,seed42348.png
3.4775524,13.58244,seed42349.png
20.052282,3.6370423,seed4235.png
-30.516317,-6.0145645,seed42350.png
5.998882,18.490679,seed42351.png
1.8113798,-14.961446,seed42352.png
-23.085691,-16.272648,seed42353.png
-13.908414,-4.0686374,seed42354.png
1.982961,-25.13891,seed42355.png
20.224987,10.6318655,seed42356.png
17.671732,7.383069,seed42357.png
-18.893515,16.079147,seed42358.png
19.660397,20.35878,seed42359.png
-20.33852,-27.741438,seed4236.png
-25.30642,-1.6650069,seed42360.png
21.228983,-7.462005,seed42361.png
-28.214752,4.0654545,seed42362.png
-17.80986,-9.675114,seed42363.png
37.50612,11.819117,seed42364.png
1.7552143,9.2489805,seed42365.png
12.471266,-30.979082,seed42366.png
-3.245026,9.128317,seed42367.png
-16.827246,9.167674,seed42368.png
19.97155,-7.1355476,seed42369.png
29.294867,22.845106,seed4237.png
39.807266,21.35715,seed42370.png
-27.850386,1.6262051,seed42371.png
-10.906464,-16.412867,seed42372.png
35.94081,19.972412,seed42373.png
-30.332123,-10.496212,seed42374.png
30.751348,4.030788,seed42375.png
12.738129,5.6616817,seed42376.png
-23.592882,-10.529436,seed42377.png
-9.006232,-3.837283,seed42378.png
-7.644792,-27.127085,seed42379.png
20.723997,21.512888,seed4238.png
14.252765,-23.526476,seed42380.png
-21.101475,6.140387,seed42381.png
-34.430187,-5.051031,seed42382.png
3.9679365,10.194535,seed42383.png
-24.444918,-19.5437,seed42384.png
9.24825,29.956596,seed42385.png
4.145221,9.711917,seed42386.png
-33.634052,12.304574,seed42387.png
12.161202,-26.35768,seed42388.png
12.908461,-36.630085,seed42389.png
13.042621,28.456236,seed4239.png
-18.325779,-16.927801,seed42390.png
-35.805794,16.890089,seed42391.png
-23.723434,-23.60112,seed42392.png
-15.409832,11.533042,seed42393.png
-21.723463,3.055457,seed42394.png
5.141077,6.471458,seed42395.png
35.328205,18.38617,seed42396.png
-0.43587396,13.911903,seed42397.png
37.262745,11.169167,seed42398.png
-32.86553,21.228514,seed42399.png
4.933247,-26.986998,seed4240.png
-17.230907,-29.630892,seed42400.png
15.090108,26.284298,seed42401.png
10.076742,-27.851686,seed42402.png
-31.9858,-1.2613497,seed42403.png
10.699762,-10.000846,seed42404.png
-19.297894,-3.1266797,seed42405.png
5.4124165,-1.9220841,seed42406.png
-23.42133,-10.465445,seed42407.png
0.42939922,19.259968,seed42408.png
-5.8658967,-3.833595,seed42409.png
-19.013767,-23.169907,seed4241.png
17.525078,24.225313,seed42410.png
31.657988,11.670615,seed42411.png
-18.784195,5.856163,seed42412.png
27.394623,25.62923,seed42413.png
-21.52366,-12.944275,seed42414.png
-8.963328,-12.479236,seed42415.png
-1.101518,-17.743479,seed42416.png
20.817356,14.420177,seed42417.png
-19.744968,-3.4859056,seed42418.png
17.456602,-2.7474055,seed42419.png
-22.026867,3.0983555,seed4242.png
12.853265,-9.714639,seed42420.png
-20.62257,12.631111,seed42421.png
29.971025,6.293805,seed42422.png
-30.062553,18.004885,seed42423.png
-25.088678,-11.821644,seed42424.png
32.683872,6.137112,seed42425.png
35.768497,25.739912,seed42426.png
-28.392586,8.446624,seed42427.png
16.500244,-3.291024,seed42428.png
13.60882,-40.391624,seed42429.png
-19.971548,10.913015,seed4243.png
34.101204,26.969751,seed42430.png
-20.818975,10.313734,seed42431.png
20.482145,0.9388232,seed42432.png
22.731266,21.435295,seed42433.png
31.871264,-0.25451085,seed42434.png
10.190257,23.019533,seed42435.png
15.760475,19.85698,seed42436.png
13.413628,-30.632288,seed42437.png
-36.3071,22.629976,seed42438.png
-33.024544,-8.304671,seed42439.png
13.987452,3.78161,seed4244.png
13.313056,-2.1668687,seed42440.png
24.91761,15.079466,seed42441.png
-34.0165,24.727806,seed42442.png
-10.372756,-27.622059,seed42443.png
-19.941862,12.946059,seed42444.png
34.13496,16.59913,seed42445.png
-31.299156,2.927475,seed42446.png
32.373394,5.9636807,seed42447.png
-14.273644,-3.943235,seed42448.png
22.617998,23.789402,seed42449.png
12.95739,-2.1698656,seed4245.png
0.78438073,18.438757,seed42450.png
-18.856674,-26.723843,seed42451.png
-16.241009,1.7867221,seed42452.png
17.214514,13.235296,seed42453.png
10.294846,-34.02126,seed42454.png
19.64379,15.303615,seed42455.png
-1.5970211,21.604462,seed42456.png
-22.52178,9.92065,seed42457.png
-18.22447,-0.5295396,seed42458.png
36.08558,12.333951,seed42459.png
-34.522766,-7.204504,seed4246.png
12.258757,-7.465679,seed42460.png
22.658133,-1.181644,seed42461.png
-3.314911,20.558922,seed42462.png
3.0245986,-26.801052,seed42463.png
8.962589,4.975815,seed42464.png
20.952148,15.543453,seed42465.png
-26.643126,-19.70264,seed42466.png
29.612875,21.253803,seed42467.png
10.426781,-42.27774,seed42468.png
9.955142,-26.256231,seed42469.png
9.657293,29.84929,seed4247.png
-17.489786,-16.592165,seed42470.png
-12.20806,-19.446173,seed42471.png
-22.377647,4.112006,seed42472.png
20.277052,18.219992,seed42473.png
14.4349375,3.3299837,seed42474.png
17.114603,13.379439,seed42475.png
38.457405,24.935387,seed42476.png
-20.788832,-19.742844,seed42477.png
-35.26201,14.147886,seed42478.png
-13.084288,-24.52651,seed42479.png
35.523804,2.478135,seed4248.png
-33.550213,21.453627,seed42480.png
6.8117695,9.945753,seed42481.png
23.059834,19.789452,seed42482.png
-17.6945,-9.091196,seed42483.png
33.817497,21.336523,seed42484.png
11.76738,13.305192,seed42485.png
9.764114,-0.9475755,seed42486.png
-10.806948,-5.4571004,seed42487.png
15.033516,-33.16459,seed42488.png
-19.426712,6.606112,seed42489.png
10.734674,24.71213,seed4249.png
20.752699,11.2767315,seed42490.png
-23.82823,-1.2416326,seed42491.png
-8.170897,-23.365383,seed42492.png
-25.632751,13.78241,seed42493.png
8.137043,12.736604,seed42494.png
-20.160406,18.44342,seed42495.png
-19.44355,4.3562355,seed42496.png
15.542678,3.7015738,seed42497.png
7.051993,-37.828136,seed42498.png
-3.4423752,-19.607265,seed42499.png
28.070448,11.694424,seed4250.png
11.2500305,-37.449646,seed42500.png
13.06651,10.60808,seed42501.png
-12.914537,-25.524982,seed42502.png
27.30391,21.66789,seed42503.png
33.727993,13.590866,seed42504.png
5.0455904,3.9341142,seed42505.png
8.562322,0.6294024,seed42506.png
20.80717,-1.1413554,seed42507.png
30.920664,5.4315944,seed42508.png
-19.3089,-9.803704,seed42509.png
23.173285,-0.13572654,seed4251.png
25.902416,7.0182414,seed42510.png
-37.41603,16.297962,seed42511.png
-22.509762,1.0562644,seed42512.png
26.865171,21.918234,seed42513.png
-15.424115,-13.255161,seed42514.png
28.311003,20.75616,seed42515.png
7.990037,-5.544035,seed42516.png
25.809946,8.713931,seed42517.png
-1.6863767,23.328697,seed42518.png
-8.493321,-18.63477,seed42519.png
36.630795,24.747303,seed4252.png
12.809002,28.376532,seed42520.png
-34.686867,7.6135974,seed42521.png
-19.90006,5.7332172,seed42522.png
11.358892,-10.591636,seed42523.png
-31.567768,14.696471,seed42524.png
0.6555562,-14.497881,seed42525.png
-34.813984,15.381423,seed42526.png
22.48183,16.021608,seed42527.png
28.476343,15.68685,seed42528.png
-11.541986,-12.251291,seed42529.png
10.103513,9.894183,seed4253.png
-19.339119,16.643023,seed42530.png
28.396992,27.375368,seed42531.png
20.49854,-9.64234,seed42532.png
-5.619237,-8.817404,seed42533.png
27.190258,8.936964,seed42534.png
16.389648,16.691164,seed42535.png
6.6809783,8.585826,seed42536.png
14.662181,-40.02806,seed42537.png
5.423682,19.300543,seed42538.png
11.23349,16.871363,seed42539.png
10.304373,-1.3610193,seed4254.png
6.926133,17.54556,seed42540.png
12.285364,-22.392561,seed42541.png
-22.796625,-27.348345,seed42542.png
32.457466,6.4251633,seed42543.png
21.010532,7.4219775,seed42544.png
-23.381979,-5.809832,seed42545.png
-6.9153676,-2.2779346,seed42546.png
-30.103605,11.498322,seed42547.png
-11.545417,-1.2421064,seed42548.png
36.308052,17.47468,seed42549.png
-21.744967,9.361241,seed4255.png
1.5141104,-14.922296,seed42550.png
14.771043,27.602446,seed42551.png
29.241753,25.018377,seed42552.png
34.332638,12.379465,seed42553.png
18.76918,12.745681,seed42554.png
2.8201642,1.0772284,seed42555.png
11.2699175,20.751694,seed42556.png
19.368399,20.514324,seed42557.png
32.841545,18.70648,seed42558.png
-30.910011,1.023752,seed42559.png
15.256731,-11.186167,seed4256.png
40.27638,22.93062,seed42560.png
-17.234533,-6.102567,seed42561.png
-24.450941,-3.462257,seed42562.png
-19.856764,-23.526955,seed42563.png
1.3992298,-7.160601,seed42564.png
8.772839,0.58698183,seed42565.png
-20.375504,-24.96689,seed42566.png
13.28107,-33.18445,seed42567.png
-23.971277,-11.640997,seed42568.png
24.299723,21.645752,seed42569.png
10.823296,-25.534142,seed4257.png
18.756718,0.9965422,seed42570.png
24.790203,20.08949,seed42571.png
-2.024343,-2.2451956,seed42572.png
-22.16831,11.017767,seed42573.png
24.623497,-4.303774,seed42574.png
-31.428541,6.3297086,seed42575.png
-34.37066,15.32787,seed42576.png
31.461836,26.382156,seed42577.png
-9.801597,-19.450235,seed42578.png
14.608447,-32.155922,seed42579.png
2.2820544,25.637,seed4258.png
-24.055185,-22.594877,seed42580.png
19.903355,20.568804,seed42581.png
38.069942,22.380291,seed42582.png
-9.058137,5.0526357,seed42583.png
18.998676,-0.76298445,seed42584.png
25.772669,0.24029996,seed42585.png
11.800411,-29.969873,seed42586.png
-15.771283,0.046471536,seed42587.png
-25.135004,7.4292526,seed42588.png
8.411466,-23.817232,seed42589.png
-21.654985,-26.034151,seed4259.png
1.8591084,14.622349,seed42590.png
18.834478,18.514585,seed42591.png
14.446491,-31.314787,seed42592.png
-22.474123,15.021862,seed42593.png
9.882426,-6.603054,seed42594.png
22.435854,1.7968562,seed42595.png
-20.427355,-19.167616,seed42596.png
3.426786,-5.8635907,seed42597.png
-19.621803,4.5961933,seed42598.png
1.7939451,-12.251741,seed42599.png
-0.84284455,-9.154731,seed4260.png
29.479776,21.524332,seed42600.png
30.82643,1.4301239,seed42601.png
25.10608,0.6849668,seed42602.png
-3.3336778,-22.259792,seed42603.png
-29.89645,-8.359258,seed42604.png
11.343104,-24.574903,seed42605.png
-32.84222,4.957956,seed42606.png
-22.965342,-13.793036,seed42607.png
-22.906294,-22.944607,seed42608.png
-13.640536,-25.97585,seed42609.png
6.7732563,-31.696323,seed4261.png
24.485464,7.1299815,seed42610.png
7.1425357,0.07909011,seed42611.png
-28.130264,0.16917087,seed42612.png
29.253002,2.7053125,seed42613.png
-18.112762,-29.88448,seed42614.png
38.62141,22.400826,seed42615.png
-20.915754,-8.154837,seed42616.png
34.23755,5.074103,seed42617.png
-23.921965,-3.9180741,seed42618.png
-24.483414,-24.432764,seed42619.png
-22.67193,2.2387571,seed4262.png
12.277794,-22.507343,seed42620.png
-23.849993,-2.5033674,seed42621.png
-32.74893,10.046691,seed42622.png
0.53265667,-2.441754,seed42623.png
2.5132506,-7.4395604,seed42624.png
31.418924,7.5367565,seed42625.png
32.31285,23.453045,seed42626.png
-26.242922,4.164969,seed42627.png
-24.611977,5.1656466,seed42628.png
2.0157275,17.702358,seed42629.png
-25.89486,17.451519,seed4263.png
-20.460213,-1.8172876,seed42630.png
22.09811,3.8682597,seed42631.png
-10.635447,-14.1803255,seed42632.png
-17.325302,1.415333,seed42633.png
9.954802,-4.2125688,seed42634.png
13.344793,11.562746,seed42635.png
-1.1618397,-13.095275,seed42636.png
17.877672,-34.425915,seed42637.png
-20.429691,-0.023529593,seed42638.png
-22.582176,13.4704895,seed42639.png
27.039732,16.016983,seed4264.png
-18.680893,-4.947561,seed42640.png
-8.935141,-19.619694,seed42641.png
-31.823904,23.726982,seed42642.png
0.54359126,2.025357,seed42643.png
-26.7833,12.377839,seed42644.png
17.585901,23.762213,seed42645.png
17.64582,-7.5484843,seed42646.png
-36.003174,8.852148,seed42647.png
19.274427,14.376867,seed42648.png
-33.23804,23.24914,seed42649.png
-31.829885,-2.3980093,seed4265.png
-21.481657,12.849929,seed42650.png
26.852419,21.278074,seed42651.png
-20.369564,-17.026165,seed42652.png
24.778564,20.308426,seed42653.png
-20.223219,-12.072831,seed42654.png
24.179766,8.469836,seed42655.png
-9.642872,-16.769032,seed42656.png
26.42829,13.081758,seed42657.png
14.481873,9.961793,seed42658.png
21.068201,0.041024372,seed42659.png
9.590647,28.822458,seed4266.png
-25.875067,-0.60752463,seed42660.png
10.773722,-38.02968,seed42661.png
29.692657,28.003397,seed42662.png
31.341795,18.109127,seed42663.png
-28.587395,7.0149474,seed42664.png
-2.3714643,-15.7135105,seed42665.png
-22.306139,-5.6768737,seed42666.png
11.746615,16.926859,seed42667.png
-24.60762,-0.91489935,seed42668.png
-12.378578,-11.910556,seed42669.png
40.242805,21.161243,seed4267.png
12.756219,-7.7245226,seed42670.png
13.855818,-36.187504,seed42671.png
30.709673,11.423779,seed42672.png
12.144107,-38.973923,seed42673.png
34.92788,8.128596,seed42674.png
13.988939,26.397493,seed42675.png
-34.79813,13.86691,seed42676.png
-21.457289,19.90602,seed42677.png
16.055204,17.997227,seed42678.png
23.744324,7.971646,seed42679.png
-6.1065803,-5.8789024,seed4268.png
20.372679,-8.35159,seed42680.png
6.1595716,-37.765587,seed42681.png
13.015989,10.188563,seed42682.png
33.197674,17.864925,seed42683.png
-21.38108,12.268659,seed42684.png
-15.203271,-12.892743,seed42685.png
11.45074,-32.867508,seed42686.png
-31.013433,11.066825,seed42687.png
-17.586731,6.187596,seed42688.png
5.968372,-3.7399936,seed42689.png
0.87235504,-15.929303,seed4269.png
5.9073324,1.6757408,seed42690.png
-18.441952,-27.752022,seed42691.png
29.363594,4.544603,seed42692.png
37.86501,24.984623,seed42693.png
-14.904595,-25.103437,seed42694.png
-26.9604,0.33432725,seed42695.png
4.934859,-23.677998,seed42696.png
25.827288,-0.49570304,seed42697.png
-8.692783,11.18245,seed42698.png
31.90265,17.445585,seed42699.png
32.5159,9.816842,seed4270.png
-6.2381167,-7.488155,seed42700.png
-19.135248,-5.757077,seed42701.png
-24.482994,4.301856,seed42702.png
7.796323,23.397783,seed42703.png
-7.6272044,-25.430843,seed42704.png
-20.274704,-24.964499,seed42705.png
9.738388,-23.019793,seed42706.png
7.351655,7.7939796,seed42707.png
-29.19128,18.924107,seed42708.png
14.052863,3.7422369,seed42709.png
8.870219,-30.78474,seed4271.png
-32.764584,22.053602,seed42710.png
16.039482,7.1818075,seed42711.png
10.594372,12.165576,seed42712.png
-25.99189,-17.498678,seed42713.png
-15.242723,-12.911978,seed42714.png
-8.440408,-16.07079,seed42715.png
16.829466,-2.768914,seed42716.png
14.417852,16.17405,seed42717.png
-13.929093,2.0418222,seed42718.png
36.430622,18.734568,seed42719.png
28.621937,1.3652283,seed4272.png
5.25185,9.67725,seed42720.png
-22.988972,-14.124383,seed42721.png
8.917585,4.5847673,seed42722.png
-32.403454,17.678566,seed42723.png
-31.134386,9.535392,seed42724.png
-0.465681,24.815275,seed42725.png
-13.30783,-8.988816,seed42726.png
-12.1826515,-29.56663,seed42727.png
12.567153,24.850382,seed42728.png
5.9810333,7.8922215,seed42729.png
-33.20824,15.635268,seed4273.png
11.197837,-3.4922512,seed42730.png
9.563734,0.725653,seed42731.png
5.2836018,4.196989,seed42732.png
-13.61976,-24.706991,seed42733.png
17.070501,0.32450595,seed42734.png
39.916813,21.281069,seed42735.png
20.554256,17.09671,seed42736.png
-21.76459,-4.0266285,seed42737.png
19.303581,13.64232,seed42738.png
-26.100952,6.9043117,seed42739.png
-1.2024124,-16.81154,seed4274.png
0.05790004,-10.530805,seed42740.png
-30.586615,-1.3135134,seed42741.png
13.038908,20.93973,seed42742.png
-7.5718336,-8.088877,seed42743.png
-16.51211,-28.09483,seed42744.png
-10.137475,6.9476733,seed42745.png
34.375233,10.267929,seed42746.png
-29.46497,9.208935,seed42747.png
15.9766865,6.7737846,seed42748.png
26.315088,5.7975373,seed42749.png
-31.858002,-8.821052,seed4275.png
-30.08156,14.909211,seed42750.png
7.548606,-31.462437,seed42751.png
-12.606691,-29.77071,seed42752.png
20.588465,10.804975,seed42753.png
-6.2002845,-22.789566,seed42754.png
33.562866,7.8858714,seed42755.png
-26.02821,2.0476482,seed42756.png
4.088083,-6.927793,seed42757.png
-26.8533,-10.034496,seed42758.png
7.612716,-34.641296,seed42759.png
-4.2167063,-7.318027,seed4276.png
22.259209,1.9780327,seed42760.png
-1.0252078,-16.057938,seed42761.png
14.600754,28.4514,seed42762.png
-28.905802,-1.5972143,seed42763.png
-33.272102,25.128372,seed42764.png
37.37589,10.504295,seed42765.png
10.228239,-7.745986,seed42766.png
37.004875,17.219627,seed42767.png
24.364847,21.208448,seed42768.png
-23.522686,-22.015636,seed42769.png
20.04535,-5.482113,seed4277.png
-18.437912,-3.692455,seed42770.png
9.894192,-25.145542,seed42771.png
-28.913998,-1.8605638,seed42772.png
17.287941,-0.5330952,seed42773.png
34.41732,8.656269,seed42774.png
-1.7136527,-16.798525,seed42775.png
-22.875345,7.4034996,seed42776.png
-31.756603,18.079891,seed42777.png
-17.147322,-24.15569,seed42778.png
7.7027874,-9.882627,seed42779.png
-2.9492629,-15.520479,seed4278.png
-16.708187,-12.178303,seed42780.png
-24.72092,17.698963,seed42781.png
34.006935,5.480962,seed42782.png
6.164002,11.369153,seed42783.png
-14.16854,-19.598541,seed42784.png
34.004433,6.112126,seed42785.png
-2.5817945,23.551111,seed42786.png
8.840744,2.8562605,seed42787.png
19.402971,16.33367,seed42788.png
23.165499,15.453506,seed42789.png
5.051452,17.241259,seed4279.png
-18.77806,-0.03374213,seed42790.png
5.9329395,6.059508,seed42791.png
5.5554028,-31.674114,seed42792.png
10.776271,-38.653214,seed42793.png
27.682518,14.8198,seed42794.png
-28.50813,-13.895534,seed42795.png
32.77775,19.083439,seed42796.png
-31.733786,14.583737,seed42797.png
12.715178,-39.94718,seed42798.png
-21.189117,-29.017189,seed42799.png
17.727596,-0.13142186,seed4280.png
-19.751545,10.09282,seed42800.png
-22.08836,14.60893,seed42801.png
5.099593,8.831036,seed42802.png
-34.225277,22.907232,seed42803.png
16.153933,-1.980252,seed42804.png
16.247389,-3.9748085,seed42805.png
38.369766,23.002234,seed42806.png
2.3342178,-27.665684,seed42807.png
20.161808,18.835495,seed42808.png
-17.916714,-21.760946,seed42809.png
-11.682739,-11.351631,seed4281.png
33.461872,10.272759,seed42810.png
9.90483,-37.97811,seed42811.png
-8.477569,-5.0795746,seed42812.png
20.908445,-3.2119954,seed42813.png
8.00206,-6.664644,seed42814.png
29.92872,-0.97064596,seed42815.png
2.8200095,16.683552,seed42816.png
25.322582,-0.8182779,seed42817.png
12.610986,14.996913,seed42818.png
-32.7778,7.69713,seed42819.png
24.615423,20.109692,seed4282.png
-19.839394,-23.208256,seed42820.png
-9.634569,-9.625875,seed42821.png
-15.818448,-20.477526,seed42822.png
-24.680758,2.8751144,seed42823.png
-15.408354,-26.518684,seed42824.png
10.605413,-26.462683,seed42825.png
-8.594686,-12.079981,seed42826.png
31.316265,14.691392,seed42827.png
21.037567,0.21228507,seed42828.png
-4.8660307,-5.961472,seed42829.png
3.8827841,-22.187662,seed4283.png
17.041533,18.909153,seed42830.png
-19.357367,-21.653627,seed42831.png
20.32194,9.403053,seed42832.png
16.884611,20.471378,seed42833.png
-19.524971,-22.26923,seed42834.png
5.106199,22.00308,seed42835.png
-19.87733,6.3303547,seed42836.png
-33.73617,-2.6932313,seed42837.png
-2.942863,11.141596,seed42838.png
7.669142,-30.29203,seed42839.png
-24.662477,16.994207,seed4284.png
-29.213701,12.699701,seed42840.png
22.166138,6.576855,seed42841.png
-25.019594,-5.7256055,seed42842.png
6.849191,10.830211,seed42843.png
20.337564,-2.593945,seed42844.png
19.720362,-2.0089753,seed42845.png
23.508665,2.0520613,seed42846.png
5.31354,-28.508108,seed42847.png
13.006746,-38.470203,seed42848.png
-27.129536,8.511786,seed42849.png
15.584849,-3.2709882,seed4285.png
12.359176,-12.150509,seed42850.png
-2.6910934,3.676722,seed42851.png
8.735884,-30.484138,seed42852.png
-27.014482,14.149296,seed42853.png
5.1936216,15.862888,seed42854.png
13.863787,26.462725,seed42855.png
-15.281739,-15.850515,seed42856.png
-36.2405,25.63695,seed42857.png
-1.557304,-1.0389493,seed42858.png
-9.969817,6.0669794,seed42859.png
-27.536062,6.526493,seed4286.png
-30.900656,-5.649804,seed42860.png
-3.184685,-14.837956,seed42861.png
-4.0935907,-16.221437,seed42862.png
37.89159,17.983503,seed42863.png
-24.314375,8.566286,seed42864.png
33.94656,20.095003,seed42865.png
-23.331003,11.129351,seed42866.png
-20.92877,-17.561668,seed42867.png
19.2035,-6.072606,seed42868.png
-16.60382,-20.976244,seed42869.png
8.398897,-3.5229862,seed4287.png
-30.579315,19.558575,seed42870.png
-32.38846,2.087004,seed42871.png
-21.65381,17.703085,seed42872.png
-21.609241,14.97726,seed42873.png
38.131016,8.936772,seed42874.png
2.2794316,-3.889242,seed42875.png
-34.553547,23.065538,seed42876.png
-4.2398458,-19.253155,seed42877.png
-32.883434,20.13051,seed42878.png
-33.19493,-8.973507,seed42879.png
-30.695581,10.422065,seed4288.png
3.1124597,-14.533697,seed42880.png
9.973648,27.90885,seed42881.png
-15.0179615,-0.7802563,seed42882.png
-13.848199,-23.863464,seed42883.png
-20.921804,-15.647091,seed42884.png
-34.24025,16.839148,seed42885.png
2.4591432,11.136744,seed42886.png
11.701959,-43.100563,seed42887.png
1.914326,14.11413,seed42888.png
17.909035,17.728003,seed42889.png
-25.474525,4.9961987,seed4289.png
13.362271,-1.9579653,seed42890.png
-32.02472,8.14121,seed42891.png
-18.507517,4.377023,seed42892.png
6.426406,8.872157,seed42893.png
-17.712744,3.957251,seed42894.png
15.161298,-0.0009630479,seed42895.png
1.6564507,-26.234592,seed42896.png
29.45524,11.666423,seed42897.png
-18.451159,-31.105616,seed42898.png
2.3977478,20.508768,seed42899.png
32.78942,26.83204,seed4290.png
-25.339933,-11.49417,seed42900.png
-27.80656,9.284013,seed42901.png
-31.864103,24.4959,seed42902.png
7.210473,-24.15058,seed42903.png
-23.586231,5.8575597,seed42904.png
-4.1001964,-19.128294,seed42905.png
4.2384224,3.0333054,seed42906.png
32.678246,4.2955093,seed42907.png
3.6189394,-30.457207,seed42908.png
-22.19788,-6.850979,seed42909.png
-16.429459,-8.667738,seed4291.png
-30.538548,17.693138,seed42910.png
2.1577802,8.6950245,seed42911.png
18.963026,19.88726,seed42912.png
1.2706796,-5.318988,seed42913.png
33.300262,11.472123,seed42914.png
-27.734913,-11.969357,seed42915.png
-18.66693,-15.504138,seed42916.png
32.265972,5.649611,seed42917.png
-7.195005,10.620233,seed42918.png
-10.706977,-28.801052,seed42919.png
18.625189,25.455591,seed4292.png
-7.502212,-12.369822,seed42920.png
26.901146,21.607227,seed42921.png
-28.736036,11.896296,seed42922.png
13.080019,-0.5308401,seed42923.png
-21.312275,-25.194004,seed42924.png
16.333202,25.63617,seed42925.png
-34.22876,27.306198,seed42926.png
-20.60931,-17.088621,seed42927.png
-11.005223,-14.853268,seed42928.png
5.259773,-5.5079193,seed42929.png
7.1621323,23.994188,seed4293.png
24.031204,19.437454,seed42930.png
-20.072859,-26.668447,seed42931.png
39.33166,20.450851,seed42932.png
26.576067,7.7665815,seed42933.png
11.905329,-8.122354,seed42934.png
-24.89919,13.193205,seed42935.png
2.7990892,11.330496,seed42936.png
2.658195,-5.604683,seed42937.png
18.489433,15.476937,seed42938.png
0.91142553,17.910044,seed42939.png
25.814787,24.667913,seed4294.png
20.417036,23.645973,seed42940.png
3.9702365,-3.2515955,seed42941.png
2.9973123,7.603139,seed42942.png
-24.482376,-10.199888,seed42943.png
6.744357,-6.7787995,seed42944.png
12.5588045,-41.495598,seed42945.png
26.319487,20.925356,seed42946.png
13.798573,-35.063114,seed42947.png
-22.926731,6.761293,seed42948.png
-1.5745332,22.455315,seed42949.png
1.669348,13.605257,seed4295.png
17.188398,13.325205,seed42950.png
13.197354,24.324236,seed42951.png
-0.86293644,1.0718286,seed42952.png
-28.219418,14.338166,seed42953.png
-5.854203,-14.329012,seed42954.png
-1.772175,11.0562315,seed42955.png
23.797306,21.679447,seed42956.png
-0.6913376,4.056178,seed42957.png
13.8421955,-27.655266,seed42958.png
1.5186319,0.7740714,seed42959.png
16.368032,7.4001865,seed4296.png
23.490313,11.8786,seed42960.png
-16.542408,-20.226908,seed42961.png
38.632137,23.73522,seed42962.png
1.1801153,25.261024,seed42963.png
34.336082,23.766981,seed42964.png
-33.65919,-11.199123,seed42965.png
25.705023,1.253653,seed42966.png
3.7406852,-29.507484,seed42967.png
-28.332767,-12.479048,seed42968.png
3.5141344,-4.770544,seed42969.png
23.94304,2.1650112,seed4297.png
13.05728,-12.72604,seed42970.png
27.062622,27.20408,seed42971.png
14.849063,-4.034793,seed42972.png
27.104254,21.766005,seed42973.png
-12.863966,-1.2979573,seed42974.png
29.295267,-2.1778512,seed42975.png
3.4908597,1.578155,seed42976.png
26.441305,25.528046,seed42977.png
-18.34219,5.414266,seed42978.png
15.571648,24.838837,seed42979.png
-2.863274,-17.736238,seed4298.png
9.75187,-5.9683022,seed42980.png
-4.0779533,-24.622143,seed42981.png
-14.696623,-11.635277,seed42982.png
-3.057634,-9.567518,seed42983.png
-13.256136,-23.210493,seed42984.png
14.287179,26.934723,seed42985.png
4.630682,11.185367,seed42986.png
18.982351,-8.582742,seed42987.png
9.651009,-6.696259,seed42988.png
-3.1687853,13.811999,seed42989.png
8.699647,-3.0832763,seed4299.png
-0.7003734,5.1193438,seed42990.png
-19.039854,2.6065361,seed42991.png
4.3755107,8.114204,seed42992.png
-15.901761,-2.92945,seed42993.png
-10.212897,-27.723831,seed42994.png
11.342236,-41.590656,seed42995.png
12.738633,-29.952175,seed42996.png
15.287164,-34.998585,seed42997.png
-27.728718,14.521003,seed42998.png
-34.076878,14.810655,seed42999.png
-23.851019,10.333862,seed4300.png
-32.889225,26.424425,seed43000.png
-6.247807,13.04317,seed43001.png
-2.7297072,-14.691515,seed43002.png
16.276598,1.2159674,seed43003.png
8.397467,-9.168241,seed43004.png
0.37633273,13.611841,seed43005.png
13.550892,-6.678835,seed43006.png
15.886564,7.099747,seed43007.png
-15.720735,-7.650837,seed43008.png
-27.86886,-14.249794,seed43009.png
37.42661,16.793667,seed4301.png
4.7783065,-23.477386,seed43010.png
-16.099682,-6.157924,seed43011.png
21.01484,-4.5528817,seed43012.png
-17.350319,-12.566897,seed43013.png
-26.233353,-11.394329,seed43014.png
2.1316228,6.1861353,seed43015.png
-6.6794505,1.1548144,seed43016.png
7.8281097,-31.67998,seed43017.png
-23.572376,0.9419062,seed43018.png
-15.189522,-7.391274,seed43019.png
5.8027163,7.178994,seed4302.png
-18.314167,5.487614,seed43020.png
-23.219446,10.021246,seed43021.png
10.74966,2.0065973,seed43022.png
-22.563938,-26.193218,seed43023.png
37.91506,24.598328,seed43024.png
17.144539,9.764579,seed43025.png
-14.486098,-6.5443387,seed43026.png
14.827813,-2.6875842,seed43027.png
23.019508,12.620837,seed43028.png
27.204224,15.14367,seed43029.png
13.037988,18.52065,seed4303.png
11.066584,-41.501984,seed43030.png
8.959725,-41.841312,seed43031.png
34.146675,8.58188,seed43032.png
20.791279,-1.3800129,seed43033.png
29.18412,11.260902,seed43034.png
9.718473,6.681816,seed43035.png
24.171095,20.924904,seed43036.png
-16.344574,-19.06458,seed43037.png
22.763683,15.220972,seed43038.png
-9.857178,10.521547,seed43039.png
-7.212225,-14.582131,seed4304.png
23.008585,24.351133,seed43040.png
7.7077327,-38.8084,seed43041.png
-14.722,-23.234253,seed43042.png
41.194515,12.996302,seed43043.png
-33.37802,17.661331,seed43044.png
3.2169533,8.168145,seed43045.png
-25.584986,8.873479,seed43046.png
7.576119,-2.6868868,seed43047.png
25.403137,7.91347,seed43048.png
27.955284,18.442907,seed43049.png
38.251957,17.049309,seed4305.png
-19.55285,-11.861286,seed43050.png
9.285601,-35.07628,seed43051.png
-8.2220335,0.5101282,seed43052.png
5.750337,-33.318584,seed43053.png
15.917188,-36.161896,seed43054.png
32.583504,12.436482,seed43055.png
-21.576841,9.851247,seed43056.png
13.243323,2.1589975,seed43057.png
23.450863,12.14688,seed43058.png
-12.8111925,9.823513,seed43059.png
38.678947,18.562727,seed4306.png
10.978423,-42.435307,seed43060.png
1.5092902,-25.718533,seed43061.png
23.199667,22.998474,seed43062.png
4.946458,16.496067,seed43063.png
4.959709,-22.100502,seed43064.png
1.4235357,0.03499798,seed43065.png
32.758102,10.444893,seed43066.png
12.871238,-26.311296,seed43067.png
13.003787,6.8878646,seed43068.png
15.491858,-35.29833,seed43069.png
-25.621487,-1.583614,seed4307.png
-29.62563,12.725719,seed43070.png
5.5995493,-33.747524,seed43071.png
5.9861794,5.634633,seed43072.png
-22.53413,-11.770168,seed43073.png
5.7901235,2.8282077,seed43074.png
-37.010715,26.007645,seed43075.png
38.999573,20.233618,seed43076.png
8.004458,-36.469227,seed43077.png
12.63024,0.078394055,seed43078.png
15.22036,-37.85683,seed43079.png
-12.884636,-11.404695,seed4308.png
-10.13394,-5.411518,seed43080.png
-32.72405,15.963031,seed43081.png
-15.760821,-30.803122,seed43082.png
-32.65337,20.547537,seed43083.png
34.91984,18.977852,seed43084.png
5.517854,9.828297,seed43085.png
-30.057161,-15.674979,seed43086.png
24.514235,14.732117,seed43087.png
35.957657,19.001196,seed43088.png
-11.621389,-1.5998199,seed43089.png
5.194533,20.656305,seed4309.png
35.41607,16.458593,seed43090.png
13.012688,-30.889387,seed43091.png
-16.698782,2.2413695,seed43092.png
21.75237,0.79632235,seed43093.png
27.679922,5.4837255,seed43094.png
-1.711672,-10.558467,seed43095.png
-7.4417634,-19.06936,seed43096.png
-7.7445946,-21.50362,seed43097.png
-31.420412,19.54799,seed43098.png
29.935507,14.368762,seed43099.png
12.858705,-6.1384926,seed4310.png
-19.488922,-27.433712,seed43100.png
-21.949707,16.147408,seed43101.png
-1.0482311,15.790337,seed43102.png
-26.694313,-4.886356,seed43103.png
3.392448,-29.035841,seed43104.png
-26.950626,-6.5585985,seed43105.png
-2.2797902,-17.724806,seed43106.png
17.240906,20.523376,seed43107.png
5.183619,9.312042,seed43108.png
10.986567,-26.357386,seed43109.png
-31.689798,21.393307,seed4311.png
33.81354,26.90536,seed43110.png
8.520267,-39.441475,seed43111.png
33.079025,9.433669,seed43112.png
18.28012,0.5522889,seed43113.png
40.16661,17.455526,seed43114.png
-15.416008,-31.75973,seed43115.png
3.1518288,-26.054173,seed43116.png
14.96015,3.7623966,seed43117.png
33.335423,10.800512,seed43118.png
-2.547529,-16.26319,seed43119.png
34.40268,19.338171,seed4312.png
19.552092,8.264598,seed43120.png
11.653295,-40.10148,seed43121.png
-15.562858,-20.802729,seed43122.png
1.1827939,-15.658093,seed43123.png
8.571977,-4.5788555,seed43124.png
-35.029617,24.419844,seed43125.png
-12.573148,-27.67291,seed43126.png
15.358808,9.705024,seed43127.png
28.71166,3.8450682,seed43128.png
-22.256245,9.022968,seed43129.png
-34.31216,8.313441,seed4313.png
-27.407606,-16.481028,seed43130.png
5.1323647,-27.574417,seed43131.png
40.26616,18.901432,seed43132.png
19.356281,12.374724,seed43133.png
27.09547,10.670459,seed43134.png
8.771313,6.090577,seed43135.png
-8.50512,14.112638,seed43136.png
25.232601,-0.061454203,seed43137.png
-10.048404,1.0096127,seed43138.png
8.289819,8.125349,seed43139.png
-18.973318,-24.550514,seed4314.png
11.476895,-24.035872,seed43140.png
28.997196,5.994511,seed43141.png
8.2786,8.691634,seed43142.png
9.938487,0.46307907,seed43143.png
-18.51547,-20.758596,seed43144.png
0.75863606,25.394161,seed43145.png
29.845808,20.413181,seed43146.png
5.5053635,-13.296389,seed43147.png
-25.817127,-15.428956,seed43148.png
-8.374024,1.622471,seed43149.png
-9.005523,-21.417349,seed4315.png
-9.399129,-20.379522,seed43150.png
26.15774,19.052752,seed43151.png
33.647762,6.0758348,seed43152.png
25.687977,23.911987,seed43153.png
-16.70842,-0.88288915,seed43154.png
-0.47170386,-16.699965,seed43155.png
9.965049,-26.337442,seed43156.png
-21.275776,17.220942,seed43157.png
-33.154194,8.557749,seed43158.png
16.260601,-35.20877,seed43159.png
-0.20708342,3.2633498,seed4316.png
38.429447,22.950308,seed43160.png
-17.837708,-8.133919,seed43161.png
-14.319001,-24.231194,seed43162.png
-16.22957,-11.544649,seed43163.png
-22.7277,16.043598,seed43164.png
9.996634,-32.293194,seed43165.png
25.355223,16.228415,seed43166.png
-25.468758,-4.8373547,seed43167.png
-23.379606,3.2441978,seed43168.png
16.040983,-4.7974706,seed43169.png
34.67541,23.721384,seed4317.png
-9.3434925,-29.36083,seed43170.png
-19.998446,-28.017654,seed43171.png
27.277962,-1.4239174,seed43172.png
7.652903,9.063757,seed43173.png
-23.613758,-12.101841,seed43174.png
-0.106160894,-1.3133621,seed43175.png
10.271427,-30.739496,seed43176.png
-32.570156,20.088205,seed43177.png
10.053212,-11.165405,seed43178.png
-7.9194255,-17.230413,seed43179.png
37.43288,27.417696,seed4318.png
14.295215,-37.803524,seed43180.png
7.2981215,-35.547573,seed43181.png
-15.11865,-18.44004,seed43182.png
34.87183,14.83985,seed43183.png
24.333765,20.594648,seed43184.png
-22.244768,17.29166,seed43185.png
-2.9095469,-12.388003,seed43186.png
-17.754223,-28.820683,seed43187.png
26.741333,16.46063,seed43188.png
-21.843088,9.775855,seed43189.png
-17.666704,12.269777,seed4319.png
8.321843,-33.18198,seed43190.png
16.230701,-36.38221,seed43191.png
-5.2471895,3.8182411,seed43192.png
38.270706,8.007107,seed43193.png
36.73903,10.043631,seed43194.png
-22.657862,13.4859915,seed43195.png
16.789383,1.1246382,seed43196.png
-21.101469,1.5003068,seed43197.png
-1.6512975,14.51779,seed43198.png
2.2569134,-23.81058,seed43199.png
-21.112345,-11.910062,seed4320.png
-35.34182,22.297613,seed43200.png
8.289896,-35.113945,seed43201.png
36.16127,24.033482,seed43202.png
13.755205,28.29213,seed43203.png
19.83196,14.849463,seed43204.png
12.34985,26.920958,seed43205.png
-20.006227,-14.916899,seed43206.png
7.8801246,-3.2382545,seed43207.png
17.309826,25.56483,seed43208.png
-16.29231,4.6902966,seed43209.png
-14.071817,-12.290209,seed4321.png
19.597471,-5.2261553,seed43210.png
-17.918808,-15.832277,seed43211.png
36.932213,14.2787,seed43212.png
-27.273293,-7.8255816,seed43213.png
35.872814,7.226009,seed43214.png
-1.7837332,24.773584,seed43215.png
22.312508,2.199327,seed43216.png
31.590883,21.892412,seed43217.png
5.9451065,-31.461554,seed43218.png
6.2517905,-38.762188,seed43219.png
16.943966,22.942112,seed4322.png
10.24735,-34.876633,seed43220.png
-26.196438,13.53568,seed43221.png
10.652281,-31.408312,seed43222.png
-19.285326,-9.26898,seed43223.png
16.233477,10.247516,seed43224.png
20.964796,4.8092375,seed43225.png
-33.593987,23.331366,seed43226.png
5.1548133,-12.852583,seed43227.png
12.169856,-26.233345,seed43228.png
38.11822,11.948649,seed43229.png
-19.700771,-0.72855127,seed4323.png
-13.650802,-24.122879,seed43230.png
2.07511,22.611235,seed43231.png
11.723311,-5.003076,seed43232.png
-20.688915,-19.10076,seed43233.png
-24.44831,-20.906458,seed43234.png
-18.222628,-17.804394,seed43235.png
-3.7885218,16.27594,seed43236.png
26.03492,15.19954,seed43237.png
-20.889015,-3.354528,seed43238.png
37.92673,10.91169,seed43239.png
-35.971592,10.96045,seed4324.png
0.50051945,-16.928122,seed43240.png
20.613646,17.558302,seed43241.png
-1.1898685,13.040373,seed43242.png
26.247599,16.85258,seed43243.png
-18.001238,-22.6725,seed43244.png
22.438547,14.307526,seed43245.png
-0.44337225,14.375141,seed43246.png
-20.380451,-27.551392,seed43247.png
30.242815,11.516227,seed43248.png
-31.158325,12.52244,seed43249.png
-2.2256362,-11.136576,seed4325.png
-2.3786936,18.141857,seed43250.png
-27.009928,16.939848,seed43251.png
28.50489,7.771495,seed43252.png
-24.16241,3.9033701,seed43253.png
-4.015086,1.3330233,seed43254.png
27.70156,15.142905,seed43255.png
14.261467,-38.206112,seed43256.png
-27.718822,8.72478,seed43257.png
21.751581,3.4480267,seed43258.png
10.746011,0.06852118,seed43259.png
-17.716492,-10.458265,seed4326.png
20.983072,11.893986,seed43260.png
5.2031217,-38.289417,seed43261.png
3.4811628,4.3016796,seed43262.png
31.214844,7.859624,seed43263.png
-28.632364,18.552008,seed43264.png
-32.498867,23.05257,seed43265.png
-18.039515,-30.400887,seed43266.png
16.294283,9.615907,seed43267.png
-34.266987,7.536331,seed43268.png
7.0652647,-25.870714,seed43269.png
-26.376726,-11.727194,seed4327.png
6.1127825,20.99249,seed43270.png
-20.211697,-18.976435,seed43271.png
-2.8680224,-7.284269,seed43272.png
-13.252031,-25.391792,seed43273.png
6.991281,-28.457216,seed43274.png
-23.617468,-15.962714,seed43275.png
5.417624,-32.669037,seed43276.png
15.019336,-3.973956,seed43277.png
17.095362,-9.929335,seed43278.png
38.017296,21.91878,seed43279.png
24.679396,-5.506927,seed4328.png
0.46315265,-12.185423,seed43280.png
-33.035225,0.8393533,seed43281.png
34.39781,16.545412,seed43282.png
25.274633,6.2781186,seed43283.png
-21.58249,-20.909554,seed43284.png
19.827188,9.4419155,seed43285.png
-4.1081977,-16.903053,seed43286.png
3.881053,22.91802,seed43287.png
38.06343,20.013176,seed43288.png
23.597288,1.5557077,seed43289.png
-23.441486,-12.351538,seed4329.png
-14.192025,-22.126165,seed43290.png
-31.05996,-6.752591,seed43291.png
4.898941,8.892517,seed43292.png
-0.6883227,19.942503,seed43293.png
6.476149,11.527271,seed43294.png
25.278954,0.01812528,seed43295.png
6.4245043,17.337246,seed43296.png
27.898376,12.584137,seed43297.png
5.16554,-36.788174,seed43298.png
-21.736492,-17.578766,seed43299.png
5.9025273,5.9829016,seed4330.png
25.101477,22.35926,seed43300.png
13.418564,-25.13436,seed43301.png
-33.541367,9.980187,seed43302.png
-22.078852,-16.674587,seed43303.png
32.159046,9.932134,seed43304.png
34.505848,3.3827424,seed43305.png
-0.45321983,23.96339,seed43306.png
4.8687787,-36.504326,seed43307.png
10.430472,11.540009,seed43308.png
-19.111849,12.554106,seed43309.png
26.471924,16.084639,seed4331.png
10.810611,-37.84836,seed43310.png
-32.81391,-10.310616,seed43311.png
30.154688,9.568564,seed43312.png
-33.687325,9.483591,seed43313.png
23.092709,-3.7993765,seed43314.png
-0.4307974,12.691672,seed43315.png
-32.70507,21.795332,seed43316.png
-23.330788,20.057962,seed43317.png
-33.332623,13.36873,seed43318.png
-27.35343,17.476257,seed43319.png
-14.003595,7.701991,seed4332.png
-24.536217,-2.5039566,seed43320.png
-10.130249,-1.4465826,seed43321.png
14.35218,-34.86286,seed43322.png
9.977822,-24.678095,seed43323.png
1.1264389,-2.1343305,seed43324.png
-20.414822,-28.153774,seed43325.png
29.136229,7.3954816,seed43326.png
5.607782,-34.9558,seed43327.png
19.845448,20.650997,seed43328.png
-16.940647,-14.648829,seed43329.png
16.563667,-37.287056,seed4333.png
-19.469414,-5.7161665,seed43330.png
-25.118425,-20.516726,seed43331.png
-19.682508,-20.216331,seed43332.png
9.48936,15.577169,seed43333.png
2.5537755,13.789932,seed43334.png
-35.004658,24.881937,seed43335.png
-7.3068147,-23.011827,seed43336.png
34.419216,10.247544,seed43337.png
31.442142,8.110368,seed43338.png
30.856535,5.824296,seed43339.png
10.6580515,-21.452293,seed4334.png
1.7300273,18.729235,seed43340.png
-34.726543,-9.625166,seed43341.png
-9.772236,9.88482,seed43342.png
12.000418,-2.7574806,seed43343.png
35.844566,18.845942,seed43344.png
-35.87223,2.475427,seed43345.png
10.139537,2.9561157,seed43346.png
6.0505395,-37.013977,seed43347.png
30.332073,14.579885,seed43348.png
39.055965,24.434164,seed43349.png
-13.109513,-8.3270645,seed4335.png
-31.321854,0.3331804,seed43350.png
-9.535651,-22.628885,seed43351.png
12.596937,-37.465954,seed43352.png
-35.019527,4.785389,seed43353.png
-33.66312,11.436841,seed43354.png
-10.838659,-15.365978,seed43355.png
30.899313,3.7008083,seed43356.png
-16.650475,-10.535965,seed43357.png
-0.9903561,9.329136,seed43358.png
18.893932,18.31496,seed43359.png
-21.823391,6.3753314,seed4336.png
10.405244,-30.53097,seed43360.png
-22.80312,-25.92762,seed43361.png
-37.18651,21.452494,seed43362.png
12.09751,-40.052788,seed43363.png
-25.081656,12.522903,seed43364.png
-19.556093,-0.7755396,seed43365.png
2.512908,12.407241,seed43366.png
-12.530823,-28.789299,seed43367.png
-24.68589,-15.65584,seed43368.png
1.7923226,15.279659,seed43369.png
-33.519966,10.057408,seed4337.png
22.629175,12.459161,seed43370.png
13.498635,-40.049816,seed43371.png
-32.457684,19.377033,seed43372.png
-10.361743,-16.737978,seed43373.png
-30.393963,21.747227,seed43374.png
38.75475,11.356214,seed43375.png
-23.82291,-4.598398,seed43376.png
-4.8535867,-10.574692,seed43377.png
23.652422,3.9325447,seed43378.png
18.005745,24.76765,seed43379.png
16.190016,26.082512,seed4338.png
25.511812,16.705803,seed43380.png
-25.612745,-12.8743725,seed43381.png
12.980127,13.765666,seed43382.png
19.754642,-0.07805728,seed43383.png
-26.963062,2.815215,seed43384.png
-32.08186,21.270685,seed43385.png
0.58056504,-6.59527,seed43386.png
0.1209594,-23.786919,seed43387.png
-32.52693,9.474231,seed43388.png
-21.918068,2.5377355,seed43389.png
6.255999,-23.330767,seed4339.png
18.381521,7.315556,seed43390.png
8.395272,-5.0867896,seed43391.png
21.366215,-1.9527149,seed43392.png
14.494291,-11.499358,seed43393.png
-25.945017,-3.9617872,seed43394.png
15.800296,-6.778912,seed43395.png
-30.21617,-2.5022213,seed43396.png
-32.641487,10.320123,seed43397.png
-25.013556,-8.635551,seed43398.png
26.843122,19.249664,seed43399.png
-11.997574,5.429528,seed4340.png
25.31276,17.948843,seed43400.png
23.152735,1.2346417,seed43401.png
18.142601,3.095605,seed43402.png
41.92646,21.128235,seed43403.png
-21.454117,-7.851859,seed43404.png
-23.30358,-11.9354515,seed43405.png
-17.436785,-32.246147,seed43406.png
-23.837452,12.174664,seed43407.png
-1.0897871,-14.141913,seed43408.png
-21.799484,18.459372,seed43409.png
14.244971,24.699219,seed4341.png
40.72507,23.848047,seed43410.png
14.33046,6.9332066,seed43411.png
22.037796,4.833352,seed43412.png
26.098528,10.147646,seed43413.png
-10.947668,-27.025461,seed43414.png
3.0224612,25.639824,seed43415.png
-13.2627125,-4.735139,seed43416.png
-34.086136,25.082739,seed43417.png
-23.828123,15.932599,seed43418.png
-19.420483,-3.2094948,seed43419.png
26.661512,2.3831444,seed4342.png
25.10169,3.6465483,seed43420.png
-25.114723,-0.33533025,seed43421.png
-19.088816,3.8954635,seed43422.png
12.826828,1.4678341,seed43423.png
38.769543,8.259078,seed43424.png
-3.9271412,-4.7870164,seed43425.png
6.103381,12.403305,seed43426.png
26.291681,15.953708,seed43427.png
8.17353,-33.75596,seed43428.png
3.362234,-1.4897498,seed43429.png
9.510244,10.60621,seed4343.png
-37.35874,16.77316,seed43430.png
-21.281906,3.4459507,seed43431.png
4.0534186,-29.727896,seed43432.png
11.49638,-8.157943,seed43433.png
27.086521,19.485165,seed43434.png
-2.9078557,-12.094175,seed43435.png
-22.350565,8.053234,seed43436.png
-14.609267,-24.219517,seed43437.png
0.5075754,5.0623307,seed43438.png
15.085842,23.12469,seed43439.png
19.01114,24.788162,seed4344.png
-24.404325,7.0797215,seed43440.png
13.39016,-34.82532,seed43441.png
-14.313075,-7.349163,seed43442.png
-31.850721,-3.8860414,seed43443.png
-16.750977,-13.642057,seed43444.png
20.726831,5.3720136,seed43445.png
-21.547482,18.797749,seed43446.png
11.213085,-27.98739,seed43447.png
-22.951252,1.7036153,seed43448.png
7.814214,-32.6601,seed43449.png
-27.788086,-9.113874,seed4345.png
9.175774,10.090254,seed43450.png
11.905238,20.36125,seed43451.png
12.577747,-26.943596,seed43452.png
3.5902243,-24.361639,seed43453.png
-13.140082,-13.900537,seed43454.png
15.870848,-4.633548,seed43455.png
1.814797,-17.376053,seed43456.png
8.910766,25.853872,seed43457.png
33.042248,11.692591,seed43458.png
-36.171043,-2.229103,seed43459.png
8.707167,-33.762115,seed4346.png
10.031811,22.93229,seed43460.png
-19.759764,6.9891014,seed43461.png
-4.1637144,-19.40721,seed43462.png
-13.342262,3.6431825,seed43463.png
19.854717,23.741861,seed43464.png
36.16595,24.621231,seed43465.png
25.437191,11.119306,seed43466.png
-14.515607,-7.2383485,seed43467.png
16.232553,21.039728,seed43468.png
-22.812902,-4.543515,seed43469.png
-10.379806,-8.357252,seed4347.png
15.063985,-8.406245,seed43470.png
-15.413114,-31.501274,seed43471.png
-6.5352745,-0.12953745,seed43472.png
18.221523,22.048248,seed43473.png
11.731743,-42.99133,seed43474.png
-5.4483957,-17.088537,seed43475.png
-3.170125,23.660913,seed43476.png
-30.107351,15.48945,seed43477.png
16.557564,-5.05294,seed43478.png
5.8260336,-25.24581,seed43479.png
2.7341557,22.715929,seed4348.png
-22.986057,7.302466,seed43480.png
40.683884,22.264292,seed43481.png
-0.4435461,-0.5462476,seed43482.png
-19.798672,-14.598718,seed43483.png
10.26604,-4.198943,seed43484.png
-19.158537,6.4167085,seed43485.png
-21.512806,-10.858446,seed43486.png
9.8847475,7.080525,seed43487.png
-20.853888,-20.419245,seed43488.png
13.400279,-0.90289474,seed43489.png
-26.5359,-0.6374748,seed4349.png
24.508963,-3.8032334,seed43490.png
-14.378753,-8.473582,seed43491.png
21.706577,4.598132,seed43492.png
27.071806,14.116608,seed43493.png
4.661909,-6.010076,seed43494.png
8.742376,12.018687,seed43495.png
-7.805056,9.340071,seed43496.png
-26.007957,-22.096958,seed43497.png
20.078852,0.6602768,seed43498.png
-32.785084,12.024004,seed43499.png
13.922362,-31.469456,seed4350.png
33.909153,20.929586,seed43500.png
21.972216,-5.134095,seed43501.png
-28.351982,0.45606244,seed43502.png
-27.99895,17.882093,seed43503.png
-14.462953,-17.513453,seed43504.png
8.474728,9.131522,seed43505.png
-18.636992,10.712834,seed43506.png
5.970442,-28.940296,seed43507.png
-37.14474,8.515127,seed43508.png
-33.37428,9.788626,seed43509.png
15.89866,-36.62959,seed4351.png
25.258472,13.700586,seed43510.png
-24.79096,-3.762711,seed43511.png
-6.635552,-24.080887,seed43512.png
12.153049,-43.078766,seed43513.png
-10.720399,5.2619753,seed43514.png
31.386438,11.812325,seed43515.png
-25.560846,6.8325343,seed43516.png
-26.310816,11.315698,seed43517.png
19.167473,24.811508,seed43518.png
17.877916,19.921902,seed43519.png
24.944696,-1.9408625,seed4352.png
10.409843,23.756205,seed43520.png
32.15565,20.021387,seed43521.png
12.955224,-19.511274,seed43522.png
12.934566,-42.10588,seed43523.png
25.527384,8.250748,seed43524.png
-30.317556,14.651445,seed43525.png
9.400488,-31.787954,seed43526.png
-22.939945,-18.48253,seed43527.png
31.126968,4.781482,seed43528.png
-19.463476,15.674691,seed43529.png
39.94699,18.16208,seed4353.png
-28.290848,-8.390606,seed43530.png
14.002514,-35.708572,seed43531.png
-31.890251,1.1751269,seed43532.png
-23.673132,-2.584051,seed43533.png
14.896201,-38.430664,seed43534.png
-18.420588,-5.5915756,seed43535.png
15.68333,-1.237937,seed43536.png
9.93888,-6.6412697,seed43537.png
2.48686,-31.949753,seed43538.png
14.563121,2.1806476,seed43539.png
-12.31669,-6.111941,seed4354.png
18.514225,-2.921538,seed43540.png
9.700598,-31.708115,seed43541.png
6.4846783,-0.22972587,seed43542.png
36.58297,7.517081,seed43543.png
24.270277,24.506834,seed43544.png
-19.18169,-2.1635342,seed43545.png
32.745804,21.615534,seed43546.png
31.613699,0.29674715,seed43547.png
37.51275,5.9041467,seed43548.png
-4.9977026,-2.2341628,seed43549.png
11.016311,12.472512,seed4355.png
17.619322,9.199368,seed43550.png
37.780277,8.542006,seed43551.png
23.672459,1.4974966,seed43552.png
17.720404,17.824898,seed43553.png
37.44584,20.003767,seed43554.png
-33.91692,17.073425,seed43555.png
8.638487,13.8399935,seed43556.png
-15.964067,5.0737157,seed43557.png
-15.424657,9.343471,seed43558.png
-22.042358,6.996218,seed43559.png
7.7158628,17.069355,seed4356.png
-32.535656,-5.710724,seed43560.png
-15.648815,-22.262754,seed43561.png
19.55701,-6.2214165,seed43562.png
34.38255,3.931575,seed43563.png
-31.390644,13.470088,seed43564.png
-14.052881,-27.130396,seed43565.png
7.429626,-2.9893026,seed43566.png
33.468544,14.474573,seed43567.png
-18.737577,-1.2424372,seed43568.png
9.583327,8.175522,seed43569.png
9.596935,8.276189,seed4357.png
8.755426,-6.273051,seed43570.png
12.670765,-22.59751,seed43571.png
12.290837,-34.57323,seed43572.png
-36.79238,18.84998,seed43573.png
10.283618,-39.025623,seed43574.png
32.34517,5.4624615,seed43575.png
11.367603,-35.712486,seed43576.png
-29.846336,15.303391,seed43577.png
33.07889,23.738153,seed43578.png
35.645718,19.762701,seed43579.png
5.092845,-26.171118,seed4358.png
-12.282356,6.6870728,seed43580.png
21.539919,27.193956,seed43581.png
31.67683,13.843669,seed43582.png
32.149574,5.3965683,seed43583.png
5.6023154,-28.168196,seed43584.png
13.663199,-36.37074,seed43585.png
-33.149403,0.5538849,seed43586.png
6.976161,-34.59073,seed43587.png
-6.5781317,-0.3413376,seed43588.png
16.882128,11.3857565,seed43589.png
-8.553539,-0.29529333,seed4359.png
-11.680504,-18.083696,seed43590.png
-26.17322,-5.1361513,seed43591.png
-2.0280037,2.8384066,seed43592.png
12.887103,13.409408,seed43593.png
-4.576865,-5.4381294,seed43594.png
2.4400868,-3.6404397,seed43595.png
19.678226,16.39312,seed43596.png
30.764751,29.256472,seed43597.png
6.7446938,-27.537008,seed43598.png
-2.8116422,0.76274073,seed43599.png
-7.464145,-6.586233,seed4360.png
-20.676645,16.722967,seed43600.png
24.117489,21.414118,seed43601.png
12.145376,2.4195747,seed43602.png
-1.1737479,2.7320263,seed43603.png
-27.094175,13.838457,seed43604.png
25.349361,17.36809,seed43605.png
-21.037233,15.295119,seed43606.png
7.112279,16.058651,seed43607.png
13.976659,-38.64455,seed43608.png
-27.25065,-18.766155,seed43609.png
-33.313515,22.023487,seed4361.png
13.263804,-28.650063,seed43610.png
-17.082283,-19.371357,seed43611.png
13.410179,14.652172,seed43612.png
16.1624,-36.649788,seed43613.png
9.281016,25.954428,seed43614.png
-24.648527,20.289764,seed43615.png
-35.373196,23.769571,seed43616.png
12.398882,-36.596012,seed43617.png
15.256361,27.244473,seed43618.png
-11.593224,3.669614,seed43619.png
20.783136,-1.3096894,seed4362.png
-16.329607,-9.230909,seed43620.png
26.803823,17.00318,seed43621.png
-15.294901,4.410806,seed43622.png
-26.850325,5.0035844,seed43623.png
-17.078184,-13.8873205,seed43624.png
14.881019,27.579355,seed43625.png
8.450523,-35.39738,seed43626.png
-15.39682,-11.593372,seed43627.png
-25.520952,15.010806,seed43628.png
-20.744492,0.22717473,seed43629.png
13.02339,-22.41282,seed4363.png
-24.929651,17.98326,seed43630.png
-13.199892,-14.106919,seed43631.png
28.967655,3.3955493,seed43632.png
27.305536,28.928371,seed43633.png
25.067646,7.896031,seed43634.png
-25.160448,14.418486,seed43635.png
18.900578,21.92806,seed43636.png
36.05558,12.611308,seed43637.png
0.13150896,-28.932903,seed43638.png
29.132986,7.3563204,seed43639.png
-1.0671122,-13.542639,seed4364.png
5.1151886,-28.686468,seed43640.png
32.03442,10.161917,seed43641.png
-24.102682,-21.19417,seed43642.png
-33.603558,25.855291,seed43643.png
-25.89583,-11.531909,seed43644.png
13.622164,-36.653606,seed43645.png
-9.314069,-7.8515654,seed43646.png
-20.502882,5.912076,seed43647.png
0.8208031,21.707819,seed43648.png
38.370136,18.494152,seed43649.png
32.419907,14.808412,seed4365.png
3.9981718,-14.092017,seed43650.png
-21.08974,-18.964472,seed43651.png
8.099704,-0.17115425,seed43652.png
-24.713358,-4.482085,seed43653.png
-0.28507996,21.829777,seed43654.png
-30.22581,21.231379,seed43655.png
-4.077304,-4.26233,seed43656.png
-4.2001667,-2.0619912,seed43657.png
3.3331947,17.229713,seed43658.png
9.095691,6.602088,seed43659.png
39.045795,12.94646,seed4366.png
19.697495,18.590292,seed43660.png
10.942004,-23.904945,seed43661.png
-20.495806,-27.837008,seed43662.png
-20.851622,-25.316135,seed43663.png
13.968889,2.5399444,seed43664.png
3.9276056,-26.040071,seed43665.png
-4.493279,11.883419,seed43666.png
-29.992384,-13.890808,seed43667.png
3.5334601,9.234339,seed43668.png
6.3175564,7.343556,seed43669.png
-1.4571049,-12.7148485,seed4367.png
-22.352545,-22.217985,seed43670.png
-16.50782,-15.587478,seed43671.png
0.091782086,-17.439133,seed43672.png
34.525818,27.533606,seed43673.png
7.7135906,5.8731647,seed43674.png
16.0041,7.049852,seed43675.png
-29.895416,13.396059,seed43676.png
14.101874,-0.5344385,seed43677.png
36.440235,10.14906,seed43678.png
29.12544,27.700722,seed43679.png
9.839036,-37.69678,seed4368.png
-32.428368,26.116472,seed43680.png
13.74971,28.013412,seed43681.png
34.663822,8.008531,seed43682.png
10.961242,-27.280588,seed43683.png
14.401105,-7.9070106,seed43684.png
22.274963,17.447357,seed43685.png
38.115444,5.2880015,seed43686.png
30.131205,7.735423,seed43687.png
-3.505118,4.176549,seed43688.png
22.079391,-1.5111935,seed43689.png
-28.504524,10.987442,seed4369.png
12.253604,-25.798388,seed43690.png
1.7999442,-1.7184533,seed43691.png
27.573782,21.728342,seed43692.png
30.31963,5.2142115,seed43693.png
-23.948166,-1.4498937,seed43694.png
-23.550089,1.7931347,seed43695.png
14.954604,2.731158,seed43696.png
-20.30008,-15.98046,seed43697.png
9.101751,11.033839,seed43698.png
19.272718,20.383312,seed43699.png
30.104841,23.298529,seed4370.png
-29.565605,-12.501371,seed43700.png
26.978472,8.281608,seed43701.png
-1.417919,2.814662,seed43702.png
33.01423,24.842205,seed43703.png
1.144733,22.87039,seed43704.png
17.062302,12.8225155,seed43705.png
-20.709417,12.633664,seed43706.png
10.737482,14.202469,seed43707.png
-25.523464,2.7432501,seed43708.png
8.417222,-33.615417,seed43709.png
-18.224329,-24.93417,seed4371.png
26.218027,9.248083,seed43710.png
-26.265244,10.515361,seed43711.png
-0.62528694,-1.1204499,seed43712.png
22.618883,25.704134,seed43713.png
37.094395,22.671442,seed43714.png
-20.883291,14.661817,seed43715.png
-14.019551,2.418531,seed43716.png
15.612358,-33.685097,seed43717.png
21.434095,12.805782,seed43718.png
16.80135,2.2623584,seed43719.png
8.370689,-3.315897,seed4372.png
-34.25985,25.830393,seed43720.png
-16.08183,13.2651,seed43721.png
3.686867,16.127443,seed43722.png
15.436561,-9.160322,seed43723.png
-22.774527,-5.788636,seed43724.png
2.723585,-16.709461,seed43725.png
-13.631407,-7.453941,seed43726.png
-36.18027,20.618599,seed43727.png
21.497875,15.924799,seed43728.png
-9.186917,-14.356676,seed43729.png
31.412691,21.566824,seed4373.png
-8.18202,-17.092012,seed43730.png
-32.9058,20.640018,seed43731.png
0.8463616,12.168896,seed43732.png
28.85019,18.151491,seed43733.png
-21.028372,8.562345,seed43734.png
8.906861,11.091865,seed43735.png
23.973454,14.408305,seed43736.png
28.244436,16.430391,seed43737.png
12.031728,18.404549,seed43738.png
35.062004,15.494208,seed43739.png
32.93887,11.916138,seed4374.png
-31.115147,19.60819,seed43740.png
-26.459755,13.732154,seed43741.png
24.056673,12.050647,seed43742.png
17.538511,21.1945,seed43743.png
15.313171,15.33019,seed43744.png
-34.558853,12.18944,seed43745.png
32.77584,25.9856,seed43746.png
-8.2663355,-13.9471855,seed43747.png
25.317358,18.848454,seed43748.png
25.857237,16.920195,seed43749.png
16.390034,19.333132,seed4375.png
22.855366,10.269899,seed43750.png
-14.196564,-14.868534,seed43751.png
-32.0187,25.11003,seed43752.png
-23.51184,11.248214,seed43753.png
11.445883,-34.906544,seed43754.png
8.93076,-10.758909,seed43755.png
25.28701,-1.0981336,seed43756.png
5.016228,1.7996507,seed43757.png
28.869373,12.732096,seed43758.png
-20.190329,7.644058,seed43759.png
3.2484677,5.2305403,seed4376.png
16.81758,24.037983,seed43760.png
-31.749407,-1.8927267,seed43761.png
5.7335057,18.975754,seed43762.png
-14.946199,1.1063906,seed43763.png
21.030273,6.310763,seed43764.png
3.4356525,3.1295896,seed43765.png
39.895313,17.068012,seed43766.png
22.239119,16.916775,seed43767.png
23.016825,6.0962,seed43768.png
-26.43164,10.008841,seed43769.png
34.846874,2.2662683,seed4377.png
8.993266,-37.619324,seed43770.png
6.8712206,22.668177,seed43771.png
24.332611,6.663355,seed43772.png
-9.338716,-23.015415,seed43773.png
-9.271852,-10.054772,seed43774.png
36.26849,11.001675,seed43775.png
-26.086988,-0.9742552,seed43776.png
-14.99052,-16.667974,seed43777.png
15.042395,19.827423,seed43778.png
-9.493183,5.5982394,seed43779.png
32.23571,8.361726,seed4378.png
18.0685,-7.332167,seed43780.png
-37.920563,20.12189,seed43781.png
6.138753,23.519356,seed43782.png
15.50372,-38.038193,seed43783.png
-15.841601,-29.890377,seed43784.png
17.187704,19.031925,seed43785.png
28.846216,16.572771,seed43786.png
-11.189153,-25.202944,seed43787.png
26.052567,0.93544024,seed43788.png
-17.745874,0.9827465,seed43789.png
10.09929,-24.463022,seed4379.png
27.74713,8.779796,seed43790.png
12.263502,3.7880573,seed43791.png
-26.105526,-12.768521,seed43792.png
-2.2674816,-10.697445,seed43793.png
-32.610584,23.75167,seed43794.png
13.429266,27.830204,seed43795.png
17.063593,-36.757694,seed43796.png
-30.796982,21.060583,seed43797.png
9.7287035,3.839988,seed43798.png
23.716146,-6.388302,seed43799.png
-2.0991642,-19.521399,seed4380.png
4.774722,-29.210957,seed43800.png
18.87946,4.6352882,seed43801.png
-17.087593,-18.296278,seed43802.png
-34.042866,-3.5298834,seed43803.png
5.435084,13.418844,seed43804.png
25.155664,7.5657625,seed43805.png
25.147303,9.511011,seed43806.png
-12.694331,-0.5124078,seed43807.png
-2.3751414,-12.443889,seed43808.png
22.4077,3.6816785,seed43809.png
-14.498868,-4.9473624,seed4381.png
13.880508,-4.0907826,seed43810.png
19.654526,17.014952,seed43811.png
-20.143003,3.0973203,seed43812.png
5.805795,-37.217678,seed43813.png
-17.12576,-29.223368,seed43814.png
15.932292,-39.135487,seed43815.png
14.208581,-7.599237,seed43816.png
-19.329016,-25.859428,seed43817.png
25.096594,7.2824135,seed43818.png
-31.476475,15.870644,seed43819.png
6.7803526,-36.7641,seed4382.png
-21.755531,14.453461,seed43820.png
-9.745854,-22.660837,seed43821.png
-18.822205,7.4122314,seed43822.png
-3.794905,22.234453,seed43823.png
27.11499,13.203619,seed43824.png
-20.46477,6.0353036,seed43825.png
7.686935,4.630502,seed43826.png
-20.761961,-16.007128,seed43827.png
-29.175406,4.293097,seed43828.png
-18.065214,-30.23998,seed43829.png
-22.675411,-20.226347,seed4383.png
-21.53258,19.99036,seed43830.png
-17.526026,-4.3049088,seed43831.png
15.041594,7.0356894,seed43832.png
22.812347,12.467375,seed43833.png
-0.21085115,-19.083662,seed43834.png
-20.890776,-0.22280928,seed43835.png
-2.5839648,3.3919666,seed43836.png
-1.3542116,-12.076618,seed43837.png
7.419029,-7.8034277,seed43838.png
-1.8653597,-12.617311,seed43839.png
16.012777,-6.919242,seed4384.png
-37.822052,16.840036,seed43840.png
-18.266518,-8.79591,seed43841.png
-23.916143,-23.061779,seed43842.png
21.187023,7.102249,seed43843.png
-19.162449,-26.031376,seed43844.png
11.04507,-37.1435,seed43845.png
-12.845926,-3.8864424,seed43846.png
32.41651,19.932112,seed43847.png
-31.738005,14.470244,seed43848.png
16.268354,16.892927,seed43849.png
4.8225083,-26.03501,seed4385.png
-11.340004,-3.4374814,seed43850.png
38.588066,21.168917,seed43851.png
-9.641177,-10.227163,seed43852.png
20.572815,-2.8704283,seed43853.png
9.869106,-3.1896613,seed43854.png
11.687233,-9.0563545,seed43855.png
-8.009356,-26.392715,seed43856.png
-28.859474,7.9376817,seed43857.png
18.399008,26.113522,seed43858.png
2.5925486,13.754693,seed43859.png
33.713146,24.863008,seed4386.png
32.62907,13.1967,seed43860.png
-18.363674,-19.504051,seed43861.png
34.41645,20.997952,seed43862.png
-9.174521,-18.927269,seed43863.png
-13.276022,-10.8074665,seed43864.png
-38.535786,20.16413,seed43865.png
-28.91303,5.922276,seed43866.png
12.947249,14.040476,seed43867.png
-26.134193,1.3461016,seed43868.png
-32.46567,19.691793,seed43869.png
-22.07668,-2.5203068,seed4387.png
25.697819,9.089259,seed43870.png
-29.199337,6.909058,seed43871.png
-26.291641,14.685997,seed43872.png
33.300594,3.7439048,seed43873.png
-30.461216,11.212492,seed43874.png
16.039276,7.659959,seed43875.png
22.829205,22.501932,seed43876.png
-24.955332,12.654317,seed43877.png
12.291363,-40.370895,seed43878.png
-25.315348,7.0673404,seed43879.png
-27.609407,-17.39732,seed4388.png
-24.348465,9.996859,seed43880.png
4.3178616,15.82511,seed43881.png
-23.871176,7.4821205,seed43882.png
-26.218374,-9.775973,seed43883.png
-18.229542,0.89519566,seed43884.png
-14.658949,-8.55182,seed43885.png
-17.079578,-10.019142,seed43886.png
-2.6828337,6.8236504,seed43887.png
-18.52523,-24.809938,seed43888.png
10.373387,-33.78623,seed43889.png
-33.98133,13.278427,seed4389.png
-26.84628,-13.413462,seed43890.png
35.67673,5.4303474,seed43891.png
29.613453,-2.1170785,seed43892.png
-21.106329,-24.307568,seed43893.png
21.53842,-1.0091889,seed43894.png
3.2241728,22.832159,seed43895.png
6.7968183,-38.032642,seed43896.png
-19.549257,-18.483946,seed43897.png
-31.857866,18.8469,seed43898.png
-17.071579,-14.20863,seed43899.png
-5.3081646,-18.202015,seed4390.png
6.290602,16.947668,seed43900.png
-1.725651,17.811172,seed43901.png
35.99814,6.8066044,seed43902.png
-15.111117,-18.34381,seed43903.png
-19.002638,-2.2816026,seed43904.png
-13.570352,-5.895556,seed43905.png
-19.919025,1.8050803,seed43906.png
-0.46662098,-13.840038,seed43907.png
-21.181704,5.325786,seed43908.png
-21.046282,9.872936,seed43909.png
-24.489782,3.2205815,seed4391.png
25.21357,12.060568,seed43910.png
-22.603601,13.313907,seed43911.png
2.6051307,-28.432856,seed43912.png
17.809668,5.314169,seed43913.png
-30.247753,6.7432137,seed43914.png
-15.530036,-21.97262,seed43915.png
-22.396845,4.641543,seed43916.png
14.619412,-29.383486,seed43917.png
16.40625,-35.315865,seed43918.png
20.073572,-0.9187217,seed43919.png
-6.950107,13.468265,seed4392.png
38.19763,20.68908,seed43920.png
15.707567,0.4173326,seed43921.png
-30.488432,-4.3343267,seed43922.png
22.720264,4.877603,seed43923.png
24.191816,-3.1907668,seed43924.png
38.5053,24.283974,seed43925.png
12.531059,-21.779686,seed43926.png
-9.148108,-15.408918,seed43927.png
11.74158,10.104657,seed43928.png
12.369215,25.103882,seed43929.png
10.631072,-18.457907,seed4393.png
26.241352,22.12021,seed43930.png
-22.189095,-24.804993,seed43931.png
18.492937,2.7363575,seed43932.png
-10.627862,-15.713126,seed43933.png
13.538029,-32.86728,seed43934.png
-3.6849926,0.8351161,seed43935.png
-32.581547,-7.531963,seed43936.png
38.99136,18.364367,seed43937.png
-18.327078,-25.34213,seed43938.png
13.725541,-37.527985,seed43939.png
-31.375834,-1.1578215,seed4394.png
14.332256,-29.12782,seed43940.png
-31.217972,-12.3911705,seed43941.png
-19.898924,16.607275,seed43942.png
9.170233,7.8590617,seed43943.png
18.034487,-7.0320926,seed43944.png
-9.438996,-8.972527,seed43945.png
-1.4696229,-11.960026,seed43946.png
-19.201591,4.681032,seed43947.png
15.201467,18.585203,seed43948.png
5.2431946,-30.09032,seed43949.png
-20.854588,-30.732834,seed4395.png
27.175468,11.292734,seed43950.png
13.223872,-40.080864,seed43951.png
-25.727106,-2.8032622,seed43952.png
-16.536364,-20.411432,seed43953.png
11.075081,-40.035866,seed43954.png
-25.473154,13.465326,seed43955.png
-21.487951,-25.103767,seed43956.png
31.633009,10.98322,seed43957.png
-34.557446,23.428932,seed43958.png
5.199366,9.683472,seed43959.png
-19.358912,-19.47813,seed4396.png
13.39472,-3.7871754,seed43960.png
27.984547,16.926083,seed43961.png
-31.54021,-14.069241,seed43962.png
2.5068998,-23.804188,seed43963.png
-27.095219,-21.419413,seed43964.png
-8.988234,-18.112507,seed43965.png
11.883553,-29.324802,seed43966.png
-29.841728,-15.968985,seed43967.png
22.13443,5.6044526,seed43968.png
32.19128,14.664935,seed43969.png
-31.818195,14.4291725,seed4397.png
-19.860317,12.026348,seed43970.png
-7.223046,-18.016642,seed43971.png
19.934114,24.337326,seed43972.png
6.7276154,-38.71493,seed43973.png
14.722496,-36.668335,seed43974.png
1.2494653,20.388393,seed43975.png
-16.051954,-29.610441,seed43976.png
1.1549164,-3.4475448,seed43977.png
13.46801,-11.81911,seed43978.png
-19.994337,-3.109913,seed43979.png
-21.004051,13.131782,seed4398.png
-19.725172,-4.1954,seed43980.png
-5.178057,-17.98395,seed43981.png
-25.891315,-17.709454,seed43982.png
7.712658,14.89484,seed43983.png
-10.91052,-4.245476,seed43984.png
9.172453,15.019951,seed43985.png
-6.1310415,-7.515457,seed43986.png
-15.902345,-17.131083,seed43987.png
7.4808245,21.135845,seed43988.png
29.71002,14.4529505,seed43989.png
19.281141,25.722727,seed4399.png
-16.138975,-21.918468,seed43990.png
9.987293,-35.83134,seed43991.png
-14.18201,-10.287094,seed43992.png
28.308565,19.62251,seed43993.png
-11.256015,-10.744993,seed43994.png
18.219727,15.878287,seed43995.png
-3.4663544,-10.647716,seed43996.png
-21.338385,12.108054,seed43997.png
-2.4797409,2.0503087,seed43998.png
-15.419755,-21.263992,seed43999.png
32.59115,23.42274,seed4400.png
8.805446,-35.035286,seed44000.png
11.939034,2.9147267,seed44001.png
-1.6748549,9.536484,seed44002.png
15.234701,16.175726,seed44003.png
-26.892294,-25.473413,seed44004.png
-2.670428,-5.7142367,seed44005.png
-33.275387,22.135395,seed44006.png
-4.4550486,6.1443696,seed44007.png
-37.500893,13.765556,seed44008.png
38.77709,19.279459,seed44009.png
10.323911,18.297407,seed4401.png
-14.186087,-1.5560892,seed44010.png
9.46961,21.234383,seed44011.png
-35.81907,-5.7321663,seed44012.png
-7.7370167,-27.523542,seed44013.png
4.733917,21.704943,seed44014.png
-18.274488,-13.304654,seed44015.png
31.560022,7.259534,seed44016.png
8.2993355,6.1632576,seed44017.png
-6.1477776,1.1253583,seed44018.png
29.83651,2.6641,seed44019.png
-11.693085,-22.06721,seed4402.png
39.263554,19.172228,seed44020.png
31.820566,26.061255,seed44021.png
22.781027,3.6271386,seed44022.png
-24.053741,7.782961,seed44023.png
12.402576,-34.44221,seed44024.png
28.74031,-0.6106463,seed44025.png
20.582119,-10.875991,seed44026.png
5.7897444,5.100023,seed44027.png
-9.682539,-0.078536876,seed44028.png
28.273628,16.351486,seed44029.png
9.060123,-30.442432,seed4403.png
-4.4593787,-8.099942,seed44030.png
25.679062,14.274562,seed44031.png
-24.993372,-19.422739,seed44032.png
-21.788393,20.044212,seed44033.png
40.491943,22.651306,seed44034.png
25.921984,1.3340881,seed44035.png
13.09109,18.716333,seed44036.png
12.291254,28.162983,seed44037.png
6.744814,8.68387,seed44038.png
-10.700053,0.4637457,seed44039.png
24.034748,-5.7354555,seed4404.png
-33.02086,18.03127,seed44040.png
23.75755,16.616945,seed44041.png
-17.993475,-30.582325,seed44042.png
-12.227436,-2.7571492,seed44043.png
20.956064,-3.5273595,seed44044.png
12.413756,-29.67242,seed44045.png
15.56027,-7.2846355,seed44046.png
26.833748,22.726067,seed44047.png
32.837574,30.043913,seed44048.png
-30.97921,-13.540459,seed44049.png
23.904171,22.125189,seed4405.png
11.791927,-10.571164,seed44050.png
31.002296,14.107591,seed44051.png
-18.34718,4.742747,seed44052.png
-18.31873,12.041256,seed44053.png
2.3283875,1.6587435,seed44054.png
13.44666,27.714138,seed44055.png
1.7112069,-16.6457,seed44056.png
-6.775217,-16.463856,seed44057.png
30.874537,5.1913743,seed44058.png
-26.839647,-20.419252,seed44059.png
12.239557,0.22545761,seed4406.png
-22.644041,17.391407,seed44060.png
-19.44335,-1.8217354,seed44061.png
-9.843653,-13.809701,seed44062.png
-2.597753,-10.085463,seed44063.png
-17.824465,-12.53445,seed44064.png
22.185478,12.554557,seed44065.png
6.0548935,-2.7234452,seed44066.png
14.722925,-6.9116764,seed44067.png
-23.35323,-16.348923,seed44068.png
-13.8542595,-27.744158,seed44069.png
19.843992,26.776186,seed4407.png
6.5302286,-33.513756,seed44070.png
-30.470936,4.5645685,seed44071.png
22.621708,-4.7106414,seed44072.png
9.526565,10.319986,seed44073.png
10.153476,-39.38188,seed44074.png
6.661976,15.037048,seed44075.png
-4.1412187,-7.4226704,seed44076.png
-22.699722,0.10010249,seed44077.png
13.34136,-37.543125,seed44078.png
-1.1278057,6.198066,seed44079.png
9.671728,1.7556834,seed4408.png
-18.820978,-2.0472965,seed44080.png
7.742408,-28.13037,seed44081.png
-23.891626,-1.1765977,seed44082.png
13.890114,15.3979845,seed44083.png
-35.62444,15.21049,seed44084.png
-26.031916,7.296987,seed44085.png
-32.096634,16.08265,seed44086.png
11.01936,13.443099,seed44087.png
34.66225,13.309763,seed44088.png
5.0661545,5.0658274,seed44089.png
11.33149,-24.203178,seed4409.png
-3.7412515,-3.9881725,seed44090.png
11.955857,-3.3360436,seed44091.png
12.242358,-38.64356,seed44092.png
10.10747,-38.109783,seed44093.png
-25.132828,13.75694,seed44094.png
14.779477,-38.30662,seed44095.png
-19.128748,-4.886221,seed44096.png
-19.805794,3.0294046,seed44097.png
-16.017773,-4.8971386,seed44098.png
35.41766,6.3213596,seed44099.png
-8.899535,-12.293004,seed4410.png
10.160646,5.809669,seed44100.png
33.175106,14.051354,seed44101.png
14.5677595,-38.686844,seed44102.png
8.249026,2.4283357,seed44103.png
15.45922,19.04532,seed44104.png
16.542519,15.873781,seed44105.png
-20.418814,-2.7183301,seed44106.png
-30.041918,-0.2927272,seed44107.png
38.028736,21.548157,seed44108.png
25.843473,12.931989,seed44109.png
-11.856473,-0.3263783,seed4411.png
-17.803907,-24.752502,seed44110.png
8.804117,-35.941925,seed44111.png
29.10982,27.892162,seed44112.png
27.285294,-2.7975795,seed44113.png
-22.011347,13.9959,seed44114.png
-1.4186425,-2.2273126,seed44115.png
28.034748,11.115254,seed44116.png
11.168669,-40.003387,seed44117.png
10.818037,-39.29107,seed44118.png
-26.369015,-4.731996,seed44119.png
0.5198082,3.1282773,seed4412.png
-29.466377,-14.800592,seed44120.png
14.611216,-35.195564,seed44121.png
-21.715033,15.157523,seed44122.png
15.055244,-3.4670959,seed44123.png
26.041033,-0.2593184,seed44124.png
-8.926172,-22.351103,seed44125.png
-32.099266,22.533056,seed44126.png
-23.182104,12.083634,seed44127.png
16.65323,12.446279,seed44128.png
-1.9276702,-7.178486,seed44129.png
10.712311,21.762482,seed4413.png
-11.909808,-10.52316,seed44130.png
-37.84863,27.58476,seed44131.png
-1.3030454,-15.9910555,seed44132.png
8.357391,12.237054,seed44133.png
34.080963,12.26368,seed44134.png
5.531833,22.926537,seed44135.png
27.51241,3.7873464,seed44136.png
-6.7627053,-23.826874,seed44137.png
12.861758,10.453322,seed44138.png
16.789562,-37.18916,seed44139.png
-19.533026,-28.087795,seed4414.png
6.6193814,-26.983236,seed44140.png
-24.826288,-12.382761,seed44141.png
-26.850334,20.491598,seed44142.png
-1.6636816,-15.67776,seed44143.png
22.242695,-7.5749736,seed44144.png
-20.956518,1.3150579,seed44145.png
-35.39647,8.3176365,seed44146.png
-6.0276165,3.7198455,seed44147.png
28.750113,21.92288,seed44148.png
10.438392,-37.526146,seed44149.png
14.68459,-29.268293,seed4415.png
-22.043844,12.888887,seed44150.png
-26.138294,-15.789327,seed44151.png
-22.536715,6.056138,seed44152.png
3.7826247,1.5393649,seed44153.png
16.644596,6.586411,seed44154.png
-12.890086,-21.360601,seed44155.png
-22.023823,-24.68658,seed44156.png
-19.462994,10.008846,seed44157.png
-25.068802,-21.512283,seed44158.png
13.289538,24.011375,seed44159.png
-5.7125463,-14.567603,seed4416.png
35.18596,10.991401,seed44160.png
5.8569856,0.71470404,seed44161.png
4.782558,18.795189,seed44162.png
-26.730957,-10.716361,seed44163.png
16.475956,7.329699,seed44164.png
-18.856092,-4.2959876,seed44165.png
-29.308191,-4.806024,seed44166.png
0.6978154,-25.588537,seed44167.png
10.212345,-7.2871995,seed44168.png
37.037277,14.087813,seed44169.png
-31.202177,23.905441,seed4417.png
-14.632421,-7.966331,seed44170.png
14.716888,-30.991884,seed44171.png
0.9967101,20.302834,seed44172.png
-30.612007,19.229958,seed44173.png
7.0004535,-1.44897,seed44174.png
26.49115,14.812804,seed44175.png
25.54793,1.8429775,seed44176.png
-26.987568,7.977596,seed44177.png
18.621105,1.9762261,seed44178.png
9.877734,-39.1431,seed44179.png
-29.919209,13.958399,seed4418.png
18.959728,17.928246,seed44180.png
-31.816225,-3.884782,seed44181.png
-26.284885,16.647377,seed44182.png
-16.587063,-12.544032,seed44183.png
-32.687664,-7.693802,seed44184.png
7.0890613,-37.525143,seed44185.png
-27.885014,11.3952675,seed44186.png
-18.250488,-30.477907,seed44187.png
2.429475,-34.600796,seed44188.png
16.378729,22.637892,seed44189.png
8.020646,-27.5252,seed4419.png
21.571236,13.86732,seed44190.png
-20.81478,-19.675121,seed44191.png
-19.21311,0.4105388,seed44192.png
-9.836737,-12.151961,seed44193.png
7.454565,-10.508801,seed44194.png
-22.374098,-10.827329,seed44195.png
37.035328,21.173756,seed44196.png
-11.517873,-15.273484,seed44197.png
12.117054,-29.858706,seed44198.png
7.689637,2.4038773,seed44199.png
35.39126,17.463161,seed4420.png
-8.570587,-16.673792,seed44200.png
15.495911,19.569815,seed44201.png
-13.147429,-7.4037457,seed44202.png
-16.096073,-30.572529,seed44203.png
10.329429,12.402538,seed44204.png
-12.230628,-1.3609339,seed44205.png
-11.473853,-8.889823,seed44206.png
37.27369,25.625412,seed44207.png
-13.728099,-16.06336,seed44208.png
10.7081,24.247929,seed44209.png
4.497058,2.4798021,seed4421.png
13.716717,24.09886,seed44210.png
-14.167121,-10.553667,seed44211.png
-15.426348,-30.178534,seed44212.png
7.1031284,4.6371107,seed44213.png
2.3404737,4.663008,seed44214.png
-8.409399,12.899929,seed44215.png
13.129637,-4.6906037,seed44216.png
37.485374,19.358,seed44217.png
9.544081,2.7278302,seed44218.png
-13.178156,-27.879839,seed44219.png
35.772964,10.962483,seed4422.png
-30.094212,-16.32461,seed44220.png
-33.219437,12.7021475,seed44221.png
6.5629115,1.1791809,seed44222.png
26.210358,22.318495,seed44223.png
10.795548,-33.38047,seed44224.png
17.712732,-7.028291,seed44225.png
-20.471022,-24.031712,seed44226.png
-27.73591,4.0685825,seed44227.png
18.283356,-5.7962193,seed44228.png
9.304393,23.15022,seed44229.png
-13.766577,-4.687725,seed4423.png
-28.217361,18.343985,seed44230.png
25.03737,-3.9904494,seed44231.png
-32.68586,-7.9640064,seed44232.png
6.9189034,-29.894138,seed44233.png
24.303766,5.919204,seed44234.png
-0.27470154,-14.865563,seed44235.png
21.999853,13.544142,seed44236.png
-23.647802,7.529589,seed44237.png
11.741337,-9.528431,seed44238.png
11.178536,-33.29098,seed44239.png
36.70859,4.485625,seed4424.png
8.687773,9.547761,seed44240.png
-19.959652,5.14247,seed44241.png
13.052944,23.15081,seed44242.png
-30.02135,13.221039,seed44243.png
30.708427,12.520496,seed44244.png
-23.416925,6.1488996,seed44245.png
28.562178,20.670507,seed44246.png
-10.2470455,-18.905897,seed44247.png
1.444252,23.661377,seed44248.png
-15.558195,-2.2228343,seed44249.png
29.358608,22.664282,seed4425.png
-14.70607,-25.036585,seed44250.png
-2.4592705,15.668249,seed44251.png
6.059897,18.442564,seed44252.png
8.171089,24.237701,seed44253.png
-8.944661,-30.408855,seed44254.png
-19.418297,-15.4823475,seed44255.png
14.685719,6.253896,seed44256.png
-9.890315,-24.573559,seed44257.png
-24.142063,-11.061941,seed44258.png
-5.502513,-10.719987,seed44259.png
-3.5281925,-12.695573,seed4426.png
-6.8366823,-22.182728,seed44260.png
21.810957,-2.8990982,seed44261.png
0.585314,-12.64661,seed44262.png
-19.839357,-13.339177,seed44263.png
-0.3899471,-2.3784857,seed44264.png
-5.104223,-18.872267,seed44265.png
38.03942,4.0795674,seed44266.png
9.58893,-1.5350691,seed44267.png
13.662277,-37.75612,seed44268.png
-20.97058,-3.949345,seed44269.png
12.35254,24.616583,seed4427.png
-9.512088,-6.88081,seed44270.png
13.583952,-33.90505,seed44271.png
31.355247,28.526508,seed44272.png
28.903597,20.574402,seed44273.png
13.975801,-6.289097,seed44274.png
-16.36017,3.800522,seed44275.png
35.918068,20.075588,seed44276.png
32.82502,2.5400367,seed44277.png
13.163884,-10.307203,seed44278.png
24.475906,12.509551,seed44279.png
-16.502375,0.45747754,seed4428.png
-25.854322,9.893786,seed44280.png
14.602523,-7.7343893,seed44281.png
33.960514,22.83334,seed44282.png
-36.385567,26.17499,seed44283.png
-19.555964,-3.8159466,seed44284.png
-12.574824,-16.544487,seed44285.png
-14.541685,-8.940826,seed44286.png
34.54493,16.715912,seed44287.png
-31.074352,13.926987,seed44288.png
15.521514,-34.30801,seed44289.png
-19.396034,-9.821177,seed4429.png
9.954165,-39.52029,seed44290.png
-25.921066,-0.37056082,seed44291.png
-27.52031,4.6947784,seed44292.png
-15.969482,-9.944737,seed44293.png
21.48719,0.6537866,seed44294.png
-5.6520014,1.2925583,seed44295.png
-10.239402,-10.957439,seed44296.png
35.08643,15.805304,seed44297.png
-16.491585,8.6274,seed44298.png
-13.948581,-13.606339,seed44299.png
-33.56639,11.469141,seed4430.png
-27.532776,-20.559193,seed44300.png
35.68996,15.614032,seed44301.png
-39.60224,22.31386,seed44302.png
2.3900743,-5.006946,seed44303.png
-32.603626,23.667988,seed44304.png
-20.508402,11.822597,seed44305.png
20.841532,-5.2888784,seed44306.png
-6.1397133,12.005439,seed44307.png
-24.318382,3.8313603,seed44308.png
33.836384,8.301183,seed44309.png
20.762817,7.326557,seed4431.png
37.040905,9.539803,seed44310.png
-21.130838,0.2684558,seed44311.png
-32.761,8.926999,seed44312.png
-31.637077,-0.46438694,seed44313.png
-15.791629,-30.55523,seed44314.png
39.125317,15.411712,seed44315.png
-26.280928,-15.365797,seed44316.png
-15.621386,-21.049345,seed44317.png
21.714361,-1.2213427,seed44318.png
-26.721914,11.08554,seed44319.png
-36.539066,9.612765,seed4432.png
-30.776176,4.4472055,seed44320.png
-27.312164,-3.0871804,seed44321.png
-0.039217103,23.996267,seed44322.png
31.571459,0.67212856,seed44323.png
19.354906,-7.87502,seed44324.png
-11.230968,-29.81067,seed44325.png
7.0795918,-39.66337,seed44326.png
-35.456272,25.510946,seed44327.png
19.471786,-0.27368328,seed44328.png
-13.187394,11.061649,seed44329.png
35.435364,15.506606,seed4433.png
23.41455,3.2591035,seed44330.png
37.38766,7.4766035,seed44331.png
15.734513,14.569367,seed44332.png
-32.87011,25.03289,seed44333.png
-30.423668,0.70489943,seed44334.png
-13.348524,-24.44613,seed44335.png
11.852862,2.425433,seed44336.png
-23.09041,-13.536005,seed44337.png
8.470727,5.329738,seed44338.png
-16.261122,-20.617699,seed44339.png
-26.662779,6.4184837,seed4434.png
-31.75978,-10.380758,seed44340.png
19.477882,19.700834,seed44341.png
-18.66501,-9.4916935,seed44342.png
-22.97423,13.398768,seed44343.png
1.9004899,-13.08322,seed44344.png
-1.2342232,21.327782,seed44345.png
4.1259537,-21.4447,seed44346.png
34.49133,11.082395,seed44347.png
34.65821,15.66393,seed44348.png
-20.94055,-3.70831,seed44349.png
23.472008,2.7650044,seed4435.png
13.209867,-28.321054,seed44350.png
-16.300467,-9.847364,seed44351.png
28.785614,1.8435564,seed44352.png
12.587101,27.892418,seed44353.png
14.135849,-35.616867,seed44354.png
24.945076,12.7769165,seed44355.png
34.32089,15.690702,seed44356.png
25.399282,11.073215,seed44357.png
26.213697,17.263445,seed44358.png
23.879671,-1.5495336,seed44359.png
4.7221146,17.175436,seed4436.png
13.598367,-40.26779,seed44360.png
35.9421,9.36624,seed44361.png
12.060835,5.6197906,seed44362.png
-26.111906,9.9543,seed44363.png
15.584265,-36.05395,seed44364.png
-20.72905,-19.895033,seed44365.png
-16.993126,-16.781416,seed44366.png
-19.838772,13.073472,seed44367.png
-14.163973,-12.445663,seed44368.png
-22.88819,12.006947,seed44369.png
35.618855,19.937626,seed4437.png
-17.89602,-19.715134,seed44370.png
-2.5599434,-19.61443,seed44371.png
8.20656,25.92788,seed44372.png
12.129364,12.560146,seed44373.png
25.838316,-2.2292583,seed44374.png
10.759432,-29.79342,seed44375.png
13.401752,-4.3856153,seed44376.png
12.759011,25.828604,seed44377.png
-27.937529,-4.402218,seed44378.png
12.8941965,-37.32505,seed44379.png
-2.6568928,-17.01924,seed4438.png
-32.67351,20.628319,seed44380.png
-17.589111,3.5883293,seed44381.png
19.443127,13.108411,seed44382.png
-13.751122,-14.101487,seed44383.png
-21.105867,-20.964407,seed44384.png
32.245953,6.651421,seed44385.png
-19.833994,-18.56504,seed44386.png
-1.8646837,10.261879,seed44387.png
-17.47483,0.14149271,seed44388.png
-26.354898,-7.766873,seed44389.png
34.30009,7.8619595,seed4439.png
-3.1912534,-9.962933,seed44390.png
17.306576,2.4544752,seed44391.png
14.194656,-35.665173,seed44392.png
-36.781673,9.4002075,seed44393.png
-16.292435,-6.5961366,seed44394.png
18.352589,-7.059783,seed44395.png
0.44678104,23.084776,seed44396.png
-18.678898,5.1104026,seed44397.png
16.348864,0.37595615,seed44398.png
9.99871,25.458912,seed44399.png
15.3745365,-34.889214,seed4440.png
25.522043,13.421596,seed44400.png
23.667444,21.928722,seed44401.png
24.6342,4.5726347,seed44402.png
7.6721373,21.464447,seed44403.png
37.07682,17.33462,seed44404.png
-20.795372,-13.305807,seed44405.png
37.356903,14.414276,seed44406.png
-16.752638,-12.834001,seed44407.png
-15.665868,-27.440544,seed44408.png
25.514603,5.089378,seed44409.png
32.418125,1.9313936,seed4441.png
-36.84456,21.38926,seed44410.png
-25.250889,-21.206367,seed44411.png
-16.264578,-22.835133,seed44412.png
-4.500472,13.982545,seed44413.png
13.36004,-37.038532,seed44414.png
37.188282,15.635436,seed44415.png
28.963634,15.281403,seed44416.png
-22.769886,-6.465099,seed44417.png
1.1207051,1.4388528,seed44418.png
-15.185266,-26.51268,seed44419.png
-30.684185,11.012349,seed4442.png
-24.749262,5.819136,seed44420.png
-34.81187,16.237862,seed44421.png
-17.502533,-9.755265,seed44422.png
-33.678368,16.400133,seed44423.png
15.210614,3.747933,seed44424.png
-12.314196,-31.187283,seed44425.png
2.3385985,-28.777529,seed44426.png
37.146103,26.090607,seed44427.png
6.157964,-38.44808,seed44428.png
16.669884,-36.620327,seed44429.png
8.6641035,-35.688457,seed4443.png
34.367355,8.512582,seed44430.png
-23.434214,-18.845417,seed44431.png
13.618824,18.142414,seed44432.png
-26.415699,-17.57555,seed44433.png
11.9290905,-37.399773,seed44434.png
22.15689,-7.9949455,seed44435.png
22.250498,20.651678,seed44436.png
-8.578988,-25.978437,seed44437.png
3.2436454,5.7615943,seed44438.png
-19.155212,3.8252075,seed44439.png
0.6717836,23.152727,seed4444.png
15.900175,-37.1669,seed44440.png
-28.133297,-6.791561,seed44441.png
-27.038733,-16.906204,seed44442.png
-28.281443,-0.40833643,seed44443.png
-34.744118,8.100969,seed44444.png
2.2065496,20.684813,seed44445.png
14.836514,19.908266,seed44446.png
-30.541199,11.110588,seed44447.png
38.243454,7.2059517,seed44448.png
-18.523241,-19.26603,seed44449.png
-8.670791,-9.620669,seed4445.png
-12.271669,-11.195891,seed44450.png
-17.000362,-16.7666,seed44451.png
0.9310824,-1.0261735,seed44452.png
31.142635,16.467058,seed44453.png
-15.004414,1.3950638,seed44454.png
7.9236197,-39.904415,seed44455.png
-32.38152,6.999045,seed44456.png
-19.475494,2.8675654,seed44457.png
11.446508,22.878695,seed44458.png
5.156816,1.3379406,seed44459.png
8.130007,17.494947,seed4446.png
-17.450642,-20.723928,seed44460.png
24.471804,17.212757,seed44461.png
4.8954244,-6.5343595,seed44462.png
-27.146175,-22.519428,seed44463.png
7.566945,9.052795,seed44464.png
-10.105869,-14.410547,seed44465.png
25.180737,10.567525,seed44466.png
3.0840154,-13.063469,seed44467.png
31.863436,20.916517,seed44468.png
-28.815863,-13.729372,seed44469.png
7.29622,6.5765004,seed4447.png
-18.146431,-28.022255,seed44470.png
26.89717,8.022716,seed44471.png
10.887706,-21.372652,seed44472.png
-30.112347,11.661893,seed44473.png
-22.277794,6.186332,seed44474.png
-33.30718,20.686848,seed44475.png
6.325102,-36.97245,seed44476.png
-0.27150083,-14.678376,seed44477.png
17.88015,-0.19350722,seed44478.png
32.76637,28.820276,seed44479.png
-15.922784,-20.695133,seed4448.png
-21.88293,-21.299898,seed44480.png
16.2431,18.372463,seed44481.png
5.697218,9.059752,seed44482.png
42.39456,14.590644,seed44483.png
-34.30265,20.308443,seed44484.png
-27.393013,-0.915887,seed44485.png
30.226927,25.769999,seed44486.png
7.3181286,-5.672311,seed44487.png
17.431995,-4.712729,seed44488.png
37.052647,8.353265,seed44489.png
18.631386,15.319901,seed4449.png
-0.9856631,21.426548,seed44490.png
13.803656,7.5865145,seed44491.png
31.192175,9.281486,seed44492.png
-33.578873,6.1960454,seed44493.png
32.675106,7.448198,seed44494.png
40.662098,17.161396,seed44495.png
24.05705,17.595434,seed44496.png
3.2442617,3.4473383,seed44497.png
-33.36753,23.115702,seed44498.png
8.182947,-24.33119,seed44499.png
-35.04387,16.91894,seed4450.png
-27.660534,19.90019,seed44500.png
11.431026,4.271705,seed44501.png
3.7361872,-1.106975,seed44502.png
-17.997684,-8.196937,seed44503.png
-27.856068,16.877527,seed44504.png
-23.067793,-21.435347,seed44505.png
-22.00548,16.85505,seed44506.png
31.509533,13.402333,seed44507.png
29.674335,26.1127,seed44508.png
20.775751,-7.1211057,seed44509.png
-28.920092,-18.217619,seed4451.png
-20.523321,-6.0183253,seed44510.png
-23.723248,-16.181736,seed44511.png
25.995676,4.344391,seed44512.png
19.234013,16.878508,seed44513.png
-2.195491,14.157853,seed44514.png
-30.958475,-8.007194,seed44515.png
-25.639252,2.3063467,seed44516.png
34.00091,10.285023,seed44517.png
7.047666,7.011842,seed44518.png
-6.161796,-0.52140063,seed44519.png
-31.405933,-4.0402813,seed4452.png
-22.482834,8.171218,seed44520.png
-18.976665,16.705502,seed44521.png
32.883385,25.550837,seed44522.png
-18.81928,-16.200575,seed44523.png
13.959785,-37.01848,seed44524.png
-7.369227,-22.326696,seed44525.png
7.8293533,4.9313273,seed44526.png
13.233544,-32.522537,seed44527.png
25.449291,18.290518,seed44528.png
-30.101427,-2.751883,seed44529.png
-3.1161773,15.172963,seed4453.png
-5.2939353,13.23756,seed44530.png
-27.420881,11.992784,seed44531.png
38.998764,20.963966,seed44532.png
-5.5177107,-1.4040502,seed44533.png
8.748693,6.745264,seed44534.png
29.694374,2.7639594,seed44535.png
1.636688,23.796957,seed44536.png
-25.351582,2.2248774,seed44537.png
15.2478285,-33.803303,seed44538.png
29.02901,24.770334,seed44539.png
-31.985914,25.739412,seed4454.png
11.948206,-33.646233,seed44540.png
-21.383392,5.756828,seed44541.png
28.395496,10.595931,seed44542.png
-15.080474,-20.782782,seed44543.png
12.038327,-30.29843,seed44544.png
-31.394222,6.1864033,seed44545.png
-17.235556,-2.2974842,seed44546.png
-33.285355,26.993536,seed44547.png
19.832006,3.7849329,seed44548.png
-31.732944,22.307636,seed44549.png
-10.47727,10.9601755,seed4455.png
34.837353,17.515379,seed44550.png
-20.87858,19.283884,seed44551.png
26.760288,24.810211,seed44552.png
-25.622677,-14.138557,seed44553.png
19.60491,19.278034,seed44554.png
34.646004,5.9973216,seed44555.png
15.301585,23.860987,seed44556.png
7.813787,-4.6380196,seed44557.png
-17.379337,-22.199173,seed44558.png
-13.355551,-11.81693,seed44559.png
7.5113254,7.068379,seed4456.png
17.566753,17.460245,seed44560.png
20.133165,14.921463,seed44561.png
10.280566,-3.4239414,seed44562.png
1.1140529,18.366224,seed44563.png
29.876482,15.754731,seed44564.png
-14.418453,-3.794321,seed44565.png
-11.457348,-18.98771,seed44566.png
-7.8855433,-18.518984,seed44567.png
21.08067,-0.9470492,seed44568.png
18.747906,10.581687,seed44569.png
8.896707,-30.135849,seed4457.png
13.171302,-5.272785,seed44570.png
24.055443,23.940044,seed44571.png
-18.662775,-13.064797,seed44572.png
2.4108598,-31.349022,seed44573.png
-19.933012,0.5007565,seed44574.png
26.835163,17.655245,seed44575.png
12.800293,-33.424847,seed44576.png
18.116306,-7.101985,seed44577.png
-1.6041473,23.501316,seed44578.png
4.5684357,-3.7451217,seed44579.png
-7.7219462,-18.205902,seed4458.png
-26.004976,-18.079693,seed44580.png
25.129715,8.620685,seed44581.png
-0.91561157,14.480738,seed44582.png
-25.637678,-19.962257,seed44583.png
-15.32229,2.7777483,seed44584.png
-16.802029,-28.35064,seed44585.png
-18.574701,-5.652104,seed44586.png
11.528338,-35.159576,seed44587.png
-14.029298,-29.88441,seed44588.png
33.77089,3.5700088,seed44589.png
-3.1272538,-18.079494,seed4459.png
-17.98904,-27.15638,seed44590.png
-18.272419,-15.721031,seed44591.png
39.244553,16.174372,seed44592.png
14.215141,21.09218,seed44593.png
26.147882,9.234155,seed44594.png
-2.74803,21.454603,seed44595.png
12.136326,-27.879864,seed44596.png
-7.5082583,-7.8276005,seed44597.png
-37.873478,15.999497,seed44598.png
1.5705351,-11.3118515,seed44599.png
-18.057032,-27.524096,seed4460.png
3.8386955,-32.206722,seed44600.png
6.6276126,5.2668886,seed44601.png
3.8550136,-7.826621,seed44602.png
-21.15411,0.8586113,seed44603.png
12.381085,-31.344181,seed44604.png
15.623932,-33.894176,seed44605.png
11.182819,-41.112694,seed44606.png
-23.026703,-2.8342516,seed44607.png
5.067173,-33.799458,seed44608.png
9.256635,-28.4079,seed44609.png
2.0116084,9.129439,seed4461.png
-21.139814,4.185799,seed44610.png
-0.9505772,-1.9244971,seed44611.png
2.052321,-0.45892775,seed44612.png
-13.420752,-20.911787,seed44613.png
14.0594,-23.373188,seed44614.png
-20.996023,8.286062,seed44615.png
-17.064999,-23.304083,seed44616.png
9.122642,-1.4014782,seed44617.png
22.849104,20.125748,seed44618.png
-20.093922,5.816328,seed44619.png
-23.227177,-13.560899,seed4462.png
11.213487,-30.334566,seed44620.png
-19.481985,8.907678,seed44621.png
29.452831,7.850839,seed44622.png
38.36658,19.999195,seed44623.png
13.794633,-35.65111,seed44624.png
29.58938,4.7314587,seed44625.png
17.581495,24.786736,seed44626.png
-9.456448,-15.050589,seed44627.png
3.7754645,-4.2982774,seed44628.png
-26.984676,17.69455,seed44629.png
-5.9917874,-0.7312828,seed4463.png
16.675695,0.118443735,seed44630.png
32.3031,8.615208,seed44631.png
-24.06394,9.523742,seed44632.png
26.685354,9.571542,seed44633.png
-22.411808,-24.535519,seed44634.png
-0.7875236,-16.439217,seed44635.png
35.429047,19.659449,seed44636.png
9.547256,2.73805,seed44637.png
30.389387,25.633722,seed44638.png
16.793276,-1.6508561,seed44639.png
6.949907,-32.513165,seed4464.png
35.169136,13.750654,seed44640.png
10.179524,3.0179722,seed44641.png
-4.9523425,-4.596278,seed44642.png
13.802442,14.7607,seed44643.png
-34.752377,21.807796,seed44644.png
17.782646,14.100157,seed44645.png
2.7650495,21.16293,seed44646.png
-31.187548,24.360136,seed44647.png
2.8211164,-30.367619,seed44648.png
-34.04424,26.946407,seed44649.png
21.255787,-0.7896569,seed4465.png
3.008518,-11.399021,seed44650.png
-19.156433,6.120263,seed44651.png
26.831314,8.770723,seed44652.png
-33.577663,-13.579218,seed44653.png
-16.53019,-11.679302,seed44654.png
37.022163,21.487278,seed44655.png
-19.719616,-4.5420375,seed44656.png
14.339732,-38.24313,seed44657.png
28.923456,8.816641,seed44658.png
25.779161,21.239895,seed44659.png
9.683917,3.7943985,seed4466.png
-0.34554115,11.27707,seed44660.png
-21.119453,-27.448612,seed44661.png
26.36295,6.6901236,seed44662.png
1.0484093,-0.65566266,seed44663.png
34.10306,24.248037,seed44664.png
15.949405,-37.54918,seed44665.png
36.71261,13.610541,seed44666.png
22.800488,4.087497,seed44667.png
-13.53114,-28.709002,seed44668.png
-30.646357,22.538113,seed44669.png
6.5339575,21.38587,seed4467.png
8.878784,19.807804,seed44670.png
-16.119072,-11.655999,seed44671.png
14.05173,3.538571,seed44672.png
-34.745945,9.764607,seed44673.png
-15.3547325,-4.327817,seed44674.png
21.834997,24.404478,seed44675.png
2.4160805,-14.043749,seed44676.png
11.351814,-23.025187,seed44677.png
-21.5505,-0.49575737,seed44678.png
-11.6081505,-17.812948,seed44679.png
-33.01708,14.602785,seed4468.png
9.001856,-40.316452,seed44680.png
39.73863,16.07031,seed44681.png
-22.620275,-6.1322947,seed44682.png
12.92194,25.703995,seed44683.png
4.7939014,9.495173,seed44684.png
-10.502957,-25.040432,seed44685.png
-32.015278,8.385013,seed44686.png
9.224678,7.34165,seed44687.png
34.005928,20.951872,seed44688.png
-15.75639,-27.514183,seed44689.png
-3.9588683,3.2600236,seed4469.png
-9.724504,-13.756986,seed44690.png
5.860953,5.8663974,seed44691.png
-2.0646005,21.569416,seed44692.png
-30.198895,21.67468,seed44693.png
-1.0446588,-14.050986,seed44694.png
7.3977876,-7.2115607,seed44695.png
-29.485695,-7.942303,seed44696.png
17.119514,-35.200676,seed44697.png
10.348429,-37.407402,seed44698.png
19.423527,-5.5576916,seed44699.png
-17.880295,-21.688568,seed4470.png
11.290853,-3.311504,seed44700.png
3.3973634,8.6377125,seed44701.png
-15.387073,-6.4931545,seed44702.png
-35.019917,25.230284,seed44703.png
0.70390314,-6.0138717,seed44704.png
19.41431,-8.621728,seed44705.png
-15.786383,-9.372377,seed44706.png
-33.87744,12.467936,seed44707.png
11.749409,-29.126686,seed44708.png
-25.181421,-2.1785028,seed44709.png
-23.84311,11.3468275,seed4471.png
-13.006411,-11.86375,seed44710.png
35.124847,15.708504,seed44711.png
-14.291773,-29.265322,seed44712.png
-20.017153,2.8568468,seed44713.png
-3.0120947,-14.445005,seed44714.png
-33.621674,23.690987,seed44715.png
14.689439,0.20471826,seed44716.png
-32.137672,-16.869328,seed44717.png
-23.421259,-23.358553,seed44718.png
-11.828647,-7.1612186,seed44719.png
13.77454,-37.391113,seed4472.png
-13.586208,-30.141108,seed44720.png
16.212881,-34.935993,seed44721.png
14.657515,-30.947989,seed44722.png
-20.098555,-20.48749,seed44723.png
37.38535,16.204351,seed44724.png
17.562742,11.494833,seed44725.png
7.9134665,8.549455,seed44726.png
21.514307,12.6161785,seed44727.png
14.579505,23.165335,seed44728.png
-4.0198994,11.479206,seed44729.png
20.395664,-5.9388123,seed4473.png
2.6623845,4.114936,seed44730.png
11.16034,5.412979,seed44731.png
31.384094,17.468206,seed44732.png
10.803438,9.511886,seed44733.png
10.930071,5.5224376,seed44734.png
5.1468334,-6.766829,seed44735.png
-14.226367,-20.986311,seed44736.png
-28.70803,-13.81749,seed44737.png
-13.831862,-13.507051,seed44738.png
-29.945929,-8.721835,seed44739.png
-23.234787,-6.162419,seed4474.png
-13.687114,-19.822746,seed44740.png
15.24284,-33.95904,seed44741.png
34.560207,10.213103,seed44742.png
4.516522,13.47037,seed44743.png
-7.207042,-13.184377,seed44744.png
-7.5650244,-20.619072,seed44745.png
-28.158602,-16.748835,seed44746.png
-9.10162,5.4612074,seed44747.png
-17.331764,-4.221503,seed44748.png
3.6079624,9.37008,seed44749.png
20.59377,5.7190223,seed4475.png
-9.6603565,-23.675816,seed44750.png
13.769399,-10.826165,seed44751.png
-21.87876,-3.213536,seed44752.png
9.101993,11.6497345,seed44753.png
-8.505307,10.874204,seed44754.png
32.23044,10.628182,seed44755.png
28.570808,9.649882,seed44756.png
12.646607,-32.70405,seed44757.png
12.521044,13.831628,seed44758.png
7.8300323,-28.392183,seed44759.png
-12.14812,-5.270812,seed4476.png
20.521423,1.3130102,seed44760.png
-27.947193,-13.602343,seed44761.png
-14.207298,-0.7990523,seed44762.png
-21.28203,20.065674,seed44763.png
-25.90925,15.176232,seed44764.png
-7.8014455,-27.714342,seed44765.png
-15.728156,-12.134899,seed44766.png
-21.054108,-24.650131,seed44767.png
-7.144282,-2.8639166,seed44768.png
-14.733245,-29.405867,seed44769.png
-28.255772,1.3902881,seed4477.png
17.827873,0.51121044,seed44770.png
28.367762,24.902233,seed44771.png
4.975095,-37.42995,seed44772.png
25.429165,10.814617,seed44773.png
18.79824,21.554333,seed44774.png
-3.0016255,-9.642466,seed44775.png
-1.2211881,22.511087,seed44776.png
-27.967966,5.7869964,seed44777.png
-0.508255,22.404755,seed44778.png
-32.68201,-10.581011,seed44779.png
7.2525115,-36.8646,seed4478.png
-13.507593,6.063483,seed44780.png
24.919971,-7.5903068,seed44781.png
-18.356396,-16.62047,seed44782.png
31.258778,1.1764891,seed44783.png
-22.799555,-24.699192,seed44784.png
-10.98438,-19.271624,seed44785.png
11.643073,-24.418343,seed44786.png
22.388556,3.0352929,seed44787.png
4.7360554,-24.614971,seed44788.png
5.511053,13.714769,seed44789.png
9.990876,25.90077,seed4479.png
6.7312083,-35.738804,seed44790.png
-25.831734,-7.581421,seed44791.png
-34.25573,14.094535,seed44792.png
3.941263,6.9392376,seed44793.png
24.204165,14.586356,seed44794.png
-11.484965,4.7743363,seed44795.png
-22.885086,-22.255287,seed44796.png
30.180532,13.290605,seed44797.png
-23.07377,-22.188946,seed44798.png
13.400171,27.813124,seed44799.png
-32.66863,-11.086756,seed4480.png
-10.353326,12.378047,seed44800.png
-23.917355,12.84495,seed44801.png
-32.02991,20.188484,seed44802.png
31.984488,25.33548,seed44803.png
20.270844,20.165884,seed44804.png
-30.30146,3.4457507,seed44805.png
-22.840908,-7.2196555,seed44806.png
11.448106,-26.092857,seed44807.png
32.409946,0.11710846,seed44808.png
6.197497,-35.003334,seed44809.png
-26.99587,18.098219,seed4481.png
20.259624,-8.678328,seed44810.png
-8.749091,0.46105555,seed44811.png
-18.303255,-4.8328943,seed44812.png
-28.150059,-14.140793,seed44813.png
21.133461,14.926544,seed44814.png
-30.407225,-11.563789,seed44815.png
27.518879,7.450532,seed44816.png
7.86011,-1.6001592,seed44817.png
-16.887905,-29.938187,seed44818.png
30.006332,21.571894,seed44819.png
35.37366,10.407291,seed4482.png
-9.499326,-1.6804922,seed44820.png
-22.858805,-13.179267,seed44821.png
-0.304816,16.686937,seed44822.png
-12.674144,-25.159294,seed44823.png
-34.99375,24.243608,seed44824.png
-15.442093,-30.879938,seed44825.png
-7.9891787,-5.925006,seed44826.png
17.92354,19.91106,seed44827.png
-0.9430871,16.22989,seed44828.png
-21.867289,-2.4189963,seed44829.png
-20.605606,-23.950424,seed4483.png
-10.082744,-15.814346,seed44830.png
-14.131535,-16.475847,seed44831.png
9.009229,-1.4105332,seed44832.png
29.109241,10.513687,seed44833.png
-22.983917,-21.664589,seed44834.png
19.2144,19.08773,seed44835.png
13.182058,-27.417372,seed44836.png
6.5154257,-27.838602,seed44837.png
18.105536,23.225153,seed44838.png
12.330965,-13.098893,seed44839.png
30.896437,0.9666828,seed4484.png
5.218748,-34.930122,seed44840.png
20.947042,20.459719,seed44841.png
19.348612,-0.8299984,seed44842.png
-30.263704,-7.3215814,seed44843.png
-19.383633,8.348589,seed44844.png
-26.556868,-12.353932,seed44845.png
-14.890048,7.1365643,seed44846.png
19.986341,22.23423,seed44847.png
12.143616,-40.67556,seed44848.png
-21.791813,1.9671459,seed44849.png
-34.1056,14.489797,seed4485.png
-23.856218,-13.043616,seed44850.png
0.29056454,19.229733,seed44851.png
6.5279775,12.8480625,seed44852.png
25.784283,18.30605,seed44853.png
11.388264,5.3849487,seed44854.png
-24.265085,10.036769,seed44855.png
22.761631,13.733928,seed44856.png
-22.354166,10.668797,seed44857.png
-25.117395,16.461306,seed44858.png
21.05552,17.618895,seed44859.png
18.879042,7.0692606,seed4486.png
-9.376013,-11.296462,seed44860.png
14.132227,-33.010174,seed44861.png
-1.2408993,24.015575,seed44862.png
-15.923999,-8.891132,seed44863.png
13.909827,3.5753872,seed44864.png
-18.21775,-11.032871,seed44865.png
-4.2678366,11.775381,seed44866.png
-9.644694,-13.2958765,seed44867.png
4.692442,23.705616,seed44868.png
0.55584186,-2.5285265,seed44869.png
-10.434154,-3.0855057,seed4487.png
-33.471397,23.294676,seed44870.png
7.702422,-23.628971,seed44871.png
-19.79796,2.881158,seed44872.png
13.234505,26.637415,seed44873.png
19.505886,-0.10839795,seed44874.png
27.507996,14.179917,seed44875.png
-15.500822,5.400902,seed44876.png
-33.282875,22.124622,seed44877.png
13.830517,-8.270241,seed44878.png
-31.929197,7.7333493,seed44879.png
-9.601769,2.7003953,seed4488.png
-19.897482,5.6300125,seed44880.png
10.745687,-41.299725,seed44881.png
-1.5785304,15.815946,seed44882.png
1.7529286,-6.456795,seed44883.png
12.397078,23.36457,seed44884.png
5.790265,-2.2454054,seed44885.png
32.216137,14.481372,seed44886.png
20.915867,25.699274,seed44887.png
6.9296145,-3.0345845,seed44888.png
-16.622671,-1.1801332,seed44889.png
-8.472289,-1.4785428,seed4489.png
23.841711,22.787066,seed44890.png
-20.716913,16.636618,seed44891.png
15.366603,13.5735,seed44892.png
24.969988,5.642235,seed44893.png
11.562688,-41.721554,seed44894.png
-8.116407,-16.055544,seed44895.png
-16.845625,-22.05174,seed44896.png
-25.23952,5.4198456,seed44897.png
-19.216333,-13.245645,seed44898.png
29.501896,5.3599095,seed44899.png
18.705145,26.397408,seed4490.png
-23.603981,11.727387,seed44900.png
8.934604,21.097288,seed44901.png
37.564274,11.747755,seed44902.png
21.025612,4.113543,seed44903.png
-15.70803,-23.020035,seed44904.png
13.290931,7.5944576,seed44905.png
5.321225,-24.790102,seed44906.png
-32.97257,19.821888,seed44907.png
-31.470982,-5.514452,seed44908.png
38.797768,21.154291,seed44909.png
26.037989,-0.47498983,seed4491.png
6.7601585,-38.290665,seed44910.png
-33.90793,25.959015,seed44911.png
-18.65179,-28.074327,seed44912.png
-11.990822,-19.88099,seed44913.png
7.0407104,-37.426952,seed44914.png
-22.954771,-18.21436,seed44915.png
16.418804,-1.6817646,seed44916.png
-27.525839,11.541539,seed44917.png
-16.004095,-29.45732,seed44918.png
13.740553,-22.79404,seed44919.png
12.586361,-34.21178,seed4492.png
14.134755,-35.11549,seed44920.png
8.375815,0.5218146,seed44921.png
-29.336496,-19.899052,seed44922.png
0.75282866,-1.0372556,seed44923.png
10.290041,29.77133,seed44924.png
19.927616,-1.3535442,seed44925.png
-31.301617,13.717526,seed44926.png
12.757597,1.0447499,seed44927.png
25.412874,3.8914614,seed44928.png
7.6347785,-40.45426,seed44929.png
15.852308,24.451298,seed4493.png
9.953349,28.681952,seed44930.png
-13.811383,-4.7170587,seed44931.png
-11.263197,-27.750193,seed44932.png
12.659432,7.809092,seed44933.png
18.066948,-2.0283396,seed44934.png
3.7996385,-22.236622,seed44935.png
-36.70292,16.276419,seed44936.png
25.847677,16.559288,seed44937.png
38.42915,5.585745,seed44938.png
13.549595,0.2151692,seed44939.png
13.581949,15.959871,seed4494.png
11.2657585,-43.37294,seed44940.png
-13.833196,-6.453794,seed44941.png
-17.048006,-3.4783397,seed44942.png
-20.386711,-3.4499464,seed44943.png
-1.1012278,17.38592,seed44944.png
-6.4837084,2.8949702,seed44945.png
23.244123,5.7710104,seed44946.png
-31.679827,16.939552,seed44947.png
13.023418,-29.494406,seed44948.png
-4.131542,-3.2561255,seed44949.png
13.296458,23.973572,seed4495.png
-13.051534,-9.838633,seed44950.png
-22.479645,1.425608,seed44951.png
9.706808,10.695971,seed44952.png
42.316914,19.755129,seed44953.png
31.096289,19.258337,seed44954.png
6.5911503,-28.69922,seed44955.png
-6.807601,-5.0005174,seed44956.png
28.982433,10.514745,seed44957.png
-13.93991,-22.78361,seed44958.png
-13.475765,-9.720087,seed44959.png
7.8273845,-42.22179,seed4496.png
5.5158296,4.017787,seed44960.png
19.576338,22.137934,seed44961.png
-34.562634,1.6830753,seed44962.png
18.812319,5.737678,seed44963.png
6.620341,-20.13545,seed44964.png
6.35268,5.1674447,seed44965.png
-21.166172,-27.105139,seed44966.png
-22.688911,14.776339,seed44967.png
29.406748,15.345372,seed44968.png
-23.047434,-8.804097,seed44969.png
-21.01675,17.94067,seed4497.png
-9.480544,-13.417227,seed44970.png
7.4679947,-4.4455857,seed44971.png
8.254583,-40.98844,seed44972.png
-35.26612,-6.9418087,seed44973.png
28.454384,15.260997,seed44974.png
19.265676,13.534999,seed44975.png
-33.354275,-10.464466,seed44976.png
32.03425,16.495417,seed44977.png
-26.033745,-9.70394,seed44978.png
-3.0644374,-14.855609,seed44979.png
23.294394,12.451753,seed4498.png
8.422191,-37.34579,seed44980.png
14.996289,-0.9749024,seed44981.png
18.6177,14.138037,seed44982.png
34.651505,25.555109,seed44983.png
15.1119585,-33.88684,seed44984.png
7.6710434,24.53339,seed44985.png
9.386649,5.263388,seed44986.png
19.801477,-5.3643584,seed44987.png
29.962618,3.4442801,seed44988.png
20.804535,24.159323,seed44989.png
-38.1495,25.712124,seed4499.png
-1.9831976,-4.153298,seed44990.png
17.455963,11.208316,seed44991.png
33.31432,14.463179,seed44992.png
-34.530018,19.319328,seed44993.png
5.854633,-21.538794,seed44994.png
-27.25814,-17.19729,seed44995.png
-32.713856,7.3108187,seed44996.png
-4.778398,10.482957,seed44997.png
-26.776875,-17.511908,seed44998.png
9.951899,-38.226627,seed44999.png
-25.771748,-10.090817,seed4500.png
-22.856907,-3.286863,seed45000.png
27.568848,10.308757,seed45001.png
36.037075,21.054314,seed45002.png
-25.35941,-18.595703,seed45003.png
19.265015,22.972975,seed45004.png
-28.85687,14.745331,seed45005.png
4.4018416,-35.45917,seed45006.png
21.30852,-0.13859938,seed45007.png
-8.214711,-14.707904,seed45008.png
-2.1560564,15.886364,seed45009.png
-15.677138,-22.27363,seed4501.png
-22.173584,-15.1250515,seed45010.png
-23.158957,-7.799131,seed45011.png
-24.064253,6.3166046,seed45012.png
38.042923,17.381706,seed45013.png
-14.861654,-31.220371,seed45014.png
-12.132738,2.882529,seed45015.png
-32.18069,3.1338973,seed45016.png
25.252647,18.560926,seed45017.png
-28.711067,-4.810944,seed45018.png
-16.153362,-17.179852,seed45019.png
22.793789,14.460994,seed4502.png
-25.2208,-1.3543364,seed45020.png
14.921023,25.796612,seed45021.png
-23.603832,6.877756,seed45022.png
5.611351,-32.130474,seed45023.png
9.088887,-0.31880015,seed45024.png
-22.580423,12.893285,seed45025.png
38.88934,20.488306,seed45026.png
24.686665,-9.558274,seed45027.png
18.176685,10.173055,seed45028.png
20.032032,19.995947,seed45029.png
-21.190525,-19.07617,seed4503.png
-31.344303,-3.9995043,seed45030.png
14.474538,22.156597,seed45031.png
-20.963913,16.287716,seed45032.png
-8.253594,-20.400808,seed45033.png
25.973003,1.7523266,seed45034.png
-36.299652,26.754915,seed45035.png
16.037579,6.3621864,seed45036.png
30.116718,6.403815,seed45037.png
-31.67427,-4.0784936,seed45038.png
-11.818115,-10.266484,seed45039.png
37.642975,21.765507,seed4504.png
14.958423,20.122778,seed45040.png
-22.936718,5.098834,seed45041.png
-12.951194,-11.189259,seed45042.png
15.525693,2.842748,seed45043.png
7.522306,-9.22212,seed45044.png
26.890125,19.3527,seed45045.png
37.126183,20.584063,seed45046.png
13.953149,-36.293613,seed45047.png
-32.879513,11.241814,seed45048.png
-16.74887,1.0992461,seed45049.png
26.9659,8.348666,seed4505.png
-14.037913,-9.665985,seed45050.png
-27.751669,-10.699748,seed45051.png
26.87455,6.43258,seed45052.png
-21.040361,-17.809292,seed45053.png
10.432609,-3.4506025,seed45054.png
-15.656474,-30.15989,seed45055.png
-4.5014625,-13.294546,seed45056.png
33.88808,15.76146,seed45057.png
-33.39056,23.136671,seed45058.png
11.62616,-7.0048766,seed45059.png
0.260644,21.92653,seed4506.png
-0.033530112,-24.198692,seed45060.png
30.585285,6.732542,seed45061.png
-16.10779,-20.799719,seed45062.png
-13.546002,8.135568,seed45063.png
-10.604069,12.85995,seed45064.png
-21.651272,12.389208,seed45065.png
22.625402,24.126865,seed45066.png
38.43118,18.254578,seed45067.png
39.277927,22.686544,seed45068.png
24.384806,22.290852,seed45069.png
13.2668085,8.8241205,seed4507.png
13.528735,7.9394207,seed45070.png
7.2650476,-37.97605,seed45071.png
36.514565,4.6019444,seed45072.png
5.5309,-24.153177,seed45073.png
19.048298,9.570678,seed45074.png
-15.874824,-5.451884,seed45075.png
28.984509,5.42275,seed45076.png
35.107174,23.349142,seed45077.png
19.202587,-2.9998145,seed45078.png
-29.57761,-6.4180255,seed45079.png
11.5627985,-38.389606,seed4508.png
-13.242044,-2.4658113,seed45080.png
-27.366114,-13.146618,seed45081.png
-35.980465,1.0806952,seed45082.png
-12.128425,4.50434,seed45083.png
-18.36715,-3.1588237,seed45084.png
-28.775925,7.027349,seed45085.png
9.927397,-33.479378,seed45086.png
15.539153,27.685238,seed45087.png
-14.970497,-30.113672,seed45088.png
-24.350002,-1.3074522,seed45089.png
18.658308,17.375404,seed4509.png
29.01773,14.627659,seed45090.png
3.0105457,-27.005684,seed45091.png
-9.847372,-15.23157,seed45092.png
-15.412489,-22.804502,seed45093.png
21.709183,-8.207748,seed45094.png
13.100916,-3.7826293,seed45095.png
-31.12846,18.84464,seed45096.png
-20.861315,-9.281657,seed45097.png
7.500797,10.80925,seed45098.png
7.6196938,16.582546,seed45099.png
19.403366,-4.4118,seed4510.png
25.528048,18.5976,seed45100.png
-23.75328,-18.295181,seed45101.png
24.796442,-4.843864,seed45102.png
-10.375726,-24.936678,seed45103.png
11.353994,-21.815563,seed45104.png
-0.06987033,-26.687979,seed45105.png
17.732271,2.8633928,seed45106.png
-24.576298,-25.791708,seed45107.png
3.6016476,9.707558,seed45108.png
-18.346176,2.9353368,seed45109.png
13.448532,-31.806221,seed4511.png
9.010769,-8.986252,seed45110.png
9.006598,19.835085,seed45111.png
17.630053,23.1256,seed45112.png
-34.621883,9.118102,seed45113.png
-16.303488,-19.362747,seed45114.png
3.6415734,-27.847576,seed45115.png
-25.168894,-19.523802,seed45116.png
-35.458977,-6.1578736,seed45117.png
29.832113,2.9500427,seed45118.png
7.8402166,7.963557,seed45119.png
-20.196531,-27.461792,seed4512.png
-32.41513,24.45719,seed45120.png
-15.698418,-23.058624,seed45121.png
-24.441748,-12.889801,seed45122.png
-18.980831,-17.373184,seed45123.png
12.439533,-6.748321,seed45124.png
2.3160803,-4.371082,seed45125.png
-19.62152,-10.079393,seed45126.png
-13.511615,-15.382708,seed45127.png
5.1157107,-2.3395665,seed45128.png
-0.17434193,9.411391,seed45129.png
19.342974,19.22875,seed4513.png
11.383638,-32.666485,seed45130.png
13.619127,-42.33256,seed45131.png
12.285411,8.729182,seed45132.png
-2.6556761,8.596604,seed45133.png
19.206144,3.3704221,seed45134.png
30.597757,9.688592,seed45135.png
7.6832676,-4.6144876,seed45136.png
21.433563,24.395119,seed45137.png
6.5692663,-22.261473,seed45138.png
19.210663,-2.978632,seed45139.png
-20.163198,5.595413,seed4514.png
-30.270197,8.675477,seed45140.png
10.776877,-27.01013,seed45141.png
-8.384162,10.162139,seed45142.png
-6.595645,-22.717434,seed45143.png
-2.3167517,2.1970816,seed45144.png
11.325051,-42.97253,seed45145.png
21.241112,2.0716372,seed45146.png
-27.895462,-12.485101,seed45147.png
19.948236,3.2130618,seed45148.png
14.920037,-37.088917,seed45149.png
20.993454,24.405132,seed4515.png
-20.694506,-25.907259,seed45150.png
-19.196243,15.617933,seed45151.png
-0.082736455,-16.806568,seed45152.png
7.1632905,7.456258,seed45153.png
23.104689,18.984365,seed45154.png
4.7915225,-7.1454616,seed45155.png
-9.651302,-21.75519,seed45156.png
-7.179509,-17.061302,seed45157.png
6.869382,7.4062366,seed45158.png
27.766792,19.699598,seed45159.png
1.9402046,16.591143,seed4516.png
25.235874,-4.5318136,seed45160.png
7.6478972,-27.336857,seed45161.png
1.2747638,23.906782,seed45162.png
-22.576252,16.853273,seed45163.png
1.820507,2.1334364,seed45164.png
14.040009,-28.593529,seed45165.png
9.431364,11.130359,seed45166.png
-18.393848,7.967966,seed45167.png
-30.147543,-16.09997,seed45168.png
10.405214,14.000342,seed45169.png
-20.177263,-22.140135,seed4517.png
7.809106,-5.8205585,seed45170.png
16.583862,2.0687132,seed45171.png
13.470053,-39.0544,seed45172.png
13.535153,-1.3453104,seed45173.png
7.96721,24.503862,seed45174.png
21.28571,3.0497568,seed45175.png
4.956289,-37.13057,seed45176.png
-6.2149367,-1.4591173,seed45177.png
20.596252,22.278055,seed45178.png
5.8518953,-35.59882,seed45179.png
2.8316517,13.573901,seed4518.png
-23.613127,-6.956977,seed45180.png
2.5176234,16.505419,seed45181.png
23.175617,21.584446,seed45182.png
-19.969671,6.555995,seed45183.png
17.17778,24.295303,seed45184.png
-15.639553,-17.629759,seed45185.png
23.615131,9.209389,seed45186.png
4.6521535,-35.70282,seed45187.png
6.633893,-1.8485569,seed45188.png
8.853535,22.964314,seed45189.png
-8.48735,-2.2855217,seed4519.png
10.675957,4.7698493,seed45190.png
-23.251146,-13.296008,seed45191.png
-26.779873,12.156044,seed45192.png
-22.458975,10.1423025,seed45193.png
2.263415,-16.88628,seed45194.png
4.959992,-35.187595,seed45195.png
-26.486921,-11.543608,seed45196.png
4.5134306,10.297068,seed45197.png
-23.323738,-18.835884,seed45198.png
-14.78356,-21.669754,seed45199.png
16.926062,21.718151,seed4520.png
-32.17826,-8.480168,seed45200.png
18.178616,12.908682,seed45201.png
13.69673,21.019209,seed45202.png
-22.969963,-7.921225,seed45203.png
-1.5986233,7.200048,seed45204.png
32.861,17.361065,seed45205.png
22.588316,-2.9317267,seed45206.png
3.7172728,16.455406,seed45207.png
-27.29616,9.432269,seed45208.png
-3.0895827,18.324286,seed45209.png
-25.647104,-7.285839,seed4521.png
28.976591,7.824624,seed45210.png
18.600702,-4.520424,seed45211.png
-2.8719137,15.432423,seed45212.png
-17.969727,-21.226616,seed45213.png
-15.141269,-15.295404,seed45214.png
30.0474,21.298254,seed45215.png
-22.136368,13.01194,seed45216.png
26.67909,4.0072527,seed45217.png
-14.734359,0.27476147,seed45218.png
23.071009,23.548145,seed45219.png
5.04612,-37.512184,seed4522.png
-30.350908,-7.329389,seed45220.png
2.0861259,17.092012,seed45221.png
15.57245,29.31962,seed45222.png
-22.997982,-0.0572411,seed45223.png
-3.0119157,13.738209,seed45224.png
-23.197433,-3.5352495,seed45225.png
6.952124,9.108725,seed45226.png
-4.2151346,-16.671764,seed45227.png
14.225584,-20.808903,seed45228.png
12.895456,24.129118,seed45229.png
-15.007089,-24.936693,seed4523.png
-26.81315,-0.89854795,seed45230.png
9.309359,16.901772,seed45231.png
-22.977106,-19.063648,seed45232.png
12.594908,2.525842,seed45233.png
-20.613909,-15.95839,seed45234.png
10.729237,-5.1012464,seed45235.png
3.9070382,-7.463592,seed45236.png
0.6617692,6.45732,seed45237.png
-9.529558,-24.305378,seed45238.png
38.13428,20.723398,seed45239.png
10.943411,25.813416,seed4524.png
22.887354,9.339639,seed45240.png
2.6132874,18.234123,seed45241.png
24.08106,25.973309,seed45242.png
29.829905,2.52157,seed45243.png
19.869572,-2.252096,seed45244.png
39.43556,24.306211,seed45245.png
-26.955519,11.150013,seed45246.png
-29.297852,-6.262798,seed45247.png
-18.650959,-6.7125773,seed45248.png
-11.10577,-3.8770125,seed45249.png
9.902905,-2.6122093,seed4525.png
4.2806597,5.939725,seed45250.png
-19.485685,-15.849715,seed45251.png
-2.9984963,11.403876,seed45252.png
22.740606,11.18196,seed45253.png
36.599434,24.102085,seed45254.png
29.827417,27.273771,seed45255.png
9.515836,-32.787697,seed45256.png
-33.59247,22.780207,seed45257.png
9.8100195,29.12874,seed45258.png
-1.3748888,-14.769342,seed45259.png
-27.73708,11.185453,seed4526.png
16.688206,16.929409,seed45260.png
-17.079617,-15.236341,seed45261.png
9.914013,4.941539,seed45262.png
-23.41918,19.861238,seed45263.png
-33.30496,15.7038965,seed45264.png
23.775585,14.579774,seed45265.png
8.194139,-42.247448,seed45266.png
-15.461845,11.06459,seed45267.png
1.2182275,-26.528412,seed45268.png
9.918915,8.697096,seed45269.png
-24.174698,-2.2914512,seed4527.png
-11.164849,-17.689144,seed45270.png
-18.128328,-19.931265,seed45271.png
-28.760466,-0.29542223,seed45272.png
7.965725,13.325101,seed45273.png
-31.432903,11.90083,seed45274.png
-22.786303,-12.565644,seed45275.png
13.327404,1.531809,seed45276.png
-18.63495,-26.402119,seed45277.png
23.962624,3.3001082,seed45278.png
38.097332,10.544297,seed45279.png
4.59931,-3.1566696,seed4528.png
-23.99328,-4.729253,seed45280.png
-35.74284,17.542498,seed45281.png
-35.289963,16.933315,seed45282.png
17.71635,18.757608,seed45283.png
-26.668404,-13.264053,seed45284.png
-22.48814,-21.300241,seed45285.png
-2.245178,-2.6077387,seed45286.png
1.1081895,-1.0279143,seed45287.png
-32.835976,-10.365236,seed45288.png
-10.713104,-26.452288,seed45289.png
11.7945,5.7630763,seed4529.png
-24.076012,9.241502,seed45290.png
-34.304646,26.330658,seed45291.png
15.168035,14.1092825,seed45292.png
-24.455029,-14.659949,seed45293.png
-19.934914,-3.0694177,seed45294.png
-27.876257,-0.3685277,seed45295.png
-22.759043,17.190325,seed45296.png
10.274266,-0.5653488,seed45297.png
-5.231451,-2.7252362,seed45298.png
9.657909,21.90556,seed45299.png
-36.16865,7.869122,seed4530.png
8.614808,6.7840047,seed45300.png
35.939747,25.150366,seed45301.png
-29.105997,6.6522045,seed45302.png
34.410805,24.555195,seed45303.png
-0.5999079,-18.835634,seed45304.png
12.54697,-42.169323,seed45305.png
-18.082718,7.327846,seed45306.png
4.589055,-28.21365,seed45307.png
-22.660774,-22.341673,seed45308.png
7.5440054,-0.12915479,seed45309.png
-5.314217,-4.5505047,seed4531.png
3.4600048,5.9177947,seed45310.png
-2.1637383,10.284924,seed45311.png
25.91046,3.2043028,seed45312.png
33.106773,10.226651,seed45313.png
6.9676538,6.5144973,seed45314.png
-10.857892,-25.835493,seed45315.png
-0.29599464,21.963394,seed45316.png
-16.532923,-2.3267002,seed45317.png
-28.699337,14.760563,seed45318.png
-11.478752,-14.449131,seed45319.png
15.9986315,-4.2415133,seed4532.png
-15.559177,-20.779526,seed45320.png
6.719419,11.765565,seed45321.png
-16.38698,-14.83243,seed45322.png
3.4591832,-27.184965,seed45323.png
34.621197,20.393137,seed45324.png
12.488315,12.398968,seed45325.png
26.685896,19.272564,seed45326.png
27.503843,5.4219246,seed45327.png
-20.263798,12.04751,seed45328.png
-1.1008583,-4.0656514,seed45329.png
-6.524465,-20.894691,seed4533.png
-17.799215,-29.659966,seed45330.png
-9.309941,-17.764887,seed45331.png
-25.350357,12.782584,seed45332.png
34.69553,8.996222,seed45333.png
20.686403,-6.7884107,seed45334.png
1.5216181,-25.798464,seed45335.png
-20.389618,-1.9665599,seed45336.png
-21.342321,-17.636414,seed45337.png
21.924955,24.051262,seed45338.png
36.932846,23.905766,seed45339.png
-27.467167,-24.35494,seed4534.png
-20.244972,-10.249199,seed45340.png
-33.373608,-0.5885217,seed45341.png
22.185852,22.5338,seed45342.png
18.151546,20.136253,seed45343.png
28.790655,5.041351,seed45344.png
-26.859379,-21.132881,seed45345.png
37.67496,20.472225,seed45346.png
-14.043765,-10.961624,seed45347.png
-21.536499,-20.18162,seed45348.png
33.743813,25.22126,seed45349.png
27.344292,8.728124,seed4535.png
6.2156215,0.441478,seed45350.png
-21.423607,18.794434,seed45351.png
30.265755,4.7308316,seed45352.png
5.9980493,-0.29722607,seed45353.png
12.462083,4.5202427,seed45354.png
33.111954,7.96145,seed45355.png
3.6064663,14.683508,seed45356.png
4.303982,8.192023,seed45357.png
-28.485725,-9.914821,seed45358.png
-5.3473687,2.398087,seed45359.png
-20.760178,-27.100159,seed4536.png
32.31769,16.38418,seed45360.png
-15.268228,-12.810442,seed45361.png
40.545998,20.297659,seed45362.png
-21.878521,3.8518128,seed45363.png
6.455429,3.9478447,seed45364.png
5.660961,-38.719933,seed45365.png
29.981441,16.350878,seed45366.png
-26.27617,-13.655483,seed45367.png
20.500038,24.615564,seed45368.png
-21.37736,19.57257,seed45369.png
30.674654,27.982998,seed4537.png
-19.564463,-18.12608,seed45370.png
-9.149404,-17.563765,seed45371.png
17.445309,-4.2082353,seed45372.png
14.000988,-39.34672,seed45373.png
2.521012,-4.820405,seed45374.png
-27.116,9.731598,seed45375.png
8.596089,-34.716385,seed45376.png
15.4691515,-31.458363,seed45377.png
20.045683,-3.207824,seed45378.png
11.416626,-43.449833,seed45379.png
-14.503152,-12.93097,seed4538.png
0.30233386,-12.845559,seed45380.png
12.62168,25.752043,seed45381.png
9.350391,17.51961,seed45382.png
-20.651672,17.76829,seed45383.png
-13.916698,-32.0583,seed45384.png
-25.605238,11.748574,seed45385.png
-10.702848,-11.159279,seed45386.png
28.034872,15.055333,seed45387.png
-22.371063,-2.7795262,seed45388.png
11.736018,27.357178,seed45389.png
4.9383497,10.42681,seed4539.png
-27.675426,-10.387222,seed45390.png
-22.27179,-22.137321,seed45391.png
14.375348,-35.899826,seed45392.png
3.2497127,23.971348,seed45393.png
-29.393127,2.4401944,seed45394.png
4.421672,7.040207,seed45395.png
14.12026,18.466482,seed45396.png
-25.807037,-26.75522,seed45397.png
6.566464,-1.9860415,seed45398.png
-11.587679,-29.304438,seed45399.png
-12.932455,-29.78194,seed4540.png
16.81528,-5.1234255,seed45400.png
-22.953485,6.9009743,seed45401.png
-16.165028,-21.203804,seed45402.png
-22.206085,-19.47154,seed45403.png
-15.440491,-6.4478774,seed45404.png
18.365826,-1.5820496,seed45405.png
-7.67704,-14.435709,seed45406.png
16.151426,-35.92917,seed45407.png
25.53642,7.795945,seed45408.png
-29.252443,-1.2575574,seed45409.png
-22.409325,-20.527975,seed4541.png
11.1730795,-5.4953156,seed45410.png
-10.876024,-25.3998,seed45411.png
15.66604,-2.8294985,seed45412.png
33.91111,17.372112,seed45413.png
11.502264,2.4822,seed45414.png
-18.867239,4.715556,seed45415.png
12.56802,-35.949158,seed45416.png
-7.0747805,-25.629082,seed45417.png
38.655254,16.07695,seed45418.png
27.068365,14.069353,seed45419.png
3.7909706,20.058002,seed4542.png
14.853731,-2.314388,seed45420.png
37.03703,7.267847,seed45421.png
6.749525,16.115267,seed45422.png
29.157595,4.9641585,seed45423.png
-6.1937904,-4.554735,seed45424.png
-13.633375,-24.997086,seed45425.png
38.626373,21.712107,seed45426.png
38.8382,10.764526,seed45427.png
-10.021853,-6.3920097,seed45428.png
8.619983,-42.483337,seed45429.png
-25.585804,-13.0298815,seed4543.png
-32.877716,8.741763,seed45430.png
-34.322086,2.2976692,seed45431.png
13.663573,27.575151,seed45432.png
29.481712,24.12998,seed45433.png
-24.250618,8.774243,seed45434.png
-22.201359,3.6565857,seed45435.png
6.22559,-8.498075,seed45436.png
31.751045,5.9564323,seed45437.png
-34.402878,21.931677,seed45438.png
-38.215813,14.262245,seed45439.png
15.908311,-37.88627,seed4544.png
-10.396458,-11.611845,seed45440.png
-16.121296,-18.283752,seed45441.png
-9.400221,-2.9413662,seed45442.png
1.0383826,-1.0647478,seed45443.png
36.209656,17.752346,seed45444.png
26.232357,22.66188,seed45445.png
31.761957,-0.05600545,seed45446.png
9.418985,-12.562445,seed45447.png
-0.7538749,19.169905,seed45448.png
2.7082589,-4.9316483,seed45449.png
-35.232555,-3.3718107,seed4545.png
-26.195662,-11.140708,seed45450.png
-13.769241,-29.031944,seed45451.png
-33.348633,21.17393,seed45452.png
-4.6025524,-2.8116467,seed45453.png
4.327551,-22.38333,seed45454.png
11.958429,0.16955796,seed45455.png
20.784784,8.0525675,seed45456.png
9.988901,-35.822136,seed45457.png
8.696954,-6.076429,seed45458.png
33.570026,10.174436,seed45459.png
18.864428,3.7117324,seed4546.png
-25.633934,6.340337,seed45460.png
-13.435846,3.9708831,seed45461.png
-25.136118,-23.112707,seed45462.png
-0.11072549,19.025438,seed45463.png
6.706581,20.140406,seed45464.png
8.741325,-34.27905,seed45465.png
4.255144,12.292099,seed45466.png
7.792246,-27.639715,seed45467.png
2.9372034,-27.42445,seed45468.png
-17.763477,-25.980701,seed45469.png
29.973341,4.269398,seed4547.png
-13.628913,-11.661289,seed45470.png
-0.25830507,-12.396592,seed45471.png
30.973598,12.2426405,seed45472.png
-0.14027783,-25.990244,seed45473.png
6.6242247,-29.388863,seed45474.png
-11.15139,7.850689,seed45475.png
-2.757023,0.108609155,seed45476.png
10.460611,-43.037994,seed45477.png
14.935312,-35.98331,seed45478.png
-19.033121,-15.659681,seed45479.png
37.86327,24.841154,seed4548.png
-24.319603,6.736488,seed45480.png
-16.714472,-16.290442,seed45481.png
-20.517542,15.849984,seed45482.png
30.932178,5.6025844,seed45483.png
0.4076631,14.30243,seed45484.png
-19.614573,-2.0168812,seed45485.png
29.558924,-0.27723444,seed45486.png
-20.09233,-16.152962,seed45487.png
-16.97099,-28.33644,seed45488.png
26.214272,5.8513465,seed45489.png
-10.111923,-17.55423,seed4549.png
13.124424,-0.4841062,seed45490.png
9.569172,11.729529,seed45491.png
-33.696033,21.638716,seed45492.png
-14.492934,-29.104908,seed45493.png
8.080783,9.136119,seed45494.png
-35.295036,10.667499,seed45495.png
-5.139816,-2.4844892,seed45496.png
15.910277,1.9121469,seed45497.png
14.966075,-39.354176,seed45498.png
19.088203,25.43835,seed45499.png
-23.60812,-22.85508,seed4550.png
11.961646,-41.3077,seed45500.png
-18.762318,5.8873,seed45501.png
-14.492753,-3.2398424,seed45502.png
-23.745565,-27.354034,seed45503.png
16.312416,5.9894547,seed45504.png
-3.7569547,-22.315016,seed45505.png
-23.119177,1.3613108,seed45506.png
16.111586,14.063347,seed45507.png
-28.884323,-11.316682,seed45508.png
23.960403,-4.642799,seed45509.png
26.903112,10.396316,seed4551.png
36.46851,15.413007,seed45510.png
32.709534,27.029352,seed45511.png
20.997406,12.133145,seed45512.png
-34.41973,13.738278,seed45513.png
-33.19859,-8.680081,seed45514.png
-25.889215,7.6469903,seed45515.png
27.042248,6.755379,seed45516.png
-3.544579,-15.304749,seed45517.png
9.546546,-0.6358208,seed45518.png
-14.06389,-29.956099,seed45519.png
16.492018,-0.4673861,seed4552.png
-24.6418,13.919225,seed45520.png
-23.088478,-7.7099915,seed45521.png
-24.115442,12.411266,seed45522.png
-24.143,-9.800153,seed45523.png
5.625947,11.202082,seed45524.png
13.672346,-30.656878,seed45525.png
6.442861,-33.676422,seed45526.png
-36.999958,10.184875,seed45527.png
-31.436398,-1.5668417,seed45528.png
-20.04661,-8.066478,seed45529.png
-19.286934,6.2246637,seed4553.png
39.2413,17.909021,seed45530.png
14.153732,1.2928783,seed45531.png
-32.087814,5.213686,seed45532.png
34.389534,1.8124068,seed45533.png
0.3920735,-11.393153,seed45534.png
34.341766,10.0614395,seed45535.png
8.96467,-11.802813,seed45536.png
-28.409195,10.160389,seed45537.png
34.213024,7.268682,seed45538.png
-2.940815,-14.944458,seed45539.png
27.738468,8.437058,seed4554.png
24.067818,11.277855,seed45540.png
36.831085,11.578419,seed45541.png
15.739593,-36.56353,seed45542.png
-2.3277085,1.5099195,seed45543.png
-23.440744,7.2733607,seed45544.png
-22.270893,-4.0713034,seed45545.png
-9.375685,-12.81178,seed45546.png
-36.67446,20.759892,seed45547.png
-11.628359,-9.455521,seed45548.png
24.006931,16.106478,seed45549.png
-12.907211,-15.164526,seed4555.png
-8.624969,-7.611186,seed45550.png
-3.2129805,-17.425182,seed45551.png
13.354107,-21.253487,seed45552.png
-0.035454396,-17.082293,seed45553.png
4.182012,9.431528,seed45554.png
29.121819,5.4229608,seed45555.png
-22.41092,-27.615536,seed45556.png
-26.503504,-1.3943568,seed45557.png
-20.999937,14.642863,seed45558.png
12.983965,12.460522,seed45559.png
9.546087,24.9752,seed4556.png
-18.22345,-28.633717,seed45560.png
8.168423,3.2715673,seed45561.png
-30.203112,7.4731617,seed45562.png
3.717457,-26.749943,seed45563.png
-3.6520326,-17.070883,seed45564.png
8.254346,-28.887745,seed45565.png
21.62194,19.22897,seed45566.png
-11.500561,-18.66253,seed45567.png
11.195861,-27.74815,seed45568.png
11.963764,-34.691837,seed45569.png
3.9798121,-28.193653,seed4557.png
-14.577366,-4.132052,seed45570.png
-25.825048,13.983254,seed45571.png
-21.640425,-23.645199,seed45572.png
17.519793,-4.9589386,seed45573.png
17.28382,-3.100367,seed45574.png
36.025177,10.946059,seed45575.png
-4.0320373,-3.1158936,seed45576.png
7.6848245,-23.085072,seed45577.png
-24.570099,16.295586,seed45578.png
-31.45943,18.277182,seed45579.png
-16.849438,-12.710104,seed4558.png
-16.00285,-18.826296,seed45580.png
-8.5782175,4.7137284,seed45581.png
10.056773,13.723022,seed45582.png
-18.171982,-25.575869,seed45583.png
38.595093,13.280237,seed45584.png
16.203863,6.310723,seed45585.png
-13.787025,-3.4110227,seed45586.png
3.047673,20.493795,seed45587.png
-30.344814,-12.360024,seed45588.png
-23.81751,-7.7228875,seed45589.png
12.023727,-32.445755,seed4559.png
37.05495,20.602053,seed45590.png
6.876734,1.7341847,seed45591.png
-15.130222,3.6253192,seed45592.png
19.177477,4.5782213,seed45593.png
12.51933,-2.7628238,seed45594.png
35.81046,5.6894903,seed45595.png
12.666565,21.784998,seed45596.png
-3.1412346,11.230883,seed45597.png
-11.593319,-24.855429,seed45598.png
-20.059498,-21.736813,seed45599.png
34.25751,6.647835,seed4560.png
-21.257956,1.579398,seed45600.png
-17.855068,-16.682068,seed45601.png
-20.908815,-15.576187,seed45602.png
24.78163,1.4697454,seed45603.png
-37.400856,4.2869053,seed45604.png
-0.14285338,-17.806778,seed45605.png
-35.365074,17.675407,seed45606.png
-22.771738,-11.779136,seed45607.png
18.88583,2.184599,seed45608.png
6.2892838,-36.29874,seed45609.png
27.609158,-4.2104506,seed4561.png
18.288204,-6.778659,seed45610.png
29.449352,16.041662,seed45611.png
16.060156,15.411759,seed45612.png
26.615923,-2.7896807,seed45613.png
-22.22036,-5.737576,seed45614.png
5.9339347,23.13917,seed45615.png
-32.60307,-7.0494556,seed45616.png
36.58715,6.609802,seed45617.png
-11.207446,0.29050988,seed45618.png
-14.460945,-7.419315,seed45619.png
-33.942085,23.478432,seed4562.png
27.589952,8.388364,seed45620.png
11.244345,9.691395,seed45621.png
25.869497,-3.4398751,seed45622.png
3.3206422,-32.39671,seed45623.png
12.240663,-8.587645,seed45624.png
-17.856289,-4.6513042,seed45625.png
-1.777131,23.154613,seed45626.png
-21.880928,-13.6368475,seed45627.png
15.463988,-33.833355,seed45628.png
3.5496743,13.648794,seed45629.png
2.6255195,-15.116471,seed4563.png
-19.746593,-29.860718,seed45630.png
17.741272,7.285598,seed45631.png
24.154593,5.258414,seed45632.png
-13.834926,-19.16807,seed45633.png
23.098463,20.701052,seed45634.png
2.3276598,16.319283,seed45635.png
11.724025,-40.547073,seed45636.png
-10.107741,-19.07202,seed45637.png
-31.139174,-18.105915,seed45638.png
-12.524769,7.7382,seed45639.png
-7.4116454,-23.11185,seed4564.png
8.757299,-31.927069,seed45640.png
-21.291594,14.510431,seed45641.png
35.89306,16.78236,seed45642.png
-26.455164,14.455653,seed45643.png
-30.732182,15.911613,seed45644.png
8.348676,8.710301,seed45645.png
7.329689,-24.001135,seed45646.png
22.54602,-2.0284338,seed45647.png
-17.15759,-8.530272,seed45648.png
18.704073,-5.3772063,seed45649.png
21.813452,23.37473,seed4565.png
9.312148,-30.94679,seed45650.png
14.128555,-39.69995,seed45651.png
-14.057441,-21.798124,seed45652.png
3.9834142,1.3202546,seed45653.png
0.17268188,-28.39008,seed45654.png
-27.94718,-8.782393,seed45655.png
-15.809487,-26.83608,seed45656.png
-19.60951,-28.660276,seed45657.png
36.076046,15.899016,seed45658.png
-19.568419,-14.654175,seed45659.png
38.406784,10.763335,seed4566.png
-10.172966,0.7318655,seed45660.png
27.717144,-0.749754,seed45661.png
-32.54423,20.327892,seed45662.png
2.3807569,-16.414316,seed45663.png
-21.796776,-8.000715,seed45664.png
10.340384,-26.079939,seed45665.png
5.1237545,8.20793,seed45666.png
18.155571,10.22561,seed45667.png
3.1752422,-32.037815,seed45668.png
19.783693,14.271882,seed45669.png
39.512047,18.106367,seed4567.png
-28.425632,-5.0460863,seed45670.png
-1.2886227,-3.8807638,seed45671.png
16.323996,-0.35644865,seed45672.png
17.539848,0.7183549,seed45673.png
-10.282403,-19.990961,seed45674.png
-36.107563,3.8731225,seed45675.png
-23.649967,13.538653,seed45676.png
13.955717,-0.085509956,seed45677.png
16.7142,-30.40654,seed45678.png
-35.033253,7.477266,seed45679.png
7.086359,-29.150469,seed4568.png
18.765938,9.987656,seed45680.png
-15.580746,-13.980427,seed45681.png
2.656942,20.103088,seed45682.png
-19.286194,-16.554523,seed45683.png
-12.229059,-18.49792,seed45684.png
32.129818,21.470606,seed45685.png
7.527133,-5.3214126,seed45686.png
-21.161652,-21.98053,seed45687.png
-31.351948,11.497218,seed45688.png
35.816505,18.06134,seed45689.png
24.447071,-9.290825,seed4569.png
10.99117,-27.784231,seed45690.png
28.467073,17.471128,seed45691.png
-38.68816,14.755702,seed45692.png
19.190903,11.3795595,seed45693.png
-22.196018,6.954642,seed45694.png
11.884439,25.111607,seed45695.png
2.1219358,0.17673212,seed45696.png
-18.946152,3.07851,seed45697.png
36.67015,7.9611826,seed45698.png
-21.696777,-14.74399,seed45699.png
4.3733964,-9.654935,seed4570.png
-15.7634325,-12.982292,seed45700.png
20.161524,-3.763402,seed45701.png
27.182125,26.013803,seed45702.png
-19.655497,-9.757102,seed45703.png
7.6809335,-28.937458,seed45704.png
21.637238,5.1015205,seed45705.png
-29.750141,-1.0047531,seed45706.png
-10.318559,-3.6095958,seed45707.png
-31.85514,-2.906775,seed45708.png
37.46981,24.783026,seed45709.png
6.8508863,7.1564264,seed4571.png
-15.946941,-10.229608,seed45710.png
11.260708,-39.599236,seed45711.png
5.5967464,-38.905205,seed45712.png
-21.257275,3.0639398,seed45713.png
17.119019,1.0743434,seed45714.png
14.417732,-36.85161,seed45715.png
14.977152,6.40038,seed45716.png
-24.761076,5.294916,seed45717.png
-17.317638,-20.121984,seed45718.png
-34.322037,26.48401,seed45719.png
-3.843629,-8.990361,seed4572.png
-20.555384,0.8638203,seed45720.png
-38.255974,9.364124,seed45721.png
4.8205695,17.79647,seed45722.png
-33.848717,25.338894,seed45723.png
-20.790928,-18.046135,seed45724.png
-34.048264,10.085522,seed45725.png
4.122775,-30.130169,seed45726.png
0.9087167,21.743652,seed45727.png
-5.6176434,-0.7645802,seed45728.png
-4.2148595,-22.782217,seed45729.png
26.825607,16.666431,seed4573.png
-15.124565,-21.87579,seed45730.png
-34.20642,8.130455,seed45731.png
4.01801,-29.102484,seed45732.png
-4.8689456,0.46856007,seed45733.png
-28.896275,0.8122282,seed45734.png
-29.345034,2.33011,seed45735.png
8.737483,12.054775,seed45736.png
9.784082,-33.383873,seed45737.png
-3.5615325,-18.706743,seed45738.png
-33.026844,22.733614,seed45739.png
7.4684777,-41.028248,seed4574.png
24.402374,2.611829,seed45740.png
26.53399,4.2052073,seed45741.png
12.888544,-32.002922,seed45742.png
27.355423,24.880266,seed45743.png
12.996333,-30.02405,seed45744.png
26.099297,4.60909,seed45745.png
-13.743343,-8.098063,seed45746.png
-37.778908,6.493102,seed45747.png
6.3201675,19.171812,seed45748.png
11.688558,15.482723,seed45749.png
10.943387,7.4586678,seed4575.png
-30.083565,-11.227819,seed45750.png
14.22587,-6.719687,seed45751.png
-23.635439,-6.5990105,seed45752.png
24.406878,19.584665,seed45753.png
-18.521603,9.76413,seed45754.png
25.155783,3.1725829,seed45755.png
-17.182598,-24.28291,seed45756.png
34.816555,8.878929,seed45757.png
19.092657,-7.7489686,seed45758.png
35.240643,11.149825,seed45759.png
25.21818,-1.6980584,seed4576.png
-2.5444415,-8.410688,seed45760.png
21.731674,22.115881,seed45761.png
0.39838165,-31.934471,seed45762.png
-18.673298,11.821733,seed45763.png
15.968166,28.064003,seed45764.png
-34.3717,-9.618814,seed45765.png
-34.76561,21.19377,seed45766.png
12.318941,12.728744,seed45767.png
9.618099,17.290722,seed45768.png
-16.945257,-9.017378,seed45769.png
-13.064663,-10.897468,seed4577.png
13.658006,-34.234657,seed45770.png
-29.420658,-11.481248,seed45771.png
34.71563,20.16722,seed45772.png
12.167646,10.058512,seed45773.png
3.405135,19.707375,seed45774.png
24.263374,0.21672925,seed45775.png
-10.932413,-13.701352,seed45776.png
-12.833362,-30.702412,seed45777.png
35.058666,8.295164,seed45778.png
3.2828019,-2.2096193,seed45779.png
-8.951401,-15.899347,seed4578.png
13.578253,15.459785,seed45780.png
-30.189741,18.15425,seed45781.png
-23.329912,-7.942066,seed45782.png
26.556213,-3.7480924,seed45783.png
26.743732,-4.9677553,seed45784.png
-26.041714,-2.7799444,seed45785.png
21.428692,1.1306465,seed45786.png
24.904045,16.050343,seed45787.png
21.276997,24.299938,seed45788.png
30.292097,4.966133,seed45789.png
33.363815,19.383114,seed4579.png
17.41155,13.726891,seed45790.png
27.448631,12.712802,seed45791.png
29.104782,3.0002415,seed45792.png
-20.330643,-25.98999,seed45793.png
-5.2499223,15.641595,seed45794.png
-2.356681,14.586318,seed45795.png
19.959558,26.371338,seed45796.png
-16.482338,-16.09753,seed45797.png
28.968285,-0.31292558,seed45798.png
1.2651705,-8.441963,seed45799.png
-35.128876,12.246581,seed4580.png
17.60859,15.793522,seed45800.png
35.176716,22.566202,seed45801.png
-23.777998,15.703547,seed45802.png
32.426155,20.577332,seed45803.png
25.462992,8.910504,seed45804.png
-26.364817,-2.1955464,seed45805.png
13.216357,17.618294,seed45806.png
-14.33721,2.9145267,seed45807.png
-22.702732,-24.386944,seed45808.png
-21.574596,18.301476,seed45809.png
21.286314,19.260405,seed4581.png
26.648716,12.684646,seed45810.png
-13.3298645,-1.7234907,seed45811.png
-16.375177,-30.435585,seed45812.png
22.72117,18.42804,seed45813.png
15.879979,25.372005,seed45814.png
25.985706,6.9042473,seed45815.png
-22.100582,8.5662565,seed45816.png
10.043567,29.689322,seed45817.png
-22.28301,14.483046,seed45818.png
11.51802,-3.7508528,seed45819.png
-34.763294,25.422222,seed4582.png
11.196065,25.92383,seed45820.png
-10.750852,-24.91655,seed45821.png
-27.802183,-12.769578,seed45822.png
-30.314013,5.373514,seed45823.png
14.131846,-40.265137,seed45824.png
25.934237,24.146101,seed45825.png
4.0363183,5.7138896,seed45826.png
-18.224367,-8.890651,seed45827.png
-32.3378,9.761922,seed45828.png
5.639034,5.04313,seed45829.png
-13.255503,5.554404,seed4583.png
23.52495,22.11999,seed45830.png
11.236201,-2.2033281,seed45831.png
24.55827,2.8278732,seed45832.png
5.039228,-34.367924,seed45833.png
21.784794,-6.9290843,seed45834.png
-22.253866,-13.414657,seed45835.png
10.336803,-39.895832,seed45836.png
29.935638,24.901693,seed45837.png
-7.9055405,-17.100222,seed45838.png
-12.565488,-3.3799045,seed45839.png
-16.539959,-18.435862,seed4584.png
2.9371095,-31.31182,seed45840.png
-12.659331,-19.93828,seed45841.png
-0.5101287,8.415743,seed45842.png
13.1118765,4.2092457,seed45843.png
9.576835,-38.997334,seed45844.png
37.087635,10.188389,seed45845.png
14.911427,-32.67713,seed45846.png
12.177213,-42.75225,seed45847.png
8.468517,-41.91975,seed45848.png
-28.24007,-8.011723,seed45849.png
-16.28733,10.777226,seed4585.png
12.693785,-29.87299,seed45850.png
-32.08751,0.5662536,seed45851.png
-36.023544,23.988503,seed45852.png
36.700733,12.441596,seed45853.png
18.401596,18.144535,seed45854.png
-22.517214,-24.75347,seed45855.png
1.6060194,16.747164,seed45856.png
25.644667,13.076136,seed45857.png
1.5277891,-5.3266296,seed45858.png
16.391052,6.4553146,seed45859.png
-24.370216,-10.310213,seed4586.png
-33.274376,-11.43523,seed45860.png
-20.525772,-12.4498205,seed45861.png
15.304878,-33.30423,seed45862.png
-2.7740471,-19.533226,seed45863.png
-4.972598,-12.001675,seed45864.png
-25.325064,-10.061931,seed45865.png
6.5797744,-40.479244,seed45866.png
-14.342234,-29.899515,seed45867.png
19.147493,25.807997,seed45868.png
0.16297813,22.401485,seed45869.png
-7.0827837,7.1004047,seed4587.png
11.151385,13.918053,seed45870.png
11.652486,28.74814,seed45871.png
-25.680923,12.913084,seed45872.png
-10.6579275,-11.408817,seed45873.png
30.530525,6.440338,seed45874.png
37.585785,6.025985,seed45875.png
26.713598,1.7005386,seed45876.png
-22.883759,-1.5595262,seed45877.png
21.942,10.958896,seed45878.png
-14.989119,-26.769821,seed45879.png
5.736772,-14.964877,seed4588.png
14.110961,19.008698,seed45880.png
-15.119274,-21.615873,seed45881.png
32.462322,17.679071,seed45882.png
11.639924,17.63665,seed45883.png
3.0507848,23.437319,seed45884.png
-6.4141254,18.375498,seed45885.png
-14.955874,-29.858088,seed45886.png
-3.6412787,11.819698,seed45887.png
5.9573402,-34.6613,seed45888.png
-24.923294,-13.789602,seed45889.png
23.399466,19.518982,seed4589.png
-25.988697,11.570572,seed45890.png
-31.53228,20.300077,seed45891.png
15.48786,24.29795,seed45892.png
-12.557126,-20.038189,seed45893.png
-21.975271,-11.166274,seed45894.png
31.980528,13.7945,seed45895.png
-34.21888,18.962854,seed45896.png
-25.027328,16.512356,seed45897.png
7.751551,10.158392,seed45898.png
11.6546755,9.783844,seed45899.png
4.133901,10.508618,seed4590.png
27.528526,4.7009015,seed45900.png
34.43362,6.203901,seed45901.png
-29.548054,19.623077,seed45902.png
-30.427225,20.51683,seed45903.png
-19.334772,-4.9298973,seed45904.png
-3.9698339,2.479559,seed45905.png
10.164355,0.004553853,seed45906.png
-12.7368355,-8.801376,seed45907.png
22.75779,-3.627374,seed45908.png
-1.6502751,24.804646,seed45909.png
7.367347,2.0692084,seed4591.png
-23.818228,-18.818861,seed45910.png
-2.2687736,3.8014648,seed45911.png
3.2650757,0.9955189,seed45912.png
23.286095,14.335856,seed45913.png
-3.102235,-13.154147,seed45914.png
29.802065,9.732933,seed45915.png
22.765238,11.556421,seed45916.png
27.6045,25.988226,seed45917.png
3.431676,-5.3987775,seed45918.png
1.5167402,13.534743,seed45919.png
-33.680923,22.82577,seed4592.png
35.44394,7.5006504,seed45920.png
-19.623446,13.605476,seed45921.png
11.755679,28.861483,seed45922.png
13.463143,12.165525,seed45923.png
-23.745712,7.6857953,seed45924.png
-19.7385,-17.220959,seed45925.png
-19.298477,-0.5380144,seed45926.png
-18.051205,11.59124,seed45927.png
-32.79687,21.099325,seed45928.png
-7.617365,10.195427,seed45929.png
5.1774654,1.326969,seed4593.png
6.322316,13.387308,seed45930.png
28.19295,25.676613,seed45931.png
-10.522977,2.1258788,seed45932.png
-35.02835,-3.5289416,seed45933.png
22.008417,11.281307,seed45934.png
0.69898224,-23.129583,seed45935.png
-8.724704,-15.223508,seed45936.png
13.614511,-29.408901,seed45937.png
41.44129,20.735968,seed45938.png
-35.138706,23.172247,seed45939.png
17.479313,-1.2296504,seed4594.png
11.177371,-42.84972,seed45940.png
30.998997,5.461195,seed45941.png
-10.2926445,-19.23834,seed45942.png
17.669704,-1.4278194,seed45943.png
11.4195385,-10.004571,seed45944.png
-23.048103,-24.741806,seed45945.png
-33.225224,22.466589,seed45946.png
33.310783,23.083057,seed45947.png
-24.107653,-3.8967996,seed45948.png
6.9798427,-5.9359426,seed45949.png
-24.536884,-16.795927,seed4595.png
-11.594451,-14.723445,seed45950.png
-5.588906,12.100892,seed45951.png
16.929043,-3.101155,seed45952.png
11.322388,-31.039467,seed45953.png
39.092934,23.37946,seed45954.png
20.480501,-2.4907956,seed45955.png
18.335545,24.897526,seed45956.png
-20.382458,-21.451866,seed45957.png
-21.972242,-14.658858,seed45958.png
-32.521576,10.35048,seed45959.png
-30.906506,25.245543,seed4596.png
18.448925,20.016981,seed45960.png
-32.86105,16.642883,seed45961.png
-15.246263,8.423855,seed45962.png
-17.55571,-17.145153,seed45963.png
-22.294315,9.674282,seed45964.png
-20.108685,13.109448,seed45965.png
-20.593494,5.615441,seed45966.png
-37.219112,16.486225,seed45967.png
12.531252,20.852154,seed45968.png
10.594363,-5.641457,seed45969.png
37.745613,23.498356,seed4597.png
-12.0187645,-4.332768,seed45970.png
-26.65127,-7.036627,seed45971.png
9.231993,26.823288,seed45972.png
-3.7109206,-16.382444,seed45973.png
-26.053541,-11.857269,seed45974.png
-32.481216,18.446507,seed45975.png
-32.68836,-10.90838,seed45976.png
-23.869593,-11.034073,seed45977.png
27.175222,9.537257,seed45978.png
11.6737585,15.625647,seed45979.png
12.550056,6.7660046,seed4598.png
15.059544,22.479147,seed45980.png
13.500338,-36.838364,seed45981.png
14.339185,-36.211006,seed45982.png
-25.618176,-2.8678622,seed45983.png
-2.8541038,15.154637,seed45984.png
-4.043514,11.211407,seed45985.png
-14.739439,-20.618223,seed45986.png
32.271103,1.6453999,seed45987.png
14.486153,-5.6725307,seed45988.png
41.56817,21.16523,seed45989.png
5.699972,-30.459871,seed4599.png
24.168173,4.3738346,seed45990.png
-7.9641867,-0.27072558,seed45991.png
-2.765805,-15.141124,seed45992.png
-1.7409331,-18.201488,seed45993.png
-23.876852,-0.8647828,seed45994.png
6.720808,10.952964,seed45995.png
33.236313,16.312193,seed45996.png
-5.0674415,-12.233964,seed45997.png
9.214415,28.91282,seed45998.png
7.1815414,6.545253,seed45999.png
-13.676005,-11.382896,seed4600.png
24.331398,24.59655,seed46000.png
-34.439735,11.952691,seed46001.png
6.314433,-31.586996,seed46002.png
5.3846207,-33.39458,seed46003.png
-32.700085,3.6493566,seed46004.png
11.882466,-23.450214,seed46005.png
-8.924014,11.285934,seed46006.png
14.827208,-21.367105,seed46007.png
-18.885473,3.839338,seed46008.png
17.251553,-33.48468,seed46009.png
12.465629,-31.019344,seed4601.png
-22.849846,9.7544565,seed46010.png
-19.25991,-28.745373,seed46011.png
-16.5681,-16.751495,seed46012.png
-26.730114,2.825809,seed46013.png
3.504045,14.282558,seed46014.png
33.889297,17.803976,seed46015.png
11.262442,-30.822678,seed46016.png
-33.300648,20.733839,seed46017.png
-33.09511,23.55067,seed46018.png
8.009137,-28.628098,seed46019.png
14.465309,-27.90028,seed4602.png
-33.23849,6.213029,seed46020.png
-31.169703,1.1814435,seed46021.png
-28.657145,-6.702589,seed46022.png
-14.787542,-12.183698,seed46023.png
20.024973,-1.4884499,seed46024.png
-19.447815,2.4481804,seed46025.png
-11.724004,-9.5416,seed46026.png
14.37872,2.014877,seed46027.png
-10.89272,-8.42002,seed46028.png
5.0526385,-6.2924027,seed46029.png
18.4703,20.189873,seed4603.png
-0.6286049,13.516708,seed46030.png
12.272703,10.1089115,seed46031.png
0.17345698,22.744778,seed46032.png
9.8706875,26.255585,seed46033.png
-11.926182,-9.460182,seed46034.png
31.967325,24.698889,seed46035.png
7.7921486,-26.065617,seed46036.png
-18.41569,-26.891893,seed46037.png
-29.129005,15.045594,seed46038.png
12.313511,-1.7619877,seed46039.png
6.9647083,-27.652771,seed4604.png
-27.181305,6.000023,seed46040.png
22.153936,-9.064521,seed46041.png
10.895538,-5.2272925,seed46042.png
-31.403631,23.237415,seed46043.png
-16.740908,-28.659391,seed46044.png
0.8254257,-18.016409,seed46045.png
-29.163221,4.059134,seed46046.png
-24.615154,-3.0170627,seed46047.png
8.023767,17.422747,seed46048.png
1.3705102,14.700081,seed46049.png
11.707266,-28.907043,seed4605.png
-24.72467,-18.410091,seed46050.png
-22.25463,-26.533066,seed46051.png
-0.14964138,5.5701194,seed46052.png
16.06731,-34.91788,seed46053.png
22.318005,14.374071,seed46054.png
-1.8238707,-14.289615,seed46055.png
1.0345739,-27.658094,seed46056.png
4.0452747,-35.68549,seed46057.png
-26.130995,17.094421,seed46058.png
-12.644315,-8.244562,seed46059.png
0.52485806,16.893524,seed4606.png
19.5051,1.4613012,seed46060.png
-17.183714,-5.3461065,seed46061.png
12.691792,15.477208,seed46062.png
-3.7053602,10.362661,seed46063.png
-29.011972,-19.056362,seed46064.png
-12.590553,-20.383436,seed46065.png
-23.112295,-29.277021,seed46066.png
-22.244064,15.921696,seed46067.png
-13.835626,-20.012024,seed46068.png
13.641075,-29.39742,seed46069.png
-30.22995,-15.262812,seed4607.png
25.328192,4.1640882,seed46070.png
22.213564,-3.7876887,seed46071.png
-20.705353,-9.169933,seed46072.png
-37.723003,20.128191,seed46073.png
2.3170624,9.335289,seed46074.png
28.789839,-0.57594144,seed46075.png
14.803256,-1.8755714,seed46076.png
-36.50128,9.305976,seed46077.png
-28.153809,9.008929,seed46078.png
-24.911102,3.2053733,seed46079.png
1.1939509,-23.079184,seed4608.png
2.3523626,-0.33289477,seed46080.png
-3.8825204,-0.5425007,seed46081.png
-29.979448,1.3107488,seed46082.png
-34.150646,21.296448,seed46083.png
-32.495815,24.55439,seed46084.png
-32.27629,22.171282,seed46085.png
15.842096,-34.824917,seed46086.png
10.237199,2.0587835,seed46087.png
-10.701915,-18.0621,seed46088.png
-22.869104,18.994862,seed46089.png
20.494299,-9.532635,seed4609.png
-7.3204775,-24.28337,seed46090.png
6.5248785,1.7194476,seed46091.png
-21.045282,-1.6973821,seed46092.png
-35.754555,26.675089,seed46093.png
-19.337904,-16.61472,seed46094.png
-23.902088,11.68079,seed46095.png
31.408438,21.0795,seed46096.png
-19.126545,-14.173149,seed46097.png
-32.274223,-13.253535,seed46098.png
-3.089578,16.847332,seed46099.png
-31.024174,-18.204283,seed4610.png
-0.8554101,-16.616653,seed46100.png
-7.8654876,-20.559248,seed46101.png
-7.945501,-24.358423,seed46102.png
-21.693146,-6.620301,seed46103.png
-21.963371,-22.17758,seed46104.png
-35.733143,15.402825,seed46105.png
-31.042948,-10.332523,seed46106.png
40.346012,20.202938,seed46107.png
-14.292275,-28.89845,seed46108.png
35.761353,23.321024,seed46109.png
-31.120321,11.633807,seed4611.png
-14.116949,-16.40717,seed46110.png
5.6717153,-1.8381668,seed46111.png
31.884672,17.333765,seed46112.png
-30.654894,14.569802,seed46113.png
1.7284573,25.11064,seed46114.png
25.63559,4.691064,seed46115.png
-32.894165,19.565771,seed46116.png
11.949312,-8.20575,seed46117.png
-13.151339,12.925387,seed46118.png
2.5046341,12.808146,seed46119.png
2.0170877,-15.158556,seed4612.png
2.8235939,11.726573,seed46120.png
8.794834,-31.227634,seed46121.png
27.526258,14.9871645,seed46122.png
-21.456678,-2.385552,seed46123.png
-15.934918,-30.850191,seed46124.png
-1.1224695,18.260828,seed46125.png
25.58809,26.118576,seed46126.png
-20.038633,-13.6335335,seed46127.png
14.389038,24.261114,seed46128.png
10.560759,25.100792,seed46129.png
12.392582,-35.79542,seed4613.png
18.110958,20.523146,seed46130.png
10.819652,-29.822964,seed46131.png
12.992185,3.0657213,seed46132.png
6.203636,12.112733,seed46133.png
8.586352,-25.240139,seed46134.png
27.57062,9.948388,seed46135.png
-20.372126,-11.635999,seed46136.png
-31.039602,5.982961,seed46137.png
-18.184402,1.2099814,seed46138.png
19.727507,19.871998,seed46139.png
9.027832,-2.1311665,seed4614.png
-31.982035,-9.111673,seed46140.png
3.0711386,-29.274971,seed46141.png
28.178177,7.1812224,seed46142.png
24.171696,-7.1889634,seed46143.png
-16.471092,-0.44619647,seed46144.png
-12.444122,-14.6728945,seed46145.png
-30.980307,19.998438,seed46146.png
13.096695,-12.639543,seed46147.png
8.378505,0.9336127,seed46148.png
3.7664368,5.7366447,seed46149.png
22.40119,8.336055,seed4615.png
-11.025402,-13.354257,seed46150.png
11.418921,-34.558594,seed46151.png
-3.9096339,11.733157,seed46152.png
7.4225817,-35.068577,seed46153.png
18.45541,21.892239,seed46154.png
-24.4873,-11.558305,seed46155.png
9.923559,-8.666006,seed46156.png
23.65902,2.3030703,seed46157.png
-21.816732,7.7868867,seed46158.png
-25.666924,-19.157793,seed46159.png
-30.566092,-5.0712566,seed4616.png
-15.070244,-6.6249228,seed46160.png
33.78275,7.02239,seed46161.png
28.87824,14.81336,seed46162.png
-11.263744,-18.30896,seed46163.png
8.751996,22.429522,seed46164.png
-12.667939,-3.7763321,seed46165.png
-2.0121562,0.5909988,seed46166.png
-32.071056,17.841188,seed46167.png
23.24123,16.400532,seed46168.png
8.292391,-28.72282,seed46169.png
-20.772295,-12.83327,seed4617.png
-30.938072,25.891806,seed46170.png
-11.653039,-6.4096107,seed46171.png
6.61936,2.8378046,seed46172.png
3.3593266,-15.4300585,seed46173.png
-8.412606,-3.894995,seed46174.png
23.689306,14.163329,seed46175.png
32.08833,26.12169,seed46176.png
21.852741,16.688026,seed46177.png
-14.679261,-10.83311,seed46178.png
25.350994,8.472136,seed46179.png
14.432683,-40.094494,seed4618.png
-11.078665,-14.93634,seed46180.png
-22.828077,-18.896002,seed46181.png
2.4903111,-3.6499946,seed46182.png
15.515145,-6.080186,seed46183.png
-13.235076,-22.412838,seed46184.png
-22.189133,12.075662,seed46185.png
-32.71946,20.656454,seed46186.png
41.09322,22.629671,seed46187.png
-18.293152,-4.346692,seed46188.png
-10.198222,-4.5826526,seed46189.png
16.024853,-37.787437,seed4619.png
-9.744737,9.132601,seed46190.png
3.156714,-16.12755,seed46191.png
7.625319,-41.07512,seed46192.png
-33.130806,23.732328,seed46193.png
-23.25263,5.1876802,seed46194.png
7.7860255,-24.906092,seed46195.png
-15.796173,-8.902163,seed46196.png
23.066273,-1.7592679,seed46197.png
-14.564531,5.175654,seed46198.png
29.779734,14.988608,seed46199.png
-28.858074,12.389152,seed4620.png
36.751354,19.043932,seed46200.png
-8.4517,-22.474993,seed46201.png
42.173393,14.729595,seed46202.png
-30.227848,18.163223,seed46203.png
-35.17169,26.055538,seed46204.png
27.146023,6.8148503,seed46205.png
-30.96315,19.745945,seed46206.png
-34.353348,13.773053,seed46207.png
-9.075459,-24.358694,seed46208.png
29.159494,5.53325,seed46209.png
18.212715,-4.7359166,seed4621.png
-7.416434,-0.6329515,seed46210.png
13.598613,-30.581993,seed46211.png
8.17407,24.681568,seed46212.png
3.2793703,5.60107,seed46213.png
12.672557,-39.205097,seed46214.png
14.127878,-9.902684,seed46215.png
-26.484795,0.5745707,seed46216.png
31.290209,18.543842,seed46217.png
35.92754,14.576709,seed46218.png
15.122601,3.1367903,seed46219.png
9.061096,6.376531,seed4622.png
28.86031,14.326459,seed46220.png
-32.942997,16.561304,seed46221.png
18.981361,20.753498,seed46222.png
-25.064932,-16.41879,seed46223.png
-17.441872,-13.330667,seed46224.png
-31.439386,10.268084,seed46225.png
8.506867,-29.193773,seed46226.png
-20.211197,-16.519363,seed46227.png
-15.646385,-15.773179,seed46228.png
-20.82068,-13.058529,seed46229.png
-30.687618,17.407314,seed4623.png
-22.139256,-9.310842,seed46230.png
9.356141,1.6095382,seed46231.png
-33.043446,23.667305,seed46232.png
-32.46171,23.253672,seed46233.png
-15.658075,-4.529139,seed46234.png
-35.634464,19.402456,seed46235.png
-26.881248,7.5327954,seed46236.png
7.9982,-3.5014806,seed46237.png
26.713821,13.083861,seed46238.png
12.838399,26.525866,seed46239.png
2.0190184,8.523201,seed4624.png
31.143827,4.334105,seed46240.png
-0.42140836,-18.538897,seed46241.png
9.4730425,-39.51496,seed46242.png
2.2074282,13.632929,seed46243.png
-25.588892,-10.970466,seed46244.png
7.110104,16.95717,seed46245.png
-14.16931,-26.5992,seed46246.png
6.759647,-10.126223,seed46247.png
32.071392,-0.40115604,seed46248.png
14.106807,19.916397,seed46249.png
37.243587,5.756464,seed4625.png
-6.1868553,-11.973255,seed46250.png
-15.019486,-25.768858,seed46251.png
-34.06964,-7.699072,seed46252.png
36.372284,18.3586,seed46253.png
-20.18621,-12.87476,seed46254.png
-17.279318,-7.6889415,seed46255.png
37.190983,11.762933,seed46256.png
13.661753,20.461796,seed46257.png
16.992554,25.384295,seed46258.png
-25.05628,16.011227,seed46259.png
-24.381088,13.61111,seed4626.png
8.54534,-5.996285,seed46260.png
29.60961,30.41442,seed46261.png
14.2666,-38.4756,seed46262.png
-9.603302,-19.707024,seed46263.png
-13.041773,-3.750661,seed46264.png
20.286255,27.979633,seed46265.png
-18.623383,-7.4287286,seed46266.png
-14.9532385,3.5400357,seed46267.png
33.805477,25.735193,seed46268.png
31.256458,19.175522,seed46269.png
33.35391,11.434015,seed4627.png
6.104023,-39.24065,seed46270.png
34.17662,7.986095,seed46271.png
-25.800201,11.56416,seed46272.png
5.0748253,25.507774,seed46273.png
13.403331,0.2441378,seed46274.png
-12.662446,1.9836541,seed46275.png
1.8492829,21.422842,seed46276.png
-32.875786,23.926672,seed46277.png
10.919242,-3.1327002,seed46278.png
-14.591359,-29.075655,seed46279.png
-25.090727,9.892345,seed4628.png
-26.404182,-7.7228913,seed46280.png
-21.906069,-12.578156,seed46281.png
-33.146877,23.699348,seed46282.png
8.691217,11.903306,seed46283.png
-15.984699,-13.12319,seed46284.png
-16.266682,3.4350996,seed46285.png
-14.660044,-14.477029,seed46286.png
-21.943233,-24.782017,seed46287.png
28.003012,26.628162,seed46288.png
21.322554,14.407221,seed46289.png
4.362571,-33.041473,seed4629.png
14.081187,13.938481,seed46290.png
0.049761735,13.266187,seed46291.png
-29.977768,4.051854,seed46292.png
-10.299795,-15.698343,seed46293.png
20.138994,0.24212876,seed46294.png
27.941528,19.03175,seed46295.png
-14.523168,-31.22423,seed46296.png
-21.579985,-16.989134,seed46297.png
-17.234167,7.3062506,seed46298.png
-31.94198,20.298666,seed46299.png
0.06558198,23.057917,seed4630.png
16.050888,-4.5616713,seed46300.png
9.865616,16.107042,seed46301.png
15.768233,5.068859,seed46302.png
-28.20785,11.243411,seed46303.png
2.2434113,4.888438,seed46304.png
6.2261915,8.677486,seed46305.png
-30.99202,23.382954,seed46306.png
-19.896196,7.9997463,seed46307.png
0.3189282,18.966347,seed46308.png
-20.940847,-0.64275575,seed46309.png
-15.762594,1.622947,seed4631.png
-32.596115,23.635414,seed46310.png
1.0580794,6.4116893,seed46311.png
-4.1858897,2.996124,seed46312.png
13.032928,-9.408199,seed46313.png
16.838654,-3.2428002,seed46314.png
30.916029,12.292369,seed46315.png
-21.410461,-0.13049163,seed46316.png
-23.116684,-25.494684,seed46317.png
12.950862,25.48,seed46318.png
-12.924627,-0.29426223,seed46319.png
19.497492,16.760414,seed4632.png
-39.270218,19.973095,seed46320.png
-4.0877013,-16.609331,seed46321.png
-18.572275,-15.24474,seed46322.png
-17.051527,-31.707151,seed46323.png
-5.5676637,-1.7107861,seed46324.png
-18.079481,-13.36621,seed46325.png
-2.424003,19.312143,seed46326.png
-21.472279,8.907669,seed46327.png
22.841997,22.054815,seed46328.png
18.069122,-7.928982,seed46329.png
-2.5155184,-5.2766066,seed4633.png
-36.00485,-7.350231,seed46330.png
-20.380455,15.842133,seed46331.png
33.28296,18.097427,seed46332.png
-14.654151,-10.076772,seed46333.png
36.195263,18.237732,seed46334.png
-21.130873,-9.473772,seed46335.png
-29.669748,13.0876255,seed46336.png
-31.92352,9.832955,seed46337.png
-1.3200153,23.326618,seed46338.png
14.75444,26.725569,seed46339.png
-11.413796,-23.97397,seed4634.png
-20.395786,-18.612488,seed46340.png
-12.114536,-28.084076,seed46341.png
-20.131905,15.454058,seed46342.png
11.922178,11.146446,seed46343.png
-16.149908,-27.805447,seed46344.png
-19.332174,-19.07448,seed46345.png
-25.885117,7.8992586,seed46346.png
18.293524,1.4392041,seed46347.png
5.5873346,-23.060587,seed46348.png
11.935045,-34.36416,seed46349.png
19.173607,11.314802,seed4635.png
-10.774334,-4.3506556,seed46350.png
-10.794712,-7.8753643,seed46351.png
23.529951,0.86671454,seed46352.png
33.922485,21.013575,seed46353.png
16.35545,24.51597,seed46354.png
24.17686,10.143642,seed46355.png
6.36284,17.004507,seed46356.png
10.921184,-7.721227,seed46357.png
-4.1957664,9.086652,seed46358.png
32.421314,3.2357652,seed46359.png
-17.536758,11.590426,seed4636.png
21.427296,11.00656,seed46360.png
27.38611,12.942676,seed46361.png
15.609545,-2.8849716,seed46362.png
11.550296,11.77634,seed46363.png
27.127705,10.490289,seed46364.png
-13.088945,-4.9295483,seed46365.png
-14.01792,-12.902493,seed46366.png
4.216562,-26.651768,seed46367.png
27.907547,10.5148535,seed46368.png
-13.881015,-14.547833,seed46369.png
33.966503,14.641986,seed4637.png
26.454193,2.3325543,seed46370.png
36.867134,15.479596,seed46371.png
3.900344,-2.6749394,seed46372.png
14.647256,3.0887032,seed46373.png
-28.539179,2.4854329,seed46374.png
17.871706,-2.1820529,seed46375.png
16.80927,14.733019,seed46376.png
-4.4926205,5.5592103,seed46377.png
-36.02925,24.122847,seed46378.png
4.964634,-27.933674,seed46379.png
-31.700136,-5.132661,seed4638.png
11.473898,1.6772918,seed46380.png
34.150406,11.483549,seed46381.png
-20.23918,-0.10822845,seed46382.png
-32.10918,5.6501265,seed46383.png
11.99072,26.219765,seed46384.png
26.503698,11.746011,seed46385.png
30.940872,5.707321,seed46386.png
-21.439625,18.56924,seed46387.png
-18.91724,-8.728446,seed46388.png
-32.19435,24.338202,seed46389.png
8.754727,17.92126,seed4639.png
8.788934,16.192379,seed46390.png
-32.669373,10.65169,seed46391.png
11.402696,3.318048,seed46392.png
8.22595,1.948569,seed46393.png
23.18379,1.7873247,seed46394.png
12.509312,-2.097473,seed46395.png
-21.053593,-21.720743,seed46396.png
-29.42291,-2.2735713,seed46397.png
-34.406845,7.734113,seed46398.png
0.79781085,-6.9661827,seed46399.png
14.436765,-39.424664,seed4640.png
-22.07932,-9.037381,seed46400.png
-25.78448,-16.376116,seed46401.png
21.622908,27.153675,seed46402.png
31.643044,12.079797,seed46403.png
14.490249,-35.590355,seed46404.png
14.386176,-9.33577,seed46405.png
38.113297,9.553439,seed46406.png
-26.902498,10.393546,seed46407.png
15.92312,-31.971752,seed46408.png
8.016378,-5.8151717,seed46409.png
-15.302095,-31.390585,seed4641.png
-11.227793,-16.679625,seed46410.png
28.222696,4.6072364,seed46411.png
9.263428,10.265552,seed46412.png
-15.241527,-17.692266,seed46413.png
-30.861874,-6.909919,seed46414.png
6.857649,-13.519535,seed46415.png
11.025896,28.36357,seed46416.png
34.26907,8.982933,seed46417.png
-26.948195,11.3523035,seed46418.png
27.460646,10.056946,seed46419.png
-6.9716825,-26.807491,seed4642.png
7.992874,-40.19304,seed46420.png
19.805252,21.996536,seed46421.png
-32.61573,11.328257,seed46422.png
-6.1189904,5.7729383,seed46423.png
-8.95109,-12.400194,seed46424.png
12.076381,-34.026714,seed46425.png
23.813993,21.410206,seed46426.png
-6.3119454,2.8910134,seed46427.png
-16.111122,-29.18024,seed46428.png
-33.010006,-7.18726,seed46429.png
32.369972,6.321578,seed4643.png
-30.441008,3.0757232,seed46430.png
12.694558,-36.77453,seed46431.png
0.36457404,-17.624666,seed46432.png
-32.05087,7.065248,seed46433.png
-3.8590863,-16.26292,seed46434.png
-31.7225,12.578249,seed46435.png
-22.529919,1.6545681,seed46436.png
-31.87871,-5.6806736,seed46437.png
14.160935,16.75786,seed46438.png
7.6776876,16.556818,seed46439.png
30.399506,21.039413,seed4644.png
-34.305805,20.129559,seed46440.png
12.12352,-41.770027,seed46441.png
12.359447,-42.69931,seed46442.png
1.7585038,23.880966,seed46443.png
23.199238,19.668653,seed46444.png
-28.988176,15.442443,seed46445.png
-0.62181085,-13.030028,seed46446.png
4.0790453,10.637671,seed46447.png
11.1959305,2.4163182,seed46448.png
17.030306,14.677734,seed46449.png
-14.337821,-19.626436,seed4645.png
-21.681566,-17.356884,seed46450.png
-33.725143,-0.622416,seed46451.png
27.662209,2.281561,seed46452.png
14.915287,-35.466022,seed46453.png
5.020481,-6.754779,seed46454.png
23.429222,19.750904,seed46455.png
17.33884,27.195845,seed46456.png
-12.593694,-31.42814,seed46457.png
30.385445,8.907837,seed46458.png
-18.141565,-15.747908,seed46459.png
4.954132,-36.454514,seed4646.png
-35.378384,18.5742,seed46460.png
19.456066,5.927654,seed46461.png
36.78144,19.830484,seed46462.png
5.768146,-25.065254,seed46463.png
-1.5256238,17.163652,seed46464.png
-10.802448,-11.028689,seed46465.png
7.4532356,-4.1956697,seed46466.png
32.897156,20.385368,seed46467.png
-10.665928,12.042167,seed46468.png
35.504158,10.996691,seed46469.png
-7.4841466,6.5635567,seed4647.png
-11.930913,-22.841286,seed46470.png
2.0387638,24.79269,seed46471.png
17.708862,25.609858,seed46472.png
14.407253,15.704363,seed46473.png
-14.522208,-19.59343,seed46474.png
14.7733135,21.607338,seed46475.png
24.750923,-4.5038576,seed46476.png
7.392446,-27.133656,seed46477.png
19.188131,-0.28012168,seed46478.png
-8.624091,-15.255636,seed46479.png
15.363341,0.21560313,seed4648.png
-14.903153,-28.393707,seed46480.png
11.238163,-42.96852,seed46481.png
10.374462,-2.8202918,seed46482.png
-5.3009143,-18.237259,seed46483.png
16.224669,-35.51683,seed46484.png
2.695862,-5.764624,seed46485.png
-2.7896714,-11.368104,seed46486.png
-6.88883,-19.108185,seed46487.png
0.9229401,14.552989,seed46488.png
-33.2638,13.757191,seed46489.png
-32.380135,9.292201,seed4649.png
-3.6213315,12.89218,seed46490.png
-21.99675,11.294443,seed46491.png
24.480627,-8.349957,seed46492.png
3.9020808,-29.801197,seed46493.png
6.023818,9.031331,seed46494.png
-12.789007,-21.955088,seed46495.png
-37.852203,14.945921,seed46496.png
-32.552216,15.951642,seed46497.png
8.052647,23.86754,seed46498.png
-27.52001,17.089144,seed46499.png
29.182384,12.5463505,seed4650.png
-29.836767,16.393333,seed46500.png
-7.7089367,-9.877993,seed46501.png
-23.570044,8.44821,seed46502.png
-18.569618,-6.976326,seed46503.png
-12.730403,0.112713724,seed46504.png
-38.477444,16.996357,seed46505.png
14.036223,-32.74954,seed46506.png
8.779469,12.395796,seed46507.png
-23.971209,18.731085,seed46508.png
-24.835054,9.965578,seed46509.png
27.18003,10.11013,seed4651.png
-16.722652,-12.659361,seed46510.png
-12.11228,-20.196661,seed46511.png
-16.274544,8.777631,seed46512.png
-33.017403,-6.7270083,seed46513.png
7.149873,-3.1727986,seed46514.png
-25.401577,14.146762,seed46515.png
-31.45788,3.4869273,seed46516.png
-21.73749,7.1293025,seed46517.png
-8.85679,-0.66951114,seed46518.png
9.703064,29.115217,seed46519.png
0.7872013,22.330725,seed4652.png
-30.559877,11.624946,seed46520.png
-10.530154,3.8113823,seed46521.png
-24.561499,-7.933602,seed46522.png
-4.0861874,-4.8730764,seed46523.png
31.318666,2.8795886,seed46524.png
-24.143982,1.5724689,seed46525.png
34.698616,22.409964,seed46526.png
25.965717,11.502083,seed46527.png
35.759777,7.923608,seed46528.png
-23.406729,0.98795134,seed46529.png
6.3249984,-23.12991,seed4653.png
16.498167,-35.99643,seed46530.png
8.201467,4.6740327,seed46531.png
-15.560927,-19.884596,seed46532.png
18.59345,17.28441,seed46533.png
-13.240079,-26.581572,seed46534.png
-29.253374,-6.7078857,seed46535.png
21.511234,21.03619,seed46536.png
15.448922,8.029635,seed46537.png
-15.608167,-10.258506,seed46538.png
12.89837,-35.790054,seed46539.png
-22.980694,-10.330221,seed4654.png
10.665981,-24.239223,seed46540.png
-21.623638,-21.784887,seed46541.png
18.942705,0.44414887,seed46542.png
-27.345057,-8.806145,seed46543.png
-26.125654,-13.695067,seed46544.png
16.902384,24.17179,seed46545.png
19.739098,-7.768413,seed46546.png
-13.677622,-27.964828,seed46547.png
-31.235395,-11.570223,seed46548.png
31.067036,4.8231273,seed46549.png
4.600469,14.92036,seed4655.png
37.02492,18.865011,seed46550.png
-21.027697,-23.869118,seed46551.png
16.557032,0.15210842,seed46552.png
-17.5587,-26.14981,seed46553.png
34.638714,6.1463337,seed46554.png
-29.54066,16.35786,seed46555.png
-25.588919,-6.140698,seed46556.png
4.0802,-6.362285,seed46557.png
-7.3668227,4.3034267,seed46558.png
33.543358,18.800152,seed46559.png
8.44852,-3.9075098,seed4656.png
17.21481,1.9634417,seed46560.png
-28.075912,8.208408,seed46561.png
-24.822186,-17.51957,seed46562.png
-13.981438,-14.556074,seed46563.png
-18.321249,-3.736339,seed46564.png
-0.9117,-1.9509736,seed46565.png
33.973354,22.481876,seed46566.png
-5.847622,-6.049285,seed46567.png
-18.75944,-2.5854852,seed46568.png
13.605223,-9.48483,seed46569.png
12.502648,-32.344494,seed4657.png
40.580124,21.924414,seed46570.png
27.191378,21.079481,seed46571.png
7.9433165,-38.88373,seed46572.png
-13.77716,-30.959457,seed46573.png
16.547503,24.430891,seed46574.png
-18.93952,-6.347044,seed46575.png
-24.077047,3.4399953,seed46576.png
33.55687,29.692661,seed46577.png
31.271252,26.459566,seed46578.png
10.897828,-32.007973,seed46579.png
-14.258923,-3.8614304,seed4658.png
-23.36185,2.3082204,seed46580.png
-20.170467,1.6621462,seed46581.png
18.651684,-1.2224388,seed46582.png
18.950487,4.529654,seed46583.png
-22.740194,-23.036724,seed46584.png
7.8765426,-33.4587,seed46585.png
6.4010234,-1.4038595,seed46586.png
16.576847,-36.741436,seed46587.png
9.190973,-30.123102,seed46588.png
-7.6327696,-19.317024,seed46589.png
-29.850365,6.30549,seed4659.png
29.62629,-2.4872534,seed46590.png
37.305805,20.431396,seed46591.png
-34.498455,27.727127,seed46592.png
-0.12962092,-17.07768,seed46593.png
-28.149248,3.185502,seed46594.png
-23.001898,-21.90903,seed46595.png
32.502796,10.407569,seed46596.png
41.718178,20.274837,seed46597.png
1.0679336,-16.56058,seed46598.png
-24.466185,10.945616,seed46599.png
-18.638807,4.06192,seed4660.png
-33.864212,20.70581,seed46600.png
11.743463,18.25902,seed46601.png
-17.74268,-26.485147,seed46602.png
16.005041,21.01991,seed46603.png
33.928463,25.168095,seed46604.png
-19.151436,-1.440596,seed46605.png
20.800898,19.993254,seed46606.png
13.268066,-7.239936,seed46607.png
-32.676197,21.69989,seed46608.png
-2.7231588,-20.494999,seed46609.png
-1.8289244,-5.300298,seed4661.png
-0.059493218,21.915184,seed46610.png
-9.613428,-23.359884,seed46611.png
-33.796894,22.641293,seed46612.png
-15.685903,-28.66614,seed46613.png
-36.02633,6.8615775,seed46614.png
-28.938236,-16.288816,seed46615.png
-28.115894,1.37613,seed46616.png
29.34702,27.514067,seed46617.png
24.953884,-4.241017,seed46618.png
-12.9632635,-30.183187,seed46619.png
-26.737415,-8.583253,seed4662.png
-18.146421,-19.017653,seed46620.png
-19.668352,-29.354074,seed46621.png
30.230423,28.285275,seed46622.png
38.256493,5.757664,seed46623.png
7.6902294,12.107974,seed46624.png
-27.24969,-9.89103,seed46625.png
12.565504,-3.7112565,seed46626.png
22.40903,-0.4657533,seed46627.png
-34.79706,27.534296,seed46628.png
-33.38088,18.814331,seed46629.png
-10.617838,-10.246267,seed4663.png
-3.6828647,-20.25531,seed46630.png
12.258511,22.512642,seed46631.png
-31.798891,4.6193376,seed46632.png
38.84789,21.406301,seed46633.png
-10.662707,1.2979367,seed46634.png
-21.975258,-17.560781,seed46635.png
-29.128834,-15.729858,seed46636.png
7.1215434,-26.337765,seed46637.png
7.718689,-22.750282,seed46638.png
14.1501045,-32.66589,seed46639.png
3.8043258,19.581255,seed4664.png
17.296047,7.515563,seed46640.png
-10.033609,-14.780966,seed46641.png
13.956707,8.81118,seed46642.png
-33.447437,6.6774826,seed46643.png
-12.418541,-24.401875,seed46644.png
-36.250526,11.563909,seed46645.png
-14.929583,-5.531974,seed46646.png
33.94072,10.986623,seed46647.png
-17.949781,4.043261,seed46648.png
-15.428365,-26.544592,seed46649.png
4.6445537,-3.3551533,seed4665.png
13.21382,20.1893,seed46650.png
21.519495,6.6983414,seed46651.png
-16.986076,-5.9985075,seed46652.png
5.51293,-2.4191298,seed46653.png
22.788982,-2.1736197,seed46654.png
16.56615,-4.214595,seed46655.png
-25.510845,13.192543,seed46656.png
-10.982965,-16.467903,seed46657.png
31.204113,26.009045,seed46658.png
-8.449093,-26.416996,seed46659.png
-10.064675,-0.25211233,seed4666.png
2.2502103,-2.7396007,seed46660.png
-10.364863,-22.182337,seed46661.png
2.4400356,-26.286581,seed46662.png
19.934017,2.8497748,seed46663.png
21.990421,7.2105546,seed46664.png
-34.175266,9.23935,seed46665.png
6.8464146,8.48258,seed46666.png
8.45116,-28.69664,seed46667.png
-0.98698133,-3.7633886,seed46668.png
-25.178907,-10.2231045,seed46669.png
-17.370174,-24.506378,seed4667.png
-2.8511353,-0.10842527,seed46670.png
-30.0856,-8.62907,seed46671.png
13.554775,26.912498,seed46672.png
13.274736,6.21762,seed46673.png
-21.51795,-14.126632,seed46674.png
-31.876244,21.544874,seed46675.png
26.903349,17.002136,seed46676.png
4.167095,11.185707,seed46677.png
14.2098675,6.2681684,seed46678.png
-14.778675,-7.1876793,seed46679.png
-33.81842,27.532457,seed4668.png
20.071892,10.912988,seed46680.png
0.19505069,24.893274,seed46681.png
10.040215,1.2514572,seed46682.png
33.915733,18.840681,seed46683.png
-15.732123,-3.93929,seed46684.png
34.319782,20.373669,seed46685.png
34.68604,7.665879,seed46686.png
17.435926,-0.37332723,seed46687.png
-21.45143,-18.695765,seed46688.png
12.244047,11.229905,seed46689.png
-36.959538,23.31588,seed4669.png
2.900149,8.881828,seed46690.png
25.678694,13.280593,seed46691.png
7.261847,16.03177,seed46692.png
36.688725,10.698662,seed46693.png
-25.196991,-1.5328095,seed46694.png
29.473555,27.352165,seed46695.png
0.8587171,-15.1787405,seed46696.png
-33.590027,11.674676,seed46697.png
-1.7476712,14.596035,seed46698.png
-24.76021,6.4914436,seed46699.png
-0.42344427,3.0679364,seed4670.png
22.953825,18.784754,seed46700.png
5.124706,11.708835,seed46701.png
14.241786,19.383247,seed46702.png
3.8198786,14.274025,seed46703.png
-22.487402,6.778522,seed46704.png
1.4686075,7.183694,seed46705.png
6.3124685,-35.062828,seed46706.png
-5.491601,-10.384332,seed46707.png
-10.055861,-26.4134,seed46708.png
0.8609916,-2.2672732,seed46709.png
-29.474932,-6.823219,seed4671.png
36.982285,22.721195,seed46710.png
20.600622,21.067045,seed46711.png
22.777302,9.924856,seed46712.png
23.45097,3.1476572,seed46713.png
-34.21635,-8.624151,seed46714.png
11.434323,-40.652863,seed46715.png
-15.503622,-1.302915,seed46716.png
-8.543384,-13.292516,seed46717.png
27.15325,15.838628,seed46718.png
-14.5847645,5.7147493,seed46719.png
6.152706,-9.763106,seed4672.png
-19.563797,-0.10443354,seed46720.png
11.4979925,-37.963543,seed46721.png
38.020508,21.1376,seed46722.png
-3.4245276,-15.236339,seed46723.png
13.924655,26.76277,seed46724.png
23.625088,11.796472,seed46725.png
-13.826851,-2.5522943,seed46726.png
2.6878207,-14.539392,seed46727.png
20.304708,6.250954,seed46728.png
21.337152,18.205738,seed46729.png
-27.542036,-7.005824,seed4673.png
37.774185,10.3714075,seed46730.png
9.325991,-38.71701,seed46731.png
-21.91339,17.389423,seed46732.png
3.332682,16.415022,seed46733.png
13.081274,1.8390497,seed46734.png
14.57692,1.4266887,seed46735.png
7.2007327,-3.6778245,seed46736.png
-0.7844476,18.048098,seed46737.png
1.2947928,16.120983,seed46738.png
-13.176811,0.21926752,seed46739.png
-2.0460722,-11.536444,seed4674.png
-21.995499,-12.404621,seed46740.png
-21.715166,-18.321218,seed46741.png
15.0993185,-2.7137275,seed46742.png
-27.547363,19.643105,seed46743.png
-25.8627,5.5127544,seed46744.png
-20.863989,-22.396925,seed46745.png
25.825308,18.934534,seed46746.png
28.211487,17.366909,seed46747.png
39.977917,14.925126,seed46748.png
7.3486366,7.64126,seed46749.png
8.116983,8.0266905,seed4675.png
-34.48135,2.6292064,seed46750.png
4.7693033,-34.09851,seed46751.png
-32.614048,10.340485,seed46752.png
-27.54557,-22.772367,seed46753.png
3.9509342,-5.0191445,seed46754.png
12.82903,-35.473484,seed46755.png
6.404232,-29.847734,seed46756.png
-25.359827,-20.345583,seed46757.png
12.661677,-9.593738,seed46758.png
15.575599,-36.02278,seed46759.png
24.22519,19.719767,seed4676.png
35.824722,4.5085783,seed46760.png
32.2836,8.914971,seed46761.png
4.544548,21.925787,seed46762.png
-18.212591,-4.4529552,seed46763.png
10.286525,9.247183,seed46764.png
-35.06773,20.700068,seed46765.png
-12.4574795,-30.952898,seed46766.png
-26.969961,-0.49442557,seed46767.png
-17.76148,0.1811037,seed46768.png
21.401106,21.628143,seed46769.png
10.842461,16.074675,seed4677.png
-27.056171,-13.048553,seed46770.png
-14.787051,-28.885523,seed46771.png
-34.896255,-1.7698773,seed46772.png
11.771279,-35.542027,seed46773.png
10.197555,-25.06952,seed46774.png
-27.792103,19.559147,seed46775.png
-28.689852,12.037359,seed46776.png
-25.453783,-16.360548,seed46777.png
34.33429,9.791654,seed46778.png
33.08821,21.009424,seed46779.png
11.766777,-10.559837,seed4678.png
-34.58261,15.644276,seed46780.png
30.411837,27.85591,seed46781.png
-11.656659,-26.78858,seed46782.png
-38.357986,25.779545,seed46783.png
-22.32751,-1.1437807,seed46784.png
14.219437,-4.8169017,seed46785.png
-11.603289,-3.1835115,seed46786.png
-36.350704,23.291624,seed46787.png
-8.370504,3.7492597,seed46788.png
4.9446387,16.257154,seed46789.png
22.004992,-3.941619,seed4679.png
39.482143,22.253708,seed46790.png
21.111023,22.82609,seed46791.png
-15.398531,-0.8293805,seed46792.png
7.8181024,-35.679295,seed46793.png
-11.104638,4.393963,seed46794.png
14.322134,17.65727,seed46795.png
9.150691,17.348013,seed46796.png
-17.04137,-6.6198897,seed46797.png
-34.105137,19.970293,seed46798.png
-24.035984,-2.285652,seed46799.png
3.917324,16.851557,seed4680.png
-6.129147,-19.22149,seed46800.png
30.005842,22.40814,seed46801.png
31.537224,15.092108,seed46802.png
22.106108,25.296219,seed46803.png
32.04036,8.052783,seed46804.png
0.5775012,4.8277364,seed46805.png
26.341446,16.863615,seed46806.png
25.544111,25.150703,seed46807.png
35.52225,15.852398,seed46808.png
-15.409371,8.422157,seed46809.png
-22.375961,-18.491632,seed4681.png
26.888107,14.724908,seed46810.png
9.897366,-13.499313,seed46811.png
15.068121,-39.686058,seed46812.png
-28.675531,3.5290098,seed46813.png
17.860096,20.701742,seed46814.png
24.094147,19.490496,seed46815.png
-19.05494,-9.125291,seed46816.png
28.962137,12.619971,seed46817.png
-30.025043,20.681257,seed46818.png
-25.31909,-10.196125,seed46819.png
-19.041739,-15.141202,seed4682.png
2.7116709,11.940987,seed46820.png
14.182991,11.266496,seed46821.png
11.666265,-41.995895,seed46822.png
28.029821,13.16162,seed46823.png
-20.108675,-1.3596119,seed46824.png
30.169874,5.9420424,seed46825.png
-17.718649,-18.572306,seed46826.png
24.99778,22.258562,seed46827.png
-13.904569,-27.555565,seed46828.png
6.9334297,16.774645,seed46829.png
11.135085,18.49772,seed4683.png
7.863104,-2.8046243,seed46830.png
10.050889,6.266889,seed46831.png
-5.007116,-19.48444,seed46832.png
-2.8482406,-4.4905586,seed46833.png
23.220123,-5.008829,seed46834.png
-0.16618186,21.528627,seed46835.png
-21.432009,-24.953243,seed46836.png
10.302406,-0.55968034,seed46837.png
17.993132,19.693201,seed46838.png
-24.159716,-11.832719,seed46839.png
35.47257,2.6803346,seed4684.png
9.304182,4.5316195,seed46840.png
6.5534077,-35.942017,seed46841.png
-19.317352,-4.508522,seed46842.png
-31.434568,21.773726,seed46843.png
-16.97233,-23.780863,seed46844.png
37.907993,20.80166,seed46845.png
28.714386,27.742002,seed46846.png
3.7744594,14.650748,seed46847.png
40.13148,20.747564,seed46848.png
-25.423721,-16.583801,seed46849.png
17.82564,-7.819914,seed4685.png
12.203939,15.665317,seed46850.png
-8.145706,-12.881678,seed46851.png
-26.267176,8.872153,seed46852.png
10.46631,-31.764038,seed46853.png
-27.285809,-4.381689,seed46854.png
15.122512,18.040052,seed46855.png
17.02518,7.591168,seed46856.png
-11.708607,-25.097923,seed46857.png
-11.485443,2.436611,seed46858.png
-28.719828,-11.988402,seed46859.png
26.040485,16.25739,seed4686.png
-30.300606,9.0525465,seed46860.png
-24.012896,-0.26627752,seed46861.png
1.9314175,-28.286379,seed46862.png
4.34685,-1.4785521,seed46863.png
8.971344,-6.792745,seed46864.png
16.911688,-7.133571,seed46865.png
-26.03647,10.686045,seed46866.png
-36.368263,23.633884,seed46867.png
22.069136,16.33118,seed46868.png
38.954777,19.40762,seed46869.png
8.64826,7.291704,seed4687.png
-4.0267177,-10.585477,seed46870.png
-21.981998,-7.5933213,seed46871.png
25.021908,0.708402,seed46872.png
-8.921917,-16.927147,seed46873.png
-2.6465979,-15.8596735,seed46874.png
-25.520544,6.497847,seed46875.png
-34.57542,15.148335,seed46876.png
-8.218758,-15.080088,seed46877.png
-7.0063615,4.8202887,seed46878.png
-20.867634,-14.963739,seed46879.png
6.8268633,-25.767256,seed4688.png
-24.399635,10.448089,seed46880.png
11.039275,-24.710972,seed46881.png
-12.723302,-13.366145,seed46882.png
15.229621,5.2369313,seed46883.png
-11.089611,-29.399141,seed46884.png
-27.468634,-7.2044578,seed46885.png
-24.517065,-17.180817,seed46886.png
-14.188909,-24.675076,seed46887.png
-16.631119,-32.52189,seed46888.png
8.04366,-32.262253,seed46889.png
11.908507,-26.9396,seed4689.png
-24.365263,-7.890924,seed46890.png
35.93318,20.888882,seed46891.png
1.1360148,2.3348925,seed46892.png
40.549713,19.47861,seed46893.png
-31.473995,24.523245,seed46894.png
-36.439247,23.438848,seed46895.png
-13.421711,-11.476017,seed46896.png
14.224628,-22.972525,seed46897.png
10.930291,-41.398403,seed46898.png
11.399,2.8937018,seed46899.png
-8.671196,14.16778,seed4690.png
2.9564471,-14.844621,seed46900.png
22.40496,-0.8553795,seed46901.png
25.625685,13.216159,seed46902.png
14.03845,25.137049,seed46903.png
-1.3197589,-3.7990143,seed46904.png
-23.236544,-10.571208,seed46905.png
-26.056341,-5.7246537,seed46906.png
14.540279,27.825132,seed46907.png
-14.455067,-31.97318,seed46908.png
11.62303,-25.80087,seed46909.png
-1.7275056,25.176443,seed4691.png
-21.624393,-0.9528137,seed46910.png
-4.2001605,-16.468061,seed46911.png
8.536305,-34.167816,seed46912.png
29.916018,15.626325,seed46913.png
-24.52604,-14.697806,seed46914.png
25.873304,17.029545,seed46915.png
-12.196898,-3.1788352,seed46916.png
-12.087564,-19.75452,seed46917.png
17.395937,0.8878078,seed46918.png
-17.133898,2.932553,seed46919.png
13.09354,19.561592,seed4692.png
4.477792,11.57474,seed46920.png
-4.118034,-13.422246,seed46921.png
-4.3390326,16.456837,seed46922.png
6.786852,9.035555,seed46923.png
-4.8706546,-22.165016,seed46924.png
-32.860283,16.113726,seed46925.png
1.6335928,4.48651,seed46926.png
-17.56325,-23.660513,seed46927.png
-17.478413,-20.650085,seed46928.png
29.76539,-0.9928039,seed46929.png
-3.3080714,-2.3732374,seed4693.png
30.517527,29.748085,seed46930.png
9.628059,-39.820404,seed46931.png
4.305713,-34.613083,seed46932.png
-23.310534,-19.410564,seed46933.png
7.1347284,-6.313176,seed46934.png
-31.631292,-8.876545,seed46935.png
-31.993505,20.940374,seed46936.png
-21.760544,15.485454,seed46937.png
0.67243505,20.70095,seed46938.png
0.1689427,19.646902,seed46939.png
12.129979,-25.95121,seed4694.png
10.791955,18.077902,seed46940.png
20.397814,-1.6676028,seed46941.png
28.213846,24.888304,seed46942.png
-24.739975,-15.24086,seed46943.png
14.967871,-37.963394,seed46944.png
-30.976332,-20.035324,seed46945.png
-17.485123,-17.493303,seed46946.png
-13.68244,-5.536124,seed46947.png
3.453144,22.719973,seed46948.png
-31.962986,13.94696,seed46949.png
33.978016,7.094597,seed4695.png
-17.035208,-17.934023,seed46950.png
18.22076,-6.01175,seed46951.png
7.694283,3.8361545,seed46952.png
-1.8032428,-15.601342,seed46953.png
-27.65695,10.560111,seed46954.png
3.29428,-12.566129,seed46955.png
6.6632147,-37.796535,seed46956.png
11.093958,17.774324,seed46957.png
-11.423852,-10.788724,seed46958.png
13.069886,-36.24031,seed46959.png
-15.322826,-5.7807884,seed4696.png
21.230154,-6.387366,seed46960.png
29.929598,11.794034,seed46961.png
-16.599422,-8.211173,seed46962.png
-23.119602,-23.258669,seed46963.png
-9.80436,-18.491625,seed46964.png
-23.68717,13.412076,seed46965.png
-30.993494,20.180483,seed46966.png
-25.90447,-3.2633593,seed46967.png
11.177131,-6.937944,seed46968.png
-3.2492929,-1.3054334,seed46969.png
-1.3634963,-14.623545,seed4697.png
-24.504597,-5.72638,seed46970.png
12.980362,14.081633,seed46971.png
34.22294,27.352314,seed46972.png
-5.5388074,-12.440876,seed46973.png
-15.958322,4.878955,seed46974.png
-6.050309,-5.4400897,seed46975.png
3.533466,-1.2536361,seed46976.png
10.389289,-33.754993,seed46977.png
-8.214127,-12.262949,seed46978.png
17.803244,11.500189,seed46979.png
10.014071,18.127611,seed4698.png
-25.006128,-8.083889,seed46980.png
15.828521,1.7880275,seed46981.png
-14.998847,-29.23001,seed46982.png
10.229911,-41.987026,seed46983.png
-10.908868,-18.715254,seed46984.png
13.635003,-8.307289,seed46985.png
31.023134,17.107431,seed46986.png
19.074049,3.9495385,seed46987.png
-33.08015,17.2169,seed46988.png
35.865383,17.55793,seed46989.png
-14.294033,-2.8679628,seed4699.png
15.764445,23.338753,seed46990.png
20.67422,21.034855,seed46991.png
29.861412,5.5590215,seed46992.png
-19.388266,-3.189947,seed46993.png
-32.383434,7.5922203,seed46994.png
-23.6658,13.704488,seed46995.png
-9.64338,-2.585007,seed46996.png
4.291515,6.8785763,seed46997.png
-14.10308,-23.706291,seed46998.png
14.572559,-33.70009,seed46999.png
17.417948,8.064163,seed4700.png
-24.524893,-15.691395,seed47000.png
-13.28284,0.19598098,seed47001.png
29.821943,-2.764119,seed47002.png
19.526068,5.714173,seed47003.png
20.801037,15.322675,seed47004.png
-26.301788,3.8936036,seed47005.png
-31.681381,23.425,seed47006.png
-23.210327,-20.504862,seed47007.png
-26.702927,-10.084698,seed47008.png
-33.317284,15.53738,seed47009.png
-32.105385,12.246497,seed4701.png
-33.849503,23.175869,seed47010.png
-31.673965,26.748121,seed47011.png
23.961185,20.969206,seed47012.png
1.9466573,-15.104081,seed47013.png
26.774672,26.55356,seed47014.png
-20.924332,-3.9803133,seed47015.png
8.866302,23.470121,seed47016.png
37.346565,21.598307,seed47017.png
22.585478,22.585234,seed47018.png
-15.847401,-19.765959,seed47019.png
34.02613,20.512747,seed4702.png
12.047885,1.4673324,seed47020.png
26.90457,3.3930123,seed47021.png
17.002882,16.697422,seed47022.png
26.136408,-3.7687685,seed47023.png
38.702686,15.171304,seed47024.png
-20.702963,-21.158682,seed47025.png
0.73072547,1.3047165,seed47026.png
-34.758816,26.998589,seed47027.png
14.329675,-32.43588,seed47028.png
0.61821747,-1.7927325,seed47029.png
18.379152,6.1234627,seed4703.png
22.493036,20.672115,seed47030.png
34.731995,7.8790607,seed47031.png
-19.081455,-2.4785979,seed47032.png
31.84883,9.906204,seed47033.png
-21.405523,19.646116,seed47034.png
-28.282625,-15.196296,seed47035.png
-23.23652,0.35435846,seed47036.png
21.738787,11.891939,seed47037.png
-15.299647,1.6467524,seed47038.png
-17.420275,-29.733345,seed47039.png
-12.097477,-16.725058,seed4704.png
-33.296616,-1.0556903,seed47040.png
-2.5423183,-17.325718,seed47041.png
12.817113,-28.521673,seed47042.png
-26.680454,-12.221018,seed47043.png
-21.641392,-4.237161,seed47044.png
14.968135,2.9781976,seed47045.png
31.716417,11.855658,seed47046.png
20.085728,2.7944689,seed47047.png
26.74667,20.20283,seed47048.png
29.524982,9.197772,seed47049.png
20.562084,-0.69468963,seed4705.png
-20.429663,-7.7230725,seed47050.png
13.912265,-2.3306763,seed47051.png
1.7675616,11.685874,seed47052.png
8.583782,-35.2268,seed47053.png
-2.0366423,22.068655,seed47054.png
-24.872908,-1.4010223,seed47055.png
28.946068,8.52157,seed47056.png
14.102013,-10.303689,seed47057.png
-23.328447,-22.216093,seed47058.png
-13.12336,-14.3665695,seed47059.png
11.957743,-22.52531,seed4706.png
-33.199654,24.76219,seed47060.png
24.214907,17.60916,seed47061.png
3.8026762,7.957279,seed47062.png
-30.662598,20.297476,seed47063.png
17.840464,17.138857,seed47064.png
-29.886772,11.477498,seed47065.png
-19.937292,-3.7643592,seed47066.png
-31.424255,20.300552,seed47067.png
34.379852,20.14327,seed47068.png
35.07679,26.28668,seed47069.png
6.084728,-33.864056,seed4707.png
-16.489168,11.544337,seed47070.png
-10.339493,-22.134878,seed47071.png
4.719584,19.192451,seed47072.png
-34.49837,27.59062,seed47073.png
0.0193758,4.537398,seed47074.png
7.326557,22.840643,seed47075.png
3.8325992,5.1342907,seed47076.png
3.6704595,-13.806009,seed47077.png
-0.183031,13.017903,seed47078.png
5.7634807,-4.729867,seed47079.png
9.847472,4.5124516,seed4708.png
-23.126333,-3.8274198,seed47080.png
-26.168655,-5.7870684,seed47081.png
13.852719,22.124468,seed47082.png
-28.918074,-10.124301,seed47083.png
29.365614,6.7366467,seed47084.png
-32.674862,-10.250365,seed47085.png
12.076537,-33.56671,seed47086.png
-28.389946,5.5249143,seed47087.png
-19.848196,-16.633297,seed47088.png
37.90274,20.369352,seed47089.png
-11.735169,-29.72794,seed4709.png
41.121723,22.148941,seed47090.png
16.936064,-6.261442,seed47091.png
-16.202145,-5.779854,seed47092.png
-3.0522902,-9.356099,seed47093.png
12.88645,22.554409,seed47094.png
-32.93707,1.1519496,seed47095.png
10.522417,0.44482028,seed47096.png
-11.840206,4.158929,seed47097.png
25.8947,12.691534,seed47098.png
12.077616,-11.400525,seed47099.png
-29.32109,-9.039448,seed4710.png
-29.967104,11.2380295,seed47100.png
28.914444,4.970448,seed47101.png
11.462228,-41.09442,seed47102.png
13.801659,24.49707,seed47103.png
-16.07014,2.4982026,seed47104.png
4.413856,7.1147046,seed47105.png
7.2928658,-31.289513,seed47106.png
-18.058603,-14.9395,seed47107.png
37.426674,19.608223,seed47108.png
1.8157568,19.89003,seed47109.png
-2.0471163,-11.211033,seed4711.png
-28.680927,-3.615702,seed47110.png
26.973394,1.0335753,seed47111.png
17.630901,14.1138525,seed47112.png
-6.141926,-4.935418,seed47113.png
-15.370157,-17.16338,seed47114.png
12.840306,-38.237904,seed47115.png
-22.577442,-7.835966,seed47116.png
7.8895316,-37.102787,seed47117.png
-16.309484,-9.379826,seed47118.png
-17.32509,-9.04369,seed47119.png
16.025892,8.9165745,seed4712.png
34.67631,23.269749,seed47120.png
-25.032341,-6.3854213,seed47121.png
27.849966,19.883842,seed47122.png
20.01042,-2.674,seed47123.png
-23.870941,-11.626063,seed47124.png
12.372667,-39.34328,seed47125.png
-16.27029,4.6338134,seed47126.png
17.259336,16.048922,seed47127.png
11.535784,-4.3292184,seed47128.png
7.047484,1.4491463,seed47129.png
-16.701735,-14.076655,seed4713.png
-21.308243,5.5912514,seed47130.png
-22.347889,18.927473,seed47131.png
36.61519,10.634569,seed47132.png
-19.269228,-16.613792,seed47133.png
2.2034006,22.24337,seed47134.png
1.0792695,14.6685915,seed47135.png
-33.628468,10.430405,seed47136.png
37.097424,20.675789,seed47137.png
-12.187698,-21.901293,seed47138.png
-31.62826,7.6071,seed47139.png
-11.02512,-17.419594,seed4714.png
-27.641075,-6.4569187,seed47140.png
18.4592,-8.511843,seed47141.png
29.601686,4.729816,seed47142.png
17.343336,21.002398,seed47143.png
-19.075104,5.9246182,seed47144.png
9.389992,-29.442703,seed47145.png
-36.55837,17.888826,seed47146.png
12.48641,-26.952108,seed47147.png
7.7117867,4.297,seed47148.png
4.6326046,-27.797798,seed47149.png
14.43355,-1.582169,seed4715.png
-21.88547,-13.169916,seed47150.png
3.761789,15.823386,seed47151.png
13.833505,-40.041504,seed47152.png
17.332462,23.194578,seed47153.png
-13.966626,-23.968222,seed47154.png
-31.219719,15.628221,seed47155.png
8.9520035,-28.62722,seed47156.png
2.096876,24.505657,seed47157.png
-17.006771,-9.789156,seed47158.png
-27.496548,1.8713989,seed47159.png
35.05572,13.10434,seed4716.png
-24.78083,9.399002,seed47160.png
-32.944374,23.881845,seed47161.png
18.677118,22.990816,seed47162.png
-10.579722,-27.584831,seed47163.png
-25.733181,-10.588622,seed47164.png
-15.946676,-18.08909,seed47165.png
31.10845,27.79341,seed47166.png
-21.83249,17.55278,seed47167.png
16.45812,19.07768,seed47168.png
20.090282,-3.947842,seed47169.png
14.393124,-31.295122,seed4717.png
31.103384,2.173381,seed47170.png
3.252955,6.238357,seed47171.png
14.815979,-31.342554,seed47172.png
-30.809422,13.384837,seed47173.png
23.484194,-2.167443,seed47174.png
-31.098955,18.024014,seed47175.png
25.648884,-4.2915177,seed47176.png
10.753586,-39.924984,seed47177.png
-17.282381,-8.511603,seed47178.png
-10.56939,-11.324453,seed47179.png
11.673844,13.053147,seed4718.png
32.63434,25.488955,seed47180.png
23.193811,17.57281,seed47181.png
-22.914505,4.7969446,seed47182.png
34.15701,16.338182,seed47183.png
-24.611132,-26.874899,seed47184.png
25.780817,13.6281185,seed47185.png
22.012753,20.183674,seed47186.png
4.880546,25.350208,seed47187.png
41.135864,18.730843,seed47188.png
25.070019,-4.903843,seed47189.png
27.396076,8.143736,seed4719.png
-11.227747,-14.932409,seed47190.png
14.575621,-40.195454,seed47191.png
32.158615,6.244963,seed47192.png
20.576387,-3.4639513,seed47193.png
-24.685026,-20.161747,seed47194.png
-20.86046,-24.152897,seed47195.png
16.924057,8.456925,seed47196.png
-30.099344,18.915163,seed47197.png
-7.8245635,-2.2956443,seed47198.png
-19.731417,-23.434683,seed47199.png
11.316362,-41.974945,seed4720.png
-13.181051,-30.939869,seed47200.png
-18.612526,6.1843767,seed47201.png
-14.6562805,-12.599609,seed47202.png
10.075886,27.304766,seed47203.png
-27.818195,12.090669,seed47204.png
11.995438,13.972122,seed47205.png
-23.897959,-8.437746,seed47206.png
-2.450559,-23.038443,seed47207.png
15.625559,-7.3897243,seed47208.png
-35.56115,4.2196193,seed47209.png
5.4365253,2.5249605,seed4721.png
-7.951655,11.004376,seed47210.png
-29.607351,-2.4393466,seed47211.png
-20.42749,-4.3971915,seed47212.png
15.257661,-7.711796,seed47213.png
14.264899,-27.387484,seed47214.png
3.9768395,-13.4519415,seed47215.png
16.941801,10.794382,seed47216.png
-25.029745,-11.017937,seed47217.png
8.34597,-28.151012,seed47218.png
-21.743822,-16.485996,seed47219.png
-20.728,-15.233332,seed4722.png
-0.14420773,-8.376672,seed47220.png
-21.625837,-23.331697,seed47221.png
-17.63413,-6.83363,seed47222.png
-17.539288,-10.371372,seed47223.png
14.5088215,-9.6676655,seed47224.png
-8.429687,-26.086826,seed47225.png
15.595444,14.048265,seed47226.png
0.12168962,25.387997,seed47227.png
6.8877096,-29.651878,seed47228.png
34.14067,27.230133,seed47229.png
28.196907,7.817006,seed4723.png
1.9579335,20.821703,seed47230.png
11.476741,1.0092382,seed47231.png
-21.253727,-28.239416,seed47232.png
-0.71305275,-17.235373,seed47233.png
16.248375,3.3890133,seed47234.png
17.460407,21.914873,seed47235.png
-9.822557,-2.6359713,seed47236.png
9.909508,-22.011465,seed47237.png
-22.65077,-1.6441175,seed47238.png
6.8433814,6.446224,seed47239.png
-29.93416,1.745072,seed4724.png
-33.432076,-7.0235586,seed47240.png
0.70399237,19.457872,seed47241.png
0.4388128,-17.195349,seed47242.png
-6.3421125,-4.3969493,seed47243.png
20.939133,15.15362,seed47244.png
38.12439,14.100961,seed47245.png
12.797848,28.02077,seed47246.png
25.12935,-4.048075,seed47247.png
2.1458306,10.653647,seed47248.png
-20.201704,12.794374,seed47249.png
38.41762,20.477188,seed4725.png
0.7082342,-14.104315,seed47250.png
37.324642,10.51327,seed47251.png
-3.5068529,-13.314409,seed47252.png
-33.05274,19.693432,seed47253.png
6.7531056,1.2560792,seed47254.png
-2.6610956,5.3374863,seed47255.png
-27.072273,12.607116,seed47256.png
-26.157625,-8.978751,seed47257.png
7.186502,5.9910154,seed47258.png
26.016682,8.147406,seed47259.png
30.835669,4.6527553,seed4726.png
-32.456158,-1.9353752,seed47260.png
31.600965,24.455544,seed47261.png
28.171284,10.591504,seed47262.png
-27.400568,-11.981973,seed47263.png
10.071328,26.17719,seed47264.png
-13.608494,-12.857324,seed47265.png
-34.837185,25.869171,seed47266.png
21.096603,20.439802,seed47267.png
17.665535,19.323065,seed47268.png
-15.313135,-30.630177,seed47269.png
2.8503482,-3.0422788,seed4727.png
-13.37937,5.902455,seed47270.png
-16.900015,-4.659986,seed47271.png
5.987155,-26.640165,seed47272.png
19.289724,19.02029,seed47273.png
-24.78644,-5.266645,seed47274.png
28.488972,1.4570996,seed47275.png
-34.868786,27.363201,seed47276.png
22.51861,-8.997233,seed47277.png
-32.700882,26.400566,seed47278.png
12.318567,-21.7131,seed47279.png
12.032145,-31.55297,seed4728.png
-1.7433826,12.304101,seed47280.png
-19.894386,-29.548101,seed47281.png
-27.899883,-16.874462,seed47282.png
12.409874,26.096066,seed47283.png
-30.900969,19.7567,seed47284.png
-23.255663,5.572752,seed47285.png
-33.65891,-4.6667333,seed47286.png
-30.948635,0.2785818,seed47287.png
37.68864,15.562007,seed47288.png
-20.536598,-2.5374537,seed47289.png
7.1766167,25.07681,seed4729.png
23.4003,-4.0559688,seed47290.png
5.7432704,-28.740753,seed47291.png
-26.286749,4.508796,seed47292.png
3.525352,25.032791,seed47293.png
14.93492,-33.437576,seed47294.png
-13.467515,-5.9642844,seed47295.png
3.9931703,8.045182,seed47296.png
16.292845,11.663082,seed47297.png
11.28092,-42.100525,seed47298.png
34.626495,7.884308,seed47299.png
-21.609943,-24.486496,seed4730.png
-29.681303,4.285308,seed47300.png
-30.17932,19.559378,seed47301.png
31.981272,18.368206,seed47302.png
9.139732,17.818516,seed47303.png
-23.684717,-0.031463947,seed47304.png
-22.793804,-22.532578,seed47305.png
-26.46778,-16.899717,seed47306.png
-31.191809,24.652094,seed47307.png
9.752374,-40.018757,seed47308.png
-8.147582,-19.03549,seed47309.png
12.3408375,-42.642715,seed4731.png
-20.207191,-20.728745,seed47310.png
12.132561,-39.781097,seed47311.png
8.650939,-34.261448,seed47312.png
29.726995,23.776697,seed47313.png
5.0897317,10.068117,seed47314.png
38.559853,22.559423,seed47315.png
0.025607346,23.370596,seed47316.png
-9.705252,-21.695042,seed47317.png
11.149671,19.90002,seed47318.png
11.127558,-35.988792,seed47319.png
25.534475,20.340487,seed4732.png
15.112671,-4.769141,seed47320.png
11.071705,-41.54342,seed47321.png
13.548261,7.3360043,seed47322.png
-23.313402,13.835244,seed47323.png
4.23085,-22.414816,seed47324.png
-9.908417,-17.612772,seed47325.png
23.924831,15.345335,seed47326.png
22.152689,19.058119,seed47327.png
-13.496421,-16.901964,seed47328.png
-25.880983,-0.62444794,seed47329.png
24.458742,24.471502,seed4733.png
-20.098602,-19.010092,seed47330.png
7.81064,2.9516807,seed47331.png
-24.321203,3.5015237,seed47332.png
-7.247229,2.6093316,seed47333.png
-33.494095,15.890876,seed47334.png
-14.611428,-10.877147,seed47335.png
-33.52816,23.726912,seed47336.png
-23.51052,3.179468,seed47337.png
-13.433596,-13.636345,seed47338.png
-32.672558,-9.808105,seed47339.png
-28.077108,-6.492598,seed4734.png
-13.647418,-0.36815783,seed47340.png
-21.016655,18.331758,seed47341.png
13.851521,8.467265,seed47342.png
28.713192,6.3221645,seed47343.png
-20.515371,-4.8044324,seed47344.png
-24.765432,-9.214104,seed47345.png
-9.567465,-20.593826,seed47346.png
4.703917,-25.703056,seed47347.png
-13.034533,-10.324643,seed47348.png
11.023623,-24.5707,seed47349.png
-26.784891,-9.144072,seed4735.png
22.91293,-5.5691013,seed47350.png
-23.161116,16.00051,seed47351.png
12.564928,-1.4513153,seed47352.png
-28.308105,-4.138732,seed47353.png
-17.28963,-15.212533,seed47354.png
-15.440409,-15.029634,seed47355.png
-7.16207,-15.703793,seed47356.png
17.831264,3.5193362,seed47357.png
-7.0712643,0.0904378,seed47358.png
-21.412502,10.659231,seed47359.png
16.46577,22.536963,seed4736.png
25.170734,12.995625,seed47360.png
4.0182977,-5.362561,seed47361.png
9.605498,2.80786,seed47362.png
-7.616607,-15.263446,seed47363.png
30.827894,22.547922,seed47364.png
-28.658241,-16.362762,seed47365.png
3.865998,-10.0713825,seed47366.png
36.5547,10.703871,seed47367.png
11.707745,12.570949,seed47368.png
37.288597,17.057383,seed47369.png
14.884154,-7.1018186,seed4737.png
-25.114637,-5.9103727,seed47370.png
-9.848417,-17.566238,seed47371.png
-0.9135873,23.792358,seed47372.png
5.470262,24.916046,seed47373.png
-29.41347,6.394639,seed47374.png
18.042538,22.19095,seed47375.png
-4.09875,3.8112023,seed47376.png
-1.6044271,19.023466,seed47377.png
8.735841,21.738596,seed47378.png
-17.990578,-28.697021,seed47379.png
-7.5125675,-12.977596,seed4738.png
-17.959478,-16.810833,seed47380.png
29.424757,2.5218625,seed47381.png
-19.993826,-26.571812,seed47382.png
15.4045315,-32.537342,seed47383.png
2.9428158,25.202501,seed47384.png
38.055004,23.512066,seed47385.png
6.4747934,-27.409525,seed47386.png
30.730343,3.8850195,seed47387.png
-13.181313,-27.963018,seed47388.png
-20.01231,-11.631851,seed47389.png
28.380701,7.9758425,seed4739.png
20.635347,6.9640307,seed47390.png
-1.3758427,-8.261314,seed47391.png
-19.408724,-6.8804426,seed47392.png
-21.105165,-21.023342,seed47393.png
-23.190395,-0.41088015,seed47394.png
28.787947,4.574324,seed47395.png
-33.42938,17.11422,seed47396.png
-12.592963,-20.967886,seed47397.png
1.6379517,21.415846,seed47398.png
-14.661677,-0.32215643,seed47399.png
-13.175135,-12.337684,seed4740.png
6.5754995,2.7410948,seed47400.png
20.126827,-4.565523,seed47401.png
18.79319,-6.3287807,seed47402.png
16.939903,-37.06846,seed47403.png
21.739738,-6.074671,seed47404.png
5.223987,14.935709,seed47405.png
35.259487,5.9159594,seed47406.png
39.785534,21.701866,seed47407.png
10.2084255,-31.894703,seed47408.png
8.83771,-37.96014,seed47409.png
-15.690422,-29.20914,seed4741.png
33.00427,19.785437,seed47410.png
9.254167,7.9988103,seed47411.png
-19.231512,-3.0535705,seed47412.png
-26.845037,13.979964,seed47413.png
13.468941,18.745226,seed47414.png
-7.59785,-23.06204,seed47415.png
26.6031,27.763357,seed47416.png
17.408262,21.95196,seed47417.png
14.371084,9.543104,seed47418.png
-10.298854,-20.674253,seed47419.png
32.86601,24.617886,seed4742.png
20.161926,5.4478326,seed47420.png
35.544605,10.34013,seed47421.png
34.230312,22.9023,seed47422.png
-31.465616,24.488228,seed47423.png
18.089489,12.667092,seed47424.png
-25.552382,-5.6966443,seed47425.png
-13.548436,1.7341722,seed47426.png
-33.37017,-13.761113,seed47427.png
-13.698575,-2.9760623,seed47428.png
-16.403585,7.923277,seed47429.png
17.626087,3.0160186,seed4743.png
-20.149408,18.051031,seed47430.png
10.442286,-40.07188,seed47431.png
-5.182557,-4.6685195,seed47432.png
3.8195758,22.117365,seed47433.png
-16.768501,4.219,seed47434.png
-22.250076,13.650613,seed47435.png
-32.8862,21.982296,seed47436.png
-11.632044,9.067429,seed47437.png
-18.06258,-2.6658244,seed47438.png
-7.8499575,-21.969013,seed47439.png
29.808865,9.180346,seed4744.png
-7.907585,-23.14939,seed47440.png
31.749903,6.1841555,seed47441.png
-4.922275,-21.01375,seed47442.png
16.246645,11.21361,seed47443.png
24.39857,18.600304,seed47444.png
-16.883192,-27.709164,seed47445.png
-27.254902,-5.54244,seed47446.png
15.110054,-4.28441,seed47447.png
25.525269,12.638792,seed47448.png
-21.351927,-29.03461,seed47449.png
-16.606167,-28.55596,seed4745.png
-25.17332,7.005123,seed47450.png
9.294886,-28.148716,seed47451.png
-15.533604,7.539054,seed47452.png
-30.989042,3.6150208,seed47453.png
-35.252563,-6.4910464,seed47454.png
9.397917,17.063065,seed47455.png
5.821767,0.8936214,seed47456.png
28.625977,18.41749,seed47457.png
23.68392,10.757771,seed47458.png
12.316215,19.661,seed47459.png
-12.989111,0.29420736,seed4746.png
14.884154,-37.39527,seed47460.png
-19.02546,-16.026478,seed47461.png
-26.487123,-11.785168,seed47462.png
-33.13825,-9.647042,seed47463.png
-7.389971,-19.861206,seed47464.png
-12.999262,-10.445163,seed47465.png
5.0729575,12.508123,seed47466.png
-21.830355,-1.550717,seed47467.png
18.601513,-1.269141,seed47468.png
29.273787,13.785391,seed47469.png
20.207468,9.265993,seed4747.png
21.485006,3.7738526,seed47470.png
-19.66647,-24.518679,seed47471.png
12.5308,-23.555408,seed47472.png
27.368498,1.5129617,seed47473.png
-12.810193,-15.656532,seed47474.png
10.2213125,-29.162073,seed47475.png
-21.215624,10.460218,seed47476.png
-7.514947,-2.8376756,seed47477.png
37.88,9.514775,seed47478.png
-29.406994,12.33819,seed47479.png
23.317507,13.9967,seed4748.png
4.407794,6.3805437,seed47480.png
29.781275,5.420105,seed47481.png
-19.0433,-13.167167,seed47482.png
-26.264914,15.779252,seed47483.png
-13.277906,2.3340678,seed47484.png
-4.3584366,-10.314313,seed47485.png
-25.469357,-5.451112,seed47486.png
-21.164673,-3.27965,seed47487.png
32.115604,4.6688995,seed47488.png
2.7939897,6.8594465,seed47489.png
-34.725155,6.686177,seed4749.png
16.318289,2.4789062,seed47490.png
40.153206,18.446287,seed47491.png
18.536173,20.346087,seed47492.png
8.616382,10.866608,seed47493.png
39.229866,24.599144,seed47494.png
-24.859766,13.512272,seed47495.png
16.975843,23.489788,seed47496.png
9.504708,24.192192,seed47497.png
-20.911812,11.732327,seed47498.png
14.3368845,-36.87698,seed47499.png
30.686195,15.74595,seed4750.png
-1.4031668,25.867958,seed47500.png
-32.34117,-18.825342,seed47501.png
-32.55864,11.283945,seed47502.png
-32.802963,20.178373,seed47503.png
3.0062487,20.253422,seed47504.png
-33.120018,22.65288,seed47505.png
-27.866821,12.377312,seed47506.png
-27.608387,-1.7847786,seed47507.png
16.90106,-33.978115,seed47508.png
-18.601719,-15.684778,seed47509.png
3.0094378,2.846615,seed4751.png
21.346123,5.3080945,seed47510.png
-16.27912,-17.020576,seed47511.png
20.911724,20.510258,seed47512.png
12.050008,26.487432,seed47513.png
-37.252674,17.48897,seed47514.png
31.451189,12.23817,seed47515.png
-1.1636792,-12.885506,seed47516.png
9.189292,3.5666559,seed47517.png
-5.3397083,5.9141064,seed47518.png
-14.665403,-17.34224,seed47519.png
2.9611585,-11.349231,seed4752.png
-11.619372,-9.796902,seed47520.png
39.283405,22.937975,seed47521.png
-26.305107,12.604299,seed47522.png
13.329404,15.075807,seed47523.png
4.0842786,19.770916,seed47524.png
32.36284,26.559883,seed47525.png
-29.796556,18.223549,seed47526.png
-29.020456,11.406438,seed47527.png
35.156826,4.142013,seed47528.png
31.1586,21.494238,seed47529.png
-27.178198,18.367067,seed4753.png
-0.15199693,-23.741032,seed47530.png
10.761311,-35.99464,seed47531.png
-20.059086,-24.198858,seed47532.png
14.927819,-40.666927,seed47533.png
-23.370907,-19.167503,seed47534.png
34.497784,14.025901,seed47535.png
-26.38543,4.1901584,seed47536.png
-10.09204,-6.305991,seed47537.png
27.224752,14.743659,seed47538.png
19.921894,23.690897,seed47539.png
-26.709354,9.374234,seed4754.png
-10.69289,-25.905378,seed47540.png
-28.980844,-6.3549256,seed47541.png
-26.450243,11.153452,seed47542.png
-2.908721,-15.79107,seed47543.png
16.60795,28.530127,seed47544.png
38.299442,8.601413,seed47545.png
-24.146698,15.5668335,seed47546.png
13.306577,-34.426964,seed47547.png
-9.873742,-20.978828,seed47548.png
-10.677274,1.7229989,seed47549.png
15.610587,17.90864,seed4755.png
-21.164455,-4.561143,seed47550.png
39.60728,21.832186,seed47551.png
-24.651192,-1.1061053,seed47552.png
-33.0689,15.464014,seed47553.png
-34.294586,-1.2549403,seed47554.png
-13.782817,-25.254839,seed47555.png
-9.214415,15.451409,seed47556.png
12.081533,-31.331781,seed47557.png
40.881153,20.4268,seed47558.png
40.448692,22.744457,seed47559.png
9.867967,1.6323173,seed4756.png
11.885076,-39.70831,seed47560.png
-10.846834,-13.223883,seed47561.png
3.9341207,17.959827,seed47562.png
-12.174123,-12.753101,seed47563.png
-22.635601,-6.167664,seed47564.png
4.7054205,-13.454319,seed47565.png
23.593092,24.10605,seed47566.png
-23.865791,13.9942255,seed47567.png
22.111898,21.364452,seed47568.png
-7.3730702,6.3340344,seed47569.png
-21.252016,7.901546,seed4757.png
5.810529,2.8138926,seed47570.png
16.398973,12.231465,seed47571.png
-11.360463,-16.807993,seed47572.png
12.932127,6.481019,seed47573.png
-30.403646,3.4572296,seed47574.png
12.0298395,-32.071106,seed47575.png
10.963055,-34.84795,seed47576.png
15.156841,-33.580822,seed47577.png
-10.645046,7.772305,seed47578.png
24.168158,14.784114,seed47579.png
31.358738,11.801761,seed4758.png
31.790586,16.946583,seed47580.png
-19.777582,-17.447289,seed47581.png
37.562374,9.258396,seed47582.png
9.568578,-7.4316816,seed47583.png
12.828531,11.057051,seed47584.png
-19.585236,-26.774973,seed47585.png
16.995052,-9.351833,seed47586.png
5.1477437,12.892867,seed47587.png
-6.1906495,2.9012341,seed47588.png
30.582216,4.4312754,seed47589.png
35.989002,21.822365,seed4759.png
24.633339,1.8134661,seed47590.png
-14.219478,-6.4624314,seed47591.png
19.817667,6.4888563,seed47592.png
29.557596,10.593947,seed47593.png
-8.143129,-8.106774,seed47594.png
36.894615,15.449784,seed47595.png
20.501713,14.4201765,seed47596.png
2.419893,-25.088093,seed47597.png
5.3666286,17.182774,seed47598.png
-21.821587,-27.94873,seed47599.png
-34.821056,21.653158,seed4760.png
36.578865,9.010568,seed47600.png
26.008583,12.630147,seed47601.png
-23.284943,6.5086055,seed47602.png
18.977774,23.457022,seed47603.png
-8.860921,-15.831719,seed47604.png
-28.4002,8.984091,seed47605.png
-3.5394838,-14.524529,seed47606.png
-9.897904,-5.636517,seed47607.png
29.989502,19.98747,seed47608.png
36.112404,22.637728,seed47609.png
10.308352,0.2788654,seed4761.png
30.979563,26.001957,seed47610.png
-21.921976,-22.770813,seed47611.png
23.002323,0.8318464,seed47612.png
23.352665,-0.3724687,seed47613.png
13.569048,-7.4811525,seed47614.png
10.663,-38.458252,seed47615.png
-23.633066,-21.030945,seed47616.png
13.13407,-34.616234,seed47617.png
-27.06882,-3.1878347,seed47618.png
-29.846264,4.157327,seed47619.png
-32.777412,25.9329,seed4762.png
24.564098,12.542584,seed47620.png
7.957856,-1.5954981,seed47621.png
-13.527326,-19.716568,seed47622.png
36.565613,16.104824,seed47623.png
8.145874,-40.39962,seed47624.png
10.734216,-37.606297,seed47625.png
-13.841987,-25.992048,seed47626.png
19.725626,19.730953,seed47627.png
10.5118885,-13.235198,seed47628.png
19.901901,-8.393916,seed47629.png
-37.897495,12.976947,seed4763.png
15.139631,-33.152927,seed47630.png
6.5385294,11.680158,seed47631.png
-32.36107,18.333479,seed47632.png
-33.940273,9.528566,seed47633.png
-9.259543,-3.5425675,seed47634.png
37.422554,17.28775,seed47635.png
18.26607,25.037943,seed47636.png
6.366302,-29.55749,seed47637.png
34.757175,15.274918,seed47638.png
38.646133,19.188156,seed47639.png
6.6969233,0.23321356,seed4764.png
-8.558772,-9.755341,seed47640.png
-22.942505,11.198476,seed47641.png
11.10466,-7.297777,seed47642.png
-15.90628,10.916373,seed47643.png
-24.513802,10.80414,seed47644.png
4.8860188,-5.06513,seed47645.png
-29.3454,7.2573047,seed47646.png
19.500853,22.667482,seed47647.png
-20.000668,-13.423023,seed47648.png
12.497823,14.205789,seed47649.png
14.111081,-33.6658,seed4765.png
-31.55871,-19.5914,seed47650.png
-23.49565,-24.092499,seed47651.png
14.834018,-3.2834506,seed47652.png
35.71313,17.447618,seed47653.png
10.413902,21.962976,seed47654.png
26.857967,6.7446,seed47655.png
14.5187435,19.241028,seed47656.png
-15.810024,-11.627311,seed47657.png
35.38051,11.7709465,seed47658.png
-27.731256,11.129782,seed47659.png
-3.0675933,-18.530588,seed4766.png
11.587398,22.192093,seed47660.png
15.666435,11.93084,seed47661.png
-9.937357,-11.105394,seed47662.png
23.075697,4.283883,seed47663.png
-13.6426525,-21.07028,seed47664.png
-18.913548,-20.876472,seed47665.png
22.29949,18.342958,seed47666.png
-24.803982,-5.112327,seed47667.png
13.586506,-38.568935,seed47668.png
-13.323155,8.542709,seed47669.png
24.337145,2.371908,seed4767.png
21.612017,3.9628303,seed47670.png
5.937822,-32.61517,seed47671.png
-29.362076,11.823686,seed47672.png
-11.661698,-18.974482,seed47673.png
-29.65292,17.517515,seed47674.png
23.10152,18.398008,seed47675.png
26.73035,13.27964,seed47676.png
27.937988,16.744478,seed47677.png
16.958673,11.908533,seed47678.png
-15.036548,-16.902658,seed47679.png
31.425358,19.651064,seed4768.png
-5.1778717,-9.463018,seed47680.png
36.071896,5.378093,seed47681.png
-18.332863,-27.147633,seed47682.png
11.1246,-31.808958,seed47683.png
-31.459982,26.352097,seed47684.png
-24.211407,-1.197585,seed47685.png
17.111753,10.562199,seed47686.png
14.415795,0.48112205,seed47687.png
5.4081073,-30.478909,seed47688.png
-24.287935,-15.426491,seed47689.png
35.163017,15.6695595,seed4769.png
13.844915,-3.517392,seed47690.png
-31.268543,11.117483,seed47691.png
14.020465,21.296453,seed47692.png
-9.2397175,-22.367985,seed47693.png
13.133324,-41.256123,seed47694.png
-24.696466,2.58482,seed47695.png
10.965003,-42.57367,seed47696.png
12.838437,1.2499084,seed47697.png
21.55828,12.016571,seed47698.png
18.189476,20.988264,seed47699.png
18.2012,23.932966,seed4770.png
-16.948193,-19.55827,seed47700.png
35.735634,6.990412,seed47701.png
27.902828,7.5616007,seed47702.png
-12.181102,-18.944998,seed47703.png
31.306984,5.84571,seed47704.png
5.208604,-37.675705,seed47705.png
25.359467,1.5329663,seed47706.png
1.6058766,-1.2043885,seed47707.png
0.63556314,4.4325185,seed47708.png
14.612497,7.5224667,seed47709.png
21.357376,10.711176,seed4771.png
31.087923,19.67819,seed47710.png
16.098495,-36.128838,seed47711.png
-23.475277,-7.700675,seed47712.png
-32.491947,18.837954,seed47713.png
-9.892489,-24.09458,seed47714.png
24.374891,20.420311,seed47715.png
17.820179,22.579964,seed47716.png
28.4066,-4.172999,seed47717.png
-14.033558,0.13595448,seed47718.png
-20.69722,1.179359,seed47719.png
-25.586992,-10.246118,seed4772.png
4.725209,-22.2056,seed47720.png
4.246033,11.881137,seed47721.png
-21.654516,19.868834,seed47722.png
-31.35198,18.785118,seed47723.png
11.7529335,-43.368477,seed47724.png
-8.970563,-16.056683,seed47725.png
5.827529,7.265843,seed47726.png
-28.348824,15.708889,seed47727.png
19.206224,22.050331,seed47728.png
-26.967667,17.780577,seed47729.png
-4.145827,-15.606411,seed4773.png
11.462765,-43.369358,seed47730.png
-13.58213,4.4719777,seed47731.png
12.60508,13.416819,seed47732.png
-10.047833,-18.550589,seed47733.png
-15.811253,-23.91363,seed47734.png
-33.184147,2.3945909,seed47735.png
15.829163,-33.748566,seed47736.png
-14.805822,-22.821966,seed47737.png
6.772318,-35.35345,seed47738.png
30.155039,4.366965,seed47739.png
18.3567,-6.282761,seed4774.png
19.876396,21.493437,seed47740.png
-23.21986,-19.566694,seed47741.png
33.77499,17.726679,seed47742.png
-21.270523,20.105167,seed47743.png
11.507609,26.383646,seed47744.png
-23.459717,19.752909,seed47745.png
-8.26241,10.835852,seed47746.png
-22.019009,-23.808754,seed47747.png
-15.758662,-25.610174,seed47748.png
-13.094872,-14.358965,seed47749.png
-0.6224941,-13.347959,seed4775.png
5.069586,8.431512,seed47750.png
20.392569,26.311749,seed47751.png
-18.090862,-15.745911,seed47752.png
-17.159554,-10.6256075,seed47753.png
11.075432,-9.590206,seed47754.png
-34.874065,16.27984,seed47755.png
27.117128,15.657705,seed47756.png
36.613594,8.284907,seed47757.png
11.349587,23.81615,seed47758.png
-27.243443,-6.8962255,seed47759.png
-2.79575,14.897281,seed4776.png
29.808764,0.6108094,seed47760.png
12.854136,-7.583262,seed47761.png
-11.5965185,-14.281791,seed47762.png
32.482372,26.589394,seed47763.png
-31.571142,9.478376,seed47764.png
-31.797327,10.312183,seed47765.png
-22.774233,-27.341915,seed47766.png
-17.84387,-6.052097,seed47767.png
6.5676055,-40.84873,seed47768.png
29.914877,3.6116498,seed47769.png
-34.22756,13.491287,seed4777.png
14.376921,30.002668,seed47770.png
-24.17065,-16.421736,seed47771.png
-0.45550883,-6.650531,seed47772.png
36.55489,14.881463,seed47773.png
-20.108627,-22.645042,seed47774.png
-8.994593,-16.715017,seed47775.png
15.258611,-34.124527,seed47776.png
11.514324,10.958922,seed47777.png
11.255408,1.9130927,seed47778.png
33.69277,3.6496704,seed47779.png
-28.710892,-17.170145,seed4778.png
20.931576,8.35161,seed47780.png
-30.002596,-9.939615,seed47781.png
18.991602,-7.7189903,seed47782.png
-24.668186,-28.64869,seed47783.png
14.269776,23.090797,seed47784.png
20.872374,5.0156164,seed47785.png
-0.38394782,23.823715,seed47786.png
10.446657,0.33532375,seed47787.png
6.9788203,-5.5103693,seed47788.png
-26.789366,-19.99809,seed47789.png
-3.3730903,11.207178,seed4779.png
-15.225314,-25.010796,seed47790.png
12.945504,-8.724428,seed47791.png
15.498731,22.182133,seed47792.png
22.22041,17.933317,seed47793.png
38.13194,14.749672,seed47794.png
27.039871,12.846618,seed47795.png
-2.3732834,-16.156101,seed47796.png
-32.544044,11.954677,seed47797.png
-29.517574,-3.3030002,seed47798.png
-18.343948,-10.200211,seed47799.png
-30.182976,7.956688,seed4780.png
10.119835,-44.29053,seed47800.png
11.624379,20.612999,seed47801.png
15.947077,0.24529645,seed47802.png
29.137012,19.083382,seed47803.png
16.170885,0.58567226,seed47804.png
-26.83434,7.4377475,seed47805.png
-21.384296,-5.794942,seed47806.png
11.22454,-41.23677,seed47807.png
-33.584793,21.250313,seed47808.png
-2.726662,-13.584038,seed47809.png
-17.303806,-14.042236,seed4781.png
-27.002054,-19.88617,seed47810.png
24.333899,7.868177,seed47811.png
9.332272,11.122326,seed47812.png
9.177149,-0.4114105,seed47813.png
-31.10838,14.921754,seed47814.png
24.866056,10.0179,seed47815.png
8.069755,-7.578789,seed47816.png
-28.08694,-0.18547697,seed47817.png
30.30846,18.421604,seed47818.png
22.68791,16.337378,seed47819.png
-17.508242,-2.9324536,seed4782.png
10.258884,8.170802,seed47820.png
11.317505,-42.604465,seed47821.png
13.401792,27.677414,seed47822.png
32.035786,15.28399,seed47823.png
20.829458,26.717203,seed47824.png
-8.480629,8.738753,seed47825.png
15.0405855,-1.7466645,seed47826.png
33.41544,11.460021,seed47827.png
4.648226,-26.285492,seed47828.png
6.0387526,-32.32783,seed47829.png
19.069674,4.4059997,seed4783.png
-13.684111,-32.369366,seed47830.png
-21.31436,-9.358162,seed47831.png
9.920186,-38.916428,seed47832.png
-29.372236,-10.856504,seed47833.png
-23.086866,13.326597,seed47834.png
14.359144,22.425215,seed47835.png
5.1865582,6.839777,seed47836.png
22.413458,23.239838,seed47837.png
-27.026733,7.6178207,seed47838.png
0.1630605,18.280382,seed47839.png
16.441662,27.00487,seed4784.png
-33.129055,24.60872,seed47840.png
36.758316,6.239697,seed47841.png
-36.346916,9.5866585,seed47842.png
-28.468899,-8.329465,seed47843.png
-32.754227,-10.514882,seed47844.png
-17.630848,4.658087,seed47845.png
6.4310403,1.5811145,seed47846.png
-26.266977,-22.589563,seed47847.png
31.199535,21.242405,seed47848.png
13.857543,-0.95210314,seed47849.png
10.966909,28.195066,seed4785.png
34.55384,16.223543,seed47850.png
-30.078033,-5.780327,seed47851.png
-17.253588,-23.902575,seed47852.png
-8.462833,-15.229814,seed47853.png
-9.507895,-22.016912,seed47854.png
25.044367,11.852587,seed47855.png
-15.333312,-20.747437,seed47856.png
23.093285,8.055621,seed47857.png
9.49124,4.8164372,seed47858.png
-33.49372,18.11035,seed47859.png
-11.432311,-15.235482,seed4786.png
-23.227406,-19.055967,seed47860.png
20.504084,19.444916,seed47861.png
8.588212,5.056486,seed47862.png
-34.31026,27.478216,seed47863.png
39.356243,15.784112,seed47864.png
9.384977,4.766455,seed47865.png
34.17136,19.014654,seed47866.png
-17.012667,-3.950744,seed47867.png
7.282742,2.861713,seed47868.png
-15.803964,-2.8328285,seed47869.png
-33.507267,-7.028952,seed4787.png
0.686459,-26.173067,seed47870.png
4.0049977,26.03977,seed47871.png
-16.96727,-13.088002,seed47872.png
-31.77542,17.794605,seed47873.png
12.550088,-39.76585,seed47874.png
-26.361769,2.191744,seed47875.png
-25.883982,-16.606546,seed47876.png
30.89842,13.084801,seed47877.png
13.166111,-12.574897,seed47878.png
-28.640339,-5.4279094,seed47879.png
-23.672588,20.035736,seed4788.png
-29.102081,-4.4491067,seed47880.png
27.97757,19.609274,seed47881.png
11.320511,-34.213127,seed47882.png
32.843388,6.9759936,seed47883.png
-1.8218163,-15.355118,seed47884.png
11.182297,-1.1012933,seed47885.png
-19.593012,12.903977,seed47886.png
-31.026728,0.08969651,seed47887.png
2.1763577,11.97823,seed47888.png
13.112071,1.7403443,seed47889.png
-18.731352,-18.168211,seed4789.png
17.088224,28.225935,seed47890.png
2.5627346,-26.091078,seed47891.png
35.33419,7.830289,seed47892.png
-14.7434845,-5.0489197,seed47893.png
32.904926,14.124336,seed47894.png
20.219353,24.338875,seed47895.png
32.62742,4.715222,seed47896.png
-21.234062,13.009282,seed47897.png
10.308277,-4.9786787,seed47898.png
8.033336,-30.042774,seed47899.png
7.5716715,-3.1818798,seed4790.png
-18.735796,5.0179095,seed47900.png
17.791285,23.570204,seed47901.png
-22.547298,9.92571,seed47902.png
-28.920776,17.562185,seed47903.png
2.8976789,-28.1855,seed47904.png
-15.665989,-11.770629,seed47905.png
-19.256657,-2.6360922,seed47906.png
-18.147522,-5.916114,seed47907.png
14.337046,13.56081,seed47908.png
-3.4080892,12.312699,seed47909.png
-10.304056,2.8423924,seed4791.png
31.95184,25.855865,seed47910.png
-2.6498573,-1.7853743,seed47911.png
-20.620197,-10.659965,seed47912.png
-3.2753463,-10.911665,seed47913.png
1.506174,5.0679455,seed47914.png
-32.68974,23.876913,seed47915.png
-31.737768,24.055489,seed47916.png
29.762175,1.0073239,seed47917.png
1.6422594,17.877827,seed47918.png
-8.328262,-14.204351,seed47919.png
-35.470978,14.376337,seed4792.png
-1.4352622,-13.776173,seed47920.png
-31.239983,6.708763,seed47921.png
10.194693,-43.39861,seed47922.png
-31.791006,3.2637982,seed47923.png
28.95037,14.686403,seed47924.png
16.059372,-0.52918625,seed47925.png
-11.263208,-28.108673,seed47926.png
6.5856743,9.8689575,seed47927.png
2.711983,19.9235,seed47928.png
-9.942003,-23.656004,seed47929.png
13.555135,-6.0107493,seed4793.png
7.5460978,16.425417,seed47930.png
-20.742846,16.030087,seed47931.png
6.5874763,15.013143,seed47932.png
-16.37112,-29.340551,seed47933.png
-26.776373,5.8462462,seed47934.png
-28.817335,-17.59817,seed47935.png
35.16884,8.637766,seed47936.png
13.031838,-33.39942,seed47937.png
16.356071,17.558065,seed47938.png
-27.224123,-8.590112,seed47939.png
34.35441,22.351433,seed4794.png
-16.10037,-28.818512,seed47940.png
-32.669178,-12.930753,seed47941.png
34.398357,6.0495477,seed47942.png
-32.36401,7.136353,seed47943.png
12.849055,11.701979,seed47944.png
32.307785,21.003351,seed47945.png
6.3786583,-5.1561756,seed47946.png
32.81667,26.028673,seed47947.png
30.033747,10.235112,seed47948.png
-16.072521,-5.732648,seed47949.png
-1.1177288,-11.687529,seed4795.png
10.374231,-25.758863,seed47950.png
-21.107655,-22.840973,seed47951.png
23.15739,8.151598,seed47952.png
-30.330503,13.266096,seed47953.png
4.688496,6.005034,seed47954.png
26.851423,12.056508,seed47955.png
-26.070717,0.026732394,seed47956.png
-6.251574,-19.683691,seed47957.png
5.232986,-28.286453,seed47958.png
9.797868,18.45176,seed47959.png
-9.90946,-14.98659,seed4796.png
6.4780016,-36.161144,seed47960.png
37.443153,14.499405,seed47961.png
-3.5506082,1.343268,seed47962.png
-23.771303,-0.97769994,seed47963.png
27.526924,21.487288,seed47964.png
-28.984285,13.932153,seed47965.png
14.663213,-14.552465,seed47966.png
-3.9910247,11.011232,seed47967.png
-3.470947,23.32015,seed47968.png
-0.87621754,3.2671857,seed47969.png
17.563984,-2.2261293,seed4797.png
5.625241,-37.220036,seed47970.png
35.927162,15.119482,seed47971.png
-20.415125,-15.351467,seed47972.png
-32.36339,17.760973,seed47973.png
23.123093,20.625443,seed47974.png
-17.455286,-20.191227,seed47975.png
-13.082875,7.501624,seed47976.png
18.330275,14.817605,seed47977.png
-14.478645,-13.858753,seed47978.png
-25.593298,10.903331,seed47979.png
16.57104,-2.3219635,seed4798.png
-33.59217,-10.321509,seed47980.png
12.949976,17.330465,seed47981.png
6.6616197,16.494768,seed47982.png
-0.29114535,-13.295971,seed47983.png
-25.202595,-10.414071,seed47984.png
33.03925,10.39563,seed47985.png
-21.814478,-26.314713,seed47986.png
-27.212399,-20.485981,seed47987.png
23.227581,8.903791,seed47988.png
30.737558,25.388515,seed47989.png
-18.284834,2.54754,seed4799.png
-0.8348294,8.588373,seed47990.png
16.481915,-7.1927085,seed47991.png
-21.663465,-20.106329,seed47992.png
-12.355498,-20.542353,seed47993.png
14.7823305,-12.450053,seed47994.png
-25.449331,-1.2173527,seed47995.png
-21.79819,-21.524149,seed47996.png
9.629897,-2.2890732,seed47997.png
28.318924,1.3046017,seed47998.png
17.983986,16.374722,seed47999.png
1.3497999,17.518261,seed4800.png
14.452597,-29.949457,seed48000.png
33.88946,15.635521,seed48001.png
-10.085388,-5.3502293,seed48002.png
-27.070253,3.4607913,seed48003.png
15.130676,-9.550991,seed48004.png
-13.95585,-2.4827564,seed48005.png
-23.567142,-5.8102827,seed48006.png
24.914751,7.2524815,seed48007.png
-28.476425,-11.431352,seed48008.png
-1.956975,19.814812,seed48009.png
-26.007034,-0.10945326,seed4801.png
5.875704,-35.18149,seed48010.png
16.98632,-35.361385,seed48011.png
-33.260475,21.544388,seed48012.png
-22.066109,-29.590147,seed48013.png
11.617154,0.87785643,seed48014.png
-0.32198647,21.92223,seed48015.png
-37.60189,11.248497,seed48016.png
4.261983,21.415245,seed48017.png
17.978977,19.515955,seed48018.png
19.599419,23.419142,seed48019.png
11.084159,-8.239078,seed4802.png
10.224578,22.264288,seed48020.png
1.6015747,-10.588809,seed48021.png
9.609616,6.668745,seed48022.png
25.14322,21.912386,seed48023.png
32.591797,7.806126,seed48024.png
-24.555195,-0.79877883,seed48025.png
-9.84142,-15.395843,seed48026.png
-5.6577153,-15.251871,seed48027.png
4.739703,13.856935,seed48028.png
-36.108112,-6.6972303,seed48029.png
31.674788,16.490164,seed4803.png
-17.82948,1.8317945,seed48030.png
-23.08518,-11.435728,seed48031.png
11.527227,4.7744293,seed48032.png
34.292885,29.269585,seed48033.png
13.000231,10.428192,seed48034.png
-20.813166,-20.647997,seed48035.png
5.6933045,-28.648905,seed48036.png
-25.774809,4.9170113,seed48037.png
16.6843,3.130552,seed48038.png
-15.301774,-25.721514,seed48039.png
-28.895708,-17.237562,seed4804.png
4.447902,1.1638747,seed48040.png
-20.46117,3.327955,seed48041.png
-19.967133,-23.070482,seed48042.png
-27.338781,1.7888559,seed48043.png
-11.437721,-7.2146597,seed48044.png
-27.187668,-12.829117,seed48045.png
-12.681281,-25.11694,seed48046.png
28.040558,21.553083,seed48047.png
-6.724247,-26.949081,seed48048.png
-6.439399,6.107606,seed48049.png
-26.69002,-6.8539658,seed4805.png
10.798047,-11.655531,seed48050.png
28.33541,11.643961,seed48051.png
7.9430103,10.390867,seed48052.png
10.769284,-3.1210332,seed48053.png
-17.435118,-11.341498,seed48054.png
14.94974,-35.422855,seed48055.png
11.988067,1.2082357,seed48056.png
-34.261845,22.488194,seed48057.png
15.017491,-30.873062,seed48058.png
15.692622,27.2984,seed48059.png
-24.583303,17.392193,seed4806.png
10.081867,-1.0726856,seed48060.png
-33.27923,24.633572,seed48061.png
14.691395,-36.562572,seed48062.png
-2.578576,-10.554767,seed48063.png
35.923626,17.457737,seed48064.png
-15.992241,-14.916513,seed48065.png
-31.593727,0.70819956,seed48066.png
-21.303822,-20.862295,seed48067.png
-30.53769,14.771781,seed48068.png
-11.369237,-6.4196215,seed48069.png
-14.775004,-24.736084,seed4807.png
17.360378,-35.930504,seed48070.png
17.787205,-7.640656,seed48071.png
6.964094,-26.0951,seed48072.png
34.93516,13.927989,seed48073.png
-33.077816,-9.507733,seed48074.png
30.510773,-0.77885634,seed48075.png
-11.167078,-13.582327,seed48076.png
-36.339664,11.149333,seed48077.png
-24.902071,17.133844,seed48078.png
24.364252,7.683241,seed48079.png
-34.723816,27.934988,seed4808.png
-1.4350598,-11.361034,seed48080.png
-33.568626,4.008985,seed48081.png
18.483095,-2.0464349,seed48082.png
24.708622,14.212921,seed48083.png
10.580184,6.9024477,seed48084.png
-11.083825,-18.661875,seed48085.png
-1.1383957,-13.38193,seed48086.png
-35.779495,-6.9376926,seed48087.png
-23.53909,14.910383,seed48088.png
-20.837784,-6.2007327,seed48089.png
21.013813,-5.7904124,seed4809.png
-18.688643,-2.6848218,seed48090.png
33.33254,4.060559,seed48091.png
15.259085,7.875934,seed48092.png
-31.17484,8.170448,seed48093.png
-26.661875,6.064134,seed48094.png
9.029183,3.4402294,seed48095.png
13.408274,-37.462418,seed48096.png
12.351284,-7.592118,seed48097.png
-29.323814,9.415381,seed48098.png
-10.171378,-8.563073,seed48099.png
24.34235,-2.2604322,seed4810.png
33.66748,24.477715,seed48100.png
-0.69851506,25.018042,seed48101.png
-22.766556,12.024774,seed48102.png
-18.535994,-5.2314987,seed48103.png
-11.4355345,-3.3145363,seed48104.png
-9.221249,-10.531011,seed48105.png
38.472046,17.258928,seed48106.png
-18.101704,-3.8948894,seed48107.png
39.46014,16.775593,seed48108.png
5.986563,-33.266544,seed48109.png
12.599306,-28.25674,seed4811.png
1.6340145,13.28665,seed48110.png
-19.850687,-13.008276,seed48111.png
22.723915,5.416086,seed48112.png
-8.439802,-22.791624,seed48113.png
9.831609,5.923488,seed48114.png
9.8595915,9.82112,seed48115.png
6.761011,21.14168,seed48116.png
-29.673927,-10.119451,seed48117.png
-21.54546,13.045539,seed48118.png
-19.616846,8.388417,seed48119.png
33.271282,21.936302,seed4812.png
-35.360214,8.306996,seed48120.png
-1.3173746,22.365559,seed48121.png
-24.280184,-8.99692,seed48122.png
6.4467463,-32.58155,seed48123.png
3.386605,8.861004,seed48124.png
1.0690389,-27.364334,seed48125.png
5.4797053,-6.169862,seed48126.png
19.34026,-0.62255526,seed48127.png
-22.474258,-17.69383,seed48128.png
3.63534,7.3952184,seed48129.png
41.865044,18.978218,seed4813.png
11.48286,2.0892525,seed48130.png
11.220544,-42.450485,seed48131.png
-4.9920573,-17.817505,seed48132.png
-27.010828,-18.513016,seed48133.png
7.355146,7.0663223,seed48134.png
-18.385004,-14.524767,seed48135.png
8.775213,29.527393,seed48136.png
18.129171,24.56014,seed48137.png
-24.233557,-22.429836,seed48138.png
0.27104706,15.677152,seed48139.png
-21.683332,11.583996,seed4814.png
13.69864,-30.574562,seed48140.png
15.532669,-32.38682,seed48141.png
-35.515274,15.223232,seed48142.png
-5.131002,-13.667274,seed48143.png
-20.410242,-21.778925,seed48144.png
11.491091,8.969287,seed48145.png
-15.01665,-19.854965,seed48146.png
0.8939173,15.772172,seed48147.png
23.743572,11.793483,seed48148.png
12.825816,-32.021908,seed48149.png
34.71599,21.106897,seed4815.png
-33.66073,20.539022,seed48150.png
32.290173,15.248927,seed48151.png
8.7667055,-29.07932,seed48152.png
11.523522,-13.895348,seed48153.png
-27.940926,-11.802243,seed48154.png
11.996114,-7.0852776,seed48155.png
-19.589388,-10.539594,seed48156.png
5.916485,5.646902,seed48157.png
12.194965,17.886354,seed48158.png
25.485731,-0.8821956,seed48159.png
-23.331888,-15.100262,seed4816.png
-14.20639,1.2167784,seed48160.png
4.3482594,-27.686293,seed48161.png
-20.48433,-10.875464,seed48162.png
39.18102,15.9487505,seed48163.png
-25.471878,15.553526,seed48164.png
16.291092,13.575656,seed48165.png
-11.666736,-26.326567,seed48166.png
6.079354,-27.678759,seed48167.png
37.839012,15.971787,seed48168.png
25.548273,1.2520782,seed48169.png
-4.1230636,-14.266285,seed4817.png
2.7122185,-8.795646,seed48170.png
-33.24331,2.6725512,seed48171.png
-12.60857,-1.0103203,seed48172.png
13.120519,-7.690713,seed48173.png
-29.02973,-5.7440042,seed48174.png
11.747175,-36.85578,seed48175.png
21.623735,12.630401,seed48176.png
-4.4759755,-12.757719,seed48177.png
14.976786,-6.562881,seed48178.png
-18.857502,-3.772659,seed48179.png
2.9681878,7.5189857,seed4818.png
-8.265639,10.410041,seed48180.png
-16.148594,2.8884184,seed48181.png
13.050938,3.118618,seed48182.png
-22.115734,-19.129372,seed48183.png
31.551613,16.296036,seed48184.png
-6.4466147,-21.979424,seed48185.png
27.175499,8.995708,seed48186.png
-26.55684,10.479251,seed48187.png
24.08252,15.879626,seed48188.png
-31.334297,-4.761493,seed48189.png
13.196555,-38.97329,seed4819.png
14.571599,-0.9204545,seed48190.png
2.814282,10.131381,seed48191.png
12.744643,26.624346,seed48192.png
37.535492,18.104925,seed48193.png
-32.477882,23.155762,seed48194.png
35.880447,20.869822,seed48195.png
-19.339245,-11.312032,seed48196.png
-8.279116,-7.4084473,seed48197.png
37.879642,14.656463,seed48198.png
38.736603,6.598469,seed48199.png
5.857392,-1.3532357,seed4820.png
12.623556,-6.205536,seed48200.png
15.719643,-5.4134088,seed48201.png
9.981401,6.223824,seed48202.png
28.40647,16.96207,seed48203.png
23.189383,1.6755038,seed48204.png
12.143784,20.554285,seed48205.png
17.945478,2.766575,seed48206.png
38.09209,19.772276,seed48207.png
-31.812204,5.920833,seed48208.png
31.938055,26.003809,seed48209.png
34.16945,14.401924,seed4821.png
6.055003,-25.857744,seed48210.png
16.009117,23.769114,seed48211.png
23.86935,14.481556,seed48212.png
19.513296,9.587905,seed48213.png
-26.601458,13.370609,seed48214.png
-7.133541,-25.251732,seed48215.png
-12.909428,-3.2265136,seed48216.png
12.492783,-33.965202,seed48217.png
6.69225,-10.988109,seed48218.png
-29.92255,-12.549912,seed48219.png
-12.028169,-18.845448,seed4822.png
7.719157,6.3485417,seed48220.png
-8.234611,-19.57651,seed48221.png
15.8927355,-33.769047,seed48222.png
7.537767,-27.614376,seed48223.png
-23.812681,-0.19789836,seed48224.png
31.519657,21.958332,seed48225.png
-9.895909,-4.516139,seed48226.png
-0.6676663,15.016495,seed48227.png
-17.24299,-16.847101,seed48228.png
11.205143,0.5604141,seed48229.png
-30.036549,7.9989524,seed4823.png
-4.1194935,-4.9615808,seed48230.png
30.67081,22.349,seed48231.png
2.534663,24.997143,seed48232.png
20.44941,25.088072,seed48233.png
-1.9819294,-11.039981,seed48234.png
36.602707,14.136185,seed48235.png
36.073288,16.527195,seed48236.png
13.498793,15.665881,seed48237.png
-32.210915,14.933152,seed48238.png
-0.8933065,-11.23986,seed48239.png
30.738323,14.803131,seed4824.png
5.175826,-0.28763252,seed48240.png
27.065996,20.437695,seed48241.png
4.7558336,8.491564,seed48242.png
36.946354,12.6757345,seed48243.png
-30.961784,-13.67896,seed48244.png
-13.773798,-11.381592,seed48245.png
24.87108,2.8738315,seed48246.png
-12.621604,-20.195885,seed48247.png
-22.08804,13.391158,seed48248.png
-9.876869,6.19008,seed48249.png
18.170803,-0.8284605,seed4825.png
17.874413,25.31777,seed48250.png
36.10989,10.558368,seed48251.png
18.218456,21.407085,seed48252.png
38.695663,15.944516,seed48253.png
-21.176352,2.5438523,seed48254.png
12.898783,-39.68308,seed48255.png
15.374809,24.164549,seed48256.png
19.791409,-1.861507,seed48257.png
-33.558193,9.599923,seed48258.png
-36.73641,5.755958,seed48259.png
4.7939105,18.537004,seed4826.png
-4.327346,-15.165595,seed48260.png
-35.657345,13.855085,seed48261.png
-7.043064,-19.000113,seed48262.png
5.535276,-29.190052,seed48263.png
6.6928563,-34.174976,seed48264.png
-18.242844,-19.418676,seed48265.png
-7.1477103,-17.42798,seed48266.png
9.6716795,25.37895,seed48267.png
-3.1031537,-21.781181,seed48268.png
-11.175323,-28.035286,seed48269.png
-23.45061,10.918427,seed4827.png
-8.89979,-4.5668006,seed48270.png
-6.6618233,-23.67486,seed48271.png
25.525255,14.465856,seed48272.png
11.607379,-25.190012,seed48273.png
-15.37262,-23.162674,seed48274.png
-22.031866,-14.03714,seed48275.png
-23.776873,-4.9310226,seed48276.png
-8.22746,9.302705,seed48277.png
-26.308468,14.898327,seed48278.png
14.369632,-36.923534,seed48279.png
16.271708,21.454594,seed4828.png
35.97281,12.599577,seed48280.png
-22.821342,17.72258,seed48281.png
-28.791592,14.772355,seed48282.png
-22.519678,-21.346699,seed48283.png
-35.82019,24.675974,seed48284.png
-22.231646,-10.60649,seed48285.png
-18.4404,5.561917,seed48286.png
-29.619194,12.371838,seed48287.png
28.234295,14.145374,seed48288.png
26.870281,18.419043,seed48289.png
20.000744,9.288619,seed4829.png
-18.257158,-23.076649,seed48290.png
15.007987,15.443202,seed48291.png
-0.876865,23.783512,seed48292.png
20.153894,-4.1378503,seed48293.png
1.9617761,-2.208679,seed48294.png
16.074484,-30.638945,seed48295.png
-0.6325957,-25.81832,seed48296.png
-26.112661,6.2985964,seed48297.png
-22.222733,0.42594767,seed48298.png
17.167791,-2.0787756,seed48299.png
-21.565626,20.371544,seed4830.png
38.175488,23.223543,seed48300.png
-5.5775294,-17.141384,seed48301.png
22.541302,-1.5485456,seed48302.png
-12.848583,-11.44668,seed48303.png
29.999212,2.955506,seed48304.png
-14.046396,-32.705647,seed48305.png
-37.34017,27.275455,seed48306.png
-31.345785,6.3592687,seed48307.png
34.819565,5.3224654,seed48308.png
-4.518522,-8.629294,seed48309.png
-9.569194,-14.448313,seed4831.png
22.269669,20.45809,seed48310.png
12.498174,7.1496153,seed48311.png
-20.580639,12.569248,seed48312.png
-36.531048,-2.623225,seed48313.png
35.449673,5.5070276,seed48314.png
-17.61035,-21.193352,seed48315.png
-25.448479,-3.8834093,seed48316.png
32.676224,6.5558405,seed48317.png
-32.394524,18.626303,seed48318.png
-5.035397,-3.0131555,seed48319.png
2.9112344,7.811848,seed4832.png
-24.445896,3.3608522,seed48320.png
19.527605,24.017296,seed48321.png
34.871323,12.74817,seed48322.png
13.946005,-8.789441,seed48323.png
-13.119332,-13.645624,seed48324.png
-0.324889,-23.074524,seed48325.png
30.047548,24.434061,seed48326.png
7.4904017,6.4331303,seed48327.png
-13.779457,-22.612501,seed48328.png
29.816368,13.64232,seed48329.png
-7.7449327,-11.9162445,seed4833.png
-11.297145,-6.744546,seed48330.png
-24.057327,7.396964,seed48331.png
-23.61475,8.841161,seed48332.png
31.952715,-1.1892798,seed48333.png
-13.216314,-30.274458,seed48334.png
28.923967,-0.97072196,seed48335.png
30.546366,27.284594,seed48336.png
14.54732,17.538435,seed48337.png
22.242817,7.0003605,seed48338.png
11.571387,11.318533,seed48339.png
-34.979565,14.23572,seed4834.png
28.361475,10.678269,seed48340.png
-30.182247,13.712645,seed48341.png
11.411557,-38.248436,seed48342.png
23.147701,9.570338,seed48343.png
32.86705,24.888144,seed48344.png
-18.900335,-7.1575913,seed48345.png
-32.19567,-6.7921386,seed48346.png
12.364909,23.801281,seed48347.png
-34.366745,17.77423,seed48348.png
-18.767015,-4.931015,seed48349.png
19.744173,25.820929,seed4835.png
-31.89489,23.213816,seed48350.png
18.049784,25.65671,seed48351.png
11.625122,-41.810364,seed48352.png
13.77462,3.0969045,seed48353.png
24.466484,7.0423284,seed48354.png
-1.7031159,-12.625579,seed48355.png
8.844883,28.609016,seed48356.png
1.1233349,-3.5528414,seed48357.png
9.221186,29.845919,seed48358.png
2.9591305,-0.12403137,seed48359.png
15.821425,10.838149,seed4836.png
-17.419598,-5.7261214,seed48360.png
-2.4979901,-12.220955,seed48361.png
1.4172914,-22.564901,seed48362.png
14.693523,-34.68657,seed48363.png
32.30167,10.76599,seed48364.png
3.973796,21.844368,seed48365.png
8.961168,-2.0054464,seed48366.png
15.126915,-38.232327,seed48367.png
-32.735672,-3.763669,seed48368.png
21.141136,-5.9493585,seed48369.png
39.77748,22.683907,seed4837.png
-21.654604,8.950175,seed48370.png
-24.165277,-3.42641,seed48371.png
-19.765163,11.42007,seed48372.png
-4.650461,-25.34883,seed48373.png
-25.062166,10.702537,seed48374.png
7.5002847,18.909729,seed48375.png
20.688906,17.124786,seed48376.png
-32.567036,-9.606831,seed48377.png
15.571729,18.910364,seed48378.png
-33.10651,23.195827,seed48379.png
-22.871662,9.221619,seed4838.png
19.962166,24.355104,seed48380.png
-26.71736,-15.827848,seed48381.png
18.474598,17.649935,seed48382.png
-16.920038,-18.284859,seed48383.png
0.66464436,-16.703869,seed48384.png
-32.99126,25.086023,seed48385.png
36.533695,9.725209,seed48386.png
-6.984492,-7.420709,seed48387.png
-11.26499,-16.311491,seed48388.png
-30.792711,21.638866,seed48389.png
8.374825,-38.249077,seed4839.png
6.6514935,0.49616498,seed48390.png
18.777111,15.964766,seed48391.png
-23.455263,-12.456792,seed48392.png
-27.965181,-14.559314,seed48393.png
21.741894,21.852169,seed48394.png
-17.902094,7.4093823,seed48395.png
9.692206,5.8562965,seed48396.png
37.6123,23.573624,seed48397.png
-16.060732,-19.30465,seed48398.png
10.274869,26.987782,seed48399.png
30.040041,4.3817782,seed4840.png
33.081112,18.472733,seed48400.png
-7.536382,-8.95748,seed48401.png
-14.096935,6.1930566,seed48402.png
-2.0447974,-12.312237,seed48403.png
-15.659455,-1.7108359,seed48404.png
-19.957327,-8.7480345,seed48405.png
-21.23614,-4.7935104,seed48406.png
-32.2076,-10.08046,seed48407.png
20.67295,25.967688,seed48408.png
-15.389753,-14.128886,seed48409.png
39.081688,16.453959,seed4841.png
6.5348377,-30.760408,seed48410.png
-27.386873,-3.0511796,seed48411.png
-10.445856,-32.06794,seed48412.png
35.718975,15.97741,seed48413.png
30.066465,2.5664892,seed48414.png
-0.9903046,24.659853,seed48415.png
12.824935,-24.230165,seed48416.png
8.250166,12.635807,seed48417.png
6.7038016,16.893042,seed48418.png
-22.435385,-22.589626,seed48419.png
-31.391186,0.44928837,seed4842.png
10.690566,-42.39014,seed48420.png
14.187421,-9.347547,seed48421.png
-10.872213,-9.933349,seed48422.png
20.147625,-10.7193,seed48423.png
29.250885,27.551401,seed48424.png
14.747289,-29.504194,seed48425.png
10.607722,14.301029,seed48426.png
9.090032,-42.59707,seed48427.png
-23.440046,1.5856551,seed48428.png
23.136293,9.866033,seed48429.png
10.845575,-10.020177,seed4843.png
-24.235813,15.738035,seed48430.png
-27.376308,11.360696,seed48431.png
-25.629213,-18.355717,seed48432.png
-17.954264,-22.189852,seed48433.png
11.332022,16.974163,seed48434.png
-23.01071,10.423489,seed48435.png
-7.446829,-19.256025,seed48436.png
-11.994489,-9.577361,seed48437.png
25.09643,3.719187,seed48438.png
26.823187,0.48554724,seed48439.png
-30.005816,17.611607,seed4844.png
-17.120365,7.49203,seed48440.png
-17.506323,1.5108595,seed48441.png
25.22426,13.672783,seed48442.png
23.746855,5.5977855,seed48443.png
7.3928776,3.249287,seed48444.png
-21.067713,5.3544984,seed48445.png
10.033419,-36.68778,seed48446.png
-2.7429273,-25.769928,seed48447.png
-24.882505,11.47517,seed48448.png
4.13354,24.427504,seed48449.png
36.746357,4.890512,seed4845.png
-0.6721051,5.521093,seed48450.png
13.2829485,-9.024618,seed48451.png
-10.808248,-25.673326,seed48452.png
25.444426,11.943431,seed48453.png
-9.094711,-11.8957205,seed48454.png
1.6603903,6.6806307,seed48455.png
-23.414825,10.271639,seed48456.png
-11.192525,0.60535496,seed48457.png
-20.537186,-24.198544,seed48458.png
14.481333,14.068822,seed48459.png
5.213218,5.273713,seed4846.png
17.666409,12.452451,seed48460.png
-29.456776,5.151197,seed48461.png
-5.226804,-22.751377,seed48462.png
20.694077,-6.243428,seed48463.png
13.641066,-7.186939,seed48464.png
27.48376,2.080094,seed48465.png
24.124924,22.226246,seed48466.png
36.4874,9.35371,seed48467.png
27.829037,21.494907,seed48468.png
25.864233,12.357762,seed48469.png
20.99152,27.387299,seed4847.png
-20.610123,-19.647203,seed48470.png
-31.043776,-13.590589,seed48471.png
4.670527,-8.052047,seed48472.png
-26.579926,14.305569,seed48473.png
11.499324,25.189997,seed48474.png
30.266293,6.00406,seed48475.png
24.481062,1.3299431,seed48476.png
9.882588,0.7475505,seed48477.png
12.588265,17.487196,seed48478.png
17.435799,-6.0072703,seed48479.png
-26.18945,-5.337956,seed4848.png
-35.688942,18.5106,seed48480.png
3.0914998,7.7802825,seed48481.png
-25.183939,-16.68884,seed48482.png
19.84056,-1.8556831,seed48483.png
-13.106487,10.376553,seed48484.png
13.534069,14.0991535,seed48485.png
-24.369678,3.1327233,seed48486.png
5.3231006,-32.45709,seed48487.png
15.66921,10.227873,seed48488.png
-16.04373,-28.678598,seed48489.png
-4.5687766,-9.580249,seed4849.png
32.4239,6.2414527,seed48490.png
18.280622,24.939077,seed48491.png
-16.398266,-12.601424,seed48492.png
-25.989046,-13.569694,seed48493.png
-31.080791,8.904472,seed48494.png
-19.248796,3.9007497,seed48495.png
-33.564484,3.120028,seed48496.png
11.893753,-0.049113665,seed48497.png
23.94392,24.798977,seed48498.png
9.291139,-0.14087671,seed48499.png
-34.26469,-5.216126,seed4850.png
32.97539,7.170004,seed48500.png
-31.095675,15.6311245,seed48501.png
-31.041248,7.666811,seed48502.png
-37.69876,14.445997,seed48503.png
15.621469,12.78975,seed48504.png
20.76701,-0.39565754,seed48505.png
-16.84716,8.7948,seed48506.png
37.079685,8.435076,seed48507.png
-19.629955,5.0499296,seed48508.png
-18.693956,1.5969367,seed48509.png
22.657486,1.4378946,seed4851.png
16.256096,-36.27867,seed48510.png
-7.917798,2.2697198,seed48511.png
-13.286771,-24.152124,seed48512.png
19.74816,6.641966,seed48513.png
-21.976227,-17.126837,seed48514.png
-34.228325,12.222298,seed48515.png
-33.577785,20.705687,seed48516.png
-13.202066,-3.54838,seed48517.png
9.43719,-22.96574,seed48518.png
13.720738,18.47063,seed48519.png
16.875053,1.9895424,seed4852.png
-20.369984,16.822994,seed48520.png
23.607094,12.199499,seed48521.png
-33.72582,-4.056802,seed48522.png
-29.29476,5.6321774,seed48523.png
-18.899237,-26.753603,seed48524.png
-32.518414,26.236235,seed48525.png
36.745647,4.973999,seed48526.png
-8.231447,-14.448465,seed48527.png
6.2024226,-37.452763,seed48528.png
5.5821643,6.3394866,seed48529.png
6.274474,-28.677498,seed4853.png
39.40836,22.456062,seed48530.png
13.34062,-8.753756,seed48531.png
27.57747,-0.64824504,seed48532.png
9.740137,1.9839424,seed48533.png
-14.96703,-32.48161,seed48534.png
-24.605701,5.127765,seed48535.png
26.089237,18.500902,seed48536.png
-1.0572317,-12.735758,seed48537.png
-26.011097,-7.2963915,seed48538.png
-22.107145,2.869187,seed48539.png
20.654985,-3.5482187,seed4854.png
22.91359,14.854626,seed48540.png
23.256441,3.6009347,seed48541.png
-18.031893,-13.670136,seed48542.png
19.459623,16.502892,seed48543.png
22.504486,19.371073,seed48544.png
36.137802,11.534861,seed48545.png
-17.103539,-11.295243,seed48546.png
-10.332727,-13.989881,seed48547.png
22.433634,-1.6642859,seed48548.png
2.993617,-15.050145,seed48549.png
24.677345,-0.605468,seed4855.png
-22.406866,-13.41122,seed48550.png
-32.10426,22.947945,seed48551.png
23.938187,10.649881,seed48552.png
-34.710033,13.314811,seed48553.png
8.71405,6.8815813,seed48554.png
-27.321274,7.140758,seed48555.png
28.144556,21.179495,seed48556.png
10.144707,-3.1534116,seed48557.png
14.553326,22.511242,seed48558.png
-20.119291,-22.422,seed48559.png
26.97682,3.2198114,seed4856.png
-23.528463,-22.276098,seed48560.png
28.96361,5.748201,seed48561.png
-29.668291,13.865789,seed48562.png
31.464571,18.30758,seed48563.png
14.997618,2.2223716,seed48564.png
-21.788397,6.168116,seed48565.png
-35.48554,23.293068,seed48566.png
0.5578942,-1.3496915,seed48567.png
1.9457504,12.412509,seed48568.png
12.767454,-29.483164,seed48569.png
-32.025368,25.964272,seed4857.png
33.475433,18.422737,seed48570.png
5.248366,-1.9837695,seed48571.png
20.424746,18.900036,seed48572.png
5.1589556,22.14942,seed48573.png
-5.531881,-12.215521,seed48574.png
35.396645,11.807347,seed48575.png
28.414927,-1.0990382,seed48576.png
-25.447433,15.96139,seed48577.png
21.63159,9.209756,seed48578.png
-28.213367,13.607723,seed48579.png
11.034244,13.447199,seed4858.png
-22.504925,14.948214,seed48580.png
-27.248163,3.4241974,seed48581.png
-26.284857,-7.6097894,seed48582.png
15.748636,3.5981812,seed48583.png
36.26242,4.4896693,seed48584.png
-27.446991,9.705909,seed48585.png
22.736034,7.986937,seed48586.png
35.572968,2.9476693,seed48587.png
12.566561,-4.487821,seed48588.png
-14.838349,3.671895,seed48589.png
-3.0814304,-24.512552,seed4859.png
7.991545,-25.097612,seed48590.png
23.14913,-7.000764,seed48591.png
-25.168549,-5.230266,seed48592.png
-16.22264,-9.875386,seed48593.png
-30.520424,8.317306,seed48594.png
-25.006405,-18.354053,seed48595.png
-32.01911,-4.343274,seed48596.png
22.607578,-0.51692855,seed48597.png
2.7225175,19.561796,seed48598.png
16.71655,21.573168,seed48599.png
16.614283,22.47269,seed4860.png
21.024807,-9.935254,seed48600.png
-11.743097,-19.296907,seed48601.png
10.590686,-6.1346674,seed48602.png
16.126747,-2.5465174,seed48603.png
18.732903,24.788342,seed48604.png
-30.823748,-5.826409,seed48605.png
34.86069,25.024563,seed48606.png
28.412607,9.957065,seed48607.png
-26.259403,-2.87146,seed48608.png
21.429464,7.492906,seed48609.png
-8.402165,-5.621184,seed4861.png
-18.162622,-12.353969,seed48610.png
4.275257,-29.539713,seed48611.png
34.790035,6.5109415,seed48612.png
13.619602,1.8006785,seed48613.png
17.802523,16.291286,seed48614.png
-11.490131,-19.972692,seed48615.png
25.807632,6.379595,seed48616.png
11.170057,23.199324,seed48617.png
5.6087103,5.642279,seed48618.png
31.497625,4.5797553,seed48619.png
-21.920488,-28.472,seed4862.png
-35.05438,-6.959799,seed48620.png
-29.226383,-11.216182,seed48621.png
7.4305334,-27.708885,seed48622.png
-20.075756,17.148802,seed48623.png
6.8702793,10.308889,seed48624.png
-21.76651,7.3226852,seed48625.png
-28.381996,-14.097657,seed48626.png
2.6917114,-4.4442105,seed48627.png
1.2364353,5.312383,seed48628.png
36.679012,10.004736,seed48629.png
-20.10152,-24.540388,seed4863.png
-25.436451,-1.0943662,seed48630.png
15.941856,-8.700628,seed48631.png
-34.787083,-3.5768359,seed48632.png
14.871684,-8.463567,seed48633.png
-20.926868,-19.31197,seed48634.png
20.475544,6.652927,seed48635.png
-33.24121,-8.482374,seed48636.png
-21.449661,-21.523607,seed48637.png
19.228838,-1.7716386,seed48638.png
-25.920362,-6.6862197,seed48639.png
19.39277,5.617887,seed4864.png
17.224665,11.194554,seed48640.png
-2.599745,22.407755,seed48641.png
11.795942,11.609715,seed48642.png
41.858612,20.21815,seed48643.png
1.4765226,-23.63185,seed48644.png
21.782658,8.469649,seed48645.png
3.7318237,-5.387586,seed48646.png
-24.59971,9.326851,seed48647.png
22.001469,8.219953,seed48648.png
-21.536282,12.466246,seed48649.png
17.385998,-35.114067,seed4865.png
-14.52895,-31.750057,seed48650.png
5.440607,2.2357306,seed48651.png
-29.350082,-13.743391,seed48652.png
-10.363749,-5.1077423,seed48653.png
-10.219341,-9.893873,seed48654.png
-17.409756,-19.64626,seed48655.png
-22.213833,-1.4830251,seed48656.png
27.33679,16.017313,seed48657.png
4.206315,8.564173,seed48658.png
-32.286263,-2.0471036,seed48659.png
-21.618147,18.228157,seed4866.png
-15.074478,-7.5915127,seed48660.png
-21.842709,-23.586992,seed48661.png
2.4959772,-12.411316,seed48662.png
19.24939,-5.113045,seed48663.png
-25.825348,5.960501,seed48664.png
23.76705,9.158741,seed48665.png
4.947931,14.242644,seed48666.png
15.275116,-8.303076,seed48667.png
28.928833,9.264886,seed48668.png
22.662691,11.499972,seed48669.png
36.22287,5.598045,seed4867.png
22.170261,14.223328,seed48670.png
-14.122731,-7.2218647,seed48671.png
-32.235275,25.389208,seed48672.png
2.2581866,11.618716,seed48673.png
7.93347,-32.06825,seed48674.png
5.479456,4.594077,seed48675.png
-11.089573,-10.543778,seed48676.png
26.34121,-1.3048815,seed48677.png
-32.570007,4.747176,seed48678.png
6.8351007,-27.336826,seed48679.png
29.626411,19.20679,seed4868.png
18.349125,16.70641,seed48680.png
-0.6203972,-4.122937,seed48681.png
-13.07187,-19.97212,seed48682.png
-3.6746128,-16.377789,seed48683.png
14.158113,24.63422,seed48684.png
13.346119,-33.82119,seed48685.png
-20.297197,-29.453625,seed48686.png
-27.278349,-9.559779,seed48687.png
-1.8149476,-3.1705694,seed48688.png
-26.930763,4.4555793,seed48689.png
-5.00394,-2.4044485,seed4869.png
25.285627,8.555427,seed48690.png
-21.623951,7.10094,seed48691.png
-30.276403,-3.9167655,seed48692.png
12.146475,-2.6314464,seed48693.png
-37.224907,17.908842,seed48694.png
2.6099732,13.52129,seed48695.png
25.740738,24.247389,seed48696.png
21.677036,20.188549,seed48697.png
-26.807394,9.123963,seed48698.png
35.99677,9.465675,seed48699.png
-3.9212728,-11.20161,seed4870.png
7.5655847,-12.799,seed48700.png
-8.182248,-25.080505,seed48701.png
-13.574087,-26.386446,seed48702.png
12.351458,0.18410805,seed48703.png
-7.1715264,-17.490713,seed48704.png
3.181156,3.6991365,seed48705.png
-10.279474,-22.277155,seed48706.png
18.186716,11.209874,seed48707.png
16.49511,17.215342,seed48708.png
7.5888343,-29.615345,seed48709.png
19.467915,21.588951,seed4871.png
18.022161,20.668352,seed48710.png
-11.6905575,-18.079758,seed48711.png
2.514821,-31.231886,seed48712.png
-21.571772,17.423803,seed48713.png
-22.27166,15.511016,seed48714.png
-2.1078508,-18.767197,seed48715.png
33.282524,14.255912,seed48716.png
34.986378,1.8372406,seed48717.png
-9.375476,-15.262332,seed48718.png
18.037125,-7.9711037,seed48719.png
-22.795815,-25.561968,seed4872.png
-31.826048,-5.6559153,seed48720.png
-9.779631,-26.391457,seed48721.png
18.044725,19.35541,seed48722.png
9.459693,2.0707016,seed48723.png
-19.252478,6.405086,seed48724.png
28.195255,29.285614,seed48725.png
-28.061653,-7.1216183,seed48726.png
13.484748,-8.723244,seed48727.png
15.102261,0.966634,seed48728.png
6.706613,18.484257,seed48729.png
15.923362,3.6971767,seed4873.png
-33.431995,-11.4147625,seed48730.png
23.356585,21.14937,seed48731.png
-31.811962,8.970073,seed48732.png
1.3712621,6.162418,seed48733.png
14.8166275,2.2998154,seed48734.png
23.059443,19.76932,seed48735.png
-0.8238054,3.9149816,seed48736.png
37.55389,21.919594,seed48737.png
31.132607,15.205928,seed48738.png
35.854244,10.441794,seed48739.png
-32.90633,14.739181,seed4874.png
-35.754704,16.035643,seed48740.png
3.3879738,0.98592484,seed48741.png
-13.569692,-28.368189,seed48742.png
4.232976,7.7880096,seed48743.png
-16.652945,-30.86449,seed48744.png
-29.52894,14.954514,seed48745.png
-32.393063,22.062252,seed48746.png
-24.53434,-0.26944318,seed48747.png
-1.2243834,-13.261635,seed48748.png
11.844477,-36.004906,seed48749.png
-2.162255,-16.420645,seed4875.png
21.905224,15.30093,seed48750.png
-19.057398,9.9242325,seed48751.png
18.760792,25.397934,seed48752.png
-35.048595,19.201395,seed48753.png
-30.755297,-4.0833426,seed48754.png
0.29674682,-18.13227,seed48755.png
-33.434666,-1.9015818,seed48756.png
12.324715,-29.605259,seed48757.png
31.57756,28.204527,seed48758.png
6.2958813,-29.81546,seed48759.png
13.999876,24.488564,seed4876.png
-15.379606,-31.340105,seed48760.png
-10.6192,1.4508629,seed48761.png
35.25966,10.842287,seed48762.png
-10.98157,-18.551981,seed48763.png
15.637474,-8.1269245,seed48764.png
27.239136,11.077287,seed48765.png
-23.906624,1.0702808,seed48766.png
20.649368,-8.308896,seed48767.png
10.444126,3.147712,seed48768.png
-1.5071713,18.198833,seed48769.png
-19.747917,-12.703172,seed4877.png
36.753773,11.65156,seed48770.png
16.365345,16.040777,seed48771.png
-14.598379,-4.3708415,seed48772.png
-27.037607,0.805464,seed48773.png
11.776874,23.761553,seed48774.png
14.395569,-35.068947,seed48775.png
-25.147383,15.84563,seed48776.png
-12.282555,-0.11101191,seed48777.png
-26.338825,13.992753,seed48778.png
-21.051964,-4.8953714,seed48779.png
-10.820999,12.9583435,seed4878.png
12.618582,16.88284,seed48780.png
-20.426231,-13.91932,seed48781.png
-30.92411,-9.681771,seed48782.png
7.8619,-9.8088665,seed48783.png
-19.869585,5.4721093,seed48784.png
-25.48014,3.7612946,seed48785.png
-32.34923,12.8552265,seed48786.png
-20.797491,4.6572495,seed48787.png
-11.119407,-14.770365,seed48788.png
-22.655273,-9.540788,seed48789.png
-20.205317,4.075837,seed4879.png
28.07756,2.359928,seed48790.png
20.645807,20.258106,seed48791.png
-17.496437,-7.7470603,seed48792.png
4.0937247,-14.245549,seed48793.png
12.535315,-26.641354,seed48794.png
22.512619,-7.648214,seed48795.png
-26.97763,15.327104,seed48796.png
24.429272,14.481462,seed48797.png
37.097534,18.282534,seed48798.png
16.334816,-34.437923,seed48799.png
14.817939,28.859934,seed4880.png
11.355841,17.513363,seed48800.png
-22.66095,-0.5020372,seed48801.png
-32.980793,22.255278,seed48802.png
11.319756,28.307722,seed48803.png
33.367527,11.317991,seed48804.png
2.3791625,-26.307497,seed48805.png
18.87407,-7.4248943,seed48806.png
-29.651651,9.066181,seed48807.png
-23.30233,7.6020093,seed48808.png
-1.4045975,10.591019,seed48809.png
19.780901,13.878384,seed4881.png
-2.0580003,-15.862058,seed48810.png
-32.89326,20.97673,seed48811.png
10.96696,21.60469,seed48812.png
-27.59981,-10.918972,seed48813.png
18.279404,6.6828265,seed48814.png
-19.450035,-23.840452,seed48815.png
-0.6810331,1.5150976,seed48816.png
-19.978748,2.1857064,seed48817.png
14.806774,25.152264,seed48818.png
1.972723,-8.85691,seed48819.png
9.580626,2.2608008,seed4882.png
-13.705008,-20.391008,seed48820.png
-3.2794173,23.557001,seed48821.png
4.7413344,1.4158242,seed48822.png
35.133766,9.306383,seed48823.png
20.459024,-5.208151,seed48824.png
11.168854,-25.79394,seed48825.png
25.665146,3.6937466,seed48826.png
-18.649923,-22.056915,seed48827.png
-27.887072,13.396749,seed48828.png
-4.973258,13.285623,seed48829.png
37.437744,4.9097095,seed4883.png
-27.516283,-7.351598,seed48830.png
11.776432,-34.09814,seed48831.png
19.02923,19.49654,seed48832.png
-15.578544,3.3063846,seed48833.png
18.566538,24.586834,seed48834.png
-34.509792,19.421827,seed48835.png
32.94577,10.524235,seed48836.png
-12.306567,8.935581,seed48837.png
33.584126,28.1284,seed48838.png
21.883612,-3.7564816,seed48839.png
-16.550589,-8.194615,seed4884.png
-13.667772,-4.779275,seed48840.png
20.566343,2.329887,seed48841.png
3.297374,23.170155,seed48842.png
-0.6416861,21.623865,seed48843.png
35.844,2.720226,seed48844.png
-32.16728,-11.808749,seed48845.png
34.42544,13.94862,seed48846.png
22.211802,-8.2710085,seed48847.png
31.968332,15.20372,seed48848.png
10.917593,-29.201038,seed48849.png
31.533297,17.756567,seed4885.png
4.7224946,11.562479,seed48850.png
-18.516989,-1.819063,seed48851.png
16.377317,1.6822815,seed48852.png
-14.745259,-14.516329,seed48853.png
26.262972,18.339981,seed48854.png
23.053291,19.205385,seed48855.png
-22.051455,18.702356,seed48856.png
-18.980818,-25.754622,seed48857.png
-18.93012,-17.890987,seed48858.png
16.113201,-8.14596,seed48859.png
19.13584,15.269633,seed4886.png
25.274424,-2.9892306,seed48860.png
10.528883,-42.17831,seed48861.png
4.656543,2.8471646,seed48862.png
-8.730151,7.158736,seed48863.png
0.67838556,24.78913,seed48864.png
-22.451471,-21.294352,seed48865.png
-31.22601,-5.275172,seed48866.png
-21.29761,-4.9502645,seed48867.png
33.03457,11.13471,seed48868.png
-8.088599,-16.71773,seed48869.png
-10.180912,-17.367489,seed4887.png
22.255608,-5.976877,seed48870.png
1.9339257,1.1197722,seed48871.png
6.17338,2.3688073,seed48872.png
-11.030771,0.6300446,seed48873.png
13.029373,0.7581938,seed48874.png
-9.735066,-7.4738564,seed48875.png
41.735523,18.912933,seed48876.png
23.938643,4.49954,seed48877.png
8.781888,-22.70285,seed48878.png
-31.582207,13.405199,seed48879.png
-29.811388,3.106381,seed4888.png
-22.061972,19.953472,seed48880.png
-17.55017,-30.154633,seed48881.png
-31.679255,-2.5803084,seed48882.png
10.317489,22.324614,seed48883.png
29.82888,25.601057,seed48884.png
1.9825009,-1.0207635,seed48885.png
11.2982235,6.325357,seed48886.png
-14.842103,2.0941305,seed48887.png
-11.851948,2.0260503,seed48888.png
-20.919294,-17.99841,seed48889.png
-12.000887,-24.121109,seed4889.png
-21.518578,-11.155112,seed48890.png
-29.271646,-3.3855164,seed48891.png
31.46372,25.175959,seed48892.png
-1.7879988,-18.574396,seed48893.png
13.528647,-33.22795,seed48894.png
0.21034248,17.245678,seed48895.png
-12.139363,-18.339787,seed48896.png
22.141226,4.6043973,seed48897.png
4.3038754,6.2280483,seed48898.png
10.1099205,-42.95444,seed48899.png
17.650318,0.5073797,seed4890.png
-33.78461,11.822771,seed48900.png
9.136975,-4.2926292,seed48901.png
-32.354286,-11.426251,seed48902.png
23.31456,23.08067,seed48903.png
26.91763,21.635641,seed48904.png
-20.142311,3.4143412,seed48905.png
-34.092144,19.371365,seed48906.png
29.37275,12.720525,seed48907.png
17.639967,24.046913,seed48908.png
20.699755,-0.16590357,seed48909.png
-31.907959,22.41345,seed4891.png
8.356457,1.0988185,seed48910.png
-15.391811,-22.431917,seed48911.png
33.735588,22.361729,seed48912.png
35.837666,25.043781,seed48913.png
28.946085,4.0179925,seed48914.png
-24.412205,1.9770801,seed48915.png
15.322843,-31.948988,seed48916.png
15.998657,-32.883564,seed48917.png
17.606222,-8.038149,seed48918.png
37.342827,22.576845,seed48919.png
35.078392,27.524914,seed4892.png
30.611708,17.937185,seed48920.png
32.94484,13.336931,seed48921.png
-17.22578,-15.786461,seed48922.png
27.510433,26.001322,seed48923.png
1.4839405,-11.410208,seed48924.png
-14.224869,-16.95312,seed48925.png
-17.248512,-19.76103,seed48926.png
-21.082207,-27.644165,seed48927.png
-39.400944,10.526393,seed48928.png
-32.54498,10.404995,seed48929.png
-33.622482,24.723911,seed4893.png
-6.4394765,3.3234992,seed48930.png
-22.881075,19.397703,seed48931.png
23.596481,23.118816,seed48932.png
11.548296,-24.95916,seed48933.png
-31.560799,20.761673,seed48934.png
18.280422,-5.525649,seed48935.png
0.14482345,-17.406155,seed48936.png
17.363457,-0.21820985,seed48937.png
26.00977,13.76906,seed48938.png
23.487581,22.241928,seed48939.png
-26.98195,18.016987,seed4894.png
-26.191086,7.080592,seed48940.png
-0.2428059,-24.582117,seed48941.png
-24.16852,-0.012954879,seed48942.png
34.38525,15.647709,seed48943.png
-26.993147,12.285501,seed48944.png
-29.72248,4.048962,seed48945.png
-22.984741,4.144366,seed48946.png
-33.622086,22.254906,seed48947.png
-27.62674,3.4094963,seed48948.png
-36.89092,16.921608,seed48949.png
0.8108251,-7.5096684,seed4895.png
-20.007742,-12.520265,seed48950.png
-5.5391736,-5.7743826,seed48951.png
-33.112484,21.640427,seed48952.png
-32.156666,-2.246885,seed48953.png
30.916641,11.993056,seed48954.png
6.262874,-30.272856,seed48955.png
32.67086,21.929672,seed48956.png
-10.354044,0.33603048,seed48957.png
25.489779,15.123094,seed48958.png
28.022837,22.60951,seed48959.png
4.8952727,4.8445487,seed4896.png
-20.020422,-29.47405,seed48960.png
6.7882586,-3.7991273,seed48961.png
5.3147006,-0.2033016,seed48962.png
-18.94977,-17.670609,seed48963.png
13.128539,-28.270046,seed48964.png
38.334835,15.335522,seed48965.png
35.095543,22.150867,seed48966.png
15.741242,0.17019005,seed48967.png
22.794325,-6.853032,seed48968.png
11.358709,-31.200918,seed48969.png
-21.09625,-16.614302,seed4897.png
4.739967,12.686592,seed48970.png
13.219837,-20.985455,seed48971.png
-30.326342,6.4731784,seed48972.png
-4.9481473,-14.552686,seed48973.png
-20.449127,-17.584143,seed48974.png
8.552679,12.460645,seed48975.png
-25.0556,10.568564,seed48976.png
33.5376,5.4651175,seed48977.png
6.437155,-38.744785,seed48978.png
-17.583855,-19.220531,seed48979.png
-26.996405,13.200477,seed4898.png
-0.16593102,18.99526,seed48980.png
17.636587,11.343805,seed48981.png
12.747449,3.7660353,seed48982.png
-7.8144956,2.4257505,seed48983.png
3.0357206,4.204158,seed48984.png
12.831243,-39.06979,seed48985.png
-28.45934,11.459952,seed48986.png
31.606594,11.004874,seed48987.png
36.233616,20.391817,seed48988.png
-23.512213,8.605405,seed48989.png
-23.90458,-24.585558,seed4899.png
5.8331428,-37.718838,seed48990.png
-20.306633,2.955953,seed48991.png
-0.48063123,24.54629,seed48992.png
-23.728804,16.417234,seed48993.png
35.046146,15.100635,seed48994.png
35.480526,23.737755,seed48995.png
-20.517887,-3.500111,seed48996.png
-25.244389,-11.840421,seed48997.png
21.801674,-1.3554438,seed48998.png
-14.120841,-16.819859,seed48999.png
-4.098272,-13.197086,seed4900.png
31.85484,2.9463334,seed49000.png
-15.7407,-8.604209,seed49001.png
-15.557581,-22.98765,seed49002.png
-19.759607,11.276984,seed49003.png
-25.963865,-10.174886,seed49004.png
-37.821518,-9.5640955,seed49005.png
-10.231719,-15.124573,seed49006.png
13.3157015,-38.437916,seed49007.png
9.641996,-29.79086,seed49008.png
41.350204,21.311611,seed49009.png
36.504013,8.548778,seed4901.png
-17.477257,2.3493128,seed49010.png
-32.190296,17.287142,seed49011.png
29.529057,7.9182014,seed49012.png
30.842005,27.655544,seed49013.png
12.341628,-42.430138,seed49014.png
1.9395586,-31.183483,seed49015.png
24.297268,20.986006,seed49016.png
29.971903,27.204182,seed49017.png
35.41987,9.988387,seed49018.png
-19.588808,-5.608392,seed49019.png
14.385848,-34.141006,seed4902.png
-2.1031578,-26.30126,seed49020.png
-1.6667517,24.22787,seed49021.png
-11.390568,-0.13131899,seed49022.png
-12.792526,-4.534484,seed49023.png
-28.684078,-17.920572,seed49024.png
-16.099586,-4.4786572,seed49025.png
-15.876333,-31.746246,seed49026.png
14.969836,0.58498126,seed49027.png
-37.145916,14.787234,seed49028.png
20.38846,19.464254,seed49029.png
-31.429281,15.651256,seed4903.png
39.555626,13.760639,seed49030.png
-16.678364,-6.3611836,seed49031.png
12.015185,-1.6782389,seed49032.png
10.744603,-32.047318,seed49033.png
-26.497507,3.7666035,seed49034.png
-19.71968,0.35645458,seed49035.png
23.350693,8.965728,seed49036.png
13.26014,-32.49084,seed49037.png
4.3887043,-36.054253,seed49038.png
38.16457,16.914667,seed49039.png
-28.8615,12.758709,seed4904.png
17.31626,25.003826,seed49040.png
-34.757732,18.70628,seed49041.png
15.041482,20.675505,seed49042.png
12.077602,-36.600197,seed49043.png
-29.116909,6.0971174,seed49044.png
4.5026484,-32.564342,seed49045.png
15.64342,1.9392735,seed49046.png
-18.423197,-12.456258,seed49047.png
15.493448,24.718958,seed49048.png
-16.349602,-23.23969,seed49049.png
3.3790526,-25.532837,seed4905.png
0.9585319,1.2346562,seed49050.png
22.84189,22.066528,seed49051.png
6.1001368,-37.878906,seed49052.png
-26.602642,12.077543,seed49053.png
-27.603865,16.447012,seed49054.png
14.469482,-31.066818,seed49055.png
-16.28321,-31.640232,seed49056.png
31.176195,16.879053,seed49057.png
-20.214151,-1.1482685,seed49058.png
17.431763,15.893552,seed49059.png
-27.763485,-18.855991,seed4906.png
34.49396,2.5235057,seed49060.png
30.518814,27.419764,seed49061.png
-16.329353,-8.642596,seed49062.png
-11.003843,-7.6422114,seed49063.png
-14.490592,-8.686996,seed49064.png
16.731865,20.992506,seed49065.png
28.081648,13.717629,seed49066.png
13.355643,-3.7162945,seed49067.png
-34.151012,-1.9949901,seed49068.png
15.738684,17.994667,seed49069.png
-22.65675,0.91753095,seed4907.png
30.993282,18.805447,seed49070.png
27.319834,6.5610604,seed49071.png
-2.1703138,17.656094,seed49072.png
13.182427,3.949735,seed49073.png
-37.08663,9.945244,seed49074.png
9.075232,-21.294195,seed49075.png
31.000689,17.939672,seed49076.png
-21.371542,5.5403976,seed49077.png
7.9629965,-33.09081,seed49078.png
13.66715,-3.097054,seed49079.png
6.600647,-35.547188,seed4908.png
-20.096806,2.0886748,seed49080.png
-26.775213,16.18522,seed49081.png
-20.742002,-17.79151,seed49082.png
4.4520597,-3.290711,seed49083.png
35.187355,17.284786,seed49084.png
0.960278,13.20371,seed49085.png
-12.84343,-16.710651,seed49086.png
16.503862,0.53788316,seed49087.png
7.752358,-35.444866,seed49088.png
-6.4078903,-23.386808,seed49089.png
-3.2911708,12.557249,seed4909.png
-20.107635,-9.116141,seed49090.png
30.527521,22.757006,seed49091.png
14.618871,10.884211,seed49092.png
-21.562302,20.05078,seed49093.png
13.556962,-0.28518447,seed49094.png
20.903416,-5.420593,seed49095.png
-13.722097,-24.240704,seed49096.png
-21.233093,-3.4870028,seed49097.png
-28.665438,1.3040733,seed49098.png
-17.540308,-23.471794,seed49099.png
3.7227914,11.774146,seed4910.png
6.837695,2.2365937,seed49100.png
14.053997,-7.0383334,seed49101.png
-7.740151,-7.6672935,seed49102.png
1.0698683,-3.7472384,seed49103.png
28.686255,13.379008,seed49104.png
-36.845715,20.05293,seed49105.png
21.509256,-0.6205067,seed49106.png
18.545649,23.258404,seed49107.png
-23.226982,-20.795427,seed49108.png
-29.02321,1.2834874,seed49109.png
35.543568,21.109344,seed4911.png
-30.428623,-7.5836267,seed49110.png
19.54221,-4.4192367,seed49111.png
8.473622,-35.392544,seed49112.png
34.874855,23.505814,seed49113.png
7.585004,-40.0071,seed49114.png
8.559729,20.061323,seed49115.png
-20.707434,-21.540348,seed49116.png
12.159985,-22.92141,seed49117.png
-23.50249,6.8169856,seed49118.png
38.693966,18.209171,seed49119.png
27.802694,-0.3508597,seed4912.png
-31.987545,12.639928,seed49120.png
-12.59672,-19.223356,seed49121.png
-32.300884,15.873555,seed49122.png
8.256486,7.6642113,seed49123.png
-31.145195,11.928457,seed49124.png
-14.509458,-3.9664993,seed49125.png
33.846043,26.858837,seed49126.png
29.65582,28.389961,seed49127.png
-1.4053473,-0.6812546,seed49128.png
-33.8024,-11.238318,seed49129.png
3.5526638,-5.977246,seed4913.png
19.463366,-2.9960597,seed49130.png
28.317806,6.442005,seed49131.png
9.037604,28.526049,seed49132.png
-22.199482,9.176901,seed49133.png
-6.878939,-4.538789,seed49134.png
-11.789794,-9.969906,seed49135.png
-6.182767,15.549608,seed49136.png
-12.615456,-9.9813595,seed49137.png
-0.62957007,-14.248461,seed49138.png
-22.02083,-16.903713,seed49139.png
8.709537,6.9049788,seed4914.png
-7.6628895,-18.42046,seed49140.png
-36.04046,16.452463,seed49141.png
10.477312,6.05356,seed49142.png
32.9017,27.479065,seed49143.png
-0.42855462,3.1752036,seed49144.png
15.015998,-35.258274,seed49145.png
-31.77183,-9.208089,seed49146.png
-5.577671,14.958527,seed49147.png
19.107164,6.7837415,seed49148.png
29.623516,28.300879,seed49149.png
-5.4997344,-25.295874,seed4915.png
-22.883366,-1.7866272,seed49150.png
-0.92965454,19.873549,seed49151.png
29.00049,22.075594,seed49152.png
-14.601856,-9.105086,seed49153.png
16.68791,24.360744,seed49154.png
-21.823812,-0.27210873,seed49155.png
-16.982533,-9.891752,seed49156.png
28.128944,11.266742,seed49157.png
-33.570095,-3.3671558,seed49158.png
2.1126025,-16.717691,seed49159.png
31.284605,4.8836193,seed4916.png
36.697636,14.500158,seed49160.png
-31.22247,24.360126,seed49161.png
36.32562,9.783364,seed49162.png
13.536898,17.951376,seed49163.png
16.043903,-33.23874,seed49164.png
13.808716,-11.679173,seed49165.png
8.030691,-5.515452,seed49166.png
13.262523,24.221478,seed49167.png
-9.739189,-16.74018,seed49168.png
36.09718,13.1903105,seed49169.png
17.403452,9.890442,seed4917.png
-12.2900305,-27.397232,seed49170.png
9.187699,-43.427166,seed49171.png
-15.24377,-0.36348066,seed49172.png
-5.9634523,9.589689,seed49173.png
9.237901,-38.718292,seed49174.png
-16.391685,-25.233103,seed49175.png
0.67879784,-14.174327,seed49176.png
18.014965,1.8990155,seed49177.png
-19.72079,-22.461195,seed49178.png
9.942118,-29.391537,seed49179.png
-18.87586,-5.247202,seed4918.png
-25.09007,-16.229752,seed49180.png
-18.052383,0.12799604,seed49181.png
34.121136,25.26788,seed49182.png
4.890874,-32.344143,seed49183.png
29.474657,7.9880495,seed49184.png
13.182035,-33.289093,seed49185.png
34.439194,15.100258,seed49186.png
-6.2592564,-24.87434,seed49187.png
-29.07716,-9.694018,seed49188.png
16.602009,8.20823,seed49189.png
-13.679203,-21.587395,seed4919.png
2.8825285,14.208252,seed49190.png
-26.77138,12.912635,seed49191.png
-24.449205,-7.8510237,seed49192.png
-15.622493,-18.93608,seed49193.png
-23.932728,-9.241851,seed49194.png
-19.911345,-3.8420482,seed49195.png
5.2980676,-34.865685,seed49196.png
-26.393621,-10.397555,seed49197.png
-14.239977,-19.197191,seed49198.png
3.2394354,-22.844332,seed49199.png
-25.765604,-1.0725538,seed4920.png
27.317972,11.643408,seed49200.png
-26.460043,17.130732,seed49201.png
11.63092,0.5447331,seed49202.png
20.733194,7.8811874,seed49203.png
-23.35425,17.929077,seed49204.png
20.634151,-3.302151,seed49205.png
-32.77395,16.432348,seed49206.png
15.486716,-32.43375,seed49207.png
9.393264,-39.709682,seed49208.png
5.555022,-37.599945,seed49209.png
36.435448,12.125954,seed4921.png
13.763573,30.154325,seed49210.png
21.626183,1.3452698,seed49211.png
32.831757,9.901581,seed49212.png
39.159588,15.805816,seed49213.png
33.247456,9.893822,seed49214.png
-18.010046,-2.193704,seed49215.png
-4.657745,-8.257108,seed49216.png
7.857664,-31.746483,seed49217.png
-20.66023,-14.416243,seed49218.png
-14.884056,9.8344345,seed49219.png
-31.722494,-6.26437,seed4922.png
-20.338768,-13.604368,seed49220.png
18.311226,17.614626,seed49221.png
-6.0038395,-13.330395,seed49222.png
8.14295,-39.67957,seed49223.png
2.7467742,16.81563,seed49224.png
6.7616844,0.85306364,seed49225.png
34.093464,22.979221,seed49226.png
25.092585,-0.65784246,seed49227.png
14.08992,-32.842415,seed49228.png
-13.094235,-22.557674,seed49229.png
-22.894611,-9.597525,seed4923.png
14.31062,18.317265,seed49230.png
36.896523,4.4591513,seed49231.png
7.1648273,-24.713472,seed49232.png
7.931806,-6.6809096,seed49233.png
36.62157,19.739855,seed49234.png
13.647434,-21.964577,seed49235.png
10.335967,7.6988873,seed49236.png
-15.116813,-23.74586,seed49237.png
-34.544697,18.824772,seed49238.png
22.212166,-7.2557716,seed49239.png
17.98175,19.473358,seed4924.png
13.149786,25.157719,seed49240.png
15.351478,-37.858246,seed49241.png
1.696406,-17.499052,seed49242.png
9.895818,29.49461,seed49243.png
30.913774,-0.4042398,seed49244.png
1.9361238,10.489186,seed49245.png
-12.543242,-15.324079,seed49246.png
-20.58325,7.648894,seed49247.png
8.067902,0.56308216,seed49248.png
-32.865917,12.576967,seed49249.png
-15.036185,-5.6255527,seed4925.png
0.056176923,12.650896,seed49250.png
-28.959156,13.466225,seed49251.png
-6.4305267,-22.589159,seed49252.png
18.183455,5.0572386,seed49253.png
-26.225191,-19.04599,seed49254.png
-22.751087,12.571621,seed49255.png
-0.6490702,22.057762,seed49256.png
18.700682,19.123638,seed49257.png
-28.481827,-11.518062,seed49258.png
34.983063,5.3965554,seed49259.png
12.457798,-6.5055265,seed4926.png
-16.298056,-16.98789,seed49260.png
-16.458372,-3.7124512,seed49261.png
7.761893,-35.93892,seed49262.png
-23.631279,10.823539,seed49263.png
6.786169,-35.892315,seed49264.png
9.03738,-12.763134,seed49265.png
-28.326221,3.292852,seed49266.png
-3.6581953,-20.190489,seed49267.png
17.271015,-2.329466,seed49268.png
-19.956823,-4.17355,seed49269.png
31.47164,10.406781,seed4927.png
-14.787802,5.782798,seed49270.png
6.8677454,18.409828,seed49271.png
9.766553,-28.039309,seed49272.png
-25.754133,-0.75230557,seed49273.png
-34.65709,16.693134,seed49274.png
-35.746452,19.481754,seed49275.png
16.707754,-0.38811198,seed49276.png
13.331453,0.187049,seed49277.png
-31.60573,-1.0121353,seed49278.png
17.668331,5.958222,seed49279.png
-29.265202,7.695544,seed4928.png
32.762894,7.443671,seed49280.png
-9.01453,-28.232182,seed49281.png
17.301142,2.9368293,seed49282.png
-11.417866,-6.030272,seed49283.png
21.846388,17.947964,seed49284.png
29.766327,4.1324606,seed49285.png
0.30569068,-15.813907,seed49286.png
-23.53801,-22.165033,seed49287.png
8.181094,3.4080565,seed49288.png
10.696845,29.341091,seed49289.png
-11.76314,-17.382015,seed4929.png
-11.433076,-28.054468,seed49290.png
10.153149,10.007211,seed49291.png
31.497936,14.295469,seed49292.png
6.4809127,18.469458,seed49293.png
19.749619,1.6163918,seed49294.png
33.12435,8.053598,seed49295.png
-13.156094,-15.529702,seed49296.png
8.131515,-26.1303,seed49297.png
-5.2236543,-23.758617,seed49298.png
-31.01727,20.018484,seed49299.png
33.15293,11.214136,seed4930.png
-3.4301069,23.932657,seed49300.png
16.274185,-9.533281,seed49301.png
13.462428,-40.41514,seed49302.png
30.332394,5.137386,seed49303.png
-25.297003,-7.1808524,seed49304.png
4.3842745,-35.377846,seed49305.png
-31.191616,-5.953174,seed49306.png
-18.020943,-1.406898,seed49307.png
7.22691,-28.126194,seed49308.png
-26.959974,-0.5035423,seed49309.png
12.602398,27.709358,seed4931.png
20.973326,19.465134,seed49310.png
-31.139196,23.305252,seed49311.png
25.72469,12.885892,seed49312.png
10.710514,19.789349,seed49313.png
19.86305,20.043211,seed49314.png
18.98559,16.114687,seed49315.png
-0.6407034,-12.942667,seed49316.png
-11.749006,-24.962074,seed49317.png
19.884102,-0.87160367,seed49318.png
-19.205492,-10.730613,seed49319.png
15.64687,10.279999,seed4932.png
4.698808,-34.402027,seed49320.png
19.38814,-6.7801666,seed49321.png
23.288979,-2.7552054,seed49322.png
4.6877656,18.3334,seed49323.png
28.605293,14.43556,seed49324.png
-24.582436,-13.285562,seed49325.png
15.786391,9.219646,seed49326.png
24.406479,18.909817,seed49327.png
7.4744973,-4.7099905,seed49328.png
-36.86464,24.5215,seed49329.png
4.831256,7.923345,seed4933.png
28.521997,23.449335,seed49330.png
24.336876,11.606056,seed49331.png
-2.8134537,-12.176771,seed49332.png
12.115551,-29.415926,seed49333.png
23.396162,9.230221,seed49334.png
-36.575825,26.493658,seed49335.png
12.160159,-15.677323,seed49336.png
-32.04473,23.356361,seed49337.png
-21.932703,-27.986256,seed49338.png
33.52584,9.072185,seed49339.png
23.686907,13.939241,seed4934.png
17.05006,-9.6717,seed49340.png
18.009287,22.961071,seed49341.png
-5.370369,-12.801865,seed49342.png
-18.902422,-24.488964,seed49343.png
24.177,-0.44810367,seed49344.png
-1.0104852,-12.116518,seed49345.png
21.856363,24.47147,seed49346.png
23.716574,16.145426,seed49347.png
-14.222554,-15.386239,seed49348.png
23.86121,1.7498986,seed49349.png
-18.906576,-8.67271,seed4935.png
13.515691,-31.329922,seed49350.png
-3.4708562,-3.4793587,seed49351.png
10.034109,-43.553005,seed49352.png
1.9120864,9.914755,seed49353.png
12.489165,1.9771523,seed49354.png
-24.859055,-12.4340105,seed49355.png
15.628295,-32.583115,seed49356.png
-20.173723,13.984352,seed49357.png
5.2295494,-32.93101,seed49358.png
3.503359,-22.19233,seed49359.png
16.53087,-36.144207,seed4936.png
27.046743,5.555319,seed49360.png
22.051775,14.047592,seed49361.png
11.247892,19.900002,seed49362.png
-13.306409,-8.702999,seed49363.png
23.121506,-0.38565943,seed49364.png
11.781287,12.876018,seed49365.png
8.052076,25.23568,seed49366.png
-21.843649,4.4564633,seed49367.png
13.178612,21.319733,seed49368.png
-31.100643,4.525468,seed49369.png
8.075314,-24.303383,seed4937.png
8.242704,-27.75395,seed49370.png
-12.839977,-26.005497,seed49371.png
-16.08477,2.6459877,seed49372.png
1.9082584,16.96342,seed49373.png
34.513317,19.560043,seed49374.png
7.8710294,-36.302578,seed49375.png
17.882189,22.828535,seed49376.png
13.285018,16.96424,seed49377.png
16.132866,4.91659,seed49378.png
30.438442,21.738272,seed49379.png
-21.270597,-8.831528,seed4938.png
20.751436,21.927069,seed49380.png
10.780221,-32.02247,seed49381.png
-20.115736,-8.422697,seed49382.png
14.323956,-2.3143272,seed49383.png
7.9665847,-26.104979,seed49384.png
19.444473,19.997347,seed49385.png
30.089142,6.428682,seed49386.png
12.938973,-27.071035,seed49387.png
24.567236,7.8978033,seed49388.png
-30.25959,1.3653908,seed49389.png
-34.80448,7.545375,seed4939.png
2.4831107,-14.488992,seed49390.png
28.314789,27.697214,seed49391.png
15.094604,-0.0614495,seed49392.png
36.48932,8.330992,seed49393.png
-6.7463384,2.412487,seed49394.png
-14.508825,2.0615065,seed49395.png
36.41467,12.213222,seed49396.png
-18.112677,1.8047485,seed49397.png
-22.895746,0.9234528,seed49398.png
17.07461,23.790903,seed49399.png
9.18838,-36.136845,seed4940.png
37.392464,4.462979,seed49400.png
38.573273,10.928304,seed49401.png
16.272678,4.522066,seed49402.png
35.947018,21.845749,seed49403.png
17.743406,15.437819,seed49404.png
9.677951,10.524359,seed49405.png
22.877916,9.020149,seed49406.png
37.953835,24.469954,seed49407.png
22.615332,21.634487,seed49408.png
15.030615,9.503045,seed49409.png
15.16819,2.9802175,seed4941.png
-25.621239,-1.6926224,seed49410.png
-10.013473,-26.308962,seed49411.png
4.3516655,-31.259764,seed49412.png
8.219919,7.802407,seed49413.png
7.6285424,9.48332,seed49414.png
10.293915,-4.667173,seed49415.png
17.593521,0.8105655,seed49416.png
14.80743,7.8582244,seed49417.png
-23.055325,-12.498323,seed49418.png
32.071632,5.5494027,seed49419.png
-12.8312,-4.5473886,seed4942.png
-20.34366,-5.5728903,seed49420.png
-27.507145,8.920501,seed49421.png
15.701794,8.186045,seed49422.png
34.782467,26.141575,seed49423.png
17.805794,20.93816,seed49424.png
-34.115166,19.080103,seed49425.png
25.056107,1.5766553,seed49426.png
-19.868404,-7.0840697,seed49427.png
20.894865,24.13083,seed49428.png
33.143997,18.77353,seed49429.png
-20.633213,-9.257258,seed4943.png
-0.15117805,-12.377746,seed49430.png
-6.0586896,-6.9755597,seed49431.png
-27.027235,-0.09743515,seed49432.png
-27.849426,-20.652176,seed49433.png
2.5955737,-14.62306,seed49434.png
16.899418,16.439016,seed49435.png
-20.495865,-22.367573,seed49436.png
15.625956,-37.681538,seed49437.png
30.234724,26.80695,seed49438.png
-8.572592,-15.143694,seed49439.png
2.6734388,2.4440384,seed4944.png
34.7628,25.731722,seed49440.png
-28.086332,-11.466008,seed49441.png
0.37153786,-26.446566,seed49442.png
10.545884,-36.33974,seed49443.png
-16.615341,16.89508,seed49444.png
0.03690685,-6.962514,seed49445.png
24.43917,8.546364,seed49446.png
-4.178486,22.337833,seed49447.png
10.733404,0.8560554,seed49448.png
25.423285,21.554235,seed49449.png
9.840644,-30.988466,seed4945.png
29.287424,8.764302,seed49450.png
26.601799,2.3662817,seed49451.png
-25.227972,2.0216794,seed49452.png
-21.001108,1.1297679,seed49453.png
-13.069971,-8.754431,seed49454.png
11.23572,-30.4161,seed49455.png
33.318886,19.751387,seed49456.png
9.228446,-41.673416,seed49457.png
8.77064,-32.452274,seed49458.png
-33.663956,17.11514,seed49459.png
13.026712,-35.85517,seed4946.png
37.815308,22.374285,seed49460.png
8.443081,-27.799063,seed49461.png
-32.966507,23.587517,seed49462.png
32.113197,23.891909,seed49463.png
-23.911434,-16.333155,seed49464.png
29.122417,28.123228,seed49465.png
-28.838871,-14.910162,seed49466.png
11.7002,7.2045817,seed49467.png
12.9542,-8.748908,seed49468.png
32.86302,27.393476,seed49469.png
-20.848375,-14.426803,seed4947.png
-11.322158,-6.981829,seed49470.png
16.138834,9.808932,seed49471.png
18.256306,27.324585,seed49472.png
-20.936953,-23.385202,seed49473.png
-18.91176,-4.7457104,seed49474.png
10.588269,22.324081,seed49475.png
-0.30126342,22.923344,seed49476.png
-11.3255415,-15.369173,seed49477.png
30.380846,9.673538,seed49478.png
39.42903,17.381937,seed49479.png
-8.374116,-21.927683,seed4948.png
20.249926,-2.6678917,seed49480.png
-1.6966494,-14.832148,seed49481.png
-20.597198,-23.634104,seed49482.png
12.163837,-14.473937,seed49483.png
11.045395,22.427395,seed49484.png
-33.240536,26.908098,seed49485.png
-27.110554,2.7749789,seed49486.png
-22.279871,-14.772624,seed49487.png
7.2337017,11.052927,seed49488.png
-24.04604,9.755263,seed49489.png
11.373473,27.563345,seed4949.png
-23.51143,-13.272636,seed49490.png
1.8454328,-13.586241,seed49491.png
3.3380175,22.51582,seed49492.png
-25.522924,-25.345737,seed49493.png
-10.470072,-28.009663,seed49494.png
25.011017,12.357312,seed49495.png
32.11772,25.76038,seed49496.png
29.34548,2.0938225,seed49497.png
-17.739614,-26.29419,seed49498.png
-23.775045,-20.838076,seed49499.png
-11.3525305,-16.24853,seed4950.png
23.628227,18.578087,seed49500.png
30.576015,27.987608,seed49501.png
-25.570837,-6.4299617,seed49502.png
19.435863,0.26273403,seed49503.png
-19.266508,-20.658686,seed49504.png
18.698864,12.3141575,seed49505.png
-29.853153,-15.87824,seed49506.png
-13.843397,-17.87488,seed49507.png
-30.750015,-6.307967,seed49508.png
-3.0029042,-17.499943,seed49509.png
15.967513,18.603214,seed4951.png
-2.1714256,-0.530663,seed49510.png
-11.138931,-8.700924,seed49511.png
2.5385258,-8.173032,seed49512.png
13.508796,22.956837,seed49513.png
21.112501,8.504143,seed49514.png
-10.483699,-18.619186,seed49515.png
3.9111226,-24.208044,seed49516.png
15.843729,-34.157257,seed49517.png
-19.267977,-15.362718,seed49518.png
-35.8484,-6.020361,seed49519.png
4.666588,16.847195,seed4952.png
16.072071,21.208845,seed49520.png
27.343456,11.505751,seed49521.png
-29.423923,-5.1737347,seed49522.png
-20.000942,-2.028826,seed49523.png
-13.617179,-27.675959,seed49524.png
-18.888668,-7.2250004,seed49525.png
34.075264,20.346727,seed49526.png
2.8102987,-12.882195,seed49527.png
7.112121,1.1347028,seed49528.png
-13.830913,-25.397934,seed49529.png
-24.685448,4.508029,seed4953.png
-30.97127,-6.5271997,seed49530.png
10.175073,-42.485237,seed49531.png
-17.969643,-1.581873,seed49532.png
10.435834,-37.75101,seed49533.png
-34.25522,12.219608,seed49534.png
-20.848951,-16.354666,seed49535.png
-20.645514,-18.331182,seed49536.png
-16.554388,-1.602537,seed49537.png
-14.696555,7.17849,seed49538.png
-18.619843,0.40338996,seed49539.png
27.771233,28.093203,seed4954.png
25.61276,9.626838,seed49540.png
-4.691232,22.309183,seed49541.png
-15.096747,-1.4106455,seed49542.png
10.699738,26.265303,seed49543.png
-7.564419,-16.45916,seed49544.png
18.472103,-3.1361172,seed49545.png
14.579124,-30.898457,seed49546.png
5.0941515,9.98639,seed49547.png
40.108173,22.01305,seed49548.png
21.661444,-7.23748,seed49549.png
17.296148,16.57553,seed4955.png
11.334925,-23.328175,seed49550.png
-28.55101,6.850207,seed49551.png
-20.121712,1.5742445,seed49552.png
17.271784,-33.277023,seed49553.png
-33.344162,13.794916,seed49554.png
38.037956,20.105963,seed49555.png
16.57686,4.743271,seed49556.png
14.162853,8.499424,seed49557.png
-3.3963866,11.271809,seed49558.png
-21.349543,13.73842,seed49559.png
8.803085,29.233103,seed4956.png
10.754022,21.719131,seed49560.png
-13.895328,-6.735235,seed49561.png
8.519616,-5.2782264,seed49562.png
-22.678955,-18.831331,seed49563.png
12.604746,-35.22643,seed49564.png
6.4617825,22.601866,seed49565.png
1.5168384,-3.4630804,seed49566.png
11.640827,-37.30209,seed49567.png
6.9700027,-4.355913,seed49568.png
17.00388,25.967579,seed49569.png
3.0759616,7.1923485,seed4957.png
-26.973412,1.8858349,seed49570.png
6.254036,18.02918,seed49571.png
-17.300304,-27.213995,seed49572.png
24.979998,0.49643204,seed49573.png
4.2757783,-7.905741,seed49574.png
18.529484,22.260134,seed49575.png
2.8028316,-13.164678,seed49576.png
26.782211,14.602108,seed49577.png
-35.96796,19.135973,seed49578.png
-32.80242,24.76866,seed49579.png
-15.99246,-27.75935,seed4958.png
36.103756,11.106438,seed49580.png
19.874151,-0.5555699,seed49581.png
11.541691,10.828551,seed49582.png
13.756654,-33.661358,seed49583.png
-23.800669,-14.737755,seed49584.png
18.222706,-7.3473015,seed49585.png
-26.422398,8.862976,seed49586.png
-21.83174,2.6813996,seed49587.png
-14.584722,-19.076725,seed49588.png
-17.052856,-6.4370832,seed49589.png
-33.074627,24.551325,seed4959.png
1.9110426,-9.570725,seed49590.png
-29.541101,1.6426988,seed49591.png
37.428402,20.262644,seed49592.png
-25.907358,13.0167,seed49593.png
15.882625,-33.794197,seed49594.png
-12.596751,-21.535173,seed49595.png
28.091911,20.352491,seed49596.png
8.054225,2.6013007,seed49597.png
11.113886,-0.7752461,seed49598.png
12.512507,-33.73694,seed49599.png
13.434497,-2.4188104,seed4960.png
-30.873713,15.892648,seed49600.png
-17.9583,-5.8300047,seed49601.png
9.872439,-1.0863627,seed49602.png
4.0772204,22.565117,seed49603.png
33.616306,22.769304,seed49604.png
22.889961,-1.4320499,seed49605.png
7.1659007,1.87909,seed49606.png
-0.25098065,-18.285353,seed49607.png
-1.4600708,-19.924936,seed49608.png
19.690649,-7.0531673,seed49609.png
29.899374,3.9059885,seed4961.png
36.081707,24.479366,seed49610.png
-12.246182,-17.52017,seed49611.png
-13.393799,2.4413764,seed49612.png
17.493668,-2.5609255,seed49613.png
-30.859999,-8.244964,seed49614.png
-24.30786,-16.062931,seed49615.png
-15.785583,4.961142,seed49616.png
-17.124588,-14.832629,seed49617.png
11.626677,27.155066,seed49618.png
-34.225803,27.146809,seed49619.png
16.914495,-0.61122817,seed4962.png
10.2994175,-28.943346,seed49620.png
12.367919,17.646328,seed49621.png
16.116177,14.714617,seed49622.png
-12.302146,-12.85229,seed49623.png
13.948893,21.85636,seed49624.png
-25.008787,3.8977945,seed49625.png
-25.46541,-3.3924117,seed49626.png
-26.090498,-3.1398864,seed49627.png
12.728386,22.411015,seed49628.png
5.4069314,-4.087808,seed49629.png
24.240038,13.854213,seed4963.png
-11.549503,-1.0171626,seed49630.png
-7.2225266,-6.1884847,seed49631.png
23.447771,23.948668,seed49632.png
25.72156,4.535126,seed49633.png
15.642954,17.879745,seed49634.png
13.785192,29.535004,seed49635.png
9.779623,7.5221334,seed49636.png
19.12559,7.509207,seed49637.png
6.0074553,-33.94305,seed49638.png
10.565549,-38.560143,seed49639.png
-30.353271,-17.527025,seed4964.png
-9.602556,6.7231545,seed49640.png
18.941698,-5.3441916,seed49641.png
-12.808714,-22.647339,seed49642.png
29.547428,11.437348,seed49643.png
30.454107,-0.79830945,seed49644.png
21.661413,-6.431987,seed49645.png
-9.584298,-17.490673,seed49646.png
33.511387,26.831274,seed49647.png
-30.326834,-14.738856,seed49648.png
-30.735413,12.836274,seed49649.png
-20.527084,6.8096557,seed4965.png
41.08387,21.22496,seed49650.png
-3.876782,-14.466149,seed49651.png
0.3832741,0.04866352,seed49652.png
-18.05858,10.904976,seed49653.png
25.261969,24.988617,seed49654.png
23.061867,1.0294253,seed49655.png
1.6220325,-5.202595,seed49656.png
-8.831427,-4.5945597,seed49657.png
37.888844,12.988437,seed49658.png
9.79408,21.732693,seed49659.png
-18.645903,-26.261017,seed4966.png
15.981308,23.070354,seed49660.png
-1.8154774,-15.994756,seed49661.png
10.65131,-37.863995,seed49662.png
-16.957588,-31.307018,seed49663.png
34.602608,25.050697,seed49664.png
8.458606,15.082016,seed49665.png
-3.4605954,-11.522122,seed49666.png
-18.417635,-31.07767,seed49667.png
-31.595179,20.160172,seed49668.png
-21.695509,-18.747608,seed49669.png
-22.420753,13.557044,seed4967.png
-1.5583186,23.069195,seed49670.png
7.1077957,-29.21805,seed49671.png
9.397032,19.501083,seed49672.png
6.498087,-27.240341,seed49673.png
-21.679598,2.6472573,seed49674.png
10.170911,-28.27533,seed49675.png
37.097843,4.4529166,seed49676.png
-8.625109,4.6862116,seed49677.png
14.808924,13.735069,seed49678.png
-10.151358,-3.723248,seed49679.png
16.274803,6.746858,seed4968.png
-21.913439,0.91419005,seed49680.png
-9.355725,15.285505,seed49681.png
15.312009,1.7556,seed49682.png
-31.768763,1.7353977,seed49683.png
36.441555,22.774775,seed49684.png
13.567868,0.2685672,seed49685.png
-27.519413,-14.753802,seed49686.png
-26.756693,16.997599,seed49687.png
-26.556232,9.628969,seed49688.png
-25.55018,6.0342593,seed49689.png
-28.691097,-2.9235935,seed4969.png
-33.143074,-10.483559,seed49690.png
22.568052,16.125315,seed49691.png
-24.551825,-16.836298,seed49692.png
33.475784,12.655433,seed49693.png
5.685876,23.764858,seed49694.png
19.218992,9.201604,seed49695.png
-17.349512,-19.478144,seed49696.png
-23.3584,-20.60702,seed49697.png
21.123463,14.342416,seed49698.png
-22.002192,18.307556,seed49699.png
-30.307842,17.64162,seed4970.png
-13.949288,-24.224627,seed49700.png
-21.28236,-15.95894,seed49701.png
25.410273,15.543587,seed49702.png
15.688076,16.618586,seed49703.png
8.7637005,4.5483627,seed49704.png
35.830063,25.098553,seed49705.png
-13.37394,6.6751566,seed49706.png
28.634233,10.406076,seed49707.png
-10.098309,-25.452776,seed49708.png
-26.031841,-16.185896,seed49709.png
-11.394532,-2.832149,seed4971.png
-22.552406,16.80444,seed49710.png
-37.65852,2.2993355,seed49711.png
-29.475153,-19.506773,seed49712.png
-9.619106,-7.030991,seed49713.png
-17.219767,-11.255571,seed49714.png
22.125065,25.7666,seed49715.png
-10.813399,-31.57307,seed49716.png
11.284024,15.159185,seed49717.png
27.688892,7.028569,seed49718.png
-10.663479,-22.637371,seed49719.png
10.007777,-29.401016,seed4972.png
4.6659136,15.18715,seed49720.png
39.533966,18.266048,seed49721.png
8.455332,3.4927042,seed49722.png
-15.642501,2.162389,seed49723.png
20.609165,14.150399,seed49724.png
25.222427,9.262022,seed49725.png
-0.23551308,21.124502,seed49726.png
-24.881243,7.3440676,seed49727.png
33.71068,8.297778,seed49728.png
-26.52467,0.40587032,seed49729.png
38.49304,9.799399,seed4973.png
-35.274414,20.230478,seed49730.png
-19.357946,-24.086584,seed49731.png
41.586346,19.124891,seed49732.png
-20.741316,-15.217593,seed49733.png
25.471834,17.048868,seed49734.png
14.120888,0.62993336,seed49735.png
-32.688175,-5.8271894,seed49736.png
-22.365122,5.0350423,seed49737.png
-32.275368,25.88515,seed49738.png
-15.004481,-19.546972,seed49739.png
2.566968,-3.721793,seed4974.png
-14.86462,-23.081533,seed49740.png
25.046127,2.508842,seed49741.png
-1.3796204,-11.494024,seed49742.png
-11.074695,-4.4050126,seed49743.png
-10.636614,-12.659556,seed49744.png
31.251852,27.979479,seed49745.png
13.608874,15.310975,seed49746.png
15.22532,-31.701353,seed49747.png
-26.873535,8.945839,seed49748.png
-29.885998,2.8983994,seed49749.png
4.078823,-20.09015,seed4975.png
31.4935,27.467766,seed49750.png
15.274006,5.4578104,seed49751.png
31.361763,20.168474,seed49752.png
-33.53545,3.3161857,seed49753.png
39.410347,17.185297,seed49754.png
-35.197304,17.455132,seed49755.png
-26.128935,-4.959763,seed49756.png
7.4199862,-3.3239841,seed49757.png
34.774002,20.347414,seed49758.png
11.26119,-38.40469,seed49759.png
-29.534393,16.084835,seed4976.png
15.163663,-1.2053065,seed49760.png
-12.274114,1.9059418,seed49761.png
-17.66283,-16.12268,seed49762.png
-24.067537,5.7625427,seed49763.png
-20.057154,-22.2887,seed49764.png
-1.7224873,2.7529519,seed49765.png
19.872149,11.252062,seed49766.png
37.564728,20.714933,seed49767.png
9.392232,30.217827,seed49768.png
19.90927,-5.096606,seed49769.png
-28.307493,19.477886,seed4977.png
-31.441225,12.570247,seed49770.png
-17.1608,-9.124858,seed49771.png
-19.401573,-14.037008,seed49772.png
11.281931,17.358847,seed49773.png
12.85081,16.70237,seed49774.png
37.646286,11.515111,seed49775.png
-26.676908,-12.0554905,seed49776.png
-10.745243,-28.733181,seed49777.png
18.590141,28.29572,seed49778.png
-16.258848,-8.889621,seed49779.png
-19.347157,3.950739,seed4978.png
7.377272,-29.776701,seed49780.png
31.930346,6.948395,seed49781.png
-3.702535,-14.789321,seed49782.png
-10.625181,-28.640682,seed49783.png
38.27258,21.937206,seed49784.png
12.927927,25.578491,seed49785.png
-7.85803,-14.474933,seed49786.png
-30.113518,21.735258,seed49787.png
-17.689232,-28.609308,seed49788.png
-19.742563,-23.612461,seed49789.png
-24.431675,16.616703,seed4979.png
-25.476557,-12.182805,seed49790.png
12.703405,-5.086173,seed49791.png
31.136301,1.853929,seed49792.png
-8.225959,-9.999484,seed49793.png
8.830204,-6.309117,seed49794.png
-1.978866,-11.475597,seed49795.png
0.0126709705,10.087307,seed49796.png
12.803765,-28.258938,seed49797.png
-24.032442,-20.726961,seed49798.png
-26.61044,-3.1483505,seed49799.png
38.24919,12.923517,seed4980.png
15.151956,-4.661638,seed49800.png
29.583864,13.117196,seed49801.png
14.786151,5.3860526,seed49802.png
-20.15569,9.342973,seed49803.png
-9.544305,-29.322823,seed49804.png
38.03563,23.627941,seed49805.png
-7.1281204,-21.424076,seed49806.png
12.762884,-23.206264,seed49807.png
15.32953,8.914049,seed49808.png
34.881676,9.849161,seed49809.png
35.11037,25.310043,seed4981.png
-21.943748,-5.3576784,seed49810.png
35.249992,11.280657,seed49811.png
-20.819342,-23.084213,seed49812.png
0.7709663,-22.303795,seed49813.png
9.747456,30.00764,seed49814.png
-24.61364,7.2846475,seed49815.png
-32.811928,16.91502,seed49816.png
-2.875215,-15.3179035,seed49817.png
13.90182,28.327278,seed49818.png
-35.36918,6.067999,seed49819.png
-20.343424,-4.764622,seed4982.png
15.396203,13.125407,seed49820.png
10.365324,-33.10697,seed49821.png
19.515413,23.899593,seed49822.png
3.4560754,-14.68624,seed49823.png
-32.31904,-10.689049,seed49824.png
4.2184606,-28.577465,seed49825.png
-17.414661,-8.887007,seed49826.png
-24.313204,-20.86876,seed49827.png
-20.248621,-8.8656,seed49828.png
-13.674169,-9.423233,seed49829.png
18.921352,-7.4078274,seed4983.png
-34.40103,21.863724,seed49830.png
17.373281,3.9984572,seed49831.png
-14.574682,-14.855936,seed49832.png
12.326743,-39.808315,seed49833.png
13.608706,-33.03334,seed49834.png
37.546772,17.317623,seed49835.png
-21.739365,7.7899785,seed49836.png
-20.228714,-22.424778,seed49837.png
-25.026812,-10.618147,seed49838.png
14.168653,-20.363972,seed49839.png
-8.629442,6.508436,seed4984.png
-30.59103,-18.011164,seed49840.png
-23.25318,-11.619796,seed49841.png
-29.083796,8.329952,seed49842.png
2.373662,-12.731185,seed49843.png
19.331871,1.4289558,seed49844.png
38.268787,17.33176,seed49845.png
7.8086805,12.090579,seed49846.png
8.525871,15.850747,seed49847.png
10.915548,-30.456182,seed49848.png
4.1283607,0.46990258,seed49849.png
10.632858,-5.7124987,seed4985.png
16.75358,-5.683878,seed49850.png
11.774002,-21.117853,seed49851.png
6.7571664,18.904598,seed49852.png
-15.195974,-30.29655,seed49853.png
-16.39226,-9.645634,seed49854.png
-21.859907,18.154615,seed49855.png
25.621489,16.344568,seed49856.png
-19.957695,16.862608,seed49857.png
-25.211803,6.160025,seed49858.png
-22.275972,-21.005102,seed49859.png
-7.0836043,3.3365176,seed4986.png
-1.0253052,2.3853023,seed49860.png
-16.204485,-10.8257065,seed49861.png
-23.606882,4.100052,seed49862.png
1.5295022,14.303658,seed49863.png
-14.973611,-19.724174,seed49864.png
-4.6775007,-16.36387,seed49865.png
-32.908665,-14.768045,seed49866.png
25.342535,13.961843,seed49867.png
-17.073097,-0.8129008,seed49868.png
-19.393301,-20.785265,seed49869.png
-2.8272324,-11.977254,seed4987.png
-28.750679,-14.921753,seed49870.png
41.47546,20.929916,seed49871.png
2.4168997,13.225345,seed49872.png
22.519674,-2.571061,seed49873.png
-3.9283319,-6.182492,seed49874.png
8.846186,-29.338762,seed49875.png
14.581571,-30.960882,seed49876.png
4.909051,-5.704966,seed49877.png
18.616943,-4.3435135,seed49878.png
11.217357,-0.9876257,seed49879.png
20.307655,8.348528,seed4988.png
3.817897,14.379007,seed49880.png
14.117858,7.199645,seed49881.png
-2.1498344,12.333399,seed49882.png
38.86883,26.521324,seed49883.png
-2.6698146,-28.790844,seed49884.png
36.579044,6.190711,seed49885.png
-17.598951,-26.86246,seed49886.png
-20.773794,-25.453829,seed49887.png
-10.208646,-11.735883,seed49888.png
-7.838788,-15.586354,seed49889.png
-23.520529,-19.003405,seed4989.png
30.350792,14.586846,seed49890.png
21.147287,12.6284895,seed49891.png
13.423857,13.182187,seed49892.png
1.7920089,23.117638,seed49893.png
-29.651983,14.544628,seed49894.png
24.470518,11.325977,seed49895.png
5.136414,-29.733267,seed49896.png
-24.119616,-15.553972,seed49897.png
20.172829,8.341423,seed49898.png
6.1392975,-2.7019482,seed49899.png
-17.820086,-29.257393,seed4990.png
-26.717882,-21.344818,seed49900.png
15.656366,8.027878,seed49901.png
27.485176,12.382294,seed49902.png
24.73271,-2.11607,seed49903.png
12.705027,-2.82162,seed49904.png
14.33662,1.4511995,seed49905.png
18.132793,26.396772,seed49906.png
26.556335,25.617928,seed49907.png
-18.023048,-27.88126,seed49908.png
6.15862,-34.30441,seed49909.png
14.120905,24.200537,seed4991.png
39.5267,14.002442,seed49910.png
27.07414,9.0187645,seed49911.png
8.4102955,-1.8561083,seed49912.png
6.302142,-39.492012,seed49913.png
-7.912014,-16.78568,seed49914.png
11.457209,-23.939377,seed49915.png
-17.057306,2.851845,seed49916.png
-25.67279,-10.024775,seed49917.png
7.771871,-4.2810726,seed49918.png
5.9400477,-32.30329,seed49919.png
-28.043669,-9.952021,seed4992.png
-14.812311,-10.06687,seed49920.png
31.414736,8.808142,seed49921.png
-17.854982,-23.231306,seed49922.png
8.1147375,-35.75693,seed49923.png
-24.856937,16.112309,seed49924.png
-23.147213,4.077535,seed49925.png
27.681835,20.434303,seed49926.png
-28.018795,8.466233,seed49927.png
26.760948,15.158525,seed49928.png
-36.16102,11.943647,seed49929.png
6.3789253,13.488991,seed4993.png
5.26826,-3.5067737,seed49930.png
-10.498054,-20.25785,seed49931.png
-15.932784,-17.650745,seed49932.png
-22.185558,10.918142,seed49933.png
-26.734184,-1.6235594,seed49934.png
-8.915862,-8.8787775,seed49935.png
33.31354,17.375961,seed49936.png
-19.754944,-11.085394,seed49937.png
-33.146255,23.648928,seed49938.png
24.345362,1.4915321,seed49939.png
23.592789,-7.6479897,seed4994.png
9.257757,-8.920143,seed49940.png
-11.464903,-18.343973,seed49941.png
-20.954044,8.336651,seed49942.png
-27.761995,-10.84807,seed49943.png
29.839346,24.027664,seed49944.png
-24.528172,18.716022,seed49945.png
-1.9815066,21.396643,seed49946.png
-19.624418,-22.117744,seed49947.png
37.629593,23.23734,seed49948.png
22.529408,-3.024775,seed49949.png
4.1082273,5.5120773,seed4995.png
12.18231,-32.55731,seed49950.png
10.686761,-5.5560765,seed49951.png
2.528982,-7.365547,seed49952.png
11.8996105,-32.904552,seed49953.png
10.861985,-39.271008,seed49954.png
14.13531,-35.258972,seed49955.png
15.071928,-0.6746547,seed49956.png
9.479837,-33.426033,seed49957.png
-24.857374,-22.13914,seed49958.png
-10.876516,-20.318235,seed49959.png
12.113725,6.255184,seed4996.png
-11.844915,5.091472,seed49960.png
28.4574,25.074047,seed49961.png
14.101178,12.3115225,seed49962.png
16.714943,27.449907,seed49963.png
37.53595,4.5927267,seed49964.png
23.898878,20.79709,seed49965.png
36.592766,20.265198,seed49966.png
11.353245,27.116095,seed49967.png
4.800656,0.63101584,seed49968.png
-16.563356,0.13197835,seed49969.png
31.746794,8.004102,seed4997.png
-11.39979,-5.976947,seed49970.png
17.451569,-2.1397283,seed49971.png
-12.642721,-17.663847,seed49972.png
-25.313772,1.6726738,seed49973.png
21.25975,8.984821,seed49974.png
-34.437992,22.817911,seed49975.png
32.85784,10.299274,seed49976.png
29.67602,0.14293909,seed49977.png
12.5449,-7.231243,seed49978.png
29.402481,17.466719,seed49979.png
26.217443,-3.435728,seed4998.png
-2.6201103,-6.6901317,seed49980.png
30.38957,7.7421556,seed49981.png
-15.923512,-21.736326,seed49982.png
-25.985964,16.837494,seed49983.png
28.76327,28.283857,seed49984.png
18.867949,19.183224,seed49985.png
-22.89955,-2.3699665,seed49986.png
8.328617,-21.720829,seed49987.png
23.349249,21.441118,seed49988.png
20.610193,1.994279,seed49989.png
11.940947,-36.0943,seed4999.png
35.71957,15.027141,seed49990.png
-15.513689,-7.2458277,seed49991.png
-2.3139741,-2.8679273,seed49992.png
-30.761751,-2.312895,seed49993.png
-11.17735,-22.432577,seed49994.png
17.298117,2.0826173,seed49995.png
19.04571,22.804512,seed49996.png
34.31518,6.00979,seed49997.png
-5.8605313,13.053651,seed49998.png
-16.628307,8.275954,seed49999.png
16.187172,4.433139,seed5000.png
-31.859598,10.616585,seed50000.png
25.188871,8.742521,seed50001.png
-29.90564,-7.5939736,seed50002.png
-29.078993,16.053946,seed50003.png
-1.033156,10.664267,seed50004.png
29.379463,10.582853,seed50005.png
-6.8684974,-21.236822,seed50006.png
6.500528,-8.145922,seed50007.png
3.364492,-36.25169,seed50008.png
-31.832348,-11.888317,seed50009.png
-31.851343,17.186535,seed5001.png
-30.063068,-6.2377186,seed50010.png
5.8435397,9.134994,seed50011.png
36.73634,12.902038,seed50012.png
-31.257978,2.3639035,seed50013.png
16.232388,21.759932,seed50014.png
16.128456,-36.48936,seed50015.png
38.62251,16.508747,seed50016.png
34.467438,5.105373,seed50017.png
11.296696,-40.18184,seed50018.png
-11.53857,-3.2717688,seed50019.png
-34.18126,20.849014,seed5002.png
17.26716,4.4117727,seed50020.png
-16.888533,-14.236983,seed50021.png
-16.681858,-25.85401,seed50022.png
14.70721,-12.036051,seed50023.png
-35.85987,14.052585,seed50024.png
-3.982642,0.45529988,seed50025.png
4.2871842,15.703317,seed50026.png
29.526054,3.5342696,seed50027.png
8.120625,-41.594524,seed50028.png
8.650389,9.692803,seed50029.png
-31.087639,22.981758,seed5003.png
15.929011,-5.821335,seed50030.png
6.6503572,9.039486,seed50031.png
11.763227,-6.350324,seed50032.png
8.066753,6.7830286,seed50033.png
-34.574505,23.203535,seed50034.png
9.9901285,-37.86796,seed50035.png
30.464289,23.077421,seed50036.png
19.937754,23.209425,seed50037.png
8.803488,-23.358278,seed50038.png
15.696224,-9.190249,seed50039.png
5.1591363,-26.72457,seed5004.png
20.364723,4.4404426,seed50040.png
26.014072,24.232811,seed50041.png
-26.7488,-11.4810505,seed50042.png
38.6486,22.37926,seed50043.png
-22.489101,-6.6128373,seed50044.png
36.520897,5.4382377,seed50045.png
12.892815,-28.013084,seed50046.png
-6.703387,10.4018,seed50047.png
-10.187454,-0.6896184,seed50048.png
-33.194515,14.802984,seed50049.png
22.299656,20.402935,seed5005.png
-14.063082,-27.126907,seed50050.png
26.442957,13.984225,seed50051.png
19.594692,5.382537,seed50052.png
-13.039607,-21.767504,seed50053.png
31.056858,11.983498,seed50054.png
8.873249,12.289542,seed50055.png
27.182343,15.449292,seed50056.png
-33.88031,14.2212305,seed50057.png
8.634279,-29.252268,seed50058.png
17.857372,-7.2324686,seed50059.png
-12.29125,-26.613129,seed5006.png
-22.018604,15.34543,seed50060.png
14.64394,-23.471573,seed50061.png
-20.648758,6.533829,seed50062.png
-29.292818,-19.32334,seed50063.png
12.741155,-41.97933,seed50064.png
-4.9372377,-17.10051,seed50065.png
-28.035566,8.722891,seed50066.png
15.608097,-38.86441,seed50067.png
4.3925533,-32.631535,seed50068.png
36.10259,16.957378,seed50069.png
22.390574,-0.46563205,seed5007.png
14.081566,17.111774,seed50070.png
14.933146,4.00344,seed50071.png
-29.108122,14.186315,seed50072.png
18.560001,22.281372,seed50073.png
14.719294,-36.646946,seed50074.png
-35.231552,27.64779,seed50075.png
-29.814283,-0.15625168,seed50076.png
-19.040625,-6.033364,seed50077.png
9.059691,-2.7066717,seed50078.png
19.94534,-6.5804696,seed50079.png
31.003788,16.584675,seed5008.png
-0.40634418,-14.630483,seed50080.png
2.918624,-26.254843,seed50081.png
-27.016811,-5.1407113,seed50082.png
-26.504335,6.691207,seed50083.png
-20.452543,-27.235514,seed50084.png
-17.794302,-17.210527,seed50085.png
-12.5076275,-20.386906,seed50086.png
19.164818,6.5649915,seed50087.png
23.548922,0.46316072,seed50088.png
-9.08422,-20.533054,seed50089.png
-31.322409,24.384977,seed5009.png
-7.4708505,-18.864334,seed50090.png
15.620864,-4.557693,seed50091.png
29.635767,23.965675,seed50092.png
22.41123,-1.824488,seed50093.png
39.429775,9.59654,seed50094.png
-17.770157,-11.464896,seed50095.png
4.7804847,11.609685,seed50096.png
-36.07872,10.7841835,seed50097.png
14.037634,-32.02318,seed50098.png
38.477192,21.50234,seed50099.png
9.710902,-27.09555,seed5010.png
-27.88756,7.7511168,seed50100.png
14.628162,-2.0603867,seed50101.png
11.639673,-35.113903,seed50102.png
-25.907915,10.351291,seed50103.png
-20.709145,14.206718,seed50104.png
4.1106925,4.09794,seed50105.png
-14.062432,-2.9484358,seed50106.png
-23.31126,-0.8973458,seed50107.png
25.143347,7.895199,seed50108.png
-22.927813,5.7158074,seed50109.png
-35.13838,15.702564,seed5011.png
-23.945045,10.262412,seed50110.png
-4.315928,-13.826368,seed50111.png
-11.895911,1.6998478,seed50112.png
-13.285016,-21.466902,seed50113.png
30.116026,5.1776223,seed50114.png
2.3537798,14.624493,seed50115.png
6.862711,-5.684067,seed50116.png
-31.222456,4.9529138,seed50117.png
18.284529,7.5946865,seed50118.png
39.68609,23.885952,seed50119.png
-17.34319,7.0589075,seed5012.png
12.025174,-7.100653,seed50120.png
11.97839,-42.54034,seed50121.png
-1.097527,0.20281164,seed50122.png
-26.514254,8.027876,seed50123.png
36.750862,15.583165,seed50124.png
18.887856,25.626545,seed50125.png
24.292852,-5.451921,seed50126.png
-13.417019,-32.487274,seed50127.png
-16.62556,-9.570675,seed50128.png
-0.68265617,17.250137,seed50129.png
-23.85877,16.456469,seed5013.png
20.736227,6.399252,seed50130.png
-20.603687,11.085631,seed50131.png
25.963633,15.749146,seed50132.png
-34.9136,-0.79169846,seed50133.png
-33.272743,3.656529,seed50134.png
17.609953,4.6381407,seed50135.png
-23.254421,13.364626,seed50136.png
-12.437866,-12.092797,seed50137.png
30.249315,16.800167,seed50138.png
3.2853324,-24.0647,seed50139.png
21.22453,7.143553,seed5014.png
24.440735,0.0839989,seed50140.png
30.626131,27.961348,seed50141.png
-14.781192,-24.790861,seed50142.png
1.4340445,-14.272569,seed50143.png
-14.323289,-21.930538,seed50144.png
-22.640373,-3.6008863,seed50145.png
11.8979435,-3.5594878,seed50146.png
14.958754,-32.195732,seed50147.png
30.844416,17.46115,seed50148.png
-16.648645,-21.578857,seed50149.png
27.886116,10.268847,seed5015.png
22.048357,13.014686,seed50150.png
33.709007,10.724034,seed50151.png
25.970215,12.513225,seed50152.png
16.288013,-9.708056,seed50153.png
-24.06657,-5.0577474,seed50154.png
-20.24173,-31.089783,seed50155.png
-11.288401,-4.999721,seed50156.png
20.508715,25.72091,seed50157.png
-22.214565,-17.524586,seed50158.png
21.432894,-6.479805,seed50159.png
-1.1888638,-13.685623,seed5016.png
30.614223,6.6143093,seed50160.png
-4.706298,-13.734122,seed50161.png
-12.981412,-5.785115,seed50162.png
26.675505,5.572359,seed50163.png
-6.735726,-1.2340533,seed50164.png
22.42344,4.7981787,seed50165.png
-13.506643,-29.406511,seed50166.png
33.432056,16.594149,seed50167.png
-1.0779045,23.842443,seed50168.png
-10.725829,-16.37946,seed50169.png
-32.91151,25.181025,seed5017.png
-29.905289,-11.182241,seed50170.png
20.998947,-2.2833266,seed50171.png
-14.461209,-24.51038,seed50172.png
15.262808,-36.382015,seed50173.png
28.912462,18.152605,seed50174.png
8.461159,-30.862034,seed50175.png
14.603931,-35.46316,seed50176.png
23.195757,6.04876,seed50177.png
33.651173,12.885097,seed50178.png
-13.0363655,-30.923378,seed50179.png
14.6455555,-39.35474,seed5018.png
25.958828,14.379431,seed50180.png
11.675966,-22.295654,seed50181.png
21.510912,-4.479609,seed50182.png
32.03556,18.930037,seed50183.png
26.647032,2.1412604,seed50184.png
4.617777,-30.39957,seed50185.png
-2.3636436,-13.280914,seed50186.png
10.280704,4.5214486,seed50187.png
-15.11802,-17.991505,seed50188.png
-24.526125,-22.38294,seed50189.png
26.827932,2.985686,seed5019.png
4.519672,-15.907973,seed50190.png
11.227925,-23.420351,seed50191.png
41.18684,20.466555,seed50192.png
13.30307,-0.26402315,seed50193.png
16.25134,18.149635,seed50194.png
-14.340258,-12.857257,seed50195.png
-19.320936,-17.212772,seed50196.png
-3.4624913,-26.295069,seed50197.png
-23.625689,-9.214129,seed50198.png
22.698286,9.668467,seed50199.png
30.137348,25.17684,seed5020.png
30.7911,24.98076,seed50200.png
-28.953825,-5.5669646,seed50201.png
-3.5151865,5.445884,seed50202.png
-33.23779,-5.4331784,seed50203.png
-22.49848,12.41712,seed50204.png
-36.936256,22.61669,seed50205.png
3.747317,19.677896,seed50206.png
-16.544373,-29.86002,seed50207.png
-0.58735704,-4.288273,seed50208.png
34.58271,23.080973,seed50209.png
1.9729762,-29.616907,seed5021.png
10.93063,-26.343998,seed50210.png
42.343636,21.053009,seed50211.png
4.7577066,1.2350173,seed50212.png
9.378118,-30.364105,seed50213.png
15.738679,-32.770973,seed50214.png
25.408514,11.644316,seed50215.png
25.938814,-3.313761,seed50216.png
-5.832745,-19.312374,seed50217.png
-4.269984,-4.4541664,seed50218.png
-15.78607,-16.046675,seed50219.png
39.364708,24.208815,seed5022.png
-24.148144,-4.6206574,seed50220.png
-10.480711,-23.923885,seed50221.png
-22.490316,-13.407506,seed50222.png
15.669622,3.8899896,seed50223.png
17.35554,10.855384,seed50224.png
-22.71983,-15.1926985,seed50225.png
24.58346,20.349064,seed50226.png
35.48551,9.202591,seed50227.png
35.8411,4.4642177,seed50228.png
9.1960745,-35.69683,seed50229.png
-16.545532,-7.563654,seed5023.png
2.2480931,8.502486,seed50230.png
20.040445,23.51464,seed50231.png
14.027745,29.408968,seed50232.png
23.983168,8.928385,seed50233.png
14.138509,-31.731726,seed50234.png
16.6675,5.9083667,seed50235.png
-3.1141193,-11.59876,seed50236.png
22.673157,7.4120207,seed50237.png
19.288229,17.090515,seed50238.png
-10.47327,-25.442913,seed50239.png
15.206277,-30.489347,seed5024.png
9.492904,-28.317934,seed50240.png
-1.4619478,1.3648938,seed50241.png
-28.774368,11.586227,seed50242.png
28.94391,8.028294,seed50243.png
3.8729138,-32.38567,seed50244.png
15.962421,28.327848,seed50245.png
-3.9303672,9.870753,seed50246.png
38.000687,12.136721,seed50247.png
-33.131794,25.803915,seed50248.png
11.943659,-40.113808,seed50249.png
-31.75382,14.337395,seed5025.png
24.78336,9.532466,seed50250.png
-3.7727852,23.858606,seed50251.png
-4.5384965,-11.085779,seed50252.png
-37.02096,22.453318,seed50253.png
12.852566,-33.945503,seed50254.png
13.885347,8.923428,seed50255.png
27.715195,6.7679095,seed50256.png
31.487188,14.957828,seed50257.png
21.541952,15.874939,seed50258.png
-15.598854,2.309808,seed50259.png
-9.612112,-6.8521714,seed5026.png
-21.210545,20.264515,seed50260.png
39.771935,7.4614167,seed50261.png
5.980855,8.871293,seed50262.png
-14.120621,-9.132892,seed50263.png
9.683345,-0.29074493,seed50264.png
23.115894,24.720284,seed50265.png
-13.677843,-9.3097925,seed50266.png
-24.026129,-12.99752,seed50267.png
15.787069,-5.631529,seed50268.png
35.031685,11.564864,seed50269.png
15.327769,-38.65398,seed5027.png
-4.5073447,-7.3552213,seed50270.png
27.960354,15.158741,seed50271.png
31.776499,26.705734,seed50272.png
-21.478848,-5.460301,seed50273.png
-23.65641,-17.96712,seed50274.png
17.061275,27.028471,seed50275.png
-25.87125,7.7422786,seed50276.png
9.010307,16.751514,seed50277.png
6.96709,-4.1671824,seed50278.png
-21.438772,17.176994,seed50279.png
-21.80801,11.013784,seed5028.png
-34.28464,20.258934,seed50280.png
28.643856,3.4091792,seed50281.png
-23.936659,-19.906092,seed50282.png
-34.402397,24.8005,seed50283.png
-24.205557,4.8548894,seed50284.png
-36.215607,11.139213,seed50285.png
10.428465,7.059655,seed50286.png
-21.382582,-16.52442,seed50287.png
32.147984,5.163591,seed50288.png
11.747999,-3.7954056,seed50289.png
32.828053,7.036268,seed5029.png
13.42751,15.78069,seed50290.png
-21.978058,-18.84522,seed50291.png
4.4445205,10.060544,seed50292.png
15.189661,-32.11463,seed50293.png
-18.155865,-19.347073,seed50294.png
28.96121,25.728796,seed50295.png
15.526256,-36.975243,seed50296.png
2.839017,-12.2464485,seed50297.png
-0.45335335,5.5242414,seed50298.png
17.102087,-9.013478,seed50299.png
-27.377409,17.306692,seed5030.png
-34.279274,12.045266,seed50300.png
3.7686245,-11.48077,seed50301.png
12.266905,11.594217,seed50302.png
-14.497205,-32.520805,seed50303.png
17.166,2.959522,seed50304.png
-1.1874363,-25.791212,seed50305.png
11.757814,-42.231228,seed50306.png
10.712332,12.775621,seed50307.png
6.701442,1.2279505,seed50308.png
29.451902,12.202551,seed50309.png
-6.3407216,-8.965514,seed5031.png
31.27931,-0.79357153,seed50310.png
14.358728,17.360594,seed50311.png
-2.1588678,-17.783802,seed50312.png
-22.08012,9.368657,seed50313.png
29.103981,14.1404,seed50314.png
12.177022,-6.0174003,seed50315.png
27.561705,16.321878,seed50316.png
-9.34228,-8.049406,seed50317.png
-31.960693,-6.9516654,seed50318.png
-21.68953,3.398375,seed50319.png
19.751133,23.821795,seed5032.png
-35.63656,8.695133,seed50320.png
32.575798,5.147008,seed50321.png
16.455948,12.27594,seed50322.png
22.174837,1.7356417,seed50323.png
22.179585,14.185243,seed50324.png
13.782951,-36.435665,seed50325.png
-6.6347637,-12.160763,seed50326.png
-20.627293,-3.5505395,seed50327.png
-2.2190535,-18.30341,seed50328.png
-27.485409,-15.176847,seed50329.png
34.0195,16.338936,seed5033.png
16.399147,-32.927086,seed50330.png
-18.380358,-26.294401,seed50331.png
26.604927,10.366664,seed50332.png
13.560424,19.925426,seed50333.png
-35.639572,23.689692,seed50334.png
10.386628,-32.435165,seed50335.png
-31.669657,2.4292068,seed50336.png
-23.383478,19.493742,seed50337.png
-26.51499,3.4784834,seed50338.png
34.517643,3.2701986,seed50339.png
12.936152,17.999763,seed5034.png
37.33858,16.169628,seed50340.png
6.3845696,2.1688654,seed50341.png
-0.61969566,-16.59639,seed50342.png
-24.421371,-18.124178,seed50343.png
-28.142448,14.55614,seed50344.png
30.92367,7.1235323,seed50345.png
22.95787,5.423119,seed50346.png
-3.3443089,20.188185,seed50347.png
-15.670616,1.06651,seed50348.png
12.488014,12.570878,seed50349.png
6.904454,-35.28714,seed5035.png
10.661269,28.040155,seed50350.png
33.692142,14.082156,seed50351.png
-30.934233,-0.6766099,seed50352.png
27.094042,26.823088,seed50353.png
3.1564083,-29.379375,seed50354.png
-20.084467,4.772177,seed50355.png
-35.06731,1.2503529,seed50356.png
11.611026,26.180351,seed50357.png
9.681215,-29.456299,seed50358.png
18.883383,26.733698,seed50359.png
-35.984062,27.017149,seed5036.png
32.787724,28.358444,seed50360.png
-20.454294,-31.503302,seed50361.png
20.384995,17.698908,seed50362.png
8.799395,17.769762,seed50363.png
-16.554026,-26.523224,seed50364.png
-21.649164,-10.145544,seed50365.png
-26.287218,5.7284746,seed50366.png
-26.188618,9.763906,seed50367.png
-32.064716,14.4509945,seed50368.png
-0.49439657,24.37152,seed50369.png
-16.050816,-10.682972,seed5037.png
-19.303677,-26.83631,seed50370.png
15.2359,-4.8880353,seed50371.png
33.34079,9.9169235,seed50372.png
-3.596631,0.3899771,seed50373.png
19.557867,21.614662,seed50374.png
29.33614,3.4448478,seed50375.png
10.314151,-21.515787,seed50376.png
-32.355694,20.256147,seed50377.png
8.566692,-31.929497,seed50378.png
-11.815285,-29.797318,seed50379.png
34.080853,4.1642647,seed5038.png
-28.82237,2.5591586,seed50380.png
-9.262437,-2.1192062,seed50381.png
14.939288,28.85744,seed50382.png
10.315183,-43.818005,seed50383.png
17.763594,-2.2775767,seed50384.png
35.65212,13.588769,seed50385.png
14.471154,-37.177616,seed50386.png
-11.197874,-23.76264,seed50387.png
-24.674143,12.959126,seed50388.png
-28.733097,7.6665645,seed50389.png
-5.6299477,-0.8092277,seed5039.png
9.653976,1.1032964,seed50390.png
-21.04961,0.009701036,seed50391.png
8.384709,-3.7628412,seed50392.png
-10.062354,13.017734,seed50393.png
24.944918,3.7481668,seed50394.png
-35.974834,16.243034,seed50395.png
-36.18868,1.8807632,seed50396.png
-9.239112,-2.9874413,seed50397.png
-5.3089504,-2.6534586,seed50398.png
11.032349,-38.832687,seed50399.png
20.423632,0.4311104,seed5040.png
-33.833286,22.712145,seed50400.png
-18.412306,-6.412923,seed50401.png
-1.5086957,-10.218871,seed50402.png
18.72398,-0.7948885,seed50403.png
18.63285,16.217903,seed50404.png
5.7266846,12.640279,seed50405.png
-33.389343,23.361116,seed50406.png
9.382621,25.33879,seed50407.png
-31.950575,-9.148847,seed50408.png
14.517624,-29.83029,seed50409.png
-35.49664,6.2442217,seed5041.png
-1.9812238,12.4808445,seed50410.png
-35.02773,-6.6205697,seed50411.png
17.995789,-9.545244,seed50412.png
-22.13834,16.590103,seed50413.png
33.15075,4.9336495,seed50414.png
6.801466,-1.979067,seed50415.png
-12.026374,-20.06952,seed50416.png
5.194442,-26.86303,seed50417.png
11.298484,-3.5831416,seed50418.png
36.547375,18.241098,seed50419.png
-24.919292,5.912393,seed5042.png
-28.862528,8.42502,seed50420.png
33.572548,24.665258,seed50421.png
17.32069,24.07988,seed50422.png
16.610123,-34.833424,seed50423.png
6.696796,11.502839,seed50424.png
4.614951,17.856045,seed50425.png
-28.764374,7.9923024,seed50426.png
11.253124,-37.85431,seed50427.png
36.486794,11.874201,seed50428.png
-25.647387,-7.993251,seed50429.png
19.105639,-1.4721302,seed5043.png
-21.216326,18.726387,seed50430.png
16.041716,14.243581,seed50431.png
0.7306984,24.540049,seed50432.png
-15.850005,-25.5418,seed50433.png
3.556434,24.353642,seed50434.png
-23.620811,-13.279042,seed50435.png
15.78301,26.247108,seed50436.png
-19.422945,5.8691726,seed50437.png
-11.649062,3.2623136,seed50438.png
26.176958,-4.7518015,seed50439.png
-20.084515,-2.2728364,seed5044.png
-22.117357,18.50369,seed50440.png
-18.595697,-14.840074,seed50441.png
12.95674,-28.948673,seed50442.png
-24.732088,-5.9653964,seed50443.png
-38.489727,13.17658,seed50444.png
18.445515,10.956126,seed50445.png
-14.271913,0.6611811,seed50446.png
15.407496,-35.94427,seed50447.png
15.2844,-37.836044,seed50448.png
0.6487922,23.833744,seed50449.png
-30.437794,14.428963,seed5045.png
-21.962397,5.1834793,seed50450.png
1.6299704,4.284848,seed50451.png
-1.1817468,23.147215,seed50452.png
7.254354,8.801068,seed50453.png
9.421223,14.356677,seed50454.png
24.92989,16.583887,seed50455.png
10.035406,-31.476103,seed50456.png
-15.465354,-31.169952,seed50457.png
17.926867,-4.977764,seed50458.png
-21.747343,-6.1451845,seed50459.png
-25.454456,13.694447,seed5046.png
6.0753813,0.96887016,seed50460.png
2.7753718,24.27466,seed50461.png
23.688717,-9.518151,seed50462.png
38.41322,16.701853,seed50463.png
16.167639,16.714598,seed50464.png
22.0087,20.350933,seed50465.png
27.37221,15.550522,seed50466.png
15.913625,-0.4758325,seed50467.png
5.9666843,-6.370406,seed50468.png
33.750896,14.378819,seed50469.png
29.565577,18.036224,seed5047.png
-23.502476,-14.423069,seed50470.png
25.390427,1.6329007,seed50471.png
30.06842,30.008942,seed50472.png
2.5589998,21.270609,seed50473.png
20.929663,20.18024,seed50474.png
-6.5202303,-1.6998664,seed50475.png
12.071818,-42.535023,seed50476.png
11.922461,-2.2030292,seed50477.png
5.317618,-37.848763,seed50478.png
21.34782,-0.92507184,seed50479.png
0.81357175,6.187936,seed5048.png
-34.432793,27.517881,seed50480.png
-36.781254,23.915161,seed50481.png
4.7534413,10.574214,seed50482.png
-3.8331342,-17.524206,seed50483.png
6.4911995,16.45355,seed50484.png
-26.470776,17.223595,seed50485.png
34.390583,17.175423,seed50486.png
37.208233,16.02823,seed50487.png
-17.922762,-4.9325476,seed50488.png
17.882544,23.17306,seed50489.png
13.411361,11.565367,seed5049.png
-11.860575,7.8243856,seed50490.png
16.34398,25.441061,seed50491.png
25.368864,11.57699,seed50492.png
14.866067,-37.287514,seed50493.png
-20.577383,6.8646493,seed50494.png
33.284595,17.96161,seed50495.png
12.813115,17.894354,seed50496.png
-2.0455916,-7.4862413,seed50497.png
0.80858994,22.575151,seed50498.png
-30.555037,-4.7437057,seed50499.png
-15.872477,-31.897856,seed5050.png
37.49378,18.166477,seed50500.png
17.60853,-10.82758,seed50501.png
-29.8033,14.605873,seed50502.png
14.085536,-10.228248,seed50503.png
-20.202679,-28.575464,seed50504.png
37.409657,5.964658,seed50505.png
-9.3604355,-3.199849,seed50506.png
14.6153965,2.055343,seed50507.png
27.774805,-3.7397506,seed50508.png
10.094475,-27.10429,seed50509.png
-26.40922,-1.9659791,seed5051.png
2.09214,-2.3960767,seed50510.png
9.846976,14.639849,seed50511.png
-14.943165,-19.594511,seed50512.png
-29.239496,10.231742,seed50513.png
9.960981,-36.96859,seed50514.png
31.172676,8.433348,seed50515.png
11.844928,-29.88378,seed50516.png
-15.184013,-12.290575,seed50517.png
23.111715,-3.3048584,seed50518.png
-31.286354,-6.7777705,seed50519.png
0.48494816,1.3722211,seed5052.png
-4.543387,-0.38231805,seed50520.png
33.66185,5.2228,seed50521.png
11.714096,11.278039,seed50522.png
33.639378,23.695316,seed50523.png
-31.847216,-7.166615,seed50524.png
5.6845307,-31.001963,seed50525.png
-19.375395,-25.621138,seed50526.png
-13.063908,-31.110886,seed50527.png
-6.4794273,4.343328,seed50528.png
12.803166,-32.224606,seed50529.png
12.28439,3.6000407,seed5053.png
25.070202,-1.7799574,seed50530.png
1.3297399,14.538593,seed50531.png
-30.520603,17.932922,seed50532.png
-2.3313243,-17.052883,seed50533.png
-23.576017,-2.4819689,seed50534.png
16.06668,7.5746436,seed50535.png
-20.643778,-17.674269,seed50536.png
24.086002,-2.4701273,seed50537.png
-14.725662,-18.326618,seed50538.png
33.748306,6.095781,seed50539.png
13.790333,15.292303,seed5054.png
14.550204,-34.82262,seed50540.png
-0.9605872,19.502352,seed50541.png
20.014751,25.133718,seed50542.png
6.854883,-34.57955,seed50543.png
40.40755,20.852808,seed50544.png
-16.493593,-4.836612,seed50545.png
-9.429716,-25.737696,seed50546.png
-29.502056,15.551069,seed50547.png
-29.399319,11.499948,seed50548.png
34.576157,8.797036,seed50549.png
-23.794691,-5.2822328,seed5055.png
-22.012794,10.2949915,seed50550.png
-22.730814,7.351216,seed50551.png
5.128681,8.633241,seed50552.png
-26.163116,-2.7283227,seed50553.png
10.755767,-42.026707,seed50554.png
-13.768948,-12.91489,seed50555.png
-21.41815,-24.482466,seed50556.png
7.0252814,7.6019807,seed50557.png
-26.033571,-22.938812,seed50558.png
28.088953,27.3541,seed50559.png
-25.04192,-16.625774,seed5056.png
-20.293453,-2.8930295,seed50560.png
-2.0909283,0.39844385,seed50561.png
-9.114489,-24.818508,seed50562.png
8.262535,-36.409016,seed50563.png
-1.495425,3.753294,seed50564.png
-22.4236,11.837094,seed50565.png
11.95813,-20.997093,seed50566.png
-14.989728,-23.479403,seed50567.png
19.72422,3.3948956,seed50568.png
-26.10166,-0.4486373,seed50569.png
-21.632223,-20.43442,seed5057.png
-21.516043,-17.463642,seed50570.png
-30.68558,11.964485,seed50571.png
7.5159535,10.0895605,seed50572.png
-17.993835,-4.1471114,seed50573.png
10.542249,6.18922,seed50574.png
32.23879,3.1908963,seed50575.png
-3.4893188,-4.9733953,seed50576.png
-34.633244,12.961151,seed50577.png
34.71174,18.10129,seed50578.png
-23.549812,10.177838,seed50579.png
4.059039,-24.54528,seed5058.png
-22.292744,-12.693996,seed50580.png
-13.822782,1.3944625,seed50581.png
10.338968,10.202825,seed50582.png
-29.469515,-14.046634,seed50583.png
8.520617,4.783889,seed50584.png
-24.321114,-14.135499,seed50585.png
-25.760807,-2.9167864,seed50586.png
22.666088,6.1036944,seed50587.png
0.12320172,20.905975,seed50588.png
12.485464,-25.906847,seed50589.png
15.342772,-37.21645,seed5059.png
-20.804861,15.44583,seed50590.png
-25.140377,18.194036,seed50591.png
29.25534,10.093561,seed50592.png
6.9201913,24.56648,seed50593.png
26.089418,16.245192,seed50594.png
30.10355,17.264986,seed50595.png
-21.240192,6.444525,seed50596.png
6.2158475,13.607295,seed50597.png
-1.0994546,-7.8561993,seed50598.png
-13.082521,-30.558142,seed50599.png
4.4539127,12.993925,seed5060.png
6.2764053,-34.05719,seed50600.png
-28.151167,-0.051112138,seed50601.png
18.149681,23.393093,seed50602.png
-23.980637,-27.525785,seed50603.png
-22.553846,-20.995764,seed50604.png
-28.091303,8.828595,seed50605.png
-31.97263,19.261803,seed50606.png
3.961052,-13.162429,seed50607.png
12.393738,-39.297436,seed50608.png
-23.7252,-6.8935504,seed50609.png
-32.84182,16.072199,seed5061.png
-22.97588,11.993745,seed50610.png
32.94253,11.879564,seed50611.png
-13.491461,-27.784933,seed50612.png
-13.363116,3.6572058,seed50613.png
29.500538,26.980595,seed50614.png
12.907881,27.747824,seed50615.png
10.714596,-0.22906801,seed50616.png
-30.929306,-14.663061,seed50617.png
-11.761374,-29.148499,seed50618.png
-2.2923672,21.0329,seed50619.png
13.60047,-22.457333,seed5062.png
-25.957258,-9.177052,seed50620.png
19.118786,-4.4080715,seed50621.png
-22.026342,4.4102035,seed50622.png
-1.4979239,-17.16163,seed50623.png
-30.727892,23.367884,seed50624.png
10.820111,-37.283474,seed50625.png
29.32539,27.462997,seed50626.png
-34.66647,24.133999,seed50627.png
30.78414,15.970262,seed50628.png
17.81629,-3.228478,seed50629.png
33.40962,19.626928,seed5063.png
12.833628,24.91998,seed50630.png
-13.106857,-9.780616,seed50631.png
-23.606037,19.977034,seed50632.png
-10.757987,-28.448189,seed50633.png
-21.47699,-24.551102,seed50634.png
20.472237,15.491522,seed50635.png
-31.528452,-3.0614324,seed50636.png
11.653802,-42.606625,seed50637.png
-15.51894,-18.601686,seed50638.png
33.22007,23.097044,seed50639.png
35.227505,6.8885384,seed5064.png
-12.724104,-23.15878,seed50640.png
-3.5367901,-4.230366,seed50641.png
34.616276,13.12319,seed50642.png
-24.986954,6.359395,seed50643.png
-11.99598,-28.345781,seed50644.png
-24.166014,-24.092264,seed50645.png
35.1697,12.697828,seed50646.png
12.474026,-8.287608,seed50647.png
-18.112103,-15.568603,seed50648.png
12.30412,-32.10459,seed50649.png
0.28690392,23.243238,seed5065.png
-8.082942,-3.6732538,seed50650.png
-12.135427,-15.205305,seed50651.png
6.3588986,18.330328,seed50652.png
16.982395,-2.1826513,seed50653.png
-8.62021,-16.833654,seed50654.png
-29.92381,7.245119,seed50655.png
27.171629,11.019409,seed50656.png
17.658672,22.48868,seed50657.png
-3.4859383,9.813342,seed50658.png
39.55667,19.792257,seed50659.png
14.28587,1.6389836,seed5066.png
-27.55298,10.93127,seed50660.png
-32.258175,18.39006,seed50661.png
20.62482,-2.5662367,seed50662.png
-7.5065513,-8.513503,seed50663.png
18.679321,26.440548,seed50664.png
9.615755,22.260595,seed50665.png
15.835725,-33.758507,seed50666.png
-35.74745,19.012913,seed50667.png
24.759296,21.532837,seed50668.png
-21.109701,-10.420746,seed50669.png
18.450079,6.5878,seed5067.png
-20.04046,-1.9885764,seed50670.png
-18.742897,-24.39767,seed50671.png
-2.5327764,-17.272879,seed50672.png
-23.330832,-23.374481,seed50673.png
-34.468746,18.320549,seed50674.png
-5.7783804,-23.947865,seed50675.png
15.853214,14.029252,seed50676.png
6.5367703,17.584248,seed50677.png
12.211474,-21.509062,seed50678.png
-15.55539,-0.11849951,seed50679.png
27.450937,-1.3601291,seed5068.png
-19.125565,-16.089554,seed50680.png
-23.691525,15.803652,seed50681.png
28.09019,28.110332,seed50682.png
-17.06693,-14.140586,seed50683.png
-33.23832,2.4412591,seed50684.png
14.446885,-0.9779408,seed50685.png
-33.578705,14.629369,seed50686.png
15.360446,-39.0657,seed50687.png
-19.242378,-20.797968,seed50688.png
-4.090478,-4.1660113,seed50689.png
-12.601881,3.8554919,seed5069.png
-32.31784,17.850058,seed50690.png
38.1907,6.8102984,seed50691.png
36.971306,14.922714,seed50692.png
13.253537,-30.952765,seed50693.png
-31.703167,13.929768,seed50694.png
-27.254343,-12.353558,seed50695.png
12.491405,-33.98516,seed50696.png
32.83414,6.7213492,seed50697.png
7.4743614,-3.7519307,seed50698.png
3.4626703,8.333992,seed50699.png
11.009211,5.539872,seed5070.png
-22.590061,-22.866026,seed50700.png
-21.830786,4.704832,seed50701.png
-34.976772,17.232098,seed50702.png
-7.931204,-10.480279,seed50703.png
-4.028904,-9.928461,seed50704.png
-12.344212,-23.093786,seed50705.png
8.643442,-0.21274002,seed50706.png
25.351652,14.814622,seed50707.png
6.5775294,4.8755417,seed50708.png
30.642782,16.704966,seed50709.png
-16.90839,-15.259453,seed5071.png
13.423135,-30.632637,seed50710.png
10.92925,18.540499,seed50711.png
23.950481,12.533251,seed50712.png
11.222681,20.726048,seed50713.png
-13.266335,-12.4590845,seed50714.png
12.900347,13.75734,seed50715.png
-20.80043,0.8992568,seed50716.png
6.797635,10.105946,seed50717.png
15.102693,-31.854382,seed50718.png
-17.550661,14.176304,seed50719.png
-33.191505,25.4898,seed5072.png
16.167141,21.950216,seed50720.png
25.797594,4.619641,seed50721.png
30.037073,13.6853895,seed50722.png
-23.717894,9.136831,seed50723.png
-28.973282,-9.067313,seed50724.png
-27.795465,-12.949915,seed50725.png
7.2010303,-25.883997,seed50726.png
12.525318,-0.769039,seed50727.png
-21.615812,-12.153223,seed50728.png
29.083538,12.308708,seed50729.png
-29.993536,0.39641896,seed5073.png
-21.583742,-8.545765,seed50730.png
7.695016,-27.86161,seed50731.png
24.647797,25.450129,seed50732.png
-11.554117,-16.253412,seed50733.png
-25.34137,-10.490753,seed50734.png
10.048525,-41.44236,seed50735.png
-14.609315,-11.667065,seed50736.png
-34.111317,-1.3659726,seed50737.png
-22.58771,-18.960798,seed50738.png
-6.122079,-22.639101,seed50739.png
-8.661323,-11.14703,seed5074.png
-25.195759,-3.3631217,seed50740.png
-21.941856,10.752834,seed50741.png
-23.28492,16.558548,seed50742.png
18.605497,25.322832,seed50743.png
0.17761166,17.201437,seed50744.png
14.379952,13.523426,seed50745.png
10.239813,-4.926757,seed50746.png
13.150367,-23.16325,seed50747.png
39.53343,14.223613,seed50748.png
12.889893,-3.4664907,seed50749.png
20.153204,24.459925,seed5075.png
9.493527,-25.685453,seed50750.png
37.406364,18.73453,seed50751.png
-18.35297,-20.83392,seed50752.png
-0.46002972,-20.03899,seed50753.png
-22.345623,-13.567356,seed50754.png
-26.803598,-10.010183,seed50755.png
-28.974527,-5.3661976,seed50756.png
8.364269,-36.594612,seed50757.png
-32.289917,17.268501,seed50758.png
-18.074371,-27.447058,seed50759.png
11.202796,25.652987,seed5076.png
-32.249527,13.96397,seed50760.png
-15.12954,-22.262783,seed50761.png
36.11052,23.271572,seed50762.png
10.343912,-29.944977,seed50763.png
-2.3362453,-12.953197,seed50764.png
-24.536783,-18.02425,seed50765.png
-30.416544,15.180715,seed50766.png
-25.914505,-11.354222,seed50767.png
0.3619223,-17.365952,seed50768.png
-4.1070437,-20.772123,seed50769.png
-29.750818,10.39646,seed5077.png
30.052946,22.195509,seed50770.png
-26.874645,16.958931,seed50771.png
22.012877,16.109793,seed50772.png
15.040542,-14.019086,seed50773.png
-9.173604,-6.490065,seed50774.png
-25.969692,-2.676692,seed50775.png
11.663168,-41.854286,seed50776.png
10.004977,-41.20843,seed50777.png
-10.644888,7.7370973,seed50778.png
10.105741,26.736631,seed50779.png
30.130287,12.599937,seed5078.png
22.31677,-3.6579204,seed50780.png
9.997497,-34.241,seed50781.png
-29.840061,-6.133666,seed50782.png
-1.3297039,-17.575104,seed50783.png
18.468357,9.536056,seed50784.png
-34.384228,22.199831,seed50785.png
-31.863155,-18.287855,seed50786.png
-17.29165,-7.190216,seed50787.png
-27.056572,12.004692,seed50788.png
-9.31692,6.7675476,seed50789.png
9.308305,17.583567,seed5079.png
18.591978,3.4992914,seed50790.png
-3.3498328,23.044054,seed50791.png
10.585127,23.00608,seed50792.png
-3.9848392,23.370905,seed50793.png
-27.84208,12.897884,seed50794.png
6.8909407,-33.476616,seed50795.png
31.100574,6.4667816,seed50796.png
-24.641079,-23.397259,seed50797.png
-25.221155,6.4851623,seed50798.png
0.3759374,-4.0911183,seed50799.png
-18.659027,-24.589836,seed5080.png
-24.793165,-9.199603,seed50800.png
-21.94563,15.322694,seed50801.png
20.61712,2.004173,seed50802.png
-22.060358,16.007378,seed50803.png
36.911434,24.00669,seed50804.png
38.6606,22.928326,seed50805.png
-10.666052,-21.146706,seed50806.png
5.084387,-35.29871,seed50807.png
21.086823,22.993397,seed50808.png
-21.949638,-14.634198,seed50809.png
5.1968374,18.589518,seed5081.png
15.570718,-33.496292,seed50810.png
29.089972,18.571804,seed50811.png
31.660969,13.175309,seed50812.png
36.110252,20.06914,seed50813.png
-34.600475,27.441574,seed50814.png
2.8343883,8.239294,seed50815.png
-29.733208,18.7131,seed50816.png
37.52669,14.972698,seed50817.png
-28.247904,8.622415,seed50818.png
15.010924,8.3340025,seed50819.png
-33.670834,4.323496,seed5082.png
-18.314098,3.2578795,seed50820.png
2.714193,23.66896,seed50821.png
9.535369,18.09667,seed50822.png
9.339321,-3.1828842,seed50823.png
29.852383,7.017104,seed50824.png
15.101014,-37.11303,seed50825.png
-34.63126,27.41919,seed50826.png
22.270712,-3.0542061,seed50827.png
9.371058,20.75759,seed50828.png
-15.13827,-22.681824,seed50829.png
-5.8294063,-16.153555,seed5083.png
6.0177035,-2.1628997,seed50830.png
37.846,22.089005,seed50831.png
17.571398,10.240657,seed50832.png
17.530325,0.41068903,seed50833.png
3.5916471,17.909029,seed50834.png
16.989225,13.780671,seed50835.png
10.723355,-30.502089,seed50836.png
-24.88951,2.4399533,seed50837.png
-32.382553,24.529602,seed50838.png
3.3514574,-29.512453,seed50839.png
20.427877,-5.9740725,seed5084.png
32.984173,8.344818,seed50840.png
38.279243,19.442083,seed50841.png
30.373053,3.6186097,seed50842.png
0.9531315,-17.302107,seed50843.png
-17.6831,-8.764843,seed50844.png
-8.255039,-27.649683,seed50845.png
22.056093,-10.294092,seed50846.png
-19.081015,8.0166235,seed50847.png
-25.065777,8.87662,seed50848.png
8.267925,-3.5911689,seed50849.png
0.69399214,-13.316247,seed5085.png
3.4478726,-32.300117,seed50850.png
-1.9172068,-17.469854,seed50851.png
-28.866068,22.414322,seed50852.png
6.9766927,-29.703287,seed50853.png
20.408138,26.251083,seed50854.png
34.589417,15.412432,seed50855.png
17.878006,-4.422957,seed50856.png
-21.910818,16.322107,seed50857.png
10.565066,-39.52547,seed50858.png
6.8007555,-4.714278,seed50859.png
11.668153,-25.65541,seed5086.png
37.771793,13.432015,seed50860.png
23.200212,-1.5836316,seed50861.png
-19.98219,8.080809,seed50862.png
-33.72039,22.666012,seed50863.png
35.862484,9.585558,seed50864.png
-22.555944,-25.790478,seed50865.png
36.530003,26.374342,seed50866.png
14.19166,-1.1919578,seed50867.png
-2.1437652,18.955368,seed50868.png
5.447117,8.752248,seed50869.png
-21.560844,17.437881,seed5087.png
0.102840036,-16.114582,seed50870.png
13.258549,3.6061575,seed50871.png
1.1809518,25.002026,seed50872.png
15.344362,-37.059628,seed50873.png
2.8845346,16.422754,seed50874.png
-14.319086,4.2397017,seed50875.png
19.0938,-5.4653444,seed50876.png
-15.761984,-22.478907,seed50877.png
-34.029297,22.703562,seed50878.png
-29.601568,21.903715,seed50879.png
-20.542465,-17.326841,seed5088.png
-1.3746107,-16.9547,seed50880.png
-14.816222,-28.521025,seed50881.png
15.106624,5.7865853,seed50882.png
-17.88475,-18.404108,seed50883.png
-25.358139,11.045304,seed50884.png
1.165913,24.747984,seed50885.png
-14.271483,-6.060547,seed50886.png
31.152403,22.446583,seed50887.png
-4.782503,-12.843765,seed50888.png
-0.08124597,19.926924,seed50889.png
14.979842,11.6231575,seed5089.png
17.042904,12.597847,seed50890.png
-11.914189,-26.200338,seed50891.png
8.197856,2.5309741,seed50892.png
-23.704786,-11.836863,seed50893.png
20.904028,11.779584,seed50894.png
38.77109,9.419489,seed50895.png
-21.961275,-11.341167,seed50896.png
-16.077433,-31.59715,seed50897.png
32.5026,11.764406,seed50898.png
29.538027,7.2332387,seed50899.png
15.006098,23.86117,seed5090.png
6.534036,-33.06008,seed50900.png
24.657583,6.3257356,seed50901.png
24.792551,17.03082,seed50902.png
-9.173171,3.1567798,seed50903.png
29.60808,11.185982,seed50904.png
15.127154,-38.679413,seed50905.png
14.554724,-35.270763,seed50906.png
-24.905752,-17.38507,seed50907.png
16.21628,-4.2754374,seed50908.png
-16.278418,4.253242,seed50909.png
13.571958,17.99882,seed5091.png
13.731051,-3.1073744,seed50910.png
17.517218,-7.6651645,seed50911.png
34.709526,7.5117135,seed50912.png
-23.168037,-25.982088,seed50913.png
-16.089281,-20.4128,seed50914.png
27.185682,-5.0461392,seed50915.png
1.9829123,24.178867,seed50916.png
-30.404938,15.772029,seed50917.png
8.212671,4.204682,seed50918.png
40.252872,18.454659,seed50919.png
1.0460042,-30.63396,seed5092.png
-20.452219,-28.51623,seed50920.png
12.732264,24.185743,seed50921.png
19.917711,23.268139,seed50922.png
-11.945392,-17.871704,seed50923.png
12.924392,-8.3566475,seed50924.png
5.3584046,-31.960484,seed50925.png
-34.591198,-8.077495,seed50926.png
-23.722385,11.567976,seed50927.png
13.624778,4.371105,seed50928.png
-8.891094,-12.614906,seed50929.png
3.9817607,-2.0075643,seed5093.png
-22.096071,9.543643,seed50930.png
16.146973,13.17189,seed50931.png
16.850868,-35.755714,seed50932.png
4.4034343,9.288762,seed50933.png
35.376537,13.209715,seed50934.png
-28.152288,-10.698488,seed50935.png
-22.831415,-22.473053,seed50936.png
17.06566,-8.254017,seed50937.png
-31.055815,1.8411155,seed50938.png
26.294004,23.886927,seed50939.png
-31.095295,-9.5508995,seed5094.png
33.52836,5.2732353,seed50940.png
-14.509617,-28.317926,seed50941.png
-29.716747,13.200273,seed50942.png
-25.971098,-16.42489,seed50943.png
11.2911215,2.3751261,seed50944.png
29.846867,4.795215,seed50945.png
22.13851,20.203419,seed50946.png
5.5108204,-4.0972276,seed50947.png
-1.7938359,-1.0929854,seed50948.png
15.961205,9.275578,seed50949.png
-23.288355,-20.399109,seed5095.png
11.941594,8.020804,seed50950.png
-16.386204,9.235085,seed50951.png
13.213544,28.222595,seed50952.png
-14.690153,-20.369904,seed50953.png
-25.456753,-15.549742,seed50954.png
-19.377073,-16.678724,seed50955.png
-26.110636,19.296001,seed50956.png
-38.521183,13.608544,seed50957.png
26.196304,22.140764,seed50958.png
1.6557848,18.939,seed50959.png
0.44673732,-18.44868,seed5096.png
-2.583244,-11.375546,seed50960.png
36.465458,8.6324215,seed50961.png
-23.91792,-7.1845264,seed50962.png
20.648636,-2.5193102,seed50963.png
-15.884542,-8.140116,seed50964.png
-32.7198,25.263062,seed50965.png
-29.323376,-6.0603456,seed50966.png
16.221342,-36.594334,seed50967.png
-16.760424,-24.75719,seed50968.png
-18.75529,-2.7878962,seed50969.png
10.261714,26.141926,seed5097.png
-35.913326,1.4101976,seed50970.png
8.991079,-6.3054914,seed50971.png
-14.326471,-5.860443,seed50972.png
31.663782,10.823553,seed50973.png
-15.428887,-3.2939644,seed50974.png
-17.785343,-12.218672,seed50975.png
15.604197,-0.9689123,seed50976.png
-14.714053,-11.687565,seed50977.png
-24.795067,0.87923235,seed50978.png
2.1512465,14.000813,seed50979.png
10.553421,-32.602566,seed5098.png
26.210716,3.4050572,seed50980.png
20.729397,-3.4642224,seed50981.png
5.7573404,-27.81822,seed50982.png
40.850056,15.724227,seed50983.png
-19.895115,-15.617683,seed50984.png
8.606588,-1.9804531,seed50985.png
-16.36068,2.5746565,seed50986.png
1.0668823,23.8245,seed50987.png
4.4662757,19.919514,seed50988.png
14.091275,-38.618664,seed50989.png
1.3169013,-0.010092516,seed5099.png
-24.998516,4.800932,seed50990.png
19.271969,-1.2092103,seed50991.png
-11.864673,-11.283163,seed50992.png
12.747784,-32.323612,seed50993.png
-30.346672,16.425917,seed50994.png
30.60208,14.231139,seed50995.png
-15.234112,5.3282166,seed50996.png
-5.9254155,2.2226248,seed50997.png
-6.4753137,-22.963282,seed50998.png
-30.710882,-9.830335,seed50999.png
23.38655,25.949757,seed5100.png
7.573898,-38.74252,seed51000.png
-3.9861038,11.506377,seed51001.png
3.4004214,-27.277985,seed51002.png
-19.859514,17.055166,seed51003.png
-16.953314,2.696066,seed51004.png
-23.484219,-21.172853,seed51005.png
11.784154,-37.10823,seed51006.png
19.272526,18.911972,seed51007.png
-24.022665,8.927933,seed51008.png
-25.685745,15.647449,seed51009.png
-8.747254,-0.065580525,seed5101.png
39.35272,16.165651,seed51010.png
-24.842266,-11.525886,seed51011.png
-28.180525,-4.191985,seed51012.png
-7.3363194,-2.5414665,seed51013.png
9.226343,-36.90322,seed51014.png
6.0493565,-3.954746,seed51015.png
5.9341145,-4.830563,seed51016.png
-6.947938,10.112572,seed51017.png
4.922202,-20.007616,seed51018.png
27.201624,13.945741,seed51019.png
-22.74955,0.17035441,seed5102.png
34.891888,15.712685,seed51020.png
2.949361,-28.931341,seed51021.png
-31.103775,5.6000037,seed51022.png
8.369549,-2.0559661,seed51023.png
35.17445,20.637121,seed51024.png
-13.795709,-17.581432,seed51025.png
21.930553,17.124708,seed51026.png
-20.2672,-28.455364,seed51027.png
9.638809,-31.801132,seed51028.png
15.318649,24.942808,seed51029.png
8.721763,-38.844822,seed5103.png
13.553117,20.29418,seed51030.png
-20.504774,-15.053081,seed51031.png
-24.855324,-18.391289,seed51032.png
32.24648,26.872257,seed51033.png
-34.0772,1.2208585,seed51034.png
-12.91444,0.16112971,seed51035.png
32.61249,30.717264,seed51036.png
23.021893,4.1380773,seed51037.png
-14.537303,7.332967,seed51038.png
15.221316,-35.066074,seed51039.png
6.4144654,7.8797264,seed5104.png
-10.471037,-22.98259,seed51040.png
16.716137,14.467218,seed51041.png
8.625168,17.06026,seed51042.png
0.9477097,-0.4789309,seed51043.png
17.935648,-5.831112,seed51044.png
-20.687462,-3.1226733,seed51045.png
-31.719595,19.779919,seed51046.png
17.963924,23.1483,seed51047.png
32.751488,14.298515,seed51048.png
-20.68422,-26.266947,seed51049.png
-8.256318,13.706261,seed5105.png
-15.222509,-31.960909,seed51050.png
9.366853,13.856779,seed51051.png
13.015674,26.210112,seed51052.png
-18.972136,-21.151878,seed51053.png
-22.912487,12.0120945,seed51054.png
-30.876146,-3.6606865,seed51055.png
26.553005,26.235842,seed51056.png
-16.593483,-11.533858,seed51057.png
-34.06143,8.589191,seed51058.png
-0.4373359,20.833487,seed51059.png
-19.757715,8.285675,seed5106.png
5.8490233,-27.863466,seed51060.png
-34.970486,24.495472,seed51061.png
-15.079494,-20.490208,seed51062.png
-1.9024197,22.235397,seed51063.png
-15.359473,-17.17607,seed51064.png
16.67381,7.315293,seed51065.png
7.1562324,10.092455,seed51066.png
-19.46658,12.791507,seed51067.png
8.04282,-5.4889135,seed51068.png
-17.518723,-7.025702,seed51069.png
14.960509,-34.06855,seed5107.png
28.808956,15.471052,seed51070.png
-27.045137,11.504754,seed51071.png
-20.201834,0.8474675,seed51072.png
-20.265245,-29.057335,seed51073.png
18.100574,18.554186,seed51074.png
24.342249,12.428723,seed51075.png
-28.553434,12.818242,seed51076.png
33.379974,17.958464,seed51077.png
30.712093,2.7128456,seed51078.png
29.124983,5.6919184,seed51079.png
0.5565585,-23.998852,seed5108.png
-11.009514,-15.740155,seed51080.png
13.6870775,13.593761,seed51081.png
20.29127,-7.0295997,seed51082.png
39.799294,20.980255,seed51083.png
1.2521601,21.113953,seed51084.png
-3.3081806,-5.334395,seed51085.png
-22.541761,-4.825617,seed51086.png
16.222652,7.7973022,seed51087.png
17.356304,8.756656,seed51088.png
37.32338,5.48463,seed51089.png
18.70226,23.599945,seed5109.png
-30.190563,11.664072,seed51090.png
38.595516,17.469942,seed51091.png
28.004517,11.959382,seed51092.png
31.2884,2.7122128,seed51093.png
23.510477,-0.21899031,seed51094.png
13.452,-33.039207,seed51095.png
25.068806,9.022053,seed51096.png
10.904783,0.3166165,seed51097.png
7.423705,23.689734,seed51098.png
-8.18683,-1.586819,seed51099.png
32.47665,25.751238,seed5110.png
29.87126,3.189441,seed51100.png
1.4829991,23.315516,seed51101.png
-36.297794,9.166415,seed51102.png
13.187535,-41.48785,seed51103.png
-36.514328,25.173407,seed51104.png
27.702547,6.767667,seed51105.png
9.6111965,4.719549,seed51106.png
-31.406158,20.096931,seed51107.png
-1.5116389,-17.387352,seed51108.png
-16.202364,-11.059963,seed51109.png
-34.318615,25.573454,seed5111.png
-1.0423491,12.848257,seed51110.png
-32.212074,20.188078,seed51111.png
23.123034,13.780563,seed51112.png
-24.064375,-23.094412,seed51113.png
-8.377364,10.429264,seed51114.png
25.647913,9.979506,seed51115.png
-34.02137,27.146936,seed51116.png
18.478521,-4.715382,seed51117.png
-24.887709,-1.7699875,seed51118.png
5.6859913,-1.4792325,seed51119.png
29.29044,26.649616,seed5112.png
22.588251,-2.4831378,seed51120.png
16.942183,13.010911,seed51121.png
-29.216902,19.831457,seed51122.png
15.371425,8.547867,seed51123.png
-9.088407,-20.401758,seed51124.png
-8.626767,-0.987347,seed51125.png
0.80126625,24.06395,seed51126.png
18.599163,5.3891063,seed51127.png
27.585323,30.212187,seed51128.png
8.520134,-12.192052,seed51129.png
38.638332,19.843452,seed5113.png
-30.28969,15.639883,seed51130.png
25.327858,18.597788,seed51131.png
-31.680862,-15.877583,seed51132.png
-21.934717,-15.535746,seed51133.png
4.9139934,-27.923676,seed51134.png
-13.30352,-10.322973,seed51135.png
7.434122,-42.294666,seed51136.png
37.660305,24.988323,seed51137.png
35.801678,26.783197,seed51138.png
-19.96574,9.022298,seed51139.png
-33.602478,10.678086,seed5114.png
-23.672865,-5.9242663,seed51140.png
9.374469,19.47592,seed51141.png
-15.867442,-31.67676,seed51142.png
10.809439,-31.14741,seed51143.png
-11.1844845,-1.1641046,seed51144.png
9.168491,-2.2869847,seed51145.png
-15.424572,-12.915525,seed51146.png
-22.602013,-4.535611,seed51147.png
25.288912,3.411087,seed51148.png
-17.99355,12.455667,seed51149.png
19.045301,-8.951297,seed5115.png
-19.925655,-21.64213,seed51150.png
-20.194292,-24.828098,seed51151.png
-0.13215323,23.023092,seed51152.png
15.570727,-31.196611,seed51153.png
-21.598713,13.411299,seed51154.png
-21.903334,-23.81982,seed51155.png
9.90906,27.116432,seed51156.png
11.615495,-2.6399052,seed51157.png
-31.001623,-12.36198,seed51158.png
36.385376,14.387534,seed51159.png
8.337574,9.463111,seed5116.png
-34.24158,7.641475,seed51160.png
-24.504951,-17.31457,seed51161.png
-9.98031,-11.650534,seed51162.png
-4.9470625,-12.106307,seed51163.png
-11.053272,4.8718276,seed51164.png
-27.787624,16.957294,seed51165.png
3.330835,-34.93539,seed51166.png
10.361401,-28.975979,seed51167.png
-4.178365,-15.598393,seed51168.png
41.03746,20.982029,seed51169.png
28.254171,7.65128,seed5117.png
16.913519,27.097506,seed51170.png
4.8662534,-13.567192,seed51171.png
-16.654648,-16.580675,seed51172.png
-13.934516,-23.217876,seed51173.png
-33.996223,12.810197,seed51174.png
-4.56647,-11.647491,seed51175.png
36.7029,23.344152,seed51176.png
-2.8433368,0.6254352,seed51177.png
32.197197,19.158052,seed51178.png
13.055272,26.794647,seed51179.png
-3.2881188,19.078197,seed5118.png
-7.770263,-25.446419,seed51180.png
30.859224,13.385969,seed51181.png
-23.333279,-24.484419,seed51182.png
-24.089682,6.391022,seed51183.png
19.922289,13.722925,seed51184.png
7.191699,-4.6788883,seed51185.png
34.77131,15.423293,seed51186.png
19.166752,18.14699,seed51187.png
-35.09404,13.953349,seed51188.png
3.8813376,3.9356966,seed51189.png
7.128088,17.209145,seed5119.png
-10.93472,-15.499627,seed51190.png
15.485351,-0.7765923,seed51191.png
28.25939,23.596167,seed51192.png
-0.74609417,8.86923,seed51193.png
26.02678,11.08475,seed51194.png
16.583214,10.439086,seed51195.png
26.66153,21.81657,seed51196.png
-25.31685,-0.12969822,seed51197.png
36.774063,24.659775,seed51198.png
-32.086777,0.87056434,seed51199.png
-26.242462,-10.233857,seed5120.png
-25.094751,17.448538,seed51200.png
-25.732435,7.5886045,seed51201.png
10.795749,-2.2995737,seed51202.png
-22.701866,-22.026947,seed51203.png
8.043173,-4.498491,seed51204.png
0.7876581,12.8461685,seed51205.png
-33.658073,25.976526,seed51206.png
-27.167164,-11.288956,seed51207.png
-9.46941,-20.949196,seed51208.png
29.816013,17.25419,seed51209.png
-25.855349,9.47616,seed5121.png
-23.699234,19.964014,seed51210.png
8.848181,-40.161694,seed51211.png
13.918775,-34.367264,seed51212.png
10.211813,6.3125067,seed51213.png
3.2149923,15.463513,seed51214.png
17.840408,10.212856,seed51215.png
2.7190871,-13.026111,seed51216.png
-29.27407,-13.195818,seed51217.png
16.216805,-34.623806,seed51218.png
26.437853,9.789969,seed51219.png
-15.419147,-6.8945966,seed5122.png
22.35369,5.4379883,seed51220.png
-23.205503,-5.799965,seed51221.png
16.409348,13.139978,seed51222.png
10.823822,21.0596,seed51223.png
-10.895447,6.741997,seed51224.png
3.5310771,-29.429956,seed51225.png
-0.7297018,-6.7300334,seed51226.png
-19.626133,-15.834221,seed51227.png
-15.739639,-2.4054606,seed51228.png
2.2836337,-26.029478,seed51229.png
-6.2078953,1.3747478,seed5123.png
30.007084,20.295183,seed51230.png
-17.02109,-4.496386,seed51231.png
21.645182,13.5880575,seed51232.png
9.048095,-23.825212,seed51233.png
-31.794374,25.239483,seed51234.png
8.624013,-9.1519,seed51235.png
-24.560726,-9.660332,seed51236.png
-0.48668256,-12.735946,seed51237.png
-4.9086127,-17.633747,seed51238.png
21.521393,18.081808,seed51239.png
-23.187643,-3.2304118,seed5124.png
-12.337401,-28.498117,seed51240.png
37.170216,21.232742,seed51241.png
11.297673,17.394682,seed51242.png
5.601186,-1.636881,seed51243.png
31.020815,9.82545,seed51244.png
-20.321682,-6.2015395,seed51245.png
9.4774275,5.982841,seed51246.png
17.66431,12.84811,seed51247.png
-12.003064,-6.5952435,seed51248.png
-13.072361,3.4213212,seed51249.png
36.2084,20.009005,seed5125.png
32.498104,9.344958,seed51250.png
11.483051,-22.13207,seed51251.png
-11.503824,8.444314,seed51252.png
35.014023,7.7418127,seed51253.png
25.057774,-4.725872,seed51254.png
10.317902,-41.542,seed51255.png
3.5031178,15.710322,seed51256.png
-19.935135,-6.9455175,seed51257.png
-9.958669,-10.707591,seed51258.png
-31.169655,-12.100038,seed51259.png
39.234802,22.528702,seed5126.png
13.821487,-4.229685,seed51260.png
34.53603,25.654242,seed51261.png
-27.04701,18.588036,seed51262.png
-19.990211,-18.795696,seed51263.png
2.7461808,-24.207045,seed51264.png
14.662728,-2.7866561,seed51265.png
-21.750416,18.984632,seed51266.png
21.02601,16.573706,seed51267.png
-11.592891,-13.520323,seed51268.png
-2.2831135,18.106386,seed51269.png
29.335371,7.192982,seed5127.png
19.44086,22.17439,seed51270.png
-17.849705,-27.943857,seed51271.png
27.573353,19.051949,seed51272.png
-8.848696,-4.7047377,seed51273.png
-30.375328,19.261982,seed51274.png
-25.087278,6.377338,seed51275.png
-2.4622533,15.635753,seed51276.png
22.620586,15.677306,seed51277.png
1.9233584,13.141358,seed51278.png
17.416056,24.8565,seed51279.png
31.269815,14.715078,seed5128.png
16.774647,21.348417,seed51280.png
30.644894,4.8164854,seed51281.png
27.608007,16.661228,seed51282.png
29.105154,7.313706,seed51283.png
17.108303,22.744638,seed51284.png
8.7167425,0.30873936,seed51285.png
-19.229074,-14.205019,seed51286.png
-3.1976817,-15.715713,seed51287.png
10.066418,-40.24761,seed51288.png
9.016842,17.309225,seed51289.png
-17.887941,-20.654404,seed5129.png
-30.557903,-6.987953,seed51290.png
8.005039,10.287392,seed51291.png
11.944369,4.8587103,seed51292.png
8.78085,2.0467474,seed51293.png
-17.114786,-15.995829,seed51294.png
-18.613451,10.336383,seed51295.png
35.752396,7.8660693,seed51296.png
-19.460434,5.530542,seed51297.png
-2.7763307,-1.36188,seed51298.png
19.886993,11.837342,seed51299.png
-27.396318,10.140595,seed5130.png
11.699872,5.0741925,seed51300.png
9.437476,-34.521523,seed51301.png
11.628323,-33.520317,seed51302.png
-17.74974,11.382102,seed51303.png
-30.416489,18.178448,seed51304.png
-2.2165546,-19.32775,seed51305.png
-34.361996,19.83907,seed51306.png
27.391731,10.078384,seed51307.png
-9.9020405,-17.367998,seed51308.png
5.11091,17.716742,seed51309.png
-15.4343405,-10.241069,seed5131.png
16.349487,17.69296,seed51310.png
12.335866,22.926764,seed51311.png
-32.952557,18.884636,seed51312.png
34.962906,18.01146,seed51313.png
11.839038,16.588152,seed51314.png
26.678738,16.273733,seed51315.png
-24.45759,9.656729,seed51316.png
29.579937,9.189256,seed51317.png
-27.063334,-4.6863637,seed51318.png
-8.597677,-5.4464135,seed51319.png
19.167988,21.136892,seed5132.png
-34.263306,27.042828,seed51320.png
11.827631,21.92304,seed51321.png
26.373579,6.6139765,seed51322.png
14.36533,-40.292984,seed51323.png
24.846746,22.556053,seed51324.png
-24.651035,12.102012,seed51325.png
23.654875,7.4930973,seed51326.png
29.692247,15.476015,seed51327.png
14.313494,-40.180527,seed51328.png
4.49727,10.982515,seed51329.png
-33.229263,22.54378,seed5133.png
3.8635414,13.233885,seed51330.png
-6.908163,-24.395235,seed51331.png
-32.602005,2.212933,seed51332.png
2.0712416,11.688729,seed51333.png
10.872462,5.966769,seed51334.png
3.0630548,-32.035168,seed51335.png
12.91643,13.202543,seed51336.png
-33.553715,1.310736,seed51337.png
10.393037,27.247414,seed51338.png
13.723939,29.237232,seed51339.png
-18.245033,-14.065051,seed5134.png
20.068163,9.94378,seed51340.png
11.0988245,-40.146206,seed51341.png
-21.573044,-22.89788,seed51342.png
25.390078,-4.3987656,seed51343.png
14.801444,25.711712,seed51344.png
5.7736225,-32.192795,seed51345.png
4.5333576,4.8588605,seed51346.png
-13.890423,3.5214984,seed51347.png
15.820093,-2.0368624,seed51348.png
20.570839,5.3526525,seed51349.png
-28.604012,7.415017,seed5135.png
10.806427,21.592215,seed51350.png
10.624346,-23.623405,seed51351.png
-27.28281,3.3602743,seed51352.png
28.456575,13.871131,seed51353.png
5.326104,17.829617,seed51354.png
2.3723843,-30.198538,seed51355.png
20.225052,17.401192,seed51356.png
22.815802,14.896959,seed51357.png
-20.98967,8.674414,seed51358.png
11.268215,0.97584575,seed51359.png
10.079492,-37.65431,seed5136.png
4.0666947,13.7202425,seed51360.png
-13.537236,-6.24698,seed51361.png
-20.825798,-28.853773,seed51362.png
31.56298,7.0128546,seed51363.png
22.628181,23.71571,seed51364.png
32.071102,3.8064506,seed51365.png
18.374456,23.805836,seed51366.png
-0.7742185,-15.599505,seed51367.png
-20.365482,12.76331,seed51368.png
-32.159798,25.559181,seed51369.png
-8.714081,-10.770472,seed5137.png
30.028313,25.650686,seed51370.png
-23.458557,-10.359905,seed51371.png
6.680851,9.742751,seed51372.png
-27.32615,-0.027495882,seed51373.png
-15.728312,-5.6778235,seed51374.png
-32.108448,14.510206,seed51375.png
17.266964,14.016475,seed51376.png
39.57027,21.14089,seed51377.png
11.212317,-35.867603,seed51378.png
-7.5008764,6.6207504,seed51379.png
10.576858,27.37121,seed5138.png
8.812287,29.859047,seed51380.png
-34.943684,26.701387,seed51381.png
-19.40034,6.336868,seed51382.png
7.3739614,1.0710435,seed51383.png
-17.908407,-21.831127,seed51384.png
21.30196,13.80278,seed51385.png
-30.22615,6.772856,seed51386.png
-21.696255,-22.246933,seed51387.png
-28.147762,9.565674,seed51388.png
18.88277,-2.7643707,seed51389.png
12.739023,-33.364315,seed5139.png
12.46199,-3.1237648,seed51390.png
15.085825,-12.528798,seed51391.png
14.61106,10.358994,seed51392.png
-3.4768443,-5.857703,seed51393.png
-14.837657,-15.647864,seed51394.png
-12.059047,-7.1904144,seed51395.png
-3.4249387,-19.358381,seed51396.png
-17.01389,-20.91284,seed51397.png
23.759287,27.642769,seed51398.png
-17.039322,-12.564336,seed51399.png
-9.218667,-25.961178,seed5140.png
30.79356,2.8360927,seed51400.png
17.7728,23.90914,seed51401.png
20.19059,-1.7496767,seed51402.png
17.622065,4.6146436,seed51403.png
4.563369,16.005314,seed51404.png
6.777303,-0.7874173,seed51405.png
7.572407,22.759605,seed51406.png
-19.058023,-18.526394,seed51407.png
-21.075481,4.990729,seed51408.png
-13.529456,-8.190979,seed51409.png
9.673599,28.287277,seed5141.png
-20.94562,12.194121,seed51410.png
-25.157827,-16.807425,seed51411.png
32.491764,4.6392784,seed51412.png
11.86183,-5.38192,seed51413.png
9.869502,20.071716,seed51414.png
-10.422256,-17.803682,seed51415.png
-17.436455,-6.486074,seed51416.png
-28.4679,-8.174806,seed51417.png
-21.461926,-18.878677,seed51418.png
27.79763,5.973549,seed51419.png
1.5446621,-5.3852377,seed5142.png
-13.575369,0.21265046,seed51420.png
-20.3104,-5.951445,seed51421.png
21.567638,15.33396,seed51422.png
-28.51724,13.881522,seed51423.png
9.997171,26.537512,seed51424.png
13.4612465,-33.680183,seed51425.png
7.6526313,9.074417,seed51426.png
11.558744,-10.281069,seed51427.png
7.2398357,1.450572,seed51428.png
-14.088906,-26.417267,seed51429.png
7.4305854,-5.8817487,seed5143.png
9.301093,1.0706897,seed51430.png
-21.225128,-15.770129,seed51431.png
-15.612533,0.6822549,seed51432.png
5.354387,5.010638,seed51433.png
21.077215,17.942238,seed51434.png
-13.739661,-5.64574,seed51435.png
13.685292,-5.5571547,seed51436.png
19.633774,24.55554,seed51437.png
9.796784,-30.446518,seed51438.png
25.328121,2.2638688,seed51439.png
-5.300346,-18.734528,seed5144.png
6.357344,1.4817861,seed51440.png
38.764137,19.444162,seed51441.png
-18.467306,-21.329754,seed51442.png
-22.12479,-26.239952,seed51443.png
-25.421886,8.43614,seed51444.png
31.674536,13.838393,seed51445.png
0.9150226,12.610744,seed51446.png
10.822857,27.81167,seed51447.png
38.015427,11.931981,seed51448.png
7.5239935,-1.082184,seed51449.png
-11.579414,-2.7509391,seed5145.png
10.6718025,-38.01889,seed51450.png
-10.1675825,-4.527473,seed51451.png
11.814147,13.545141,seed51452.png
-16.732754,-15.701747,seed51453.png
-27.63825,-11.79624,seed51454.png
-33.636326,-1.5143055,seed51455.png
26.602213,20.828554,seed51456.png
-30.576307,11.0034895,seed51457.png
-17.949184,-30.882854,seed51458.png
-8.145655,8.342677,seed51459.png
-3.475435,-14.575485,seed5146.png
-26.831232,-13.231933,seed51460.png
4.0058584,-4.566148,seed51461.png
3.2810462,10.202425,seed51462.png
-2.7739599,17.37528,seed51463.png
28.541132,6.502835,seed51464.png
-15.415558,-24.942722,seed51465.png
41.335278,18.52716,seed51466.png
-22.900614,8.37452,seed51467.png
4.447442,-31.58229,seed51468.png
9.014791,11.381852,seed51469.png
-19.447777,-12.034872,seed5147.png
-0.16168287,-12.738879,seed51470.png
39.64091,23.226791,seed51471.png
-17.272865,-11.71276,seed51472.png
17.5747,18.213324,seed51473.png
-32.578716,14.694579,seed51474.png
21.401464,19.117908,seed51475.png
9.947712,12.187797,seed51476.png
-4.653482,-5.2006745,seed51477.png
7.007071,0.99565476,seed51478.png
-32.698044,13.776457,seed51479.png
-8.147547,-21.913445,seed5148.png
-23.95753,13.675719,seed51480.png
16.614908,-35.075043,seed51481.png
-13.363697,-26.222351,seed51482.png
-0.8151867,-12.558613,seed51483.png
-0.5713878,23.490936,seed51484.png
26.968899,10.609183,seed51485.png
-14.010804,8.837053,seed51486.png
35.313274,5.113212,seed51487.png
22.50198,23.868822,seed51488.png
-34.838535,10.188974,seed51489.png
14.210299,15.66768,seed5149.png
9.107883,29.49953,seed51490.png
10.270781,25.285019,seed51491.png
-14.702175,-31.131975,seed51492.png
35.65377,5.73954,seed51493.png
11.44183,-34.19778,seed51494.png
-13.177907,-19.751732,seed51495.png
-28.973026,12.21413,seed51496.png
-18.724833,-18.120033,seed51497.png
14.41873,23.71478,seed51498.png
-19.849474,7.066783,seed51499.png
-6.7180095,12.624991,seed5150.png
-16.29591,-23.658556,seed51500.png
-31.349897,-6.8572,seed51501.png
5.263776,-33.137848,seed51502.png
-1.3230534,21.799702,seed51503.png
15.309072,-38.54016,seed51504.png
-3.4495678,-18.018515,seed51505.png
-18.835299,-6.2990446,seed51506.png
-24.0615,-3.2696085,seed51507.png
8.426819,-7.9187417,seed51508.png
17.301003,21.08802,seed51509.png
-10.969226,1.4138668,seed5151.png
-17.046919,-11.75951,seed51510.png
14.15504,-2.1052907,seed51511.png
13.206397,27.196682,seed51512.png
-0.13964091,15.212482,seed51513.png
-23.650814,8.8331785,seed51514.png
-33.36586,-10.171211,seed51515.png
24.865906,6.7890887,seed51516.png
-0.37637615,0.067521736,seed51517.png
6.0486193,-31.669115,seed51518.png
7.705717,-38.807823,seed51519.png
-29.637094,-14.055289,seed5152.png
-1.3883418,11.26197,seed51520.png
-29.491968,0.26544258,seed51521.png
15.329903,-34.11435,seed51522.png
39.98047,22.324903,seed51523.png
2.474194,0.15180697,seed51524.png
29.150612,8.524241,seed51525.png
-13.007175,-6.0541406,seed51526.png
-33.07488,22.380913,seed51527.png
-8.39935,3.38536,seed51528.png
-18.852306,-3.7363718,seed51529.png
5.785334,17.267355,seed5153.png
1.2032137,-17.147818,seed51530.png
-27.183756,14.384047,seed51531.png
12.460407,-38.371864,seed51532.png
4.2050533,24.441849,seed51533.png
-0.28001097,7.826422,seed51534.png
17.706291,16.719893,seed51535.png
11.961261,-5.3514447,seed51536.png
-30.87842,10.387464,seed51537.png
-26.418152,-5.4982944,seed51538.png
30.286726,2.544892,seed51539.png
-14.595296,-18.58844,seed5154.png
-15.2333765,-31.736032,seed51540.png
18.247013,24.919695,seed51541.png
14.622628,-0.11313987,seed51542.png
19.714413,25.851084,seed51543.png
-12.502305,-28.000689,seed51544.png
-33.840233,-1.1555533,seed51545.png
-19.207006,-28.99122,seed51546.png
-30.635187,-7.5291424,seed51547.png
-13.82673,-21.217335,seed51548.png
-25.576883,5.5638947,seed51549.png
18.453886,11.890813,seed5155.png
11.53763,-7.2058163,seed51550.png
42.178665,22.25784,seed51551.png
-23.12156,-7.5137205,seed51552.png
-26.16701,-20.427938,seed51553.png
-22.848244,8.405035,seed51554.png
13.0571,-39.056,seed51555.png
-22.989594,-15.310773,seed51556.png
35.862743,13.823481,seed51557.png
28.418266,6.5372033,seed51558.png
-12.765526,-9.232793,seed51559.png
-23.302053,9.279197,seed5156.png
-22.016651,-18.433447,seed51560.png
5.2209387,3.4347606,seed51561.png
-11.300664,-14.609193,seed51562.png
33.6332,0.65798235,seed51563.png
21.74508,3.1671429,seed51564.png
-4.0113716,-18.12203,seed51565.png
17.014606,-2.26277,seed51566.png
18.662966,13.131984,seed51567.png
-32.3737,-9.044602,seed51568.png
18.248459,-3.7347226,seed51569.png
-23.82688,14.397011,seed5157.png
-13.828557,-14.635173,seed51570.png
-22.258902,-12.200351,seed51571.png
14.4988,-33.97505,seed51572.png
0.6205825,12.478009,seed51573.png
-17.58955,-0.53660613,seed51574.png
-14.850245,-20.015335,seed51575.png
11.514045,-0.6457667,seed51576.png
-29.770351,18.672,seed51577.png
26.512148,9.442058,seed51578.png
-3.1419826,3.778373,seed51579.png
22.2086,10.590301,seed5158.png
1.358008,-4.70311,seed51580.png
-12.152627,-24.868591,seed51581.png
-27.085735,13.527621,seed51582.png
-32.948574,-8.44758,seed51583.png
3.6066935,-29.704536,seed51584.png
-10.182428,-22.513866,seed51585.png
-15.949033,-20.441912,seed51586.png
-0.19005454,17.634167,seed51587.png
7.3763847,6.9976444,seed51588.png
-30.39348,20.078629,seed51589.png
3.435914,10.672878,seed5159.png
17.613771,25.659412,seed51590.png
-18.386627,-24.717424,seed51591.png
-14.220405,-2.3837216,seed51592.png
6.2578487,13.5922985,seed51593.png
-9.379485,-18.113749,seed51594.png
-1.7239913,15.2284155,seed51595.png
10.407886,-31.575714,seed51596.png
18.00073,13.285862,seed51597.png
-20.694431,-22.205141,seed51598.png
-29.395948,-14.449032,seed51599.png
36.91364,11.099183,seed5160.png
-20.61679,-24.51172,seed51600.png
-12.909443,-29.835129,seed51601.png
-13.158635,-23.536245,seed51602.png
-20.69752,-27.226513,seed51603.png
-21.548292,8.723674,seed51604.png
-19.876175,-19.628141,seed51605.png
-31.016111,11.178943,seed51606.png
-20.32344,-20.989267,seed51607.png
30.839846,5.763853,seed51608.png
-16.70545,-16.98959,seed51609.png
11.503443,-35.08624,seed5161.png
-25.619005,-19.745052,seed51610.png
-22.363565,-26.229994,seed51611.png
29.81858,5.5387435,seed51612.png
-0.6599616,8.710927,seed51613.png
-20.841055,-9.456882,seed51614.png
-26.655249,-18.14457,seed51615.png
-32.39904,24.028753,seed51616.png
7.222141,-36.689568,seed51617.png
-20.739176,0.22901836,seed51618.png
-16.275396,-19.798538,seed51619.png
29.012508,15.226972,seed5162.png
-15.641608,-22.316492,seed51620.png
-15.0023575,-1.4089503,seed51621.png
31.433104,15.524221,seed51622.png
-16.083467,-29.167395,seed51623.png
10.793179,17.979261,seed51624.png
-20.345835,-28.864988,seed51625.png
-20.270773,14.011653,seed51626.png
37.87572,25.124344,seed51627.png
-34.199608,21.186913,seed51628.png
17.224312,23.867453,seed51629.png
13.97798,22.473806,seed5163.png
13.8396015,25.847319,seed51630.png
14.370109,-4.0272293,seed51631.png
18.777117,24.117907,seed51632.png
-14.711545,-12.685128,seed51633.png
27.014755,13.338839,seed51634.png
10.923824,9.401899,seed51635.png
-22.88134,-18.341518,seed51636.png
23.191,7.8648953,seed51637.png
39.46953,6.8542833,seed51638.png
-29.070492,-9.516351,seed51639.png
-30.46824,-15.518685,seed5164.png
-31.950006,25.992123,seed51640.png
-10.401727,2.6068406,seed51641.png
-33.670265,23.639385,seed51642.png
41.439827,19.287632,seed51643.png
3.4974978,9.705067,seed51644.png
-28.754564,10.090429,seed51645.png
4.8040137,4.636275,seed51646.png
0.05410133,-23.238045,seed51647.png
2.6535022,17.062073,seed51648.png
23.63787,11.181909,seed51649.png
-29.523514,-15.032914,seed5165.png
8.699385,-22.163628,seed51650.png
-21.555271,15.992531,seed51651.png
32.30997,27.900637,seed51652.png
30.815733,16.0421,seed51653.png
-27.152313,-10.473231,seed51654.png
-26.50578,11.126808,seed51655.png
-31.891684,-8.136619,seed51656.png
-31.7839,-13.501371,seed51657.png
-20.943308,5.5522747,seed51658.png
29.123413,26.555202,seed51659.png
21.62847,16.808067,seed5166.png
27.353308,21.76373,seed51660.png
-9.049191,-15.481645,seed51661.png
-2.7280972,5.581831,seed51662.png
-18.196142,-20.419615,seed51663.png
31.169203,25.879519,seed51664.png
-26.121586,14.112525,seed51665.png
-23.460386,9.22288,seed51666.png
-18.47675,-24.735743,seed51667.png
22.787579,12.320968,seed51668.png
21.698687,24.087545,seed51669.png
15.010612,30.661125,seed5167.png
-22.988522,-14.314239,seed51670.png
25.24432,-4.1648145,seed51671.png
-28.487055,-13.072782,seed51672.png
13.407409,-7.2431235,seed51673.png
-14.836953,-5.446934,seed51674.png
-17.990204,-8.172861,seed51675.png
17.230911,-2.0903313,seed51676.png
-6.8783617,-15.2897835,seed51677.png
1.0632837,-14.271178,seed51678.png
-26.232836,18.287828,seed51679.png
-13.030613,-32.7723,seed5168.png
-35.34592,22.973812,seed51680.png
-11.865104,-16.470049,seed51681.png
-18.215536,-23.023043,seed51682.png
22.528942,3.2218854,seed51683.png
-24.565971,-15.453378,seed51684.png
14.651831,-35.031773,seed51685.png
-2.3967533,-15.278368,seed51686.png
20.70834,4.5568185,seed51687.png
-15.666078,-13.654709,seed51688.png
-28.33163,4.28012,seed51689.png
-22.925758,0.22709046,seed5169.png
11.474172,21.28102,seed51690.png
24.287388,-1.012912,seed51691.png
-21.070646,2.6272964,seed51692.png
29.068447,26.939587,seed51693.png
7.1072626,-1.8446841,seed51694.png
35.30888,27.47844,seed51695.png
6.6109533,25.425388,seed51696.png
-31.560549,17.062487,seed51697.png
-34.484344,27.556503,seed51698.png
-25.045204,-4.8756876,seed51699.png
19.989971,6.465744,seed5170.png
-4.3010073,-16.32661,seed51700.png
11.147609,-5.598714,seed51701.png
7.503542,7.9663486,seed51702.png
-23.872759,-18.649487,seed51703.png
-0.61191726,-0.61162585,seed51704.png
27.462215,1.3053212,seed51705.png
-16.147005,-31.652397,seed51706.png
24.227509,19.18351,seed51707.png
-6.573233,-9.713223,seed51708.png
-10.036331,-3.5631254,seed51709.png
-23.430042,-16.028225,seed5171.png
24.100222,-1.1054693,seed51710.png
6.0691776,11.772017,seed51711.png
-24.543192,0.7192868,seed51712.png
-2.525201,-11.52244,seed51713.png
-10.865854,-19.577702,seed51714.png
-9.376801,-24.359854,seed51715.png
13.884951,9.520583,seed51716.png
17.237911,-1.2282072,seed51717.png
-8.645478,-22.751314,seed51718.png
9.644164,12.492404,seed51719.png
-13.744397,-17.723322,seed5172.png
14.474293,-37.683052,seed51720.png
40.24539,13.499161,seed51721.png
-14.694459,3.9386518,seed51722.png
37.134487,24.68035,seed51723.png
-10.465463,-29.542824,seed51724.png
-34.93149,28.038742,seed51725.png
24.57399,15.991633,seed51726.png
8.398172,17.751846,seed51727.png
-27.555769,0.058728173,seed51728.png
24.906107,7.4232635,seed51729.png
34.42902,26.09176,seed5173.png
-18.643194,2.2936716,seed51730.png
-31.465704,16.113937,seed51731.png
40.118126,21.937765,seed51732.png
-22.23782,11.053438,seed51733.png
1.0445951,14.565644,seed51734.png
-23.214457,5.8021774,seed51735.png
15.804142,-4.793596,seed51736.png
10.37545,-9.925111,seed51737.png
-28.514025,-8.105362,seed51738.png
11.70299,9.655199,seed51739.png
16.307167,-33.904503,seed5174.png
25.275785,9.628024,seed51740.png
6.6984844,16.28359,seed51741.png
19.112597,9.975762,seed51742.png
11.881402,26.888294,seed51743.png
-29.545067,8.455178,seed51744.png
17.728489,22.397547,seed51745.png
2.4348466,21.096777,seed51746.png
-32.941566,20.85426,seed51747.png
0.5678104,17.823008,seed51748.png
-16.429375,-17.00023,seed51749.png
-12.016898,-22.14529,seed5175.png
11.674738,-2.5825572,seed51750.png
-34.11741,12.757151,seed51751.png
-11.131416,7.832989,seed51752.png
-30.750738,-3.4481955,seed51753.png
24.912073,-3.7157393,seed51754.png
-19.273125,12.923696,seed51755.png
27.515581,25.175838,seed51756.png
-2.1383765,-20.194324,seed51757.png
-14.916407,0.2404907,seed51758.png
5.932355,7.4943414,seed51759.png
-26.639595,-0.1974812,seed5176.png
26.219429,-2.2527392,seed51760.png
20.76418,13.362514,seed51761.png
-31.626822,8.817667,seed51762.png
15.229629,-31.757498,seed51763.png
9.564541,-30.184269,seed51764.png
-31.186289,15.721766,seed51765.png
11.237877,-26.301865,seed51766.png
6.245588,17.126102,seed51767.png
14.18865,1.622473,seed51768.png
-16.371063,-29.409567,seed51769.png
-12.062016,-16.431154,seed5177.png
15.052689,-0.7231105,seed51770.png
-0.5919824,-13.665069,seed51771.png
17.761602,0.6004017,seed51772.png
12.637667,-8.245031,seed51773.png
34.045464,5.243051,seed51774.png
25.952583,7.768332,seed51775.png
12.526485,0.33396217,seed51776.png
-11.611355,-16.532396,seed51777.png
20.717968,13.575008,seed51778.png
-33.444687,6.4272504,seed51779.png
-31.128124,-0.20756398,seed5178.png
11.869687,-39.18611,seed51780.png
2.9253535,-25.125517,seed51781.png
-34.211826,10.382607,seed51782.png
24.975687,17.680386,seed51783.png
-18.62566,-24.046803,seed51784.png
30.985348,0.12043907,seed51785.png
-10.562949,-2.3338206,seed51786.png
-26.143246,-18.97009,seed51787.png
9.561882,12.242319,seed51788.png
16.829205,-3.6958394,seed51789.png
-34.199863,-4.4222517,seed5179.png
7.723432,2.1971998,seed51790.png
33.695755,6.406794,seed51791.png
-23.368412,5.6127267,seed51792.png
-3.8574557,-17.265099,seed51793.png
27.66731,14.811197,seed51794.png
13.467451,26.407095,seed51795.png
27.16139,7.0520577,seed51796.png
36.781853,5.4301667,seed51797.png
20.435213,5.6932497,seed51798.png
12.542851,1.3485625,seed51799.png
20.857445,-4.820103,seed5180.png
-0.8492351,24.356339,seed51800.png
19.115257,10.421624,seed51801.png
-35.677505,23.178467,seed51802.png
32.0793,7.488415,seed51803.png
-19.214617,-19.216513,seed51804.png
34.28222,24.655712,seed51805.png
12.109606,-32.426773,seed51806.png
-32.380573,-4.885716,seed51807.png
2.458611,-1.304829,seed51808.png
0.6879849,10.820639,seed51809.png
15.14949,-4.3201413,seed5181.png
39.759335,22.655874,seed51810.png
-10.671059,-19.950775,seed51811.png
33.616844,9.187975,seed51812.png
1.6666512,-2.0703874,seed51813.png
-0.35080105,-5.411341,seed51814.png
30.142931,1.5975852,seed51815.png
21.148598,24.221264,seed51816.png
-22.326454,-20.01239,seed51817.png
18.243423,8.097098,seed51818.png
10.379003,-22.921295,seed51819.png
10.497517,21.463072,seed5182.png
-33.503315,16.42472,seed51820.png
-17.861706,-17.444738,seed51821.png
26.209911,20.238064,seed51822.png
-24.750057,-8.465265,seed51823.png
18.628632,21.07379,seed51824.png
-6.8539724,-10.504764,seed51825.png
-11.312082,-27.520798,seed51826.png
-7.3732195,-18.712786,seed51827.png
-6.7453303,-22.675278,seed51828.png
23.063864,18.609545,seed51829.png
-21.280401,2.5166936,seed5183.png
0.115103,14.895649,seed51830.png
21.366018,1.3768013,seed51831.png
16.008574,14.756527,seed51832.png
21.75184,14.17131,seed51833.png
9.429342,9.093239,seed51834.png
9.074073,-42.350376,seed51835.png
-15.023822,-2.305297,seed51836.png
27.984861,2.666542,seed51837.png
34.505814,0.41214657,seed51838.png
13.1511,-8.79524,seed51839.png
-18.049387,-23.77981,seed5184.png
16.761744,1.2725246,seed51840.png
13.436075,-39.03535,seed51841.png
-20.37062,-19.845434,seed51842.png
-36.58688,22.824163,seed51843.png
15.56523,2.565055,seed51844.png
-37.553673,10.386313,seed51845.png
35.296246,26.824133,seed51846.png
-11.123848,-23.772789,seed51847.png
19.925436,25.331093,seed51848.png
-21.14421,0.1775707,seed51849.png
-20.53643,-7.727053,seed5185.png
33.03793,13.664778,seed51850.png
-24.671644,-11.024054,seed51851.png
10.598655,-1.478236,seed51852.png
-16.675507,9.920851,seed51853.png
30.141914,27.24328,seed51854.png
10.527942,12.284564,seed51855.png
20.194916,5.705347,seed51856.png
-28.48295,18.941353,seed51857.png
-23.105646,12.538161,seed51858.png
6.461061,-23.264479,seed51859.png
-25.897549,4.512179,seed5186.png
-35.861202,-7.6541514,seed51860.png
-20.655518,19.06158,seed51861.png
28.738853,13.875722,seed51862.png
36.867867,14.777096,seed51863.png
-25.198807,10.679634,seed51864.png
38.47343,20.290302,seed51865.png
21.855217,20.030489,seed51866.png
-14.621951,4.657474,seed51867.png
3.1576705,20.130608,seed51868.png
-31.890196,-7.467677,seed51869.png
-0.027977506,3.0479047,seed5187.png
10.963273,27.551182,seed51870.png
-0.13026068,20.270275,seed51871.png
33.0286,11.73808,seed51872.png
18.012278,-3.6519034,seed51873.png
-23.528584,6.066532,seed51874.png
28.994326,13.661724,seed51875.png
31.691542,23.052038,seed51876.png
-18.490654,-14.547375,seed51877.png
-21.666782,15.748676,seed51878.png
-15.435714,-31.070948,seed51879.png
-24.788134,-12.262343,seed5188.png
17.43714,-7.626242,seed51880.png
-8.933753,-24.961664,seed51881.png
-15.531493,-1.5881954,seed51882.png
0.11297146,18.49988,seed51883.png
9.930259,-1.0029124,seed51884.png
-33.304287,16.478998,seed51885.png
38.154125,24.471354,seed51886.png
-16.067364,-16.441559,seed51887.png
19.84978,16.21589,seed51888.png
-13.078885,-30.31311,seed51889.png
-16.146664,-5.6026106,seed5189.png
-2.0892205,-18.801682,seed51890.png
-27.343102,14.814751,seed51891.png
32.294163,5.4728746,seed51892.png
-0.6262966,24.294546,seed51893.png
-17.535927,-2.5410101,seed51894.png
-24.035715,-16.570484,seed51895.png
34.303295,14.873521,seed51896.png
-18.514946,-17.891441,seed51897.png
-28.794186,-13.251409,seed51898.png
5.9280944,2.5594532,seed51899.png
-33.76548,22.537382,seed5190.png
-22.54757,17.173786,seed51900.png
-30.838224,24.332176,seed51901.png
16.770988,-0.40993577,seed51902.png
-23.01773,-17.368885,seed51903.png
27.511333,4.990514,seed51904.png
12.5815735,24.63608,seed51905.png
-30.56468,10.405589,seed51906.png
27.008507,7.874302,seed51907.png
0.10103254,-14.826605,seed51908.png
7.189274,-27.568886,seed51909.png
-25.520458,0.31330988,seed5191.png
17.183329,28.096481,seed51910.png
12.856639,-28.941319,seed51911.png
-2.2838385,-11.993626,seed51912.png
8.597236,10.723899,seed51913.png
17.447918,5.479703,seed51914.png
33.80491,9.008706,seed51915.png
-14.903035,-8.625146,seed51916.png
10.377885,-41.52601,seed51917.png
26.84937,13.974578,seed51918.png
18.154772,23.630693,seed51919.png
-8.582936,-21.515427,seed5192.png
15.485177,25.439783,seed51920.png
11.482153,-41.899147,seed51921.png
-31.392164,22.684786,seed51922.png
19.641668,6.5663815,seed51923.png
5.6330028,-27.540354,seed51924.png
0.9896311,2.7180533,seed51925.png
-38.162914,13.655866,seed51926.png
-26.706818,16.801317,seed51927.png
17.380486,24.412504,seed51928.png
-13.038637,-24.649725,seed51929.png
4.5362005,-32.05071,seed5193.png
-16.862646,-8.139726,seed51930.png
6.2742333,-3.2394695,seed51931.png
-16.2531,-5.9875607,seed51932.png
29.818356,4.5391693,seed51933.png
29.937006,1.5186205,seed51934.png
-26.754438,6.8944354,seed51935.png
-23.71461,-13.214708,seed51936.png
-12.412528,3.9656413,seed51937.png
4.4625354,7.400412,seed51938.png
-9.7023945,10.906578,seed51939.png
-2.8337553,21.355423,seed5194.png
19.922098,5.3817983,seed51940.png
-16.859768,14.464278,seed51941.png
-19.20873,-17.674261,seed51942.png
-13.028928,-8.206244,seed51943.png
-33.70376,-11.28875,seed51944.png
37.450672,4.5531845,seed51945.png
2.0138097,-2.5786262,seed51946.png
-22.563908,3.844599,seed51947.png
-33.50948,23.677456,seed51948.png
-18.385555,-7.1230984,seed51949.png
-14.683864,-7.0229597,seed5195.png
23.96195,7.964074,seed51950.png
-0.47097036,-15.842256,seed51951.png
22.94036,2.7775683,seed51952.png
-11.306075,-0.41169772,seed51953.png
0.120306514,17.579094,seed51954.png
-32.30369,23.39672,seed51955.png
-9.99938,-13.207732,seed51956.png
-24.694042,-15.082871,seed51957.png
15.828992,25.58499,seed51958.png
6.6036544,3.6818368,seed51959.png
-3.0329754,13.998555,seed5196.png
13.269035,-4.626874,seed51960.png
-27.091251,7.127523,seed51961.png
15.286639,7.5864177,seed51962.png
22.598694,-0.65323097,seed51963.png
15.362785,2.4549677,seed51964.png
-22.58993,18.092701,seed51965.png
-17.514597,-8.253264,seed51966.png
-30.80843,-6.707334,seed51967.png
-34.6155,17.901377,seed51968.png
-30.438116,-13.443611,seed51969.png
-26.685162,-2.692491,seed5197.png
-25.235886,-3.010198,seed51970.png
-33.238358,13.784472,seed51971.png
8.233205,8.616558,seed51972.png
29.646544,26.89314,seed51973.png
31.302544,5.9124966,seed51974.png
26.778625,21.338009,seed51975.png
12.077548,20.329353,seed51976.png
-27.801102,-6.9418974,seed51977.png
38.28014,18.81316,seed51978.png
-29.055828,-16.602453,seed51979.png
-24.017418,11.820955,seed5198.png
-33.666428,14.122554,seed51980.png
4.7244368,-30.428015,seed51981.png
-23.26916,7.788684,seed51982.png
-7.551741,-7.3926034,seed51983.png
-25.257528,-7.492412,seed51984.png
-10.525229,-0.9111265,seed51985.png
4.8845305,-33.3234,seed51986.png
-29.886744,-10.816408,seed51987.png
14.851658,7.973947,seed51988.png
-34.569218,27.747387,seed51989.png
-16.651237,-17.977747,seed5199.png
7.9460974,-0.4648663,seed51990.png
37.199,10.3162775,seed51991.png
13.723627,-22.246904,seed51992.png
-22.75896,-0.6479045,seed51993.png
-13.918332,-8.527706,seed51994.png
-19.182877,2.2352748,seed51995.png
-13.132181,-25.696938,seed51996.png
-5.370192,-0.24611379,seed51997.png
1.7461122,-1.9547101,seed51998.png
-23.77429,12.641802,seed51999.png
20.302404,18.901447,seed5200.png
-33.71229,-9.901957,seed52000.png
-20.137886,-4.93275,seed52001.png
-15.9977865,-3.8075807,seed52002.png
35.42894,21.331007,seed52003.png
-22.888037,4.9479704,seed52004.png
34.217686,14.877589,seed52005.png
4.410353,8.661505,seed52006.png
-0.32905605,-12.834352,seed52007.png
-23.02956,-11.971233,seed52008.png
-26.158676,2.858785,seed52009.png
38.87854,8.646652,seed5201.png
25.09082,10.8182125,seed52010.png
40.638317,21.795849,seed52011.png
12.873153,2.8360994,seed52012.png
-23.969414,6.26485,seed52013.png
29.916618,26.59469,seed52014.png
-8.538264,-14.325731,seed52015.png
15.376576,0.89141464,seed52016.png
-15.139919,-19.82066,seed52017.png
16.332539,-35.21841,seed52018.png
17.11932,4.0250297,seed52019.png
16.703802,-4.794505,seed5202.png
31.181673,24.05053,seed52020.png
-16.397146,-12.035116,seed52021.png
12.620885,11.274309,seed52022.png
2.889071,10.872316,seed52023.png
-18.308075,-1.5126692,seed52024.png
7.1356497,-2.4260247,seed52025.png
17.225906,5.4120235,seed52026.png
2.9887674,-6.942139,seed52027.png
1.8849978,15.554035,seed52028.png
-17.665672,-28.692661,seed52029.png
-32.341763,-8.39698,seed5203.png
-32.741085,10.071934,seed52030.png
0.7397209,18.69745,seed52031.png
-1.6107818,23.3914,seed52032.png
-9.356688,-17.7451,seed52033.png
-18.158203,-2.5582542,seed52034.png
10.491109,-34.798008,seed52035.png
-7.79161,-12.650655,seed52036.png
12.940874,5.893164,seed52037.png
-14.398336,2.5709283,seed52038.png
-16.136086,-11.063837,seed52039.png
19.692366,21.906706,seed5204.png
-15.898302,-21.984766,seed52040.png
-32.27608,18.22643,seed52041.png
0.5195604,2.9953861,seed52042.png
-6.252782,-18.97457,seed52043.png
39.20089,17.688623,seed52044.png
-15.0664425,-13.966591,seed52045.png
31.415064,5.5988765,seed52046.png
-30.374584,14.377905,seed52047.png
14.590367,-39.40436,seed52048.png
3.6800196,13.39589,seed52049.png
12.266368,-22.636768,seed5205.png
34.873528,5.65901,seed52050.png
18.071806,23.756424,seed52051.png
-10.593157,-13.733335,seed52052.png
34.607765,19.929564,seed52053.png
-12.312852,-1.3364611,seed52054.png
-29.936451,16.869558,seed52055.png
-7.126532,-21.050137,seed52056.png
1.8722686,22.023066,seed52057.png
-19.608995,9.70494,seed52058.png
13.936735,4.6823726,seed52059.png
-26.514494,-3.6642663,seed5206.png
-33.201378,23.926329,seed52060.png
-33.33226,25.05878,seed52061.png
1.7986972,-8.174241,seed52062.png
15.027468,1.9542441,seed52063.png
-16.827785,-29.271208,seed52064.png
17.465004,20.129503,seed52065.png
1.4211286,23.993416,seed52066.png
-25.616596,0.9346652,seed52067.png
16.3425,18.191185,seed52068.png
-6.0799327,7.382528,seed52069.png
-22.440432,-0.046509057,seed5207.png
23.837658,5.7878757,seed52070.png
-14.036699,-7.7213306,seed52071.png
16.674587,-0.9089416,seed52072.png
-16.07469,-29.591211,seed52073.png
-31.287123,19.27162,seed52074.png
-21.917665,0.51354426,seed52075.png
12.06043,-7.956628,seed52076.png
9.639353,0.328552,seed52077.png
15.0953045,-39.493484,seed52078.png
27.88641,26.3076,seed52079.png
-1.5948206,24.360527,seed5208.png
-12.4147,-25.372215,seed52080.png
0.4557436,18.364414,seed52081.png
28.696772,11.1748495,seed52082.png
-16.860012,0.4538333,seed52083.png
37.30788,12.8954315,seed52084.png
4.5358405,-36.672794,seed52085.png
16.201756,3.281117,seed52086.png
19.819563,18.348778,seed52087.png
-12.140893,-21.498846,seed52088.png
1.732845,19.223751,seed52089.png
-20.635187,9.128011,seed5209.png
-23.422386,12.698648,seed52090.png
19.82284,2.370934,seed52091.png
2.7310023,17.803791,seed52092.png
5.538429,9.178066,seed52093.png
30.941395,10.877074,seed52094.png
21.607399,-1.4377009,seed52095.png
11.347961,-25.882812,seed52096.png
-23.51848,-13.526984,seed52097.png
-22.73043,-17.430838,seed52098.png
3.5824707,5.3058677,seed52099.png
26.691145,-2.2769086,seed5210.png
9.7337675,-38.63265,seed52100.png
-7.1821146,-1.3273175,seed52101.png
20.438469,24.955992,seed52102.png
30.466406,7.9257245,seed52103.png
-37.156296,25.766764,seed52104.png
31.916454,4.7186275,seed52105.png
-23.09765,-26.912424,seed52106.png
-20.257048,7.7112303,seed52107.png
-27.459572,13.25048,seed52108.png
29.836067,3.5356233,seed52109.png
25.879505,16.395287,seed5211.png
12.952503,28.570759,seed52110.png
-20.50071,-22.3139,seed52111.png
32.820885,4.363787,seed52112.png
27.682869,2.2126026,seed52113.png
-17.329706,-10.130225,seed52114.png
33.18984,8.474336,seed52115.png
-32.55042,19.175861,seed52116.png
13.643833,-36.30894,seed52117.png
-16.918667,-27.182833,seed52118.png
5.8135443,-37.891888,seed52119.png
14.319711,-33.374626,seed5212.png
-25.877068,-8.751328,seed52120.png
-16.971626,-3.0455742,seed52121.png
-0.6593323,16.58742,seed52122.png
-26.404865,7.285971,seed52123.png
15.951837,23.793152,seed52124.png
-28.086092,9.794743,seed52125.png
10.209644,20.176943,seed52126.png
-34.452164,27.214792,seed52127.png
-10.351909,-25.161293,seed52128.png
5.0905304,8.86714,seed52129.png
-19.665628,12.409635,seed5213.png
-36.801144,8.823912,seed52130.png
-18.72291,-22.93377,seed52131.png
-27.572094,-17.748354,seed52132.png
26.165613,12.707158,seed52133.png
-13.443005,-13.486405,seed52134.png
-15.69853,-31.579685,seed52135.png
34.079998,17.1089,seed52136.png
-32.43866,7.14154,seed52137.png
-33.500046,22.9354,seed52138.png
12.750805,3.7876713,seed52139.png
-1.1099536,24.885418,seed5214.png
-19.348272,-2.0263412,seed52140.png
-21.529469,-22.052422,seed52141.png
22.29773,6.562925,seed52142.png
12.697651,6.539293,seed52143.png
13.215296,-32.671116,seed52144.png
-16.868404,14.11991,seed52145.png
-20.386017,-29.291466,seed52146.png
6.776521,-25.602142,seed52147.png
36.17637,12.85768,seed52148.png
-22.3767,-5.5968947,seed52149.png
-29.100027,4.5622926,seed5215.png
-21.162516,-21.934805,seed52150.png
11.472485,-9.645026,seed52151.png
5.699935,18.52516,seed52152.png
17.530123,26.898552,seed52153.png
-3.9749205,-12.020812,seed52154.png
14.070229,22.83048,seed52155.png
3.036833,19.185707,seed52156.png
-24.283781,13.860995,seed52157.png
-5.2604723,-9.739138,seed52158.png
16.064032,-37.03509,seed52159.png
23.877893,2.3714366,seed5216.png
-20.222685,-21.870962,seed52160.png
12.958001,-35.570457,seed52161.png
11.271107,-32.291103,seed52162.png
21.90797,26.61675,seed52163.png
13.015784,14.119155,seed52164.png
26.467937,22.23414,seed52165.png
27.29647,13.46623,seed52166.png
-3.0440807,-12.255265,seed52167.png
-5.1226315,-14.127573,seed52168.png
-20.165655,-22.719208,seed52169.png
21.248775,15.960631,seed5217.png
-35.0456,-7.507779,seed52170.png
-15.738132,-9.370255,seed52171.png
-8.205435,-6.5884705,seed52172.png
-6.66881,-12.350917,seed52173.png
24.610958,-0.68333125,seed52174.png
-34.16319,12.895019,seed52175.png
13.21892,-41.001793,seed52176.png
-25.231855,-9.451216,seed52177.png
-5.5532866,-23.286448,seed52178.png
11.437894,-10.596339,seed52179.png
0.74621964,25.240192,seed5218.png
-10.450714,-20.958124,seed52180.png
-20.79415,-21.032017,seed52181.png
-0.071699545,-0.35641247,seed52182.png
-3.2147264,13.371471,seed52183.png
-22.415892,-6.161124,seed52184.png
-5.890948,-7.4478273,seed52185.png
32.180378,12.63616,seed52186.png
-1.0448313,4.703143,seed52187.png
-21.974953,14.240153,seed52188.png
12.593246,28.839264,seed52189.png
20.208143,23.511337,seed5219.png
9.846125,-21.344439,seed52190.png
19.21609,18.355913,seed52191.png
-10.090568,-25.890734,seed52192.png
11.381144,14.367076,seed52193.png
6.708924,-30.628613,seed52194.png
10.218147,-25.204588,seed52195.png
-12.295894,-32.347282,seed52196.png
13.984263,22.17924,seed52197.png
-11.653889,-24.251722,seed52198.png
-27.103508,-0.93916,seed52199.png
23.52965,2.4544654,seed5220.png
-9.671367,10.748458,seed52200.png
-20.19223,-18.758993,seed52201.png
-23.216135,5.8588257,seed52202.png
-20.224188,-15.337511,seed52203.png
18.340677,-0.23525755,seed52204.png
25.631605,23.857668,seed52205.png
23.925282,-3.8156621,seed52206.png
31.058653,20.791027,seed52207.png
-32.191315,5.8146014,seed52208.png
-17.899096,-4.744128,seed52209.png
-28.287205,3.2839282,seed5221.png
18.21151,12.410429,seed52210.png
-22.385641,10.315481,seed52211.png
-26.804688,14.15425,seed52212.png
-10.52505,-9.087836,seed52213.png
10.418151,-3.4415498,seed52214.png
-25.345192,14.039348,seed52215.png
-7.4049587,-12.107034,seed52216.png
9.8664465,-36.137806,seed52217.png
29.817091,19.766253,seed52218.png
16.372873,-33.071682,seed52219.png
-34.705418,27.42556,seed5222.png
23.974297,19.172668,seed52220.png
3.6007757,-27.447954,seed52221.png
1.0067246,-14.976173,seed52222.png
11.647081,12.890229,seed52223.png
-26.888182,-13.816044,seed52224.png
38.94264,23.050749,seed52225.png
8.065302,27.55942,seed52226.png
-32.72358,-9.879157,seed52227.png
-33.921436,11.749647,seed52228.png
-14.24694,-13.466076,seed52229.png
-0.077887975,17.006836,seed5223.png
-4.868521,-26.070642,seed52230.png
10.625449,-4.5348296,seed52231.png
-25.984219,-4.482791,seed52232.png
27.216177,13.974242,seed52233.png
14.801531,-0.44552472,seed52234.png
18.992844,-6.612222,seed52235.png
33.338863,21.325596,seed52236.png
1.9446275,-0.40906897,seed52237.png
13.033116,-3.1829486,seed52238.png
0.93788534,18.555494,seed52239.png
11.235221,27.61209,seed5224.png
-33.822662,18.679152,seed52240.png
11.469361,-5.574083,seed52241.png
6.8208256,-34.489338,seed52242.png
-36.024048,19.092764,seed52243.png
27.059683,1.4887906,seed52244.png
-10.62909,8.483298,seed52245.png
18.71197,-1.2343936,seed52246.png
-18.34253,-11.628499,seed52247.png
-2.1099446,17.791592,seed52248.png
-16.974867,-17.9092,seed52249.png
11.965547,-12.7423935,seed5225.png
-26.81696,-20.601732,seed52250.png
20.856182,16.159292,seed52251.png
-32.02349,-1.9494073,seed52252.png
-30.91795,24.288582,seed52253.png
-2.9804788,-11.003639,seed52254.png
21.528122,22.358421,seed52255.png
-19.664879,-14.564166,seed52256.png
19.344381,6.29551,seed52257.png
21.731657,5.8953857,seed52258.png
16.006567,23.381191,seed52259.png
-34.712475,26.477192,seed5226.png
4.731743,4.965709,seed52260.png
1.6382374,-1.2527182,seed52261.png
9.5870495,-0.035459,seed52262.png
31.013226,7.69772,seed52263.png
11.371369,24.25267,seed52264.png
-26.497297,-21.748974,seed52265.png
-19.329088,-30.123987,seed52266.png
-27.885395,15.747004,seed52267.png
10.373557,-43.546997,seed52268.png
38.97668,21.521042,seed52269.png
17.960512,5.7371707,seed5227.png
-30.23874,-6.1692824,seed52270.png
-26.240953,18.839565,seed52271.png
-24.619291,-28.461452,seed52272.png
0.16968338,17.411255,seed52273.png
33.849937,25.82777,seed52274.png
35.717434,18.978966,seed52275.png
-28.960247,18.757395,seed52276.png
-14.500536,-4.885681,seed52277.png
-27.237633,-12.506461,seed52278.png
7.2613807,-3.7568748,seed52279.png
35.213413,26.27347,seed5228.png
31.560839,22.51006,seed52280.png
1.153247,15.818423,seed52281.png
2.822186,-29.630724,seed52282.png
-34.331646,26.590418,seed52283.png
13.571682,27.88631,seed52284.png
15.086262,-38.483418,seed52285.png
-13.622186,-11.436269,seed52286.png
-17.353947,-28.433071,seed52287.png
11.6918335,-42.37119,seed52288.png
9.235621,-31.048958,seed52289.png
12.944575,-23.044367,seed5229.png
40.265366,23.603544,seed52290.png
-12.9660425,5.9977884,seed52291.png
-7.8473153,-17.038523,seed52292.png
10.40939,1.515417,seed52293.png
27.784405,17.656641,seed52294.png
7.4548697,-7.65757,seed52295.png
-16.98729,9.134376,seed52296.png
9.930112,3.4862497,seed52297.png
35.80429,7.4859037,seed52298.png
12.264078,-42.611473,seed52299.png
-4.6133924,-23.889734,seed5230.png
32.562645,16.469137,seed52300.png
8.860102,-43.307762,seed52301.png
15.216314,-0.07493684,seed52302.png
8.113698,19.038155,seed52303.png
34.4524,18.976482,seed52304.png
35.189793,10.336132,seed52305.png
11.327282,-5.9698424,seed52306.png
38.914524,17.991718,seed52307.png
-0.5919466,0.89545995,seed52308.png
29.382534,2.9489634,seed52309.png
31.045216,7.776369,seed5231.png
-13.893396,-4.237616,seed52310.png
33.67058,21.893148,seed52311.png
16.868418,18.205647,seed52312.png
30.939835,24.075872,seed52313.png
-26.127972,-12.582888,seed52314.png
-14.116814,-19.75259,seed52315.png
-31.310629,17.330149,seed52316.png
10.730399,5.122832,seed52317.png
-18.247051,-26.07956,seed52318.png
-16.886393,-1.437288,seed52319.png
20.057573,7.6416163,seed5232.png
18.321022,16.291208,seed52320.png
-21.81744,-7.289959,seed52321.png
10.393139,-37.918983,seed52322.png
-18.503784,7.9121776,seed52323.png
20.626106,1.4611001,seed52324.png
15.191267,-35.10143,seed52325.png
34.613487,8.596846,seed52326.png
-5.0192795,-7.500537,seed52327.png
-24.412743,-8.826177,seed52328.png
4.9859705,6.4789186,seed52329.png
9.15139,17.153704,seed5233.png
14.34262,-0.69473505,seed52330.png
25.19137,5.6216803,seed52331.png
19.559277,-9.299066,seed52332.png
7.3202915,-23.081503,seed52333.png
12.305211,-0.5382159,seed52334.png
-11.996873,-22.390179,seed52335.png
-21.680775,-9.079045,seed52336.png
-21.77185,6.2414107,seed52337.png
-0.23995881,21.71806,seed52338.png
6.219223,2.3454912,seed52339.png
-7.460208,-22.69593,seed5234.png
-28.266315,14.132306,seed52340.png
38.75269,10.109547,seed52341.png
1.6206329,-3.107707,seed52342.png
5.0528536,-4.912218,seed52343.png
-7.9731297,-23.16054,seed52344.png
27.669899,22.040253,seed52345.png
-35.521908,18.621927,seed52346.png
5.8643036,-36.90394,seed52347.png
36.532528,12.800769,seed52348.png
6.159475,-28.866209,seed52349.png
6.4211864,6.9936013,seed5235.png
-6.542173,-12.621697,seed52350.png
19.062357,24.069693,seed52351.png
1.3499495,-26.632874,seed52352.png
15.660584,25.456432,seed52353.png
8.6146345,11.044581,seed52354.png
16.93888,2.155913,seed52355.png
-24.41514,-21.779335,seed52356.png
19.883322,-6.188535,seed52357.png
-20.290289,2.195537,seed52358.png
4.2898464,-28.815401,seed52359.png
3.9176667,-32.04997,seed5236.png
-30.084085,-22.0855,seed52360.png
23.354452,1.3066406,seed52361.png
-22.606377,1.6311992,seed52362.png
7.2631736,-1.1883053,seed52363.png
29.201498,27.850885,seed52364.png
-15.517,-4.1975675,seed52365.png
-13.2104845,-16.723984,seed52366.png
20.36886,25.71298,seed52367.png
-21.234663,19.221855,seed52368.png
-30.374428,16.872818,seed52369.png
-28.124622,-11.1979685,seed5237.png
-12.142906,-26.681097,seed52370.png
16.299286,19.791388,seed52371.png
-19.152151,-14.494686,seed52372.png
13.778842,-38.168835,seed52373.png
29.558859,19.341385,seed52374.png
31.210693,8.655521,seed52375.png
34.938084,20.319975,seed52376.png
-10.779658,3.781452,seed52377.png
-17.678705,-17.900002,seed52378.png
9.258238,-34.695763,seed52379.png
13.171526,24.592564,seed5238.png
-34.052483,-5.131019,seed52380.png
-34.876965,-7.578857,seed52381.png
-16.47479,-23.680086,seed52382.png
7.8588414,-29.136953,seed52383.png
-35.395653,12.290797,seed52384.png
12.471521,5.3373036,seed52385.png
19.513817,24.594145,seed52386.png
9.090656,9.521615,seed52387.png
-30.79665,15.456628,seed52388.png
-26.620802,5.7698464,seed52389.png
-27.258427,14.043256,seed5239.png
-12.84111,-6.037178,seed52390.png
0.4178182,15.824062,seed52391.png
-16.560104,-15.933436,seed52392.png
31.213966,4.616977,seed52393.png
11.183332,6.2751484,seed52394.png
-24.070726,11.681686,seed52395.png
6.364001,15.546622,seed52396.png
-21.57815,-18.590145,seed52397.png
17.552631,-32.019955,seed52398.png
31.644575,3.1413138,seed52399.png
12.652297,-26.213694,seed5240.png
-30.417326,18.044382,seed52400.png
23.976658,0.3215506,seed52401.png
-10.29927,-25.083706,seed52402.png
36.632645,17.543198,seed52403.png
6.66962,-39.220634,seed52404.png
-16.809664,-13.59785,seed52405.png
-32.33519,-9.494578,seed52406.png
-32.676025,3.4449246,seed52407.png
29.684252,8.8545885,seed52408.png
-2.3916771,-10.501204,seed52409.png
29.764965,16.505125,seed5241.png
22.81663,17.047571,seed52410.png
9.814667,-38.01441,seed52411.png
-15.473368,-26.60533,seed52412.png
-14.931547,-9.721631,seed52413.png
18.21944,20.03586,seed52414.png
-32.517395,-7.229006,seed52415.png
4.817156,8.781783,seed52416.png
12.01564,14.20086,seed52417.png
-28.391272,-12.977251,seed52418.png
36.96496,11.323024,seed52419.png
-2.096263,7.8200417,seed5242.png
-21.676945,-16.881882,seed52420.png
-11.278296,-15.433123,seed52421.png
22.127981,9.403081,seed52422.png
31.850315,14.8671255,seed52423.png
18.368452,18.214552,seed52424.png
-27.619436,-6.127131,seed52425.png
36.65138,13.887605,seed52426.png
27.808744,15.983328,seed52427.png
-16.755814,0.548474,seed52428.png
-29.280346,13.959438,seed52429.png
-11.749381,7.1173143,seed5243.png
12.016936,-34.891838,seed52430.png
-26.90867,-4.5873857,seed52431.png
-23.659134,10.766707,seed52432.png
3.036724,16.618021,seed52433.png
14.190879,6.3463707,seed52434.png
-0.87738997,24.583815,seed52435.png
-10.323996,-16.116833,seed52436.png
-13.668712,6.8569613,seed52437.png
-4.856669,-11.1817465,seed52438.png
-20.526787,-13.852789,seed52439.png
-9.910525,-12.699393,seed5244.png
19.647842,2.4421988,seed52440.png
-20.604782,-11.052583,seed52441.png
-17.62548,-29.746727,seed52442.png
8.913867,17.108583,seed52443.png
-33.2855,26.48135,seed52444.png
-20.594599,18.148275,seed52445.png
16.888767,26.85625,seed52446.png
6.7990527,-40.886806,seed52447.png
14.431932,-32.786087,seed52448.png
-30.225874,11.948534,seed52449.png
17.796906,-2.7536287,seed5245.png
19.847794,26.704592,seed52450.png
10.890438,7.953965,seed52451.png
-24.546753,1.3583307,seed52452.png
-20.407877,-23.727121,seed52453.png
-7.9573374,-2.515833,seed52454.png
-14.430476,-30.860945,seed52455.png
4.3811307,11.865828,seed52456.png
-22.861586,9.317647,seed52457.png
0.56520176,-17.804276,seed52458.png
17.657816,-0.54617137,seed52459.png
24.311129,22.365389,seed5246.png
-9.344755,-29.614786,seed52460.png
-30.778051,20.785233,seed52461.png
12.783283,-10.8959055,seed52462.png
0.3102698,-17.816929,seed52463.png
37.54388,21.526453,seed52464.png
15.692363,14.092306,seed52465.png
-13.687473,-18.736502,seed52466.png
7.1498966,11.325999,seed52467.png
15.61801,-37.0529,seed52468.png
32.384434,6.792821,seed52469.png
-32.376667,-9.548474,seed5247.png
-32.42502,23.264133,seed52470.png
-9.608438,-14.693131,seed52471.png
31.490799,12.294868,seed52472.png
15.647594,7.7371864,seed52473.png
6.629996,-22.687508,seed52474.png
4.441021,-2.9204261,seed52475.png
17.358547,-1.2986759,seed52476.png
-29.70645,16.445433,seed52477.png
13.026698,-11.316531,seed52478.png
3.9415238,-14.52304,seed52479.png
36.42714,12.636102,seed5248.png
-15.912332,-18.624563,seed52480.png
-14.351827,11.963509,seed52481.png
11.331883,-12.171391,seed52482.png
35.369957,26.321705,seed52483.png
17.7118,12.390196,seed52484.png
-9.765236,-21.842937,seed52485.png
-29.094713,17.363577,seed52486.png
-19.540863,-21.666147,seed52487.png
-33.694572,16.418146,seed52488.png
-0.52961475,24.76753,seed52489.png
26.685966,10.13225,seed5249.png
-19.145731,-4.530406,seed52490.png
26.8756,3.8972473,seed52491.png
-12.277103,-22.733583,seed52492.png
11.980513,5.234521,seed52493.png
1.8249714,1.6482714,seed52494.png
-3.5286336,18.173431,seed52495.png
12.257581,-3.703642,seed52496.png
-26.31777,-16.30574,seed52497.png
-36.10054,24.860256,seed52498.png
-32.958595,25.377176,seed52499.png
12.266311,7.117318,seed5250.png
10.005515,11.951976,seed52500.png
7.987817,1.6101412,seed52501.png
30.182796,28.565939,seed52502.png
3.896113,-31.117817,seed52503.png
-23.759928,-3.937309,seed52504.png
-35.377617,16.648,seed52505.png
-3.524598,-15.68131,seed52506.png
-9.885985,-28.421717,seed52507.png
28.040619,11.321386,seed52508.png
12.975581,-33.567734,seed52509.png
16.413824,-32.295055,seed5251.png
-20.23618,-24.09614,seed52510.png
9.38713,-29.665556,seed52511.png
-19.807013,15.531193,seed52512.png
-29.66359,-16.218687,seed52513.png
-26.048056,10.489515,seed52514.png
16.70872,11.389569,seed52515.png
-16.355534,-3.998864,seed52516.png
27.855576,29.167076,seed52517.png
39.120216,24.261848,seed52518.png
6.3309126,-37.008118,seed52519.png
-4.277018,19.33043,seed5252.png
6.165707,-6.876813,seed52520.png
10.302414,4.097253,seed52521.png
30.525639,25.385324,seed52522.png
22.644424,-6.2337565,seed52523.png
26.9646,-2.9903784,seed52524.png
14.427751,11.958989,seed52525.png
7.8770604,-3.656005,seed52526.png
14.627221,-1.3967452,seed52527.png
12.441313,-21.02561,seed52528.png
31.829615,18.168022,seed52529.png
-0.01026836,14.885955,seed5253.png
30.310493,1.1377732,seed52530.png
14.321758,-33.77366,seed52531.png
11.823857,-41.714985,seed52532.png
11.952276,-7.744909,seed52533.png
13.909211,20.150908,seed52534.png
31.239065,29.496159,seed52535.png
8.480882,10.023503,seed52536.png
-20.645466,-13.709923,seed52537.png
-30.959917,0.98022884,seed52538.png
29.61713,1.8481313,seed52539.png
12.3446665,-42.600384,seed5254.png
-29.892204,-1.6719896,seed52540.png
-5.351706,-4.77,seed52541.png
-23.704567,14.792068,seed52542.png
-38.430683,14.082446,seed52543.png
3.8918958,-24.659468,seed52544.png
37.23756,19.359465,seed52545.png
16.977104,26.660484,seed52546.png
15.02139,-7.2526226,seed52547.png
-30.359238,13.769544,seed52548.png
23.901775,7.5526853,seed52549.png
21.683825,25.79584,seed5255.png
-12.284042,3.9657617,seed52550.png
12.365194,-28.223885,seed52551.png
17.155554,-7.190321,seed52552.png
32.964874,27.677223,seed52553.png
-16.031971,-14.197039,seed52554.png
-34.498272,27.517307,seed52555.png
-33.39567,13.672764,seed52556.png
19.497229,25.79336,seed52557.png
-16.897036,-24.571424,seed52558.png
23.794373,22.195217,seed52559.png
-14.63883,-18.189035,seed5256.png
15.99386,-34.334198,seed52560.png
7.977363,-2.3959231,seed52561.png
16.598932,-0.023657493,seed52562.png
-22.651054,-17.984125,seed52563.png
-22.258652,12.206739,seed52564.png
10.263374,-25.553078,seed52565.png
36.51507,25.977236,seed52566.png
10.715966,5.589145,seed52567.png
19.618345,4.4629807,seed52568.png
22.692661,3.0085738,seed52569.png
3.7798429,-5.900519,seed5257.png
-25.394493,10.805751,seed52570.png
-14.982289,-21.088423,seed52571.png
2.2379377,9.6342945,seed52572.png
15.740318,11.249937,seed52573.png
16.227467,-33.466267,seed52574.png
10.137233,10.878678,seed52575.png
-30.47024,10.779367,seed52576.png
-19.28709,-19.192116,seed52577.png
-22.138672,-9.17821,seed52578.png
24.348114,-5.254788,seed52579.png
29.52269,16.77015,seed5258.png
23.687471,3.184637,seed52580.png
-32.793354,26.323479,seed52581.png
-20.447378,5.0342264,seed52582.png
26.471233,14.232698,seed52583.png
15.82511,-5.802758,seed52584.png
-35.787945,16.667841,seed52585.png
-14.06778,-19.681973,seed52586.png
-9.204745,-10.247699,seed52587.png
37.64701,21.143328,seed52588.png
40.569706,22.093088,seed52589.png
-17.768307,-20.008928,seed5259.png
-8.1888895,12.158557,seed52590.png
23.908339,-7.410832,seed52591.png
-34.18025,-8.55549,seed52592.png
-16.64605,-19.24989,seed52593.png
-23.966719,-21.524414,seed52594.png
38.67222,24.604595,seed52595.png
-27.932034,2.9537084,seed52596.png
-24.644722,-6.5395737,seed52597.png
0.98174787,-14.673818,seed52598.png
-11.720878,-2.3948526,seed52599.png
-18.908884,-21.605505,seed5260.png
-27.874353,1.5301425,seed52600.png
28.60622,17.039522,seed52601.png
1.8494298,-31.082012,seed52602.png
12.8484955,-29.789423,seed52603.png
-14.699919,-10.9869,seed52604.png
-16.225784,-10.399058,seed52605.png
-10.651422,-21.54644,seed52606.png
40.317863,15.364021,seed52607.png
-26.53988,7.7547507,seed52608.png
-36.714268,10.5425625,seed52609.png
-11.412017,-16.98691,seed5261.png
17.78807,-4.5485463,seed52610.png
-24.407461,-19.110405,seed52611.png
8.817101,29.677494,seed52612.png
-2.8735435,-5.024483,seed52613.png
-22.711508,15.853738,seed52614.png
11.199069,-23.597767,seed52615.png
-6.9566073,9.115482,seed52616.png
-11.336451,-6.706147,seed52617.png
-16.383257,-20.442955,seed52618.png
13.634672,-33.38427,seed52619.png
29.8075,23.3417,seed5262.png
-18.853947,3.130348,seed52620.png
6.15881,5.607319,seed52621.png
-20.037367,-1.2002838,seed52622.png
-26.21062,3.6704695,seed52623.png
-7.711496,-5.3657804,seed52624.png
2.826169,-3.2985885,seed52625.png
-6.8271027,-26.242302,seed52626.png
-21.235798,0.8478352,seed52627.png
-26.890228,14.4861,seed52628.png
32.606407,19.173548,seed52629.png
30.001678,5.8964624,seed5263.png
12.337532,-28.6047,seed52630.png
10.430004,12.654708,seed52631.png
-34.564503,-5.586693,seed52632.png
10.603262,-29.677368,seed52633.png
-16.602306,-5.561854,seed52634.png
26.260073,8.073974,seed52635.png
-26.470104,7.350873,seed52636.png
-19.081411,4.7787914,seed52637.png
0.6951662,-23.68397,seed52638.png
-14.0938635,-28.315777,seed52639.png
8.357015,-28.013472,seed5264.png
29.897814,27.88444,seed52640.png
28.683662,23.937504,seed52641.png
-22.431206,-17.064892,seed52642.png
13.73317,-39.219547,seed52643.png
3.6491797,-9.753156,seed52644.png
-29.107977,6.0878034,seed52645.png
13.11998,-40.214005,seed52646.png
-16.096193,-17.275827,seed52647.png
27.278666,9.4781885,seed52648.png
22.466105,10.535786,seed52649.png
-35.243065,0.25177783,seed5265.png
11.928818,-26.701893,seed52650.png
-19.226702,-7.5573034,seed52651.png
25.771315,21.9018,seed52652.png
19.897072,15.261008,seed52653.png
-28.632156,-0.99053717,seed52654.png
9.828079,-30.143307,seed52655.png
-36.39215,17.176619,seed52656.png
-8.146434,-23.136463,seed52657.png
0.2353498,-12.174749,seed52658.png
32.059357,10.896337,seed52659.png
-7.783606,12.088243,seed5266.png
35.31306,26.809305,seed52660.png
-33.71012,4.38618,seed52661.png
11.825543,-39.297237,seed52662.png
14.092315,-27.376007,seed52663.png
-18.36242,-10.707962,seed52664.png
-7.7678256,-21.097754,seed52665.png
-30.780447,-6.201231,seed52666.png
7.3276634,-23.019129,seed52667.png
4.7159486,-23.141016,seed52668.png
14.378358,-5.432142,seed52669.png
-38.119175,16.468218,seed5267.png
-9.3620405,-21.712154,seed52670.png
35.57727,7.93379,seed52671.png
11.687093,-33.929325,seed52672.png
-18.833181,-1.1901215,seed52673.png
4.4079895,2.2615826,seed52674.png
-20.055586,18.260237,seed52675.png
-32.785675,22.262636,seed52676.png
9.84073,-27.834015,seed52677.png
14.079464,9.614021,seed52678.png
23.71415,6.571863,seed52679.png
20.130955,11.84775,seed5268.png
21.668463,12.238282,seed52680.png
-12.803811,-3.9100678,seed52681.png
22.585472,0.25923863,seed52682.png
9.186487,29.796667,seed52683.png
33.896263,14.334674,seed52684.png
29.289692,11.131296,seed52685.png
-23.057428,-27.442253,seed52686.png
-1.8054312,-17.062386,seed52687.png
-20.135742,-12.326302,seed52688.png
-33.198097,17.630037,seed52689.png
23.215717,23.16777,seed5269.png
-34.823303,20.32994,seed52690.png
10.921233,4.418816,seed52691.png
17.49327,-0.15352677,seed52692.png
-0.9746534,-0.6049839,seed52693.png
-5.5098825,-8.926777,seed52694.png
-13.730115,-1.1722002,seed52695.png
-33.434372,10.360612,seed52696.png
18.610598,18.513332,seed52697.png
-21.090063,6.7661347,seed52698.png
-21.655706,7.0805464,seed52699.png
-12.96919,0.8461284,seed5270.png
16.974445,-6.138915,seed52700.png
-10.8061495,-15.225456,seed52701.png
-7.1324553,-14.069506,seed52702.png
3.9072685,23.875273,seed52703.png
-17.390846,-27.45372,seed52704.png
-18.970678,9.0918255,seed52705.png
2.663517,13.306127,seed52706.png
-21.291262,-14.148007,seed52707.png
-11.590352,-30.292011,seed52708.png
25.68053,-3.4926476,seed52709.png
-16.46522,-4.5623965,seed5271.png
30.726175,8.5618925,seed52710.png
36.218685,13.603105,seed52711.png
28.704634,26.41192,seed52712.png
0.8388998,-10.15406,seed52713.png
-20.011856,-10.87651,seed52714.png
13.102146,-24.69424,seed52715.png
-32.173447,23.904718,seed52716.png
12.8155,-8.503707,seed52717.png
-25.92291,-23.592735,seed52718.png
-15.976035,-15.810014,seed52719.png
20.157326,2.508787,seed5272.png
24.430458,11.820654,seed52720.png
16.054773,-35.259464,seed52721.png
10.44152,21.103338,seed52722.png
1.8003222,13.379739,seed52723.png
-6.5045877,14.145195,seed52724.png
19.31912,-0.40522638,seed52725.png
14.579383,-30.705479,seed52726.png
26.181625,19.596802,seed52727.png
-0.72168577,23.666477,seed52728.png
21.568274,11.591452,seed52729.png
0.6011873,21.424725,seed5273.png
-25.983652,-21.989908,seed52730.png
-16.229536,-23.763535,seed52731.png
-23.24889,-12.599496,seed52732.png
-16.948679,-23.40933,seed52733.png
11.987216,13.459325,seed52734.png
-1.0043327,-16.338984,seed52735.png
32.73129,2.801704,seed52736.png
11.690575,-22.46831,seed52737.png
29.094664,11.177159,seed52738.png
17.349031,24.397448,seed52739.png
-26.23916,1.6934016,seed5274.png
-25.889297,-8.738624,seed52740.png
-16.850485,-11.8067665,seed52741.png
14.095561,-39.004086,seed52742.png
-14.255302,-27.684261,seed52743.png
28.947487,19.903566,seed52744.png
-27.005884,5.099489,seed52745.png
-12.050239,-25.626467,seed52746.png
4.562069,10.43718,seed52747.png
37.590557,16.802143,seed52748.png
11.252877,28.732988,seed52749.png
9.87046,-32.738697,seed5275.png
-20.404623,-29.092726,seed52750.png
10.895581,10.124455,seed52751.png
-11.538003,-6.737853,seed52752.png
-18.68957,2.7902572,seed52753.png
28.4894,13.033568,seed52754.png
6.864607,11.66706,seed52755.png
33.843075,12.755244,seed52756.png
29.937498,25.832918,seed52757.png
-11.970895,-6.009847,seed52758.png
32.214046,26.71069,seed52759.png
22.042103,-3.9165294,seed5276.png
-18.248434,-4.294813,seed52760.png
7.012688,-27.47197,seed52761.png
-34.606804,14.368001,seed52762.png
-32.858402,22.040693,seed52763.png
10.000498,8.628792,seed52764.png
28.588934,15.188677,seed52765.png
7.9608808,-36.737587,seed52766.png
41.307816,21.945925,seed52767.png
-23.485321,-22.988525,seed52768.png
-8.677201,-20.23814,seed52769.png
-17.94661,-20.315117,seed5277.png
-32.301754,13.604764,seed52770.png
3.8778698,22.342701,seed52771.png
-7.5429044,-17.887444,seed52772.png
9.873276,-37.074596,seed52773.png
11.700915,-43.54672,seed52774.png
-28.910269,10.567906,seed52775.png
6.830204,1.029473,seed52776.png
-3.2224522,-11.57309,seed52777.png
8.949094,-27.082575,seed52778.png
12.473692,-0.1284778,seed52779.png
13.319917,16.066128,seed5278.png
21.894985,3.5032008,seed52780.png
-11.350823,-10.292643,seed52781.png
31.447428,10.583505,seed52782.png
-10.0702305,-0.3775465,seed52783.png
-19.352146,-3.3050396,seed52784.png
12.87949,7.4221735,seed52785.png
-25.321198,4.1290536,seed52786.png
-28.662792,-8.04517,seed52787.png
-26.096046,0.3011994,seed52788.png
26.906492,3.0086727,seed52789.png
-34.637802,26.834894,seed5279.png
36.093056,20.38053,seed52790.png
27.394781,11.593071,seed52791.png
20.04682,-9.082643,seed52792.png
1.9398769,11.780537,seed52793.png
-13.509611,-10.566014,seed52794.png
4.658469,14.213835,seed52795.png
-16.744068,-13.4533825,seed52796.png
5.872015,-38.872677,seed52797.png
8.698778,8.700312,seed52798.png
34.44973,16.45561,seed52799.png
-1.7585174,-15.35324,seed5280.png
-28.9413,11.395049,seed52800.png
-16.012983,-21.25269,seed52801.png
-23.666376,2.6947758,seed52802.png
-1.3006696,-12.11979,seed52803.png
-20.204603,-16.874998,seed52804.png
19.872587,21.883226,seed52805.png
24.322338,7.1195383,seed52806.png
-23.757336,-10.021667,seed52807.png
-3.3200195,-3.0956168,seed52808.png
3.907537,-1.3495914,seed52809.png
-20.397753,-4.168677,seed5281.png
7.0001264,-28.356617,seed52810.png
23.325846,17.39574,seed52811.png
16.525137,19.777037,seed52812.png
-28.951792,-10.600197,seed52813.png
-24.51248,-5.939719,seed52814.png
-24.820417,10.210327,seed52815.png
24.998638,-3.57125,seed52816.png
-25.64912,7.105502,seed52817.png
-0.4539183,2.4558344,seed52818.png
6.2952633,-6.527682,seed52819.png
32.44077,5.507893,seed5282.png
-26.194517,16.99661,seed52820.png
-7.4161305,-26.863886,seed52821.png
25.3114,-3.5655124,seed52822.png
6.8738785,-40.17629,seed52823.png
-21.887732,14.637775,seed52824.png
-26.78762,3.604538,seed52825.png
-14.674646,-18.286331,seed52826.png
17.71098,14.875333,seed52827.png
23.579817,-4.515126,seed52828.png
-23.077076,-12.575592,seed52829.png
-1.2794449,23.8972,seed5283.png
-1.5816358,24.011814,seed52830.png
12.67245,-12.714561,seed52831.png
-24.44204,-15.854518,seed52832.png
4.1519027,-30.259853,seed52833.png
-16.850454,-24.048786,seed52834.png
-35.810177,11.393462,seed52835.png
17.712898,1.2218364,seed52836.png
-22.08127,6.041609,seed52837.png
-15.555206,-13.282824,seed52838.png
-18.081463,1.189644,seed52839.png
-24.350193,-13.83469,seed5284.png
40.64896,20.821733,seed52840.png
11.7132635,0.67278206,seed52841.png
17.05593,11.591243,seed52842.png
6.8005013,-32.380806,seed52843.png
14.880625,20.727526,seed52844.png
-17.37514,-31.256742,seed52845.png
23.964401,10.011287,seed52846.png
-18.842304,2.1179197,seed52847.png
-31.976057,23.466787,seed52848.png
19.82675,12.434952,seed52849.png
29.298431,2.136038,seed5285.png
-15.211308,-17.048187,seed52850.png
20.166903,22.829557,seed52851.png
24.21786,-8.414302,seed52852.png
12.11409,-41.860962,seed52853.png
-12.594646,0.4413069,seed52854.png
13.807945,-3.1630392,seed52855.png
30.185211,8.9316635,seed52856.png
39.99607,18.390388,seed52857.png
-35.850117,14.357304,seed52858.png
-17.711624,-16.135086,seed52859.png
21.984056,9.068171,seed5286.png
-25.649055,-18.826387,seed52860.png
-33.82652,-6.700903,seed52861.png
-32.88961,23.796846,seed52862.png
-28.61092,-8.463066,seed52863.png
-20.10006,-5.684116,seed52864.png
-30.999084,16.283985,seed52865.png
9.695368,29.706963,seed52866.png
9.252994,-39.170376,seed52867.png
15.541854,9.091254,seed52868.png
16.34713,-7.2767453,seed52869.png
-28.6927,-6.5848045,seed5287.png
-15.11978,-9.439582,seed52870.png
22.674368,-7.4497347,seed52871.png
4.1792054,7.0119658,seed52872.png
14.603405,-40.415047,seed52873.png
-20.933092,10.296487,seed52874.png
27.340822,3.5639422,seed52875.png
23.340864,19.905745,seed52876.png
-27.804045,-15.838332,seed52877.png
-38.31293,25.77642,seed52878.png
28.726946,7.3556933,seed52879.png
31.592363,6.9490657,seed5288.png
-19.927782,3.283196,seed52880.png
-22.983725,-12.933264,seed52881.png
23.207989,1.6587961,seed52882.png
-36.04103,10.324148,seed52883.png
-32.416435,21.274172,seed52884.png
-21.856922,-22.23327,seed52885.png
38.893505,11.888334,seed52886.png
36.23615,22.993904,seed52887.png
14.203319,-39.85569,seed52888.png
11.84315,24.916296,seed52889.png
-10.470173,-6.086408,seed5289.png
-18.819197,-27.576452,seed52890.png
21.494879,27.87386,seed52891.png
32.123146,27.728596,seed52892.png
8.319353,7.5992837,seed52893.png
7.1917715,-29.637312,seed52894.png
-9.760547,-12.089273,seed52895.png
-12.520656,-27.051945,seed52896.png
6.8716664,-2.9903054,seed52897.png
29.985579,26.452023,seed52898.png
-28.446829,-8.445019,seed52899.png
5.1286507,-30.649431,seed5290.png
16.427345,2.449879,seed52900.png
9.889129,27.660322,seed52901.png
-18.15806,-32.093613,seed52902.png
12.397379,-38.744965,seed52903.png
1.7369406,-13.410366,seed52904.png
17.327106,23.73745,seed52905.png
15.113346,6.083692,seed52906.png
-4.3445926,-12.438419,seed52907.png
3.7800589,9.324713,seed52908.png
-11.19989,-13.507055,seed52909.png
28.63163,14.420552,seed5291.png
-23.628887,-17.641685,seed52910.png
34.06195,13.722814,seed52911.png
-13.479074,-20.418499,seed52912.png
-10.616179,-11.512177,seed52913.png
-14.420914,-10.781415,seed52914.png
-33.2612,6.4149327,seed52915.png
15.772143,-34.365944,seed52916.png
11.011953,27.185686,seed52917.png
-24.039652,-8.514192,seed52918.png
0.5780529,-18.444223,seed52919.png
13.580981,22.255424,seed5292.png
3.2637672,9.865249,seed52920.png
-21.706165,15.781326,seed52921.png
-28.146883,-6.625022,seed52922.png
24.146315,10.871873,seed52923.png
29.08197,26.60987,seed52924.png
30.844654,12.979892,seed52925.png
7.026557,20.260252,seed52926.png
3.6710992,-37.837734,seed52927.png
-22.068428,-13.938466,seed52928.png
-22.252956,-24.77386,seed52929.png
1.0310074,3.3842845,seed5293.png
-5.3715043,17.103924,seed52930.png
25.036013,2.595914,seed52931.png
-28.23685,-15.274144,seed52932.png
37.11457,18.425812,seed52933.png
-18.525375,0.33683214,seed52934.png
10.171569,-37.41845,seed52935.png
35.019875,10.682365,seed52936.png
-34.51216,12.3293,seed52937.png
22.416996,0.31686246,seed52938.png
33.288364,23.258636,seed52939.png
-22.11785,-5.3843555,seed5294.png
2.7440417,4.263694,seed52940.png
9.761234,-18.171295,seed52941.png
0.57692665,23.69927,seed52942.png
5.574406,-5.3422804,seed52943.png
-6.6722207,-16.930199,seed52944.png
-31.63168,-4.8069816,seed52945.png
17.887678,-0.981952,seed52946.png
11.399651,-8.267623,seed52947.png
-25.712595,5.3751497,seed52948.png
15.060792,-39.846073,seed52949.png
37.807964,16.389797,seed5295.png
3.9550595,-29.522861,seed52950.png
-32.139225,20.793036,seed52951.png
-2.230214,-14.962032,seed52952.png
13.8950815,26.95783,seed52953.png
6.85848,-40.87829,seed52954.png
-16.906939,-19.210054,seed52955.png
6.7014213,-39.790703,seed52956.png
27.111269,15.464621,seed52957.png
6.169766,-28.933626,seed52958.png
9.423201,6.7324066,seed52959.png
-34.36297,7.8135204,seed5296.png
-12.544377,-30.709738,seed52960.png
11.547061,-25.739721,seed52961.png
5.8778763,-2.012678,seed52962.png
-10.290869,-11.954602,seed52963.png
29.970058,25.659624,seed52964.png
17.978493,22.063679,seed52965.png
-25.506565,-11.803665,seed52966.png
4.271197,24.373213,seed52967.png
-9.767876,-22.392298,seed52968.png
-20.908752,14.778682,seed52969.png
39.393955,16.785799,seed5297.png
13.007348,-27.885618,seed52970.png
-35.747177,26.868893,seed52971.png
-17.41781,-28.185127,seed52972.png
13.020777,-39.594296,seed52973.png
-27.69561,12.988079,seed52974.png
11.846427,-39.209545,seed52975.png
17.853262,22.384117,seed52976.png
-17.355228,-18.363676,seed52977.png
-29.56146,-4.73704,seed52978.png
-23.698196,-21.187263,seed52979.png
16.658707,4.7827406,seed5298.png
-11.623187,-26.722958,seed52980.png
13.942186,11.978408,seed52981.png
-6.364652,-13.398216,seed52982.png
-24.880352,7.319283,seed52983.png
-14.393427,-17.426605,seed52984.png
19.423313,-2.2158303,seed52985.png
13.933795,18.4953,seed52986.png
-0.19514309,-15.592509,seed52987.png
5.1695685,17.202553,seed52988.png
6.1478004,-25.698309,seed52989.png
41.746655,19.09552,seed5299.png
1.4448748,17.602915,seed52990.png
17.075645,0.84413064,seed52991.png
7.3001866,14.328793,seed52992.png
7.271448,-20.448284,seed52993.png
18.137804,-1.8768097,seed52994.png
31.427074,25.153225,seed52995.png
28.896631,13.696437,seed52996.png
31.026342,15.864336,seed52997.png
-9.529123,-26.34327,seed52998.png
-6.977718,-2.0697212,seed52999.png
21.926802,-9.3060665,seed5300.png
-0.64253914,-14.60903,seed53000.png
8.252143,9.9664345,seed53001.png
-26.407661,0.25249392,seed53002.png
27.930138,12.3160925,seed53003.png
-0.59482175,16.025064,seed53004.png
-21.742855,13.033725,seed53005.png
21.537155,-3.1327555,seed53006.png
-17.560219,-23.362915,seed53007.png
2.969306,1.2354479,seed53008.png
-12.177478,-15.548878,seed53009.png
-16.50734,-26.540098,seed5301.png
-16.991127,-28.292528,seed53010.png
31.254013,1.7337761,seed53011.png
-11.719594,-3.7257197,seed53012.png
-26.841267,16.26293,seed53013.png
27.850275,8.302716,seed53014.png
-18.95775,-23.678112,seed53015.png
5.91601,-8.316536,seed53016.png
14.561839,1.1590378,seed53017.png
-13.757975,-22.649326,seed53018.png
4.5884967,19.870735,seed53019.png
17.281021,21.618217,seed5302.png
-0.38755116,-12.040552,seed53020.png
18.281536,-9.417377,seed53021.png
-34.324043,21.592226,seed53022.png
1.6159418,-18.39788,seed53023.png
-37.03678,18.01574,seed53024.png
28.326588,5.4767375,seed53025.png
17.921814,-6.1240463,seed53026.png
11.182759,6.2823796,seed53027.png
-18.658827,9.842335,seed53028.png
3.3124955,-6.547153,seed53029.png
9.349882,-33.081398,seed5303.png
-11.347608,-13.932835,seed53030.png
37.9585,17.340916,seed53031.png
-18.937689,9.99735,seed53032.png
17.720594,18.594181,seed53033.png
-27.282236,9.881998,seed53034.png
35.98067,12.748669,seed53035.png
-17.088102,1.7330964,seed53036.png
25.817312,19.891455,seed53037.png
-35.898582,11.763778,seed53038.png
4.5656915,1.011481,seed53039.png
15.200332,-31.683466,seed5304.png
-0.057804313,20.103197,seed53040.png
-16.606146,-20.957401,seed53041.png
24.638577,24.177973,seed53042.png
-17.79376,-9.365035,seed53043.png
-22.602055,-24.751247,seed53044.png
-10.023138,3.464683,seed53045.png
-4.739629,-24.10241,seed53046.png
-12.489033,-29.923147,seed53047.png
20.911186,1.7716688,seed53048.png
40.601654,20.273666,seed53049.png
-12.050106,-4.9362845,seed5305.png
-21.850594,-24.550514,seed53050.png
9.390853,7.962978,seed53051.png
-13.610521,-19.879642,seed53052.png
-22.758871,14.820652,seed53053.png
-10.137465,-27.023935,seed53054.png
17.441954,17.655256,seed53055.png
37.946316,12.164601,seed53056.png
-18.741438,-27.06578,seed53057.png
21.027317,7.6144185,seed53058.png
20.21084,15.678251,seed53059.png
-22.062183,12.089111,seed5306.png
-12.515413,2.1102812,seed53060.png
-12.544336,-11.910586,seed53061.png
-10.17756,-11.657365,seed53062.png
-28.039333,1.342817,seed53063.png
26.986506,18.544346,seed53064.png
4.605977,16.128935,seed53065.png
-0.26113144,24.707294,seed53066.png
30.247797,25.026228,seed53067.png
7.909735,20.902113,seed53068.png
-10.1059265,-14.381439,seed53069.png
-6.557542,-11.334208,seed5307.png
9.161749,3.7453837,seed53070.png
-33.636925,3.2523158,seed53071.png
-17.447506,-0.7602199,seed53072.png
5.969854,20.003632,seed53073.png
19.173174,23.676891,seed53074.png
17.995203,14.821579,seed53075.png
-30.018213,-2.1465855,seed53076.png
13.678111,25.501616,seed53077.png
25.394588,15.143881,seed53078.png
-21.184204,10.210023,seed53079.png
-21.012272,-24.027061,seed5308.png
10.898694,-37.140835,seed53080.png
31.326826,22.57266,seed53081.png
-18.168297,-26.460949,seed53082.png
-31.017561,16.530594,seed53083.png
-33.22177,18.82453,seed53084.png
41.367107,22.65161,seed53085.png
2.5028548,8.119419,seed53086.png
-15.09826,-5.985839,seed53087.png
35.732136,12.906069,seed53088.png
-12.076541,-21.543192,seed53089.png
-29.899101,-1.7862669,seed5309.png
-1.356271,-17.811453,seed53090.png
-30.78891,8.1631565,seed53091.png
35.91284,8.930635,seed53092.png
-36.393658,7.0076866,seed53093.png
-19.68952,11.328988,seed53094.png
-15.364508,-17.774185,seed53095.png
-3.2979388,-12.726455,seed53096.png
21.521519,-7.020077,seed53097.png
-20.026165,-6.7040663,seed53098.png
-17.909172,8.1546,seed53099.png
22.431423,7.078626,seed5310.png
16.854424,13.052646,seed53100.png
23.410414,-0.86153704,seed53101.png
-32.15922,16.078272,seed53102.png
-16.42239,-30.316107,seed53103.png
-24.212149,0.5891846,seed53104.png
-12.9695,-19.292856,seed53105.png
13.032362,20.709793,seed53106.png
-23.908812,-11.174367,seed53107.png
8.997853,8.422114,seed53108.png
19.415934,-4.785933,seed53109.png
5.5152707,-7.3083043,seed5311.png
18.713099,24.36433,seed53110.png
5.743309,19.317295,seed53111.png
36.2026,21.861513,seed53112.png
-1.5799742,16.265966,seed53113.png
16.089474,-5.6834354,seed53114.png
15.229319,-14.214622,seed53115.png
32.824318,16.096075,seed53116.png
25.390676,14.429684,seed53117.png
10.703968,21.189148,seed53118.png
0.8813733,13.294488,seed53119.png
22.246544,-2.0008254,seed5312.png
24.886398,3.6025393,seed53120.png
2.4026582,-13.322473,seed53121.png
-30.82746,-0.5172668,seed53122.png
-12.258102,-26.262482,seed53123.png
12.998556,-40.868046,seed53124.png
4.4574304,-2.8657663,seed53125.png
-22.889847,-10.479922,seed53126.png
27.175714,3.2133622,seed53127.png
-35.031784,27.478233,seed53128.png
11.503016,19.2371,seed53129.png
35.222168,9.838252,seed5313.png
-15.688662,-7.9980755,seed53130.png
10.543649,-10.529062,seed53131.png
-30.092789,13.955876,seed53132.png
22.13041,7.198597,seed53133.png
-33.012527,26.659403,seed53134.png
6.2429852,8.422849,seed53135.png
-32.42312,13.233249,seed53136.png
30.774954,7.9543285,seed53137.png
14.125879,-5.0827947,seed53138.png
-22.576506,-23.090847,seed53139.png
-13.312795,-5.0983458,seed5314.png
-16.625948,-21.780073,seed53140.png
-26.225035,16.937866,seed53141.png
8.239515,6.462246,seed53142.png
-24.905857,-1.2029738,seed53143.png
1.8431263,17.419317,seed53144.png
-23.584743,-6.820978,seed53145.png
-27.82062,-10.127959,seed53146.png
15.623419,-37.644226,seed53147.png
23.361029,-1.8356001,seed53148.png
1.7371197,-11.560651,seed53149.png
11.908306,-29.947529,seed5315.png
-32.45624,12.380784,seed53150.png
20.873419,-6.601011,seed53151.png
13.92474,12.851455,seed53152.png
14.403808,-31.456652,seed53153.png
37.476173,21.430681,seed53154.png
-16.449507,-9.747408,seed53155.png
14.013581,-32.06022,seed53156.png
-20.55668,-21.657223,seed53157.png
12.750322,-35.498463,seed53158.png
1.4081402,0.3229134,seed53159.png
20.369902,26.059668,seed5316.png
-3.2497551,13.212052,seed53160.png
-21.289877,11.114361,seed53161.png
11.638847,7.479077,seed53162.png
-23.456059,-18.730818,seed53163.png
11.889325,-38.776485,seed53164.png
-0.57395864,21.560053,seed53165.png
4.6036024,7.159662,seed53166.png
32.883724,15.595669,seed53167.png
-31.086979,11.617512,seed53168.png
-28.739159,10.491379,seed53169.png
2.9771457,-13.35663,seed5317.png
30.247078,20.284061,seed53170.png
14.429633,9.588425,seed53171.png
18.695578,24.045763,seed53172.png
-30.145208,-6.843059,seed53173.png
-25.15239,6.057733,seed53174.png
-16.533113,0.4439279,seed53175.png
-18.402193,-19.354736,seed53176.png
0.0488199,-0.6372123,seed53177.png
10.553039,-1.7464775,seed53178.png
-0.46730965,21.782146,seed53179.png
-19.300245,-1.5549462,seed5318.png
24.796143,-5.2266107,seed53180.png
10.103169,-41.963726,seed53181.png
38.54227,15.143246,seed53182.png
9.616792,-40.540497,seed53183.png
28.699049,12.54836,seed53184.png
-32.047237,12.283865,seed53185.png
-11.247648,-27.64788,seed53186.png
-3.5137937,9.626054,seed53187.png
23.638533,14.336709,seed53188.png
7.181754,8.401589,seed53189.png
-20.515465,7.5560255,seed5319.png
-16.360853,-2.8786058,seed53190.png
32.073715,11.901008,seed53191.png
-15.251144,-18.46085,seed53192.png
-12.920768,-21.435148,seed53193.png
27.239498,0.57186604,seed53194.png
34.739025,25.045197,seed53195.png
11.389791,-42.687878,seed53196.png
-29.702171,5.3544235,seed53197.png
22.2011,9.799998,seed53198.png
0.8676528,21.368073,seed53199.png
27.5173,20.096605,seed5320.png
-23.668066,-5.004052,seed53200.png
-32.147846,24.570873,seed53201.png
38.747177,13.409934,seed53202.png
5.3457494,-32.943924,seed53203.png
11.545868,-39.489162,seed53204.png
7.4579344,15.603316,seed53205.png
15.007273,-37.16722,seed53206.png
-30.082424,12.39735,seed53207.png
-0.48107284,-12.019343,seed53208.png
27.149422,15.377528,seed53209.png
-8.769924,-12.952141,seed5321.png
-22.067802,12.573537,seed53210.png
29.048527,3.7078454,seed53211.png
9.166537,8.809954,seed53212.png
14.172903,-8.334243,seed53213.png
-25.336687,-0.54474974,seed53214.png
3.1182117,-14.205153,seed53215.png
34.007225,22.427963,seed53216.png
-30.957867,16.344267,seed53217.png
16.40768,-37.32438,seed53218.png
-23.976027,11.37215,seed53219.png
28.362003,9.518864,seed5322.png
8.210721,9.22015,seed53220.png
-10.087076,-28.119638,seed53221.png
-19.800726,-24.378633,seed53222.png
-33.645767,-5.340515,seed53223.png
-25.230364,-14.891279,seed53224.png
-33.8817,-4.707058,seed53225.png
-20.586224,11.310654,seed53226.png
17.572542,-37.380413,seed53227.png
-8.733,-11.288724,seed53228.png
9.07599,16.999153,seed53229.png
31.084675,13.504597,seed5323.png
-18.235353,-23.032518,seed53230.png
4.32308,23.445568,seed53231.png
15.660731,-31.947048,seed53232.png
-21.268435,-5.6450105,seed53233.png
-25.786627,13.882255,seed53234.png
12.498185,-33.98221,seed53235.png
35.530468,24.341278,seed53236.png
-22.662716,-4.09183,seed53237.png
16.664814,13.889731,seed53238.png
10.461125,18.243433,seed53239.png
12.855052,27.219606,seed5324.png
-31.613644,4.0086007,seed53240.png
12.701946,-41.095055,seed53241.png
-18.038046,-7.514347,seed53242.png
17.79455,-3.0495281,seed53243.png
27.039995,18.415321,seed53244.png
-23.364738,9.857612,seed53245.png
5.6053333,-34.582447,seed53246.png
2.712468,-27.101147,seed53247.png
-23.077538,3.834525,seed53248.png
1.5296012,-1.7460032,seed53249.png
1.0154071,15.48491,seed5325.png
-0.4810811,-12.528533,seed53250.png
7.85173,0.36699063,seed53251.png
-28.049665,-22.99971,seed53252.png
-12.145911,-21.12521,seed53253.png
12.905511,-1.8017377,seed53254.png
37.961674,18.249866,seed53255.png
-33.476433,21.440823,seed53256.png
-20.538324,-22.953033,seed53257.png
-24.299944,-5.723903,seed53258.png
33.86974,12.6116495,seed53259.png
-33.894478,25.777557,seed5326.png
-5.16748,-0.83394414,seed53260.png
-20.42336,-4.7465916,seed53261.png
31.281403,22.292389,seed53262.png
-10.460982,-27.132986,seed53263.png
10.467535,26.252699,seed53264.png
11.740102,-37.390366,seed53265.png
31.895218,7.5331845,seed53266.png
11.073736,-3.9024413,seed53267.png
-26.597065,-15.943085,seed53268.png
11.9497795,-31.927454,seed53269.png
-17.774824,-11.587736,seed5327.png
11.693201,5.229765,seed53270.png
18.640144,5.6446047,seed53271.png
-19.03666,-17.305302,seed53272.png
-29.149307,-10.70312,seed53273.png
13.191251,8.066731,seed53274.png
-30.160849,-2.871705,seed53275.png
-10.171488,-20.488274,seed53276.png
13.641817,-11.086297,seed53277.png
-15.161549,-17.87323,seed53278.png
9.782665,2.5529172,seed53279.png
4.1241426,-0.2950533,seed5328.png
11.654397,-30.641998,seed53280.png
7.5020537,24.302425,seed53281.png
15.676099,1.5731567,seed53282.png
-14.47126,-27.231455,seed53283.png
17.772476,9.168964,seed53284.png
-10.510678,-8.463326,seed53285.png
3.9840353,6.50112,seed53286.png
-17.41864,-32.519547,seed53287.png
16.634861,11.96702,seed53288.png
-19.417425,-28.087515,seed53289.png
-13.377516,-21.533743,seed5329.png
-35.472343,20.224407,seed53290.png
12.517527,1.4179417,seed53291.png
12.766719,-5.729763,seed53292.png
-16.720596,-23.244785,seed53293.png
-22.37721,-23.970638,seed53294.png
10.202099,26.417343,seed53295.png
-26.909462,-2.4101784,seed53296.png
11.187615,-31.300264,seed53297.png
4.526702,1.7883638,seed53298.png
5.9194493,-6.9187202,seed53299.png
-9.744876,-11.410413,seed5330.png
29.83409,6.934772,seed53300.png
37.930607,26.861511,seed53301.png
-34.85923,19.615688,seed53302.png
-27.03953,-10.853896,seed53303.png
-25.961115,10.703011,seed53304.png
0.9959021,12.57484,seed53305.png
23.807396,14.83846,seed53306.png
-11.717314,-4.0514035,seed53307.png
-28.801525,-5.2223415,seed53308.png
-1.5920827,-15.9596405,seed53309.png
-18.053352,9.661983,seed5331.png
22.16209,-2.431361,seed53310.png
16.892288,-36.870712,seed53311.png
-21.62941,7.575522,seed53312.png
-4.5534887,17.765652,seed53313.png
21.43947,19.767849,seed53314.png
0.6044381,23.173182,seed53315.png
5.952894,18.940401,seed53316.png
26.382849,10.636422,seed53317.png
34.897343,6.8007174,seed53318.png
5.735779,-8.976613,seed53319.png
9.723546,7.068969,seed5332.png
-33.84472,12.891177,seed53320.png
13.078404,-38.30649,seed53321.png
-24.529095,-19.278858,seed53322.png
38.31611,16.9241,seed53323.png
-10.61747,-4.3951426,seed53324.png
17.736301,-2.2783446,seed53325.png
2.9790134,8.724986,seed53326.png
-18.807577,-16.757982,seed53327.png
-0.9578314,3.7544234,seed53328.png
-1.7597839,-15.321448,seed53329.png
-25.48567,-1.0613846,seed5333.png
-30.219852,10.677822,seed53330.png
10.102826,22.790403,seed53331.png
10.125945,-10.957268,seed53332.png
-28.16499,-12.044011,seed53333.png
13.860302,-35.87227,seed53334.png
-14.464252,-29.326263,seed53335.png
-32.02962,0.89871347,seed53336.png
-17.597935,6.3528533,seed53337.png
-29.99736,3.6912627,seed53338.png
5.2887783,-2.6965733,seed53339.png
-3.0433948,-14.681536,seed5334.png
19.676464,-7.417567,seed53340.png
-32.500168,22.319641,seed53341.png
3.3151429,3.2006912,seed53342.png
-20.03396,2.6644187,seed53343.png
2.9410264,-31.950697,seed53344.png
-22.145176,7.334792,seed53345.png
4.813893,7.328735,seed53346.png
16.484304,-33.708393,seed53347.png
36.219933,23.145163,seed53348.png
9.4093485,-25.29325,seed53349.png
9.778064,-0.70788574,seed5335.png
-13.481482,-27.490206,seed53350.png
26.862526,22.363054,seed53351.png
-6.721837,3.3666632,seed53352.png
-9.8878,-22.031498,seed53353.png
-8.805207,-22.293875,seed53354.png
16.56761,16.922665,seed53355.png
-12.111551,-10.38916,seed53356.png
16.758486,21.329472,seed53357.png
35.473843,15.563391,seed53358.png
-17.898645,-21.348688,seed53359.png
29.247036,23.101435,seed5336.png
20.06015,19.385221,seed53360.png
20.725935,25.8141,seed53361.png
32.021023,24.220346,seed53362.png
36.68614,6.1929493,seed53363.png
29.464226,1.2757243,seed53364.png
-33.190662,-7.168364,seed53365.png
1.8831778,-28.609398,seed53366.png
10.026425,-41.04479,seed53367.png
12.932624,25.968128,seed53368.png
-34.119328,1.6570586,seed53369.png
14.039969,-8.368841,seed5337.png
-23.844025,8.891623,seed53370.png
4.06825,14.655455,seed53371.png
-30.46424,7.354646,seed53372.png
10.462148,10.862719,seed53373.png
-17.074747,-18.186378,seed53374.png
-23.43271,-4.8544426,seed53375.png
20.235458,22.037966,seed53376.png
-34.798084,20.367674,seed53377.png
-3.0551078,-13.66749,seed53378.png
20.084932,20.120796,seed53379.png
-0.92376536,19.203217,seed5338.png
-20.556551,-26.572422,seed53380.png
12.211424,7.91702,seed53381.png
4.1433644,8.621594,seed53382.png
36.207367,18.670269,seed53383.png
-32.27287,1.301701,seed53384.png
-15.599499,4.1165276,seed53385.png
38.283302,24.15557,seed53386.png
0.44673234,24.54928,seed53387.png
-13.963757,-33.13442,seed53388.png
-25.210005,18.974752,seed53389.png
10.01887,25.65666,seed5339.png
9.639227,-1.6945382,seed53390.png
-22.820839,7.797014,seed53391.png
-17.261894,-20.517763,seed53392.png
-29.989576,7.251716,seed53393.png
19.077967,9.003339,seed53394.png
17.290087,-0.55720353,seed53395.png
-33.862698,-1.1387151,seed53396.png
6.042627,-4.886052,seed53397.png
-17.72262,8.131803,seed53398.png
28.40536,18.200663,seed53399.png
26.801138,20.169477,seed5340.png
32.129425,13.606574,seed53400.png
18.54008,19.281393,seed53401.png
31.154678,28.467752,seed53402.png
-14.28489,2.7758615,seed53403.png
32.9112,27.183044,seed53404.png
-28.276127,-1.2109793,seed53405.png
-2.963938,-11.584654,seed53406.png
-26.778584,5.415715,seed53407.png
-8.120274,2.7282162,seed53408.png
-33.336582,0.06940487,seed53409.png
-18.943356,-15.964607,seed5341.png
-17.445461,-28.368044,seed53410.png
-8.421982,-20.449305,seed53411.png
12.008138,19.182238,seed53412.png
-18.494514,4.810567,seed53413.png
7.7439246,-34.305614,seed53414.png
24.32161,5.9300885,seed53415.png
17.314007,17.554472,seed53416.png
-1.2097039,-9.252627,seed53417.png
6.378884,-40.541607,seed53418.png
26.958912,12.325485,seed53419.png
20.712248,4.2489185,seed5342.png
4.53749,19.833826,seed53420.png
-32.769634,-6.5344467,seed53421.png
-12.847103,-12.589874,seed53422.png
1.7659234,-16.299065,seed53423.png
12.609007,-36.5134,seed53424.png
-16.12082,-25.353745,seed53425.png
-15.7057295,-0.66732526,seed53426.png
-15.857567,-21.3999,seed53427.png
9.565928,-39.31335,seed53428.png
10.337328,4.72566,seed53429.png
7.9325733,19.448895,seed5343.png
-10.588678,4.8998857,seed53430.png
-33.05872,24.297308,seed53431.png
17.07148,12.521823,seed53432.png
34.481163,11.012111,seed53433.png
-27.145445,-6.003482,seed53434.png
7.594586,-34.541637,seed53435.png
-14.175856,-27.952261,seed53436.png
34.137806,12.404209,seed53437.png
18.244781,3.636106,seed53438.png
20.925566,-5.717669,seed53439.png
7.3210206,6.9008026,seed5344.png
12.180358,15.5875635,seed53440.png
25.735245,17.198368,seed53441.png
4.024173,22.442003,seed53442.png
3.421105,-24.636772,seed53443.png
7.1013207,14.719673,seed53444.png
-18.697762,18.645037,seed53445.png
-15.143203,-27.105984,seed53446.png
-0.51470286,11.315909,seed53447.png
-25.554201,-11.761508,seed53448.png
-36.24359,23.616905,seed53449.png
-27.40949,6.3927107,seed5345.png
31.353148,27.145264,seed53450.png
-14.36452,-15.9489155,seed53451.png
22.964674,-4.0367894,seed53452.png
-23.642036,-6.4915504,seed53453.png
19.972414,23.64207,seed53454.png
-11.141127,-6.3071637,seed53455.png
32.124054,7.8219566,seed53456.png
9.880898,18.536758,seed53457.png
31.907488,7.8824296,seed53458.png
-14.935627,-2.6466458,seed53459.png
-30.738308,-1.4279857,seed5346.png
-15.409377,-8.440959,seed53460.png
18.062908,22.230555,seed53461.png
-18.532946,-6.3739357,seed53462.png
31.464,25.8474,seed53463.png
14.847959,0.51575756,seed53464.png
35.101696,9.02642,seed53465.png
21.730106,-8.549846,seed53466.png
-0.7374309,-13.35148,seed53467.png
-17.138975,-14.417392,seed53468.png
13.118053,9.4810915,seed53469.png
17.340815,5.0035815,seed5347.png
-30.09749,-8.628784,seed53470.png
19.28427,18.918524,seed53471.png
39.564144,15.121213,seed53472.png
-21.656534,20.59445,seed53473.png
15.160632,-30.474112,seed53474.png
-32.29659,20.71355,seed53475.png
-13.59222,9.471271,seed53476.png
20.042664,-1.8027607,seed53477.png
13.384705,1.6465156,seed53478.png
-26.870808,-7.3408427,seed53479.png
-9.172016,8.1224165,seed5348.png
-1.2748096,24.810518,seed53480.png
16.930878,27.214405,seed53481.png
17.456472,14.575385,seed53482.png
10.39622,-34.092922,seed53483.png
-21.231499,12.346253,seed53484.png
-12.560381,-6.0958743,seed53485.png
11.734574,-39.47229,seed53486.png
29.160645,26.259321,seed53487.png
6.391464,11.408345,seed53488.png
14.713386,2.4404783,seed53489.png
12.156868,-3.0228767,seed5349.png
25.930578,12.444592,seed53490.png
30.226656,19.943407,seed53491.png
-33.149734,-5.5997133,seed53492.png
-29.437626,1.8085576,seed53493.png
-28.527262,22.036036,seed53494.png
-32.816113,26.839842,seed53495.png
13.594487,-33.883404,seed53496.png
-29.5793,19.937714,seed53497.png
30.025398,5.801248,seed53498.png
17.58737,-7.723064,seed53499.png
32.4443,21.530247,seed5350.png
36.55869,11.78381,seed53500.png
23.907932,3.325783,seed53501.png
18.516186,21.165417,seed53502.png
-18.434166,-2.4659095,seed53503.png
0.2741055,15.6027,seed53504.png
36.961952,21.821796,seed53505.png
14.083187,18.737719,seed53506.png
22.86067,11.331914,seed53507.png
-18.62121,9.058867,seed53508.png
4.314648,-29.808723,seed53509.png
38.439533,24.790764,seed5351.png
-0.69887567,7.4058948,seed53510.png
-15.585023,-24.615612,seed53511.png
2.7506459,16.699879,seed53512.png
36.494144,21.719563,seed53513.png
-2.3779817,17.595945,seed53514.png
-26.671907,4.1778245,seed53515.png
28.673307,5.267357,seed53516.png
7.907723,6.0687532,seed53517.png
5.5847373,8.033608,seed53518.png
-33.809772,13.528301,seed53519.png
7.5874276,-39.838497,seed5352.png
-37.42902,19.202816,seed53520.png
-27.680155,-18.170565,seed53521.png
0.91004777,20.696167,seed53522.png
-21.104063,0.33964732,seed53523.png
-20.671177,-6.403824,seed53524.png
33.09958,9.762916,seed53525.png
10.932906,-9.334825,seed53526.png
-15.348929,-31.684639,seed53527.png
-31.316298,22.357471,seed53528.png
16.732292,15.63557,seed53529.png
-29.580196,1.484851,seed5353.png
-31.847752,18.150217,seed53530.png
38.996685,18.592691,seed53531.png
15.393999,17.359568,seed53532.png
-18.575481,-29.07705,seed53533.png
14.505257,1.0538441,seed53534.png
0.6746899,2.6584883,seed53535.png
1.9693209,1.714635,seed53536.png
1.9053844,0.8075637,seed53537.png
31.005013,2.0951598,seed53538.png
-0.7994377,21.944603,seed53539.png
-29.290909,15.2572365,seed5354.png
-2.2757895,-15.979244,seed53540.png
-19.37178,-23.708437,seed53541.png
-21.311972,-4.2779207,seed53542.png
23.472628,1.040259,seed53543.png
-10.21619,-16.776918,seed53544.png
6.3716598,0.1961269,seed53545.png
-14.80795,-21.06431,seed53546.png
23.654196,25.400566,seed53547.png
-12.124349,-18.45218,seed53548.png
-34.777153,17.867983,seed53549.png
26.569317,19.193806,seed5355.png
-18.742434,-4.3007145,seed53550.png
32.046097,7.655294,seed53551.png
-25.738714,-5.1339564,seed53552.png
26.889898,18.379133,seed53553.png
-20.326712,3.706007,seed53554.png
13.951476,24.768148,seed53555.png
4.6604457,-24.906261,seed53556.png
17.020004,7.328458,seed53557.png
13.688908,23.666986,seed53558.png
-23.419426,7.6713877,seed53559.png
41.312134,18.204515,seed5356.png
5.572876,14.084332,seed53560.png
1.2496593,13.672188,seed53561.png
7.4496436,11.045657,seed53562.png
12.901957,-24.090195,seed53563.png
-21.506094,1.0232638,seed53564.png
-31.960062,16.951223,seed53565.png
-33.1066,-4.301856,seed53566.png
-28.656357,-4.2292194,seed53567.png
37.30726,12.753514,seed53568.png
9.905053,19.59785,seed53569.png
-11.077451,-9.572206,seed5357.png
-30.292387,3.636688,seed53570.png
10.019674,-3.714362,seed53571.png
23.26456,9.26946,seed53572.png
23.325842,13.449885,seed53573.png
8.364632,-36.6204,seed53574.png
-33.789955,23.846235,seed53575.png
7.0041804,9.839271,seed53576.png
-14.8283825,-4.556674,seed53577.png
-9.148627,0.5947592,seed53578.png
14.064365,21.436016,seed53579.png
7.444354,-40.847454,seed5358.png
-4.1530614,-14.822346,seed53580.png
-28.90101,-5.0110936,seed53581.png
11.264181,25.603888,seed53582.png
28.396025,16.599194,seed53583.png
7.2727284,25.310072,seed53584.png
24.22366,12.692384,seed53585.png
-26.6222,-7.980565,seed53586.png
11.85831,-42.15511,seed53587.png
-20.900248,9.983239,seed53588.png
-13.742233,-21.728182,seed53589.png
-9.890763,-23.478876,seed5359.png
-15.814428,-20.127237,seed53590.png
6.964804,-28.798534,seed53591.png
32.098495,7.2525992,seed53592.png
23.120264,-6.094492,seed53593.png
26.793697,25.912106,seed53594.png
-27.659203,7.1117244,seed53595.png
-22.951939,-12.76379,seed53596.png
-4.6027875,-12.490138,seed53597.png
35.85777,5.529253,seed53598.png
-19.263103,-30.765152,seed53599.png
17.505426,19.801176,seed5360.png
20.903004,22.139822,seed53600.png
15.903026,-36.07619,seed53601.png
25.459072,26.693901,seed53602.png
12.625839,-37.567078,seed53603.png
-21.27734,-8.455048,seed53604.png
35.075253,18.653837,seed53605.png
-30.860762,7.1774116,seed53606.png
-32.419147,22.648323,seed53607.png
-18.547894,-7.655547,seed53608.png
8.227673,2.0116322,seed53609.png
5.695958,-5.156728,seed5361.png
8.162808,-2.7281375,seed53610.png
22.678463,21.084532,seed53611.png
-21.393478,-22.451662,seed53612.png
38.18477,20.339714,seed53613.png
-34.02047,0.57814837,seed53614.png
-36.66811,17.319382,seed53615.png
-23.316053,-28.58042,seed53616.png
31.298111,17.626259,seed53617.png
37.110348,4.965758,seed53618.png
-32.515514,14.966172,seed53619.png
-35.628906,14.265028,seed5362.png
13.306943,-36.91112,seed53620.png
-9.8289385,-14.954723,seed53621.png
-31.517746,2.1269956,seed53622.png
7.318676,0.36877555,seed53623.png
23.592304,18.238653,seed53624.png
-17.811214,-17.052904,seed53625.png
36.926636,23.74833,seed53626.png
4.2774196,19.518696,seed53627.png
-17.504019,-20.095976,seed53628.png
-13.372052,0.6540397,seed53629.png
-19.552423,-24.337723,seed5363.png
-33.101166,23.48127,seed53630.png
-35.22554,14.628498,seed53631.png
-18.719065,3.203338,seed53632.png
-23.735714,-21.535496,seed53633.png
-33.024204,23.343546,seed53634.png
1.442556,-3.644104,seed53635.png
0.15602434,6.6981573,seed53636.png
-1.3151398,23.77435,seed53637.png
14.308146,-21.981977,seed53638.png
16.545067,-34.48363,seed53639.png
-11.126099,2.1604648,seed5364.png
-21.652939,-7.523134,seed53640.png
30.096312,6.910625,seed53641.png
29.290512,1.6258312,seed53642.png
-14.31088,-3.4382226,seed53643.png
-3.354067,-13.547394,seed53644.png
-32.814377,-2.044214,seed53645.png
-35.522865,6.9760814,seed53646.png
13.347129,5.4195566,seed53647.png
-34.86678,27.106815,seed53648.png
24.223679,3.6384099,seed53649.png
37.86374,17.735773,seed5365.png
-11.24432,-15.022264,seed53650.png
-25.156872,-0.3341772,seed53651.png
-13.569391,-30.62432,seed53652.png
-16.695822,-17.257532,seed53653.png
-23.491997,-21.818531,seed53654.png
-22.668695,19.441599,seed53655.png
29.616785,28.01006,seed53656.png
-15.145539,-18.278744,seed53657.png
36.474102,12.733291,seed53658.png
-8.121006,3.5609758,seed53659.png
-20.156132,4.2750735,seed5366.png
-36.732906,23.409737,seed53660.png
12.362669,-3.4312687,seed53661.png
34.212708,8.600344,seed53662.png
9.940144,-29.315678,seed53663.png
28.8341,13.757296,seed53664.png
-23.528364,-0.13591921,seed53665.png
5.19539,-12.635262,seed53666.png
-25.591417,-10.635643,seed53667.png
-28.27571,-4.8870096,seed53668.png
17.172901,25.115755,seed53669.png
6.0195417,-0.55913883,seed5367.png
2.0889437,21.451324,seed53670.png
-11.40792,-7.5955687,seed53671.png
6.948632,-0.4786221,seed53672.png
6.1096525,-32.23886,seed53673.png
-22.215483,-11.961528,seed53674.png
33.31084,14.748487,seed53675.png
-10.191066,-10.813261,seed53676.png
24.485405,22.050558,seed53677.png
-23.428944,-18.660336,seed53678.png
12.106265,-31.857433,seed53679.png
21.950308,-3.3543684,seed5368.png
6.690677,4.55449,seed53680.png
37.21521,15.708295,seed53681.png
20.688562,19.877396,seed53682.png
12.426714,22.654198,seed53683.png
-20.047897,-7.226403,seed53684.png
-28.246347,9.310498,seed53685.png
-25.455189,-19.153091,seed53686.png
22.4264,-7.8896837,seed53687.png
18.421799,25.362537,seed53688.png
15.808586,7.9316645,seed53689.png
8.587817,-37.654854,seed5369.png
-19.804909,-6.7307334,seed53690.png
-11.561843,-27.267736,seed53691.png
22.53438,8.383966,seed53692.png
-27.809639,-18.46845,seed53693.png
-1.0969152,-1.9165993,seed53694.png
-29.79805,3.919989,seed53695.png
32.03974,24.547298,seed53696.png
-23.007324,2.0810146,seed53697.png
8.656895,-27.231417,seed53698.png
-25.015963,0.13369608,seed53699.png
-20.616917,18.372099,seed5370.png
7.4842854,-38.783905,seed53700.png
16.73411,26.302917,seed53701.png
1.6744328,-12.120639,seed53702.png
-1.4689542,22.583141,seed53703.png
-31.33221,-0.7681441,seed53704.png
-28.207052,-16.74563,seed53705.png
-4.0384655,-1.934746,seed53706.png
27.307644,10.26002,seed53707.png
-3.570667,-13.644916,seed53708.png
-27.166824,0.66870296,seed53709.png
-15.151034,-2.3455567,seed5371.png
13.74906,-22.987688,seed53710.png
1.6866075,16.194353,seed53711.png
-32.441868,7.535328,seed53712.png
-21.509386,19.316319,seed53713.png
-19.871307,16.372545,seed53714.png
1.9276118,12.255303,seed53715.png
0.8383183,-15.2577505,seed53716.png
-23.345924,-17.83498,seed53717.png
-29.65746,-4.884875,seed53718.png
5.7826276,8.579215,seed53719.png
-23.979568,-5.6152277,seed5372.png
4.2026596,-34.011192,seed53720.png
-23.64743,-16.265,seed53721.png
32.650364,12.89941,seed53722.png
-27.884005,-9.314213,seed53723.png
28.68801,25.05412,seed53724.png
-18.462942,-3.716511,seed53725.png
-11.943555,4.0802274,seed53726.png
-4.5865803,18.050955,seed53727.png
36.62902,21.323929,seed53728.png
15.532001,-2.2653415,seed53729.png
17.241587,-2.8196878,seed5373.png
-3.1057355,-4.7263985,seed53730.png
0.5676827,-18.90374,seed53731.png
-29.395962,3.0196753,seed53732.png
-33.946747,-2.8637319,seed53733.png
0.5371413,24.925167,seed53734.png
10.403915,-36.28028,seed53735.png
-15.522045,-4.430167,seed53736.png
-16.132366,-18.406725,seed53737.png
13.218038,-41.569263,seed53738.png
13.986511,1.325482,seed53739.png
24.581036,20.418882,seed5374.png
27.890789,26.672024,seed53740.png
13.857727,-31.858927,seed53741.png
-10.309911,-20.575224,seed53742.png
38.385807,8.370808,seed53743.png
21.040081,-0.86048967,seed53744.png
11.781505,-42.828773,seed53745.png
5.5702243,15.191056,seed53746.png
22.08187,27.449528,seed53747.png
38.635414,12.858501,seed53748.png
-31.907093,26.620876,seed53749.png
20.260885,12.813055,seed5375.png
13.335686,-31.800808,seed53750.png
-21.291508,-25.250711,seed53751.png
18.84245,4.197292,seed53752.png
-13.03303,-13.557947,seed53753.png
-25.179558,12.163846,seed53754.png
16.930738,7.8705764,seed53755.png
-0.8030179,22.22202,seed53756.png
-29.542469,13.988893,seed53757.png
-22.825586,-24.711548,seed53758.png
-2.5708086,6.739122,seed53759.png
-20.142904,12.507586,seed5376.png
-0.7405964,-17.210125,seed53760.png
30.821287,-0.80151683,seed53761.png
-26.64447,-23.704777,seed53762.png
10.459831,21.241695,seed53763.png
36.890205,24.858782,seed53764.png
-1.5810785,24.684,seed53765.png
14.0050955,-31.912258,seed53766.png
29.173052,5.4719505,seed53767.png
10.618058,-26.299572,seed53768.png
-21.071487,3.7995791,seed53769.png
5.505578,-27.943802,seed5377.png
25.885614,7.3471336,seed53770.png
19.16454,-3.3100216,seed53771.png
-32.45993,-4.777517,seed53772.png
31.323668,17.41556,seed53773.png
-24.329096,17.298431,seed53774.png
-4.634992,-5.8026094,seed53775.png
-30.324234,-14.19589,seed53776.png
18.823107,-6.7261157,seed53777.png
34.81741,2.807957,seed53778.png
11.754805,5.9828043,seed53779.png
20.530025,20.689934,seed5378.png
20.849186,7.8995347,seed53780.png
0.6363832,18.920414,seed53781.png
31.826208,12.338955,seed53782.png
4.006715,7.551729,seed53783.png
-26.61879,-13.844459,seed53784.png
-22.675802,10.165299,seed53785.png
6.072414,-38.960163,seed53786.png
15.530074,-8.944835,seed53787.png
12.040503,11.94438,seed53788.png
34.907154,20.734716,seed53789.png
13.707161,-32.248463,seed5379.png
15.128854,4.8760576,seed53790.png
37.225563,7.82677,seed53791.png
36.912846,24.85142,seed53792.png
6.0491643,-26.72273,seed53793.png
-10.262502,-25.850473,seed53794.png
14.20586,27.96442,seed53795.png
29.73071,24.697819,seed53796.png
-29.257174,-5.8532424,seed53797.png
37.93891,13.257933,seed53798.png
12.16908,-1.7762829,seed53799.png
-19.034166,-28.660435,seed5380.png
-12.390319,1.167252,seed53800.png
7.88813,3.971281,seed53801.png
-22.538248,-2.7914758,seed53802.png
32.269,25.095755,seed53803.png
27.403835,5.9513774,seed53804.png
10.745863,9.205969,seed53805.png
19.098331,-2.2683766,seed53806.png
1.5209914,7.069611,seed53807.png
-28.991453,7.2387843,seed53808.png
-22.664272,-14.942465,seed53809.png
-33.90335,19.07304,seed5381.png
-17.859295,-11.016009,seed53810.png
9.223316,-35.637543,seed53811.png
26.91493,15.776071,seed53812.png
-10.421162,-21.42737,seed53813.png
-13.665884,-29.59305,seed53814.png
-21.721165,-12.8525505,seed53815.png
-0.5682974,-17.4917,seed53816.png
-27.725382,-18.064363,seed53817.png
-15.253303,-11.204834,seed53818.png
-30.64506,7.3576965,seed53819.png
10.95302,1.7306556,seed5382.png
13.356564,-38.475098,seed53820.png
-18.073973,-11.134944,seed53821.png
33.437664,26.367697,seed53822.png
23.760908,20.332521,seed53823.png
-21.232979,-7.551074,seed53824.png
15.5280285,4.8882046,seed53825.png
-9.86486,10.235275,seed53826.png
-22.022984,5.0714345,seed53827.png
4.2631774,-35.23448,seed53828.png
30.043888,13.290028,seed53829.png
10.714024,8.1603985,seed5383.png
9.591795,-36.775993,seed53830.png
-23.494007,0.7554271,seed53831.png
-23.865149,-25.481825,seed53832.png
18.204103,14.730673,seed53833.png
-15.230992,-30.231844,seed53834.png
-21.37809,-22.128061,seed53835.png
12.6662855,-38.872044,seed53836.png
10.7784,-34.654408,seed53837.png
-30.306307,6.000458,seed53838.png
10.070611,26.828217,seed53839.png
-0.46641853,19.490528,seed5384.png
17.724216,21.300034,seed53840.png
28.9448,27.610594,seed53841.png
7.644387,-35.652916,seed53842.png
9.099251,14.074823,seed53843.png
19.122446,6.1826725,seed53844.png
-1.702587,-8.134626,seed53845.png
40.06087,21.930658,seed53846.png
1.1249812,14.107988,seed53847.png
2.1605146,-2.5965724,seed53848.png
8.757032,1.9735308,seed53849.png
19.859434,25.351276,seed5385.png
-32.155415,26.059391,seed53850.png
8.880368,-2.2806697,seed53851.png
4.861186,-37.012287,seed53852.png
8.651114,10.928597,seed53853.png
29.093285,-0.63603526,seed53854.png
-28.295261,12.428602,seed53855.png
-8.4145775,0.5836853,seed53856.png
-16.711319,-1.5227481,seed53857.png
0.4276141,12.277609,seed53858.png
35.62285,26.558945,seed53859.png
17.37041,5.052155,seed5386.png
-36.132866,-5.100214,seed53860.png
10.07606,-5.7108736,seed53861.png
31.39325,26.52653,seed53862.png
-8.322922,-22.818306,seed53863.png
2.2945297,18.241915,seed53864.png
7.420716,5.291746,seed53865.png
-4.355923,-14.301086,seed53866.png
-10.016834,4.37461,seed53867.png
-11.891809,-15.659315,seed53868.png
-1.3276391,22.382738,seed53869.png
14.435671,13.882506,seed5387.png
-24.908548,-9.975169,seed53870.png
-22.378855,-7.3622527,seed53871.png
12.128272,-9.479811,seed53872.png
-0.6852238,-4.920673,seed53873.png
28.138103,9.539893,seed53874.png
21.172665,1.0716718,seed53875.png
8.78951,-39.378258,seed53876.png
3.7768137,2.7214158,seed53877.png
12.446484,-33.425476,seed53878.png
13.616346,-28.969007,seed53879.png
-19.67364,-24.085253,seed5388.png
19.685211,18.88008,seed53880.png
22.499556,-0.49936646,seed53881.png
-10.612995,-23.670506,seed53882.png
12.530747,-29.38896,seed53883.png
22.410547,-6.4006457,seed53884.png
14.741839,-6.863473,seed53885.png
7.6878514,-24.01575,seed53886.png
19.382383,21.078888,seed53887.png
-16.02922,-7.3438044,seed53888.png
9.817097,11.433322,seed53889.png
-17.63856,-18.219576,seed5389.png
12.937649,0.057714622,seed53890.png
22.710304,-1.0756235,seed53891.png
18.60674,-0.35208067,seed53892.png
4.1956315,-4.0469985,seed53893.png
-32.452904,22.116304,seed53894.png
-35.32081,11.540577,seed53895.png
26.789194,4.222376,seed53896.png
32.078945,27.83536,seed53897.png
13.061918,12.388808,seed53898.png
-30.328468,23.688114,seed53899.png
-13.020125,-6.91914,seed5390.png
-3.288686,-19.27861,seed53900.png
-21.884493,-0.5959343,seed53901.png
-25.976665,-20.530088,seed53902.png
32.633354,7.2333655,seed53903.png
8.672918,-26.1026,seed53904.png
-17.172163,-21.864502,seed53905.png
15.037066,-30.556555,seed53906.png
17.480404,-7.092937,seed53907.png
8.582411,24.49659,seed53908.png
-0.14819421,-18.026285,seed53909.png
-21.10973,-19.500479,seed5391.png
-4.5449295,-0.51626873,seed53910.png
-34.88617,26.94213,seed53911.png
5.567058,-31.928267,seed53912.png
-21.001888,-7.692406,seed53913.png
13.402749,22.668676,seed53914.png
-20.706488,-15.865435,seed53915.png
26.885645,13.2293,seed53916.png
10.088663,24.119293,seed53917.png
-9.390173,-20.925413,seed53918.png
-28.863825,-11.586525,seed53919.png
9.477871,9.076398,seed5392.png
14.49239,28.490793,seed53920.png
8.479808,13.956389,seed53921.png
-3.2449374,-13.5769415,seed53922.png
-16.521137,-31.68476,seed53923.png
-1.1966499,21.562336,seed53924.png
-10.689551,-28.75287,seed53925.png
2.5930822,3.627876,seed53926.png
-18.209017,-6.117883,seed53927.png
26.034307,19.084005,seed53928.png
16.151125,4.108964,seed53929.png
-19.390741,-4.60072,seed5393.png
18.03946,14.671534,seed53930.png
-20.8319,6.9154253,seed53931.png
-27.976725,7.526527,seed53932.png
35.070312,3.590003,seed53933.png
-5.427527,-26.524574,seed53934.png
35.685417,11.819922,seed53935.png
-33.27831,2.53909,seed53936.png
39.92996,16.121197,seed53937.png
28.93521,15.739959,seed53938.png
-28.390793,-6.747707,seed53939.png
-27.31051,-18.37382,seed5394.png
33.174923,20.898453,seed53940.png
3.6378808,11.725545,seed53941.png
17.559452,-2.5421753,seed53942.png
-10.415119,5.6243563,seed53943.png
38.66114,21.442373,seed53944.png
11.870425,-24.48767,seed53945.png
-18.182684,-15.487479,seed53946.png
14.982138,10.064666,seed53947.png
27.022472,15.155698,seed53948.png
-23.11292,3.3917134,seed53949.png
22.237623,-0.98185575,seed5395.png
30.943594,7.6708646,seed53950.png
-36.80847,22.0133,seed53951.png
-13.386934,-11.3826885,seed53952.png
22.453648,-1.0390371,seed53953.png
23.448442,9.882259,seed53954.png
31.615206,4.4658003,seed53955.png
31.27625,13.646203,seed53956.png
26.849276,12.720895,seed53957.png
34.079884,6.18616,seed53958.png
20.421053,11.933021,seed53959.png
-16.713247,-30.606848,seed5396.png
-32.63922,20.101322,seed53960.png
-10.276576,-16.587027,seed53961.png
31.547441,21.022709,seed53962.png
-22.701536,-4.683,seed53963.png
11.935255,17.084923,seed53964.png
-14.02787,-1.3284789,seed53965.png
6.46066,9.381612,seed53966.png
-30.31745,12.952804,seed53967.png
25.883234,10.672737,seed53968.png
3.6460183,15.040017,seed53969.png
28.541094,16.634905,seed5397.png
-32.549866,16.431562,seed53970.png
32.349125,8.009189,seed53971.png
-31.04955,17.480042,seed53972.png
-17.346804,-19.717241,seed53973.png
15.984707,16.373917,seed53974.png
4.518674,19.269182,seed53975.png
-17.393179,12.729783,seed53976.png
7.5878,-32.45165,seed53977.png
-9.94468,-4.3129115,seed53978.png
-15.994249,-27.008793,seed53979.png
-5.5264606,15.565281,seed5398.png
31.618872,15.916014,seed53980.png
-13.621233,3.993722,seed53981.png
14.777996,-35.470707,seed53982.png
-20.321388,6.6600037,seed53983.png
-33.07811,19.114162,seed53984.png
24.734074,15.874639,seed53985.png
-22.91109,7.916199,seed53986.png
42.555374,13.641764,seed53987.png
5.439796,7.9332323,seed53988.png
-19.177027,-30.321835,seed53989.png
25.224234,16.341736,seed5399.png
-17.342659,-0.0240785,seed53990.png
-36.684727,8.743738,seed53991.png
21.164192,2.830016,seed53992.png
15.122046,-33.452885,seed53993.png
2.5907304,-14.906564,seed53994.png
20.227053,-1.1127183,seed53995.png
20.848269,13.473592,seed53996.png
1.818246,-15.414467,seed53997.png
15.106827,3.8856266,seed53998.png
-30.180395,12.489817,seed53999.png
-25.144777,3.208197,seed5400.png
36.107914,12.397024,seed54000.png
-27.277407,-21.46599,seed54001.png
-31.675665,2.8885825,seed54002.png
1.0577972,-30.04404,seed54003.png
21.374348,23.782785,seed54004.png
6.04455,-30.071184,seed54005.png
36.62383,11.525062,seed54006.png
4.475702,9.317856,seed54007.png
-19.609816,2.9115942,seed54008.png
6.3899283,4.8466005,seed54009.png
-27.810379,-15.008587,seed5401.png
-34.141224,18.842003,seed54010.png
-24.537992,-6.4558897,seed54011.png
-26.284086,-15.328848,seed54012.png
4.267907,23.807013,seed54013.png
-24.384117,-18.050734,seed54014.png
7.3181014,11.686989,seed54015.png
-14.361597,-14.411881,seed54016.png
10.711169,20.171026,seed54017.png
36.606064,12.644547,seed54018.png
28.408607,17.740461,seed54019.png
9.835455,18.02571,seed5402.png
1.26939,20.811718,seed54020.png
11.162052,-41.64602,seed54021.png
-15.247037,-27.204798,seed54022.png
-26.100538,-16.441315,seed54023.png
-29.01157,23.286745,seed54024.png
-32.03224,18.604849,seed54025.png
14.20671,25.286829,seed54026.png
20.525318,-2.9313965,seed54027.png
35.522205,4.0717764,seed54028.png
10.8649,-26.25812,seed54029.png
17.806904,-9.484393,seed5403.png
12.244102,-38.01395,seed54030.png
-33.419296,25.029612,seed54031.png
-32.86851,16.978601,seed54032.png
36.68015,12.045628,seed54033.png
-26.048962,-20.988424,seed54034.png
29.063725,15.386857,seed54035.png
-9.611448,-2.6809974,seed54036.png
26.245308,2.819758,seed54037.png
-24.56807,12.148015,seed54038.png
-20.325363,-17.06119,seed54039.png
11.9933405,11.637149,seed5404.png
6.469704,-30.153809,seed54040.png
-15.450966,-15.131427,seed54041.png
13.692085,12.467237,seed54042.png
-9.22546,9.486696,seed54043.png
-28.231323,5.111244,seed54044.png
18.838003,25.379194,seed54045.png
-33.54269,3.7381728,seed54046.png
-21.01794,-13.228235,seed54047.png
14.384575,3.1671329,seed54048.png
-32.41214,24.93458,seed54049.png
6.5398393,24.893877,seed5405.png
-31.89074,24.168161,seed54050.png
6.4484005,20.477125,seed54051.png
-28.913744,4.6337347,seed54052.png
-2.3331883,14.953676,seed54053.png
-31.164856,4.811014,seed54054.png
14.566184,16.427246,seed54055.png
18.228565,23.99132,seed54056.png
31.976732,12.526757,seed54057.png
-0.75300986,16.421885,seed54058.png
-6.5264497,-6.4029145,seed54059.png
32.38869,27.93116,seed5406.png
27.25871,5.6740794,seed54060.png
-11.000295,-14.597512,seed54061.png
2.8508687,16.859447,seed54062.png
-25.052814,-13.012483,seed54063.png
-27.994936,2.8135054,seed54064.png
-3.8532984,-13.149518,seed54065.png
25.669647,8.346489,seed54066.png
-32.314392,24.281086,seed54067.png
-21.905119,-10.671885,seed54068.png
-31.457014,-4.210556,seed54069.png
-34.38561,-10.502603,seed5407.png
5.771876,3.6404817,seed54070.png
-6.114586,12.393861,seed54071.png
-11.463727,1.6944747,seed54072.png
11.427694,27.24678,seed54073.png
-23.13498,-1.3754808,seed54074.png
10.433294,11.91757,seed54075.png
0.13876143,10.208401,seed54076.png
-25.238846,-17.09446,seed54077.png
31.727198,7.1868095,seed54078.png
26.29897,18.53246,seed54079.png
36.541912,4.888361,seed5408.png
19.114553,26.588703,seed54080.png
-12.0659275,-1.3474264,seed54081.png
-31.376017,14.56246,seed54082.png
22.65768,-3.4031668,seed54083.png
-12.087411,-31.229801,seed54084.png
32.73431,22.032427,seed54085.png
-13.150424,5.439075,seed54086.png
-20.502726,-19.51589,seed54087.png
-29.748703,-8.418538,seed54088.png
-19.003717,-20.869041,seed54089.png
-22.689384,-1.2652851,seed5409.png
-20.990374,-23.531765,seed54090.png
23.176004,19.85896,seed54091.png
37.847748,19.002356,seed54092.png
10.824997,-22.528639,seed54093.png
-0.31603128,12.947209,seed54094.png
0.7725939,14.671191,seed54095.png
-34.809555,4.9284782,seed54096.png
5.137747,-25.459803,seed54097.png
-11.049417,4.384432,seed54098.png
-31.84201,19.601675,seed54099.png
-18.100864,-0.23080936,seed5410.png
-19.424118,9.932907,seed54100.png
11.65766,-27.395618,seed54101.png
-14.705383,-24.86045,seed54102.png
-29.108067,11.362753,seed54103.png
21.11818,1.6213014,seed54104.png
6.8785796,9.681888,seed54105.png
36.409294,12.190759,seed54106.png
16.049768,-37.600178,seed54107.png
-18.160671,-9.978272,seed54108.png
-21.746284,4.477389,seed54109.png
-29.234217,-5.007561,seed5411.png
16.428514,9.300019,seed54110.png
-24.383703,-19.65997,seed54111.png
8.987756,21.405159,seed54112.png
-31.090927,-10.096007,seed54113.png
20.139145,28.443256,seed54114.png
-27.034739,3.0784576,seed54115.png
-17.94803,-26.513649,seed54116.png
-31.967134,22.210697,seed54117.png
10.798333,4.2279825,seed54118.png
5.9219475,-8.665189,seed54119.png
-22.484396,14.796711,seed5412.png
-31.90526,23.301458,seed54120.png
20.19719,0.5591683,seed54121.png
19.760105,19.033524,seed54122.png
0.2331366,-11.1931095,seed54123.png
-20.739965,15.432813,seed54124.png
9.1969,6.2581677,seed54125.png
24.147482,-1.6062769,seed54126.png
-31.938324,16.497759,seed54127.png
-24.356882,4.131396,seed54128.png
12.047136,-39.89815,seed54129.png
33.81443,24.962658,seed5413.png
22.260046,0.59053564,seed54130.png
29.036566,20.594297,seed54131.png
-5.885677,12.872085,seed54132.png
36.165726,17.173807,seed54133.png
-8.259534,-20.571259,seed54134.png
-20.581661,-7.7548,seed54135.png
11.024223,28.93476,seed54136.png
-19.117134,4.3049664,seed54137.png
-33.276943,-4.6801844,seed54138.png
7.9909983,-2.7304227,seed54139.png
-31.075533,12.95285,seed5414.png
9.301462,-30.2483,seed54140.png
-17.98091,-6.992992,seed54141.png
-14.387424,11.893779,seed54142.png
-4.166907,19.807896,seed54143.png
12.332237,16.192694,seed54144.png
5.1549134,-4.2567825,seed54145.png
-0.26121807,5.1234303,seed54146.png
29.429749,24.383125,seed54147.png
-8.124079,-22.46143,seed54148.png
-28.652075,2.4323537,seed54149.png
-30.728876,16.610582,seed5415.png
-10.118067,-7.957345,seed54150.png
-3.5670989,-12.665534,seed54151.png
30.965567,10.335448,seed54152.png
-25.014761,12.5813465,seed54153.png
8.453374,24.360188,seed54154.png
-32.487103,19.336714,seed54155.png
-22.09652,-28.280787,seed54156.png
9.430732,-27.835339,seed54157.png
32.520844,10.35265,seed54158.png
-18.71503,1.2157179,seed54159.png
-8.422589,-18.679756,seed5416.png
7.5042844,-25.524366,seed54160.png
28.081276,16.296646,seed54161.png
27.888433,27.251225,seed54162.png
4.5439625,-21.972836,seed54163.png
14.427621,-3.8071105,seed54164.png
2.9468515,-30.868656,seed54165.png
33.09779,15.493762,seed54166.png
17.012018,24.733816,seed54167.png
-14.411515,-8.506684,seed54168.png
-16.866447,-19.402733,seed54169.png
-1.7722732,-15.898834,seed5417.png
9.317748,8.987328,seed54170.png
-12.723546,-27.87883,seed54171.png
-21.273752,-14.996339,seed54172.png
-21.01111,-18.717299,seed54173.png
-6.8119006,5.7187486,seed54174.png
28.777958,24.681507,seed54175.png
33.089115,8.946111,seed54176.png
-22.373243,19.494505,seed54177.png
-16.961226,-29.378561,seed54178.png
12.554757,-36.106426,seed54179.png
-15.16568,-7.140308,seed5418.png
33.650917,16.21541,seed54180.png
-17.38581,-8.39709,seed54181.png
-1.0736638,-4.585441,seed54182.png
7.03824,-8.647745,seed54183.png
-16.841059,-3.3485875,seed54184.png
-1.2580123,-5.463476,seed54185.png
31.659632,18.526178,seed54186.png
-27.913063,21.586544,seed54187.png
-34.62606,21.349966,seed54188.png
19.599045,23.656387,seed54189.png
-21.35469,-27.501295,seed5419.png
-1.9540296,-25.410051,seed54190.png
-14.4690275,-8.544148,seed54191.png
29.108797,16.347363,seed54192.png
8.542626,15.668257,seed54193.png
-12.821186,-14.814218,seed54194.png
-19.775562,-25.780397,seed54195.png
-2.4232788,20.946924,seed54196.png
-24.309492,11.251744,seed54197.png
17.41912,13.0986,seed54198.png
-0.057639934,-23.522024,seed54199.png
0.73658746,-5.2515917,seed5420.png
-23.223518,20.301754,seed54200.png
19.043787,14.023348,seed54201.png
14.505527,23.527702,seed54202.png
11.441116,-26.56661,seed54203.png
-7.774939,-19.59816,seed54204.png
-15.801119,-0.23241992,seed54205.png
34.356922,17.878038,seed54206.png
-33.066395,3.0704725,seed54207.png
-20.202724,-18.536324,seed54208.png
15.639955,-2.1936336,seed54209.png
24.8414,0.110852234,seed5421.png
21.194738,12.005756,seed54210.png
-19.527546,2.8523197,seed54211.png
10.19366,15.1381235,seed54212.png
-21.716002,19.04005,seed54213.png
26.428135,5.5144224,seed54214.png
14.577085,-34.097015,seed54215.png
-13.645523,-5.5382123,seed54216.png
-18.190998,-21.206245,seed54217.png
22.935928,14.2528515,seed54218.png
-34.100636,9.727766,seed54219.png
-0.7951396,24.865702,seed5422.png
-19.826586,-8.1611395,seed54220.png
3.2553046,2.4155788,seed54221.png
21.927076,-4.443159,seed54222.png
19.987616,4.1099715,seed54223.png
26.0131,16.340612,seed54224.png
36.089172,22.493538,seed54225.png
-11.621028,-26.766394,seed54226.png
-10.028791,-23.659178,seed54227.png
-13.414269,1.7710801,seed54228.png
-8.267107,-4.3420615,seed54229.png
8.260164,-40.943737,seed5423.png
-0.6128176,-13.115367,seed54230.png
18.864853,15.812895,seed54231.png
31.435257,27.892483,seed54232.png
-13.845528,-1.9458209,seed54233.png
-23.728806,14.158822,seed54234.png
18.469242,-5.7367067,seed54235.png
35.23512,4.809751,seed54236.png
-28.750242,13.3218,seed54237.png
34.312428,10.1001625,seed54238.png
11.237877,-34.577793,seed54239.png
18.62576,14.162647,seed5424.png
9.026704,-42.122265,seed54240.png
-24.345125,3.6869016,seed54241.png
6.271474,8.124489,seed54242.png
10.121971,21.568756,seed54243.png
14.178431,-1.66132,seed54244.png
26.873672,22.411509,seed54245.png
10.975046,1.9183514,seed54246.png
4.437449,-36.108395,seed54247.png
7.764508,-3.2215762,seed54248.png
-1.4001099,21.983685,seed54249.png
3.2314816,-7.9984837,seed5425.png
26.139286,-0.45677418,seed54250.png
2.0920084,-28.97534,seed54251.png
37.412083,21.511408,seed54252.png
-17.51727,0.95451415,seed54253.png
-38.47885,13.547484,seed54254.png
14.44064,25.480515,seed54255.png
-17.13588,0.8822877,seed54256.png
18.238659,8.152037,seed54257.png
-0.7982495,23.951937,seed54258.png
12.100495,5.8442225,seed54259.png
0.44158515,-23.777235,seed5426.png
-22.302881,-16.149647,seed54260.png
-19.413471,10.947733,seed54261.png
-1.0776274,-14.92678,seed54262.png
-26.131937,-5.6946864,seed54263.png
-17.736519,-16.792604,seed54264.png
-26.92538,17.673964,seed54265.png
27.372704,9.42201,seed54266.png
-12.583736,-5.979421,seed54267.png
-12.451696,-20.859514,seed54268.png
-16.22625,3.5345023,seed54269.png
19.073599,-3.5870461,seed5427.png
3.2591915,3.3243089,seed54270.png
31.68291,6.4267015,seed54271.png
-7.654467,-16.096548,seed54272.png
19.98878,14.199766,seed54273.png
-16.839828,-12.629968,seed54274.png
3.4085035,-0.0332852,seed54275.png
12.963525,-10.730754,seed54276.png
18.443253,24.10193,seed54277.png
35.55698,14.217361,seed54278.png
5.1893106,-35.37337,seed54279.png
-25.73293,21.31314,seed5428.png
11.115103,7.067389,seed54280.png
0.33464032,-24.692572,seed54281.png
11.394343,25.885101,seed54282.png
37.005844,17.404402,seed54283.png
17.46744,-9.51484,seed54284.png
-23.284319,-25.009161,seed54285.png
-31.736588,25.040247,seed54286.png
35.94679,8.222914,seed54287.png
22.227776,0.69624007,seed54288.png
-25.598045,-0.3683819,seed54289.png
31.089497,25.316332,seed5429.png
17.267664,-35.081566,seed54290.png
-27.364784,3.9789488,seed54291.png
16.916111,-6.615106,seed54292.png
27.12468,12.915582,seed54293.png
-9.52684,-11.981271,seed54294.png
-12.466067,-0.5329315,seed54295.png
-20.05345,-27.14337,seed54296.png
-38.429287,26.003298,seed54297.png
-33.047905,13.301293,seed54298.png
12.897048,-3.8764145,seed54299.png
-32.712303,18.463537,seed5430.png
10.437207,5.5676622,seed54300.png
20.95969,18.321753,seed54301.png
-20.19604,17.721601,seed54302.png
23.828388,-5.296382,seed54303.png
23.788204,19.61054,seed54304.png
16.48074,1.9146626,seed54305.png
-7.3363633,-9.767058,seed54306.png
-10.2156515,-9.939449,seed54307.png
35.253456,15.579691,seed54308.png
13.225748,-40.619198,seed54309.png
-2.3726907,24.36726,seed5431.png
5.5985928,-35.744705,seed54310.png
11.2941675,-31.706148,seed54311.png
22.220137,-1.8443233,seed54312.png
22.654327,13.99566,seed54313.png
-2.9714363,-14.348934,seed54314.png
-8.017402,12.638431,seed54315.png
4.5206895,10.671383,seed54316.png
-32.411823,19.021397,seed54317.png
27.523726,19.96415,seed54318.png
5.1191134,-31.157398,seed54319.png
-1.5463532,-14.730104,seed5432.png
10.632636,-6.4633536,seed54320.png
3.4836133,14.209659,seed54321.png
-22.128412,-25.293337,seed54322.png
27.822613,23.972994,seed54323.png
5.040931,16.361895,seed54324.png
-31.58744,-10.673472,seed54325.png
-26.725424,10.1763,seed54326.png
-2.3151715,24.660128,seed54327.png
-6.7772894,9.626624,seed54328.png
37.72058,22.52002,seed54329.png
34.281197,9.178541,seed5433.png
-6.8572974,-21.269861,seed54330.png
30.682304,20.575834,seed54331.png
4.1943855,-34.29944,seed54332.png
15.268035,15.380854,seed54333.png
22.456535,24.958765,seed54334.png
6.0995026,-8.658375,seed54335.png
31.984417,5.152346,seed54336.png
34.357876,1.5803288,seed54337.png
-29.867607,4.865422,seed54338.png
31.536552,23.763784,seed54339.png
11.913707,0.10463264,seed5434.png
30.320814,15.936064,seed54340.png
-18.94669,0.08614797,seed54341.png
-5.2733784,18.222021,seed54342.png
13.141522,-2.0758321,seed54343.png
21.244696,18.856613,seed54344.png
36.815643,13.807641,seed54345.png
7.510103,-36.422985,seed54346.png
36.60081,19.518768,seed54347.png
36.20841,13.53075,seed54348.png
20.28851,8.176432,seed54349.png
6.338504,25.332811,seed5435.png
6.678956,8.119323,seed54350.png
27.095825,6.6691413,seed54351.png
-8.776064,-11.672223,seed54352.png
-23.595024,-21.60583,seed54353.png
20.342781,0.37481984,seed54354.png
27.549906,3.8919806,seed54355.png
12.528855,-42.193264,seed54356.png
-10.968621,-26.898817,seed54357.png
4.8437853,-39.90714,seed54358.png
-33.412235,26.618376,seed54359.png
14.20297,-34.89916,seed5436.png
-26.594223,-9.07826,seed54360.png
5.6491866,14.019219,seed54361.png
6.459234,6.2018385,seed54362.png
0.86914474,-16.122425,seed54363.png
-9.677074,4.534923,seed54364.png
-3.6161342,-16.269276,seed54365.png
-19.46622,9.3123,seed54366.png
-20.919788,18.54707,seed54367.png
19.554548,-7.9150352,seed54368.png
32.113457,2.7277052,seed54369.png
19.4833,20.844866,seed5437.png
28.003576,20.067024,seed54370.png
-18.950897,3.8928113,seed54371.png
-32.065575,-5.507319,seed54372.png
-24.594847,-14.158004,seed54373.png
37.851925,23.661959,seed54374.png
-25.355656,16.391502,seed54375.png
10.316549,-1.591757,seed54376.png
17.727919,13.799866,seed54377.png
6.057358,-29.858631,seed54378.png
37.744446,21.84845,seed54379.png
15.638474,4.7602663,seed5438.png
-18.256077,-19.8165,seed54380.png
39.471565,15.471591,seed54381.png
-31.429712,-2.0145452,seed54382.png
7.2658978,12.392365,seed54383.png
-2.3935645,-14.732413,seed54384.png
-9.13257,2.2683392,seed54385.png
14.991825,-33.490154,seed54386.png
-17.342558,-28.48858,seed54387.png
27.715881,-4.220185,seed54388.png
-21.387335,13.959328,seed54389.png
-14.2337675,-10.622616,seed5439.png
4.8911433,6.1139193,seed54390.png
-15.796695,-1.8329393,seed54391.png
-20.558254,3.8138165,seed54392.png
30.25185,9.659827,seed54393.png
-27.124512,13.817208,seed54394.png
4.7573357,-33.714302,seed54395.png
36.487457,25.117981,seed54396.png
-15.397976,-18.290066,seed54397.png
20.532902,3.657654,seed54398.png
29.396238,6.9095554,seed54399.png
34.16617,18.795328,seed5440.png
19.235334,9.679331,seed54400.png
10.972134,-8.675893,seed54401.png
-14.653832,-20.323004,seed54402.png
17.506111,15.954687,seed54403.png
-23.770811,-21.42622,seed54404.png
-32.789722,21.801113,seed54405.png
19.836145,12.437295,seed54406.png
-25.464787,18.29194,seed54407.png
36.541115,24.083807,seed54408.png
8.109395,-6.591741,seed54409.png
-24.759342,-12.120204,seed5441.png
-29.617697,18.465574,seed54410.png
4.4416704,-32.699543,seed54411.png
13.781624,-40.16259,seed54412.png
10.003797,-2.164493,seed54413.png
2.138849,20.046616,seed54414.png
-22.615934,18.487465,seed54415.png
-19.331722,-4.897928,seed54416.png
-15.874204,0.9480668,seed54417.png
6.8790226,-9.157745,seed54418.png
-22.804134,-12.821389,seed54419.png
-30.72561,8.918511,seed5442.png
30.76041,3.7089472,seed54420.png
12.930537,1.2369431,seed54421.png
19.856524,-2.9924295,seed54422.png
12.739958,-9.175497,seed54423.png
26.060452,12.6845455,seed54424.png
25.899137,0.12201148,seed54425.png
8.323874,-39.32662,seed54426.png
-25.721436,-4.2643943,seed54427.png
-17.413492,-4.101617,seed54428.png
-23.406158,5.460294,seed54429.png
27.605598,6.6414943,seed5443.png
16.288618,8.966556,seed54430.png
28.794157,26.127502,seed54431.png
32.83751,10.278011,seed54432.png
-22.71198,-9.834504,seed54433.png
-11.205037,-7.318937,seed54434.png
7.783038,-34.97069,seed54435.png
-22.205103,13.706855,seed54436.png
12.920908,5.117122,seed54437.png
-15.275286,-11.755116,seed54438.png
29.07349,24.48181,seed54439.png
-33.65659,-9.246611,seed5444.png
1.317636,-12.445971,seed54440.png
-18.509974,-20.469444,seed54441.png
-9.978663,-20.679176,seed54442.png
40.669964,17.512484,seed54443.png
-16.570787,-14.109736,seed54444.png
11.851988,-40.28325,seed54445.png
-20.840439,-10.025264,seed54446.png
12.506151,26.96513,seed54447.png
11.692692,-34.14582,seed54448.png
-26.222984,-17.45766,seed54449.png
29.605368,10.610135,seed5445.png
10.301677,26.576193,seed54450.png
-31.057837,2.3700135,seed54451.png
7.865489,10.525135,seed54452.png
-7.4615874,-11.801715,seed54453.png
-8.292403,-12.963953,seed54454.png
19.377188,-4.4033923,seed54455.png
-34.08765,2.7727232,seed54456.png
26.646538,20.456188,seed54457.png
-11.887994,-24.927267,seed54458.png
-2.0640712,-11.6909685,seed54459.png
-27.049467,10.228676,seed5446.png
17.807146,1.0293326,seed54460.png
-1.0599325,-10.54035,seed54461.png
-18.953358,2.491726,seed54462.png
-11.070389,-9.482061,seed54463.png
3.305264,-8.493969,seed54464.png
8.118362,15.50214,seed54465.png
-12.963129,-28.803139,seed54466.png
4.664461,4.950171,seed54467.png
38.66981,6.253269,seed54468.png
-18.236221,1.2374525,seed54469.png
-17.401844,10.0065975,seed5447.png
9.097327,-36.541634,seed54470.png
11.866249,4.7309594,seed54471.png
0.72223794,25.098343,seed54472.png
-23.604134,7.1627364,seed54473.png
-15.431678,-25.868536,seed54474.png
10.068776,13.130969,seed54475.png
-31.21104,-1.926119,seed54476.png
11.965001,7.6047873,seed54477.png
-19.686867,17.678015,seed54478.png
19.297234,1.8431629,seed54479.png
-23.250969,-5.298546,seed5448.png
33.050407,25.978313,seed54480.png
17.618172,-8.970977,seed54481.png
9.679499,15.513259,seed54482.png
39.100796,17.92429,seed54483.png
7.716986,11.744317,seed54484.png
1.3950907,0.07626807,seed54485.png
-18.596361,-21.181334,seed54486.png
-34.80915,21.083565,seed54487.png
-2.8716407,9.165207,seed54488.png
13.77573,28.694576,seed54489.png
-18.11292,-15.320739,seed5449.png
18.324186,-3.539737,seed54490.png
-9.660477,-19.375175,seed54491.png
-0.0030057211,-4.610459,seed54492.png
-30.874165,13.454178,seed54493.png
30.485542,10.79976,seed54494.png
11.107952,28.486773,seed54495.png
-16.80749,-7.0696425,seed54496.png
-10.513625,-7.1378627,seed54497.png
5.43195,4.173153,seed54498.png
7.6546593,9.113502,seed54499.png
13.164867,25.747559,seed5450.png
22.955225,-0.20978655,seed54500.png
5.7508464,-7.2312074,seed54501.png
-28.50681,-19.69569,seed54502.png
7.0264,-29.352207,seed54503.png
29.438173,7.440704,seed54504.png
17.205397,26.10436,seed54505.png
18.023912,20.851217,seed54506.png
-22.19377,-0.60055864,seed54507.png
2.3810196,12.23107,seed54508.png
-12.437958,-0.13997209,seed54509.png
-23.900558,5.391972,seed5451.png
2.9444714,-21.198174,seed54510.png
33.84315,16.789576,seed54511.png
13.223288,-7.3813086,seed54512.png
22.675573,15.633586,seed54513.png
-30.70091,3.160687,seed54514.png
-20.033064,16.324623,seed54515.png
12.970519,12.594943,seed54516.png
38.085815,18.245735,seed54517.png
-25.199656,3.6710608,seed54518.png
-33.39744,15.634757,seed54519.png
-28.453789,12.759479,seed5452.png
-29.725742,13.865731,seed54520.png
-32.642006,20.165815,seed54521.png
-25.483027,-9.853743,seed54522.png
-33.000774,14.624238,seed54523.png
15.641601,20.97879,seed54524.png
-33.98,14.118834,seed54525.png
20.261127,12.462325,seed54526.png
-5.622988,-23.154287,seed54527.png
20.054731,-0.30578065,seed54528.png
-19.427002,-0.24518524,seed54529.png
8.082641,-3.3865366,seed5453.png
-16.31437,-9.607441,seed54530.png
12.583232,5.2680864,seed54531.png
19.289602,8.762095,seed54532.png
7.993121,-33.929802,seed54533.png
25.577826,8.051486,seed54534.png
26.042198,9.053371,seed54535.png
-33.161674,-3.965683,seed54536.png
9.683496,-33.404648,seed54537.png
-19.53988,15.512229,seed54538.png
13.670037,-5.5381446,seed54539.png
-8.777672,-7.2760277,seed5454.png
-24.385374,-1.8384696,seed54540.png
20.688522,10.116961,seed54541.png
15.406173,-35.6393,seed54542.png
31.738716,25.653734,seed54543.png
36.033405,14.288638,seed54544.png
-7.8659706,-10.288678,seed54545.png
-27.785944,5.937349,seed54546.png
18.201159,2.9408727,seed54547.png
-35.05908,-1.3882481,seed54548.png
36.422062,17.442442,seed54549.png
19.77073,22.46457,seed5455.png
-0.84756976,17.879288,seed54550.png
13.498992,1.1106645,seed54551.png
14.354877,-39.78453,seed54552.png
19.172392,-3.437195,seed54553.png
17.386806,23.999216,seed54554.png
-9.1929455,-12.701115,seed54555.png
-1.0716225,19.163303,seed54556.png
-33.452045,9.339037,seed54557.png
34.44218,11.705274,seed54558.png
-37.852592,25.91389,seed54559.png
16.70197,11.293712,seed5456.png
-36.64515,10.633696,seed54560.png
-24.884022,-9.925967,seed54561.png
22.247553,20.305223,seed54562.png
12.667608,-35.840164,seed54563.png
11.443604,-40.136105,seed54564.png
23.45277,20.067526,seed54565.png
21.452475,12.304333,seed54566.png
1.8593535,-4.1575403,seed54567.png
6.940999,-0.25751472,seed54568.png
-2.7185392,-0.7617435,seed54569.png
11.104119,-42.23706,seed5457.png
-9.160838,5.087427,seed54570.png
10.988353,-0.01449631,seed54571.png
-17.565987,-12.514313,seed54572.png
-31.318617,-11.215513,seed54573.png
20.980522,14.09363,seed54574.png
-21.182095,10.643313,seed54575.png
11.414199,-29.431126,seed54576.png
-15.716414,-24.347923,seed54577.png
-33.70861,25.51643,seed54578.png
10.861995,21.546783,seed54579.png
-8.209718,-8.506822,seed5458.png
-4.183286,9.08003,seed54580.png
-20.722322,-10.50262,seed54581.png
28.80668,11.007342,seed54582.png
0.11808466,24.017586,seed54583.png
18.010157,24.13352,seed54584.png
-3.5094442,-14.232939,seed54585.png
-25.134886,-1.6229281,seed54586.png
-13.264334,2.4728663,seed54587.png
-26.433886,-13.834107,seed54588.png
-11.17397,-27.145744,seed54589.png
6.7235365,-5.6928544,seed5459.png
33.37101,16.909786,seed54590.png
20.092236,25.158327,seed54591.png
-3.4940372,-22.571606,seed54592.png
14.448876,3.031061,seed54593.png
17.976814,13.800628,seed54594.png
-34.17724,5.7108936,seed54595.png
26.72954,5.237306,seed54596.png
-34.806076,17.04672,seed54597.png
16.861595,0.2334259,seed54598.png
30.653316,28.484928,seed54599.png
24.475122,14.719232,seed5460.png
0.37024328,1.3766282,seed54600.png
-32.70077,-15.062294,seed54601.png
-0.20776755,2.8433864,seed54602.png
-32.11178,1.8064284,seed54603.png
21.243103,18.140213,seed54604.png
-4.405987,-11.291897,seed54605.png
19.984865,24.035698,seed54606.png
-0.056304697,-14.9277115,seed54607.png
-13.906301,-30.225565,seed54608.png
-22.050556,-19.022678,seed54609.png
14.724142,-2.650093,seed5461.png
-35.76628,9.7366705,seed54610.png
-22.290579,-13.376766,seed54611.png
-16.236715,-24.604555,seed54612.png
11.320415,-1.7280585,seed54613.png
-6.7249393,-21.52145,seed54614.png
17.228407,14.955629,seed54615.png
4.1188984,-26.722664,seed54616.png
34.66779,9.237719,seed54617.png
31.108685,10.898098,seed54618.png
-6.646786,-21.082895,seed54619.png
1.593227,-11.4430685,seed5462.png
37.77135,11.243281,seed54620.png
4.503948,16.528622,seed54621.png
-23.140202,8.909112,seed54622.png
-17.238045,3.4538095,seed54623.png
-28.520458,-13.87164,seed54624.png
-5.3392186,18.623718,seed54625.png
-29.173725,13.562173,seed54626.png
-27.911343,13.129763,seed54627.png
15.600831,-35.724995,seed54628.png
-22.27854,-4.666731,seed54629.png
-9.997132,-10.164899,seed5463.png
-27.934942,-15.547049,seed54630.png
26.153624,10.718421,seed54631.png
14.699197,-31.657648,seed54632.png
-15.612429,2.5234802,seed54633.png
-30.302927,-13.061083,seed54634.png
-0.21041109,25.115643,seed54635.png
-23.777336,-4.826338,seed54636.png
9.4035845,29.264261,seed54637.png
-20.473557,-17.870169,seed54638.png
-2.9706473,22.317318,seed54639.png
12.818249,21.23657,seed5464.png
17.108149,-34.81215,seed54640.png
29.03553,30.10914,seed54641.png
24.993305,-5.2377825,seed54642.png
-16.838743,-16.701712,seed54643.png
37.548367,9.043849,seed54644.png
34.85129,27.079685,seed54645.png
-24.002031,8.125782,seed54646.png
-18.245636,-19.42863,seed54647.png
14.122514,-27.095697,seed54648.png
11.160101,12.582659,seed54649.png
9.742214,-41.048145,seed5465.png
-23.150879,12.564148,seed54650.png
22.502956,26.106493,seed54651.png
-6.575255,11.1678,seed54652.png
-27.738932,14.438904,seed54653.png
-18.862877,-12.835331,seed54654.png
-36.35038,8.5814905,seed54655.png
11.063556,-40.776276,seed54656.png
-21.886185,-18.603992,seed54657.png
12.168941,-40.81573,seed54658.png
-8.19021,-20.693924,seed54659.png
-21.032455,6.2632074,seed5466.png
15.099348,17.03764,seed54660.png
31.055328,28.20143,seed54661.png
8.771618,-2.5173185,seed54662.png
-34.796837,26.810081,seed54663.png
12.674956,-33.047432,seed54664.png
-1.9418452,1.2842907,seed54665.png
-25.006113,10.165564,seed54666.png
-5.981259,18.631659,seed54667.png
-19.350016,1.9836382,seed54668.png
29.955877,27.913738,seed54669.png
-16.856255,-5.79057,seed5467.png
-24.06517,-7.749547,seed54670.png
-31.808289,-13.809437,seed54671.png
30.984211,28.292488,seed54672.png
10.780716,-28.362381,seed54673.png
19.020502,22.481493,seed54674.png
2.3792994,-13.389074,seed54675.png
36.193317,20.33972,seed54676.png
-31.566315,-4.493767,seed54677.png
11.398475,-38.60028,seed54678.png
39.06847,23.459759,seed54679.png
-30.205694,-6.0080066,seed5468.png
8.3441515,-6.1875196,seed54680.png
41.342243,17.824331,seed54681.png
13.548,-36.009693,seed54682.png
35.58663,25.165558,seed54683.png
1.3286974,-5.497759,seed54684.png
10.196486,-36.86294,seed54685.png
17.470354,-7.1035147,seed54686.png
40.458263,17.048304,seed54687.png
9.780801,2.3805757,seed54688.png
-19.997932,-28.47265,seed54689.png
-34.99765,21.960955,seed5469.png
13.241211,10.304586,seed54690.png
-5.2912784,-9.628801,seed54691.png
-16.542013,0.2352818,seed54692.png
-8.82999,-20.539787,seed54693.png
-30.149965,24.429548,seed54694.png
-20.453175,-26.65534,seed54695.png
-27.743734,-4.2401433,seed54696.png
-14.224132,-17.64937,seed54697.png
7.043216,-40.44691,seed54698.png
10.061674,-2.6391494,seed54699.png
19.81132,27.094006,seed5470.png
28.402431,18.946661,seed54700.png
-24.115358,-6.6485534,seed54701.png
38.072666,16.151066,seed54702.png
28.849575,2.312558,seed54703.png
23.271425,16.108284,seed54704.png
7.564239,21.979242,seed54705.png
26.049604,14.962999,seed54706.png
-17.538488,-32.373405,seed54707.png
12.660652,-1.4746796,seed54708.png
-30.975307,18.53998,seed54709.png
2.4696777,10.808891,seed5471.png
-10.547519,-3.0927346,seed54710.png
-32.150566,17.962214,seed54711.png
-8.130209,-23.5456,seed54712.png
-27.68049,-10.3121,seed54713.png
20.094076,7.3514833,seed54714.png
16.813154,-7.1872315,seed54715.png
-1.1258457,-11.832419,seed54716.png
28.717463,-2.7860432,seed54717.png
20.29281,4.014034,seed54718.png
-11.379286,-20.263107,seed54719.png
29.093037,21.59691,seed5472.png
-24.771795,-11.709345,seed54720.png
-18.760056,12.531592,seed54721.png
-8.336643,4.4625816,seed54722.png
-20.935295,-8.233711,seed54723.png
14.164732,19.5376,seed54724.png
-21.11512,-18.487795,seed54725.png
-0.5697141,-16.747555,seed54726.png
9.388118,-28.154427,seed54727.png
6.951391,-29.28591,seed54728.png
17.083221,7.0368094,seed54729.png
13.059213,4.4727473,seed5473.png
9.695356,-23.869417,seed54730.png
8.983211,6.9025126,seed54731.png
20.579643,8.536463,seed54732.png
-2.5956938,-20.596695,seed54733.png
-25.996197,5.345321,seed54734.png
12.153931,-43.324005,seed54735.png
19.27148,22.618515,seed54736.png
7.766365,-1.6789632,seed54737.png
-37.878407,21.04252,seed54738.png
-35.418068,8.5590315,seed54739.png
-6.5511394,14.585949,seed5474.png
11.2947035,-6.260351,seed54740.png
-33.55427,8.342445,seed54741.png
11.604007,-39.97897,seed54742.png
13.799836,-36.200344,seed54743.png
8.371385,9.585141,seed54744.png
-24.783728,2.6127887,seed54745.png
32.41623,7.88711,seed54746.png
11.749205,-4.751649,seed54747.png
-16.117853,-19.164976,seed54748.png
-19.80438,5.0088654,seed54749.png
5.8677073,-10.151595,seed5475.png
19.172066,20.919724,seed54750.png
18.320707,16.375727,seed54751.png
-26.499546,11.504663,seed54752.png
16.776356,17.212488,seed54753.png
-31.673477,9.986379,seed54754.png
17.307226,24.10303,seed54755.png
-34.253414,-2.152885,seed54756.png
-13.010887,-30.368168,seed54757.png
27.95823,27.101797,seed54758.png
14.315582,-39.573364,seed54759.png
23.18036,11.234508,seed5476.png
-29.517185,-17.782051,seed54760.png
12.5662985,13.146572,seed54761.png
-17.883839,-18.043575,seed54762.png
17.961596,0.21944231,seed54763.png
-20.876963,-20.145716,seed54764.png
-6.6196346,17.81464,seed54765.png
12.434829,-0.37103036,seed54766.png
-10.285933,-5.364764,seed54767.png
-28.009111,3.6029048,seed54768.png
-25.052433,10.162721,seed54769.png
-15.921813,0.5729984,seed5477.png
-22.388157,-17.399752,seed54770.png
-16.745432,8.191115,seed54771.png
32.424187,22.822382,seed54772.png
-33.47624,20.783442,seed54773.png
-17.898224,-30.613981,seed54774.png
5.075272,23.727213,seed54775.png
18.345955,24.239405,seed54776.png
36.97003,8.166552,seed54777.png
-18.668875,-17.715118,seed54778.png
7.555685,14.365882,seed54779.png
-13.317133,-6.99409,seed5478.png
10.948411,-39.877743,seed54780.png
8.904538,1.6389784,seed54781.png
14.927685,-35.933887,seed54782.png
-32.237976,-2.2914357,seed54783.png
23.885717,22.754276,seed54784.png
-1.5481815,24.819164,seed54785.png
10.408532,24.769495,seed54786.png
33.330086,11.313603,seed54787.png
31.409172,17.887651,seed54788.png
-16.385262,13.521774,seed54789.png
20.580713,22.293804,seed5479.png
-22.890049,9.913134,seed54790.png
-15.790901,-16.501661,seed54791.png
14.646814,-29.98765,seed54792.png
-4.616148,0.6096577,seed54793.png
-20.986465,9.382445,seed54794.png
23.660381,21.601727,seed54795.png
23.732464,0.8720271,seed54796.png
-28.381721,-13.692621,seed54797.png
-22.045202,15.666097,seed54798.png
2.1635013,13.270471,seed54799.png
-19.404303,-2.549048,seed5480.png
19.490026,-2.3444378,seed54800.png
-7.8962836,-12.335595,seed54801.png
18.209623,10.430658,seed54802.png
-34.854576,16.602524,seed54803.png
14.273657,-33.119965,seed54804.png
-19.601322,-2.2043936,seed54805.png
25.587881,-1.4395962,seed54806.png
7.416561,-28.424541,seed54807.png
8.432902,24.747328,seed54808.png
-34.69178,11.030405,seed54809.png
-27.76884,-9.77928,seed5481.png
18.476074,26.981596,seed54810.png
-1.5754318,-18.478067,seed54811.png
12.733423,-2.2747355,seed54812.png
17.239796,2.8974557,seed54813.png
-3.1557806,17.271698,seed54814.png
11.154452,23.395977,seed54815.png
-19.671743,-29.248232,seed54816.png
-17.209156,-22.730757,seed54817.png
-27.178534,-21.426119,seed54818.png
8.452612,-4.7123456,seed54819.png
-2.290159,-11.9579,seed5482.png
10.626023,-15.25515,seed54820.png
-0.18121114,-15.98542,seed54821.png
-12.520441,-29.751945,seed54822.png
-2.5992763,11.393787,seed54823.png
15.434507,-35.100815,seed54824.png
-1.1872091,20.996553,seed54825.png
13.094706,-39.00048,seed54826.png
-26.302244,13.375202,seed54827.png
8.280639,-24.946037,seed54828.png
2.4120686,-31.009588,seed54829.png
13.143509,-37.96557,seed5483.png
5.650864,-33.444904,seed54830.png
-12.4770355,-29.45922,seed54831.png
33.371723,26.058983,seed54832.png
25.129215,18.230846,seed54833.png
-19.715988,17.514496,seed54834.png
-12.301125,-24.741177,seed54835.png
-19.782051,8.892799,seed54836.png
2.146715,13.429343,seed54837.png
11.501399,-41.83539,seed54838.png
14.626798,14.257215,seed54839.png
-32.136246,-3.6276948,seed5484.png
6.7101817,-37.30882,seed54840.png
14.48673,-14.583927,seed54841.png
-4.6011577,-12.575297,seed54842.png
-33.78636,8.65185,seed54843.png
-29.918549,15.17602,seed54844.png
-1.6340358,-23.839655,seed54845.png
12.946227,27.433437,seed54846.png
-21.806904,12.817838,seed54847.png
9.673198,11.087402,seed54848.png
10.820529,9.551647,seed54849.png
-32.79743,10.680619,seed5485.png
24.896832,-3.4381576,seed54850.png
-20.267353,-7.3864493,seed54851.png
-19.925064,9.007463,seed54852.png
-23.349232,-0.70181566,seed54853.png
-2.9622598,-17.629562,seed54854.png
5.639257,-3.7095208,seed54855.png
-34.565063,20.22011,seed54856.png
32.828197,26.73905,seed54857.png
18.210417,19.128042,seed54858.png
13.067368,25.654537,seed54859.png
12.3686285,3.7244735,seed5486.png
-16.068003,-4.365746,seed54860.png
-34.94984,26.848068,seed54861.png
-14.012114,4.7301373,seed54862.png
-25.320614,-6.94994,seed54863.png
20.296785,5.164007,seed54864.png
-16.155777,-19.775743,seed54865.png
9.276159,9.351176,seed54866.png
3.3767636,-23.870762,seed54867.png
-9.537462,-14.386104,seed54868.png
-32.068504,11.87752,seed54869.png
-7.767206,-21.894161,seed5487.png
-20.59604,-12.7289095,seed54870.png
1.6728743,24.61187,seed54871.png
-16.249905,-28.48885,seed54872.png
11.251726,15.2600765,seed54873.png
3.54747,-6.2455387,seed54874.png
-8.441751,-3.0330198,seed54875.png
2.2128332,-5.3096976,seed54876.png
-18.953262,-2.517857,seed54877.png
19.759436,26.04891,seed54878.png
-1.4156764,-11.945601,seed54879.png
3.341589,22.603306,seed5488.png
-3.148147,9.897539,seed54880.png
-15.828425,-29.831594,seed54881.png
-24.386696,-16.886545,seed54882.png
-18.520903,4.272341,seed54883.png
6.401924,-37.835625,seed54884.png
-30.09789,11.205546,seed54885.png
-20.227835,-4.197599,seed54886.png
-31.138607,0.8208702,seed54887.png
19.793146,26.09242,seed54888.png
2.2767003,16.1591,seed54889.png
-20.74576,-18.081089,seed5489.png
21.262348,22.107855,seed54890.png
-34.67507,25.541996,seed54891.png
-0.7277912,-14.497374,seed54892.png
-29.884897,-5.333656,seed54893.png
-32.235493,12.364982,seed54894.png
36.006786,17.888094,seed54895.png
16.680008,13.226963,seed54896.png
-12.455815,-12.6343775,seed54897.png
-28.208557,11.295363,seed54898.png
-22.777336,-27.341496,seed54899.png
14.821264,22.606108,seed5490.png
4.9860044,-29.74444,seed54900.png
-11.504394,-24.336185,seed54901.png
-28.356491,-16.332409,seed54902.png
37.354088,24.537455,seed54903.png
28.92228,18.664463,seed54904.png
12.050136,6.4453993,seed54905.png
27.62518,23.617548,seed54906.png
17.241539,8.871936,seed54907.png
30.555815,24.644617,seed54908.png
21.432117,18.384462,seed54909.png
-27.291033,-10.817645,seed5491.png
-16.74498,-16.654095,seed54910.png
15.830972,14.040484,seed54911.png
5.7366185,8.55975,seed54912.png
-18.18503,-16.9765,seed54913.png
16.023582,-34.00466,seed54914.png
18.234854,20.483557,seed54915.png
-27.612396,5.1768456,seed54916.png
-22.406246,-23.264307,seed54917.png
-12.539719,0.91535497,seed54918.png
-37.92503,13.899154,seed54919.png
10.502914,-27.701826,seed5492.png
25.17587,10.023779,seed54920.png
10.844131,-42.725372,seed54921.png
-32.29678,-8.554897,seed54922.png
14.882425,27.982492,seed54923.png
37.491734,24.540186,seed54924.png
5.5129685,6.580084,seed54925.png
4.8264666,-13.431065,seed54926.png
-17.770182,-20.14498,seed54927.png
-25.597902,11.928737,seed54928.png
-25.83521,6.767154,seed54929.png
21.805666,-8.282903,seed5493.png
-5.426779,-2.0294445,seed54930.png
28.65426,-1.2502705,seed54931.png
34.300457,24.681768,seed54932.png
4.296651,10.331211,seed54933.png
10.11655,12.551776,seed54934.png
12.710458,-36.16258,seed54935.png
16.472942,-34.48839,seed54936.png
14.6157,27.963173,seed54937.png
11.90194,4.258072,seed54938.png
-31.837015,17.080288,seed54939.png
-29.950739,-8.183052,seed5494.png
-32.067753,11.253277,seed54940.png
8.082842,24.314997,seed54941.png
-27.702848,-0.04793468,seed54942.png
25.712978,15.313633,seed54943.png
7.3019805,-36.309624,seed54944.png
-33.49748,7.825107,seed54945.png
-27.908777,-11.510141,seed54946.png
13.148293,-1.3519455,seed54947.png
35.75355,22.835773,seed54948.png
-24.365803,-0.8588166,seed54949.png
23.663599,26.400963,seed5495.png
-3.062803,-15.222078,seed54950.png
23.796995,5.060601,seed54951.png
10.964728,-39.42438,seed54952.png
-16.827318,-10.318037,seed54953.png
-28.937508,6.5016384,seed54954.png
32.667637,2.7107272,seed54955.png
3.9055817,23.420588,seed54956.png
21.107664,14.725808,seed54957.png
27.321428,10.717891,seed54958.png
27.196323,-0.11217685,seed54959.png
15.782117,-5.323632,seed5496.png
6.9170966,14.724263,seed54960.png
14.201443,-5.058717,seed54961.png
-22.656187,-0.5622588,seed54962.png
5.8081927,-33.19117,seed54963.png
-7.584184,-22.628164,seed54964.png
36.649193,13.400537,seed54965.png
-36.088615,16.78969,seed54966.png
2.6492069,-3.912883,seed54967.png
11.682463,-41.091045,seed54968.png
-33.439163,26.552843,seed54969.png
6.62878,-38.671005,seed5497.png
13.596925,-36.82988,seed54970.png
-21.853865,-17.485477,seed54971.png
-29.353376,2.1125364,seed54972.png
4.120052,-15.238758,seed54973.png
3.4460902,15.962806,seed54974.png
-18.77348,-29.079031,seed54975.png
31.374502,15.233532,seed54976.png
29.577805,14.50858,seed54977.png
20.64791,22.90623,seed54978.png
-33.38757,8.695846,seed54979.png
10.42542,-31.04527,seed5498.png
-20.148882,6.2330203,seed54980.png
7.5274806,27.566471,seed54981.png
-22.940548,-10.477893,seed54982.png
-10.493018,-1.6559352,seed54983.png
-28.525885,15.365757,seed54984.png
15.408493,-10.465293,seed54985.png
36.601448,6.077165,seed54986.png
-28.092384,9.726107,seed54987.png
-21.804554,-1.3863994,seed54988.png
24.775099,19.315989,seed54989.png
33.460724,5.5822825,seed5499.png
12.610419,16.935934,seed54990.png
5.57106,-38.30678,seed54991.png
-36.030304,17.138632,seed54992.png
-20.611116,7.551495,seed54993.png
7.4954653,4.8526154,seed54994.png
-31.483498,13.239687,seed54995.png
3.6375597,-33.439495,seed54996.png
-17.09769,-28.58977,seed54997.png
-1.5153683,-12.637219,seed54998.png
15.209628,-38.12482,seed54999.png
27.878838,22.388456,seed5500.png
20.342709,25.321169,seed55000.png
-31.571068,25.86035,seed55001.png
6.880785,9.999122,seed55002.png
-34.633286,9.364728,seed55003.png
32.12669,7.077852,seed55004.png
-10.666986,1.7382387,seed55005.png
-16.322847,-28.861267,seed55006.png
0.7655486,16.71296,seed55007.png
-3.005971,-16.700804,seed55008.png
-31.803255,11.020044,seed55009.png
-24.26091,14.052558,seed5501.png
22.574467,18.39356,seed55010.png
13.006903,2.3164308,seed55011.png
24.662064,5.903331,seed55012.png
16.54815,10.642842,seed55013.png
0.59037787,23.484959,seed55014.png
2.5478537,3.9621773,seed55015.png
-11.221414,-2.511409,seed55016.png
37.499325,21.322723,seed55017.png
30.489573,10.010816,seed55018.png
-27.795174,-13.839308,seed55019.png
-29.495636,16.410822,seed5502.png
4.8861303,-19.382986,seed55020.png
11.088532,-36.76022,seed55021.png
13.722535,-41.555313,seed55022.png
30.991438,20.566023,seed55023.png
-33.024403,26.252094,seed55024.png
-18.39622,-18.509415,seed55025.png
-18.22569,-31.058414,seed55026.png
5.021105,7.3224072,seed55027.png
-20.214533,18.25745,seed55028.png
22.686674,-0.95243835,seed55029.png
-21.083818,10.669595,seed5503.png
33.44867,15.408285,seed55030.png
-21.743616,-9.316293,seed55031.png
-20.731667,-16.596643,seed55032.png
-23.567587,15.566261,seed55033.png
6.885264,-38.89415,seed55034.png
-1.5649807,-10.489721,seed55035.png
20.070951,-7.491583,seed55036.png
-10.798831,-0.40234897,seed55037.png
-12.509785,-29.463709,seed55038.png
36.997017,7.583815,seed55039.png
-5.6699915,-7.02976,seed5504.png
15.048672,-32.72518,seed55040.png
9.526952,-30.738361,seed55041.png
-16.629211,-27.537771,seed55042.png
11.674297,-3.346148,seed55043.png
-36.675663,24.457502,seed55044.png
20.453457,10.990218,seed55045.png
38.645943,20.027073,seed55046.png
6.2691,3.9278657,seed55047.png
26.831785,7.224554,seed55048.png
7.7751465,14.408058,seed55049.png
8.821862,-39.592667,seed5505.png
35.873787,20.22425,seed55050.png
-13.974973,-16.207756,seed55051.png
15.138158,21.929506,seed55052.png
7.8616743,-10.251798,seed55053.png
9.116964,19.817577,seed55054.png
33.133766,14.248302,seed55055.png
7.1813483,5.5550466,seed55056.png
-20.054148,-1.8186264,seed55057.png
32.315727,12.63801,seed55058.png
-19.85392,-2.2764442,seed55059.png
7.8697534,-34.11409,seed5506.png
7.369026,5.534946,seed55060.png
14.163919,11.812387,seed55061.png
-33.894844,2.2694526,seed55062.png
-28.42226,-18.83443,seed55063.png
22.326595,21.783243,seed55064.png
16.713333,-36.88902,seed55065.png
-19.92293,-27.43886,seed55066.png
4.259036,9.050746,seed55067.png
13.928285,-7.236095,seed55068.png
16.376902,-36.455173,seed55069.png
31.886986,12.429244,seed5507.png
-8.937249,-13.86061,seed55070.png
4.58059,7.1645126,seed55071.png
1.3509156,-5.4131937,seed55072.png
12.015723,18.182468,seed55073.png
13.672764,-10.205538,seed55074.png
-20.568998,-15.245849,seed55075.png
30.150042,29.886307,seed55076.png
-26.777779,-12.004525,seed55077.png
-5.454397,17.732351,seed55078.png
-22.281635,-21.792622,seed55079.png
-17.809124,-21.15192,seed5508.png
-17.701788,-5.9899163,seed55080.png
27.771313,0.5116735,seed55081.png
17.123835,21.682848,seed55082.png
38.099895,12.345631,seed55083.png
11.544556,-30.618837,seed55084.png
2.5258884,20.801573,seed55085.png
-21.887865,18.695389,seed55086.png
-34.33655,-10.031264,seed55087.png
24.958199,12.427096,seed55088.png
2.10792,-7.2158484,seed55089.png
-3.6263878,-15.531027,seed5509.png
-23.403389,-21.606873,seed55090.png
-8.208411,-21.235884,seed55091.png
4.811244,-33.028988,seed55092.png
-3.3567102,4.738691,seed55093.png
4.8872876,-29.438137,seed55094.png
15.041115,8.496518,seed55095.png
-33.34594,6.460225,seed55096.png
7.5238147,-34.714417,seed55097.png
-15.721332,3.4051592,seed55098.png
-23.421503,-16.53004,seed55099.png
-27.682821,1.411317,seed5510.png
10.221123,-8.322721,seed55100.png
-17.728539,3.8574884,seed55101.png
27.484415,4.3121405,seed55102.png
-4.2518716,-17.516914,seed55103.png
-34.625385,20.181166,seed55104.png
-4.7352877,-2.1987884,seed55105.png
-15.260018,2.5772812,seed55106.png
-8.755568,-5.873284,seed55107.png
-10.84793,-10.266467,seed55108.png
-20.594683,3.0068944,seed55109.png
35.88653,16.880259,seed5511.png
8.825724,-0.86742824,seed55110.png
-19.029015,-14.473668,seed55111.png
-17.789522,-22.514143,seed55112.png
31.620497,14.315102,seed55113.png
20.449385,15.670333,seed55114.png
29.01934,11.384727,seed55115.png
26.74925,23.132082,seed55116.png
9.338362,26.364632,seed55117.png
15.797422,12.057577,seed55118.png
12.408918,-35.409134,seed55119.png
5.554725,-6.02881,seed5512.png
-34.598076,27.766722,seed55120.png
26.008034,4.7127914,seed55121.png
-29.079233,1.7575784,seed55122.png
-9.849539,6.0389876,seed55123.png
30.313772,15.979082,seed55124.png
16.434233,17.528011,seed55125.png
-2.8546727,-15.784791,seed55126.png
-23.503338,11.628153,seed55127.png
-8.952227,-15.897864,seed55128.png
-36.028446,25.428312,seed55129.png
1.188252,20.419153,seed5513.png
15.264066,19.658644,seed55130.png
24.044872,6.5938735,seed55131.png
-13.907955,-21.12135,seed55132.png
16.702477,7.278599,seed55133.png
26.664534,-8.537888,seed55134.png
13.9946575,-37.863373,seed55135.png
3.8014407,-10.940269,seed55136.png
23.476635,2.9850278,seed55137.png
-7.738648,-20.349924,seed55138.png
-33.16867,17.679125,seed55139.png
12.4262705,-29.566584,seed5514.png
-17.288958,-18.294968,seed55140.png
3.4255183,19.80137,seed55141.png
-23.26848,13.954568,seed55142.png
-24.374132,17.022488,seed55143.png
-10.951956,-28.872105,seed55144.png
-16.193718,-8.096621,seed55145.png
28.729822,6.4871655,seed55146.png
25.32626,9.022854,seed55147.png
-12.4209385,3.544121,seed55148.png
11.130037,7.650081,seed55149.png
15.467793,15.222332,seed5515.png
3.7416542,-12.738694,seed55150.png
14.3274765,-32.732697,seed55151.png
37.74436,10.007285,seed55152.png
-5.448255,-18.253563,seed55153.png
8.576237,-30.195133,seed55154.png
10.65207,-40.559467,seed55155.png
24.49618,17.780731,seed55156.png
-15.383745,-28.66985,seed55157.png
26.241442,-5.308666,seed55158.png
-37.352413,6.7495112,seed55159.png
24.062918,14.567796,seed5516.png
-13.915421,6.009061,seed55160.png
13.5419035,-35.52565,seed55161.png
-32.28536,1.5366244,seed55162.png
-7.8491397,2.9361603,seed55163.png
-34.655117,-6.169345,seed55164.png
-6.9649534,-24.06664,seed55165.png
16.997906,-35.54159,seed55166.png
6.605201,-38.28349,seed55167.png
20.3481,18.83692,seed55168.png
37.908424,24.224836,seed55169.png
14.75893,-39.83925,seed5517.png
28.571096,11.530066,seed55170.png
-2.8453887,-22.66456,seed55171.png
37.550793,18.888103,seed55172.png
-15.058009,-10.966134,seed55173.png
4.083033,-19.478058,seed55174.png
6.6926713,0.6777571,seed55175.png
-20.010548,12.161858,seed55176.png
5.0081625,9.917646,seed55177.png
15.0609865,14.794788,seed55178.png
-11.857024,-28.33041,seed55179.png
-35.80042,9.993971,seed5518.png
29.019371,5.9239626,seed55180.png
-12.006699,-21.105606,seed55181.png
19.190279,19.169415,seed55182.png
-32.685757,-10.398284,seed55183.png
-15.5649185,-17.226156,seed55184.png
-23.688549,2.081363,seed55185.png
-28.743734,3.79117,seed55186.png
-21.343027,20.02506,seed55187.png
3.0059552,-7.217494,seed55188.png
0.8342052,19.137758,seed55189.png
10.912471,-42.347008,seed5519.png
-8.616157,-15.572359,seed55190.png
15.072441,-1.0671134,seed55191.png
-5.4464607,-24.187382,seed55192.png
-23.903505,5.0393114,seed55193.png
-15.513758,-16.290798,seed55194.png
15.808147,-32.644363,seed55195.png
10.199884,28.384377,seed55196.png
19.719866,7.628306,seed55197.png
-20.116861,10.737484,seed55198.png
-6.9107103,-7.403328,seed55199.png
-19.478334,-0.28576535,seed5520.png
11.331844,0.4257119,seed55200.png
10.951755,-41.13697,seed55201.png
-18.012259,-15.282726,seed55202.png
-15.472206,-18.785128,seed55203.png
0.76455146,12.105989,seed55204.png
-23.407087,4.0516853,seed55205.png
11.050831,-35.593494,seed55206.png
20.453882,13.487857,seed55207.png
-9.8621855,2.2798738,seed55208.png
31.984484,12.559395,seed55209.png
-22.454626,0.3217483,seed5521.png
-33.273117,25.21775,seed55210.png
-34.438553,5.4525943,seed55211.png
23.23826,-0.23178239,seed55212.png
-2.3304346,19.426567,seed55213.png
-30.692411,22.19472,seed55214.png
10.855801,-26.234324,seed55215.png
4.2987027,-34.86557,seed55216.png
-29.248869,6.875869,seed55217.png
12.053658,-25.12825,seed55218.png
7.4897356,4.7659225,seed55219.png
-23.823074,-2.2347064,seed5522.png
28.036064,-0.22270401,seed55220.png
22.597391,22.85148,seed55221.png
-6.182006,-4.0318913,seed55222.png
8.288479,-2.1923032,seed55223.png
24.839218,22.458334,seed55224.png
-32.06788,5.240888,seed55225.png
8.60948,25.994297,seed55226.png
22.67171,11.219668,seed55227.png
-23.71468,-25.999548,seed55228.png
9.041265,-4.2761335,seed55229.png
3.153578,8.606912,seed5523.png
15.407906,19.494972,seed55230.png
-19.027027,-0.91224205,seed55231.png
-33.647648,22.43821,seed55232.png
-36.358776,8.711912,seed55233.png
-30.400156,-2.7922938,seed55234.png
27.078337,27.77029,seed55235.png
13.930032,-8.91758,seed55236.png
35.951374,7.9566693,seed55237.png
7.201625,-7.445188,seed55238.png
26.394266,17.661491,seed55239.png
-21.742346,16.036354,seed5524.png
25.188604,20.857512,seed55240.png
14.649039,17.055494,seed55241.png
9.485274,4.5029545,seed55242.png
-12.28389,-15.898085,seed55243.png
4.3409715,7.2726626,seed55244.png
-8.46175,-0.57806695,seed55245.png
38.28673,16.12966,seed55246.png
12.484771,-42.113594,seed55247.png
4.474833,-6.2260156,seed55248.png
-19.45191,-8.811888,seed55249.png
-20.467194,-21.129473,seed5525.png
-16.44334,-25.142307,seed55250.png
33.934944,8.88103,seed55251.png
-28.899477,-8.0031805,seed55252.png
9.286391,-25.233273,seed55253.png
29.064693,21.80951,seed55254.png
-22.530212,8.3365,seed55255.png
17.233316,23.070751,seed55256.png
-27.19407,13.5468,seed55257.png
-9.884397,-21.068651,seed55258.png
-0.8266537,24.91202,seed55259.png
12.375962,-32.594925,seed5526.png
-12.803812,-17.214256,seed55260.png
28.137085,11.1921835,seed55261.png
-10.021479,-4.9368095,seed55262.png
4.1230063,-29.527184,seed55263.png
-19.849213,11.620503,seed55264.png
-27.419544,11.501027,seed55265.png
-23.642729,-2.9932194,seed55266.png
-28.944792,-6.0125923,seed55267.png
19.49053,18.410034,seed55268.png
37.298573,10.501729,seed55269.png
-20.606747,-20.680254,seed5527.png
28.133371,12.946463,seed55270.png
-32.888508,9.120836,seed55271.png
22.734938,14.274046,seed55272.png
3.4749475,2.5735722,seed55273.png
-24.095852,8.113506,seed55274.png
12.750571,12.519202,seed55275.png
-15.431658,-3.6183026,seed55276.png
-16.58421,-16.694355,seed55277.png
13.804328,-9.714475,seed55278.png
-0.742636,24.839012,seed55279.png
-10.22288,7.1645308,seed5528.png
31.183332,4.8436575,seed55280.png
10.264785,-42.519436,seed55281.png
33.19059,8.030429,seed55282.png
13.783765,-3.636471,seed55283.png
-22.070414,18.818447,seed55284.png
-3.5740898,-11.652083,seed55285.png
-26.967606,-15.628569,seed55286.png
20.01782,-0.6484392,seed55287.png
15.302075,-7.764958,seed55288.png
14.206495,25.512602,seed55289.png
10.257097,-32.9637,seed5529.png
33.58675,13.370206,seed55290.png
-29.85088,10.3531475,seed55291.png
-18.705147,-14.792778,seed55292.png
16.233572,13.5462885,seed55293.png
9.236358,19.515032,seed55294.png
-29.292772,-1.9342834,seed55295.png
4.6528964,-2.9703188,seed55296.png
34.21402,27.56114,seed55297.png
5.6298094,-23.702425,seed55298.png
10.606187,11.420727,seed55299.png
37.042572,6.2194242,seed5530.png
10.68586,-37.3091,seed55300.png
15.220623,3.8125188,seed55301.png
36.039272,11.841776,seed55302.png
-7.440908,-23.52206,seed55303.png
17.461575,1.3004781,seed55304.png
-1.1887368,5.4395847,seed55305.png
-34.383213,9.9135895,seed55306.png
9.338178,-37.58075,seed55307.png
26.7799,12.723222,seed55308.png
-14.209836,6.1956463,seed55309.png
9.7626,-27.89014,seed5531.png
38.34091,23.799145,seed55310.png
-34.67836,14.6417465,seed55311.png
-9.789291,-11.396377,seed55312.png
17.331509,26.245192,seed55313.png
9.133468,-23.803022,seed55314.png
-8.540783,-12.069003,seed55315.png
28.717178,11.4614315,seed55316.png
-25.418903,14.273233,seed55317.png
-34.014633,-3.1107025,seed55318.png
-31.451664,0.64707595,seed55319.png
2.694786,21.377419,seed5532.png
-11.357755,-29.255333,seed55320.png
-19.565847,-26.0863,seed55321.png
-27.782867,-3.9512076,seed55322.png
0.26518118,-2.7165067,seed55323.png
32.587692,26.185675,seed55324.png
10.444316,-9.639675,seed55325.png
-13.92822,-8.844714,seed55326.png
20.860792,1.7058042,seed55327.png
14.245648,-36.171253,seed55328.png
28.410559,26.390528,seed55329.png
-25.124916,-17.99787,seed5533.png
12.65058,1.2767249,seed55330.png
-28.044605,15.920369,seed55331.png
-27.550457,10.659995,seed55332.png
22.109043,14.84183,seed55333.png
14.904956,-35.564598,seed55334.png
13.886256,-37.438137,seed55335.png
-15.716045,-24.649399,seed55336.png
-5.5235553,-13.577271,seed55337.png
6.631186,18.47488,seed55338.png
22.829943,15.5887375,seed55339.png
6.0940113,-25.66777,seed5534.png
-35.23877,25.78399,seed55340.png
-13.836184,-16.356298,seed55341.png
-22.19908,17.152233,seed55342.png
-32.214558,24.102022,seed55343.png
0.9101655,7.333554,seed55344.png
23.350645,24.223953,seed55345.png
16.644854,-3.7095804,seed55346.png
-33.166927,16.625433,seed55347.png
4.666494,-35.131447,seed55348.png
30.193419,22.63513,seed55349.png
-23.334389,-8.75033,seed5535.png
15.815534,-31.816916,seed55350.png
40.39582,21.293844,seed55351.png
12.464149,3.2145631,seed55352.png
24.56129,17.462925,seed55353.png
39.669685,12.152585,seed55354.png
-13.9962015,-9.2687025,seed55355.png
-35.581745,24.961147,seed55356.png
38.541733,10.670434,seed55357.png
-20.131289,9.222645,seed55358.png
15.82061,-31.333296,seed55359.png
23.321138,-6.5455246,seed5536.png
-25.523376,-6.535556,seed55360.png
-29.80939,18.818123,seed55361.png
-0.67889756,1.9070317,seed55362.png
11.939724,-35.489716,seed55363.png
1.1841136,10.557695,seed55364.png
-17.088303,-8.840887,seed55365.png
-15.542237,7.349664,seed55366.png
4.637896,12.815925,seed55367.png
-11.262079,-14.332552,seed55368.png
12.31782,-27.506626,seed55369.png
6.1933227,-25.081104,seed5537.png
0.23123904,22.050268,seed55370.png
24.00155,21.76145,seed55371.png
35.783825,16.285835,seed55372.png
8.511947,28.882778,seed55373.png
38.42007,24.242645,seed55374.png
36.883266,24.881363,seed55375.png
-18.438448,-29.94012,seed55376.png
32.717953,26.565022,seed55377.png
3.8957117,17.01886,seed55378.png
5.599642,-24.522308,seed55379.png
18.221563,2.6871946,seed5538.png
17.556437,24.14239,seed55380.png
6.4681144,-27.470848,seed55381.png
-24.143196,-2.7538667,seed55382.png
-7.7443767,-18.004389,seed55383.png
20.210924,22.606907,seed55384.png
-26.285925,13.195584,seed55385.png
-13.158026,1.0520917,seed55386.png
13.158336,0.954271,seed55387.png
-31.85266,16.05336,seed55388.png
11.962484,0.88347745,seed55389.png
-18.398012,-26.216824,seed5539.png
-35.379265,12.353083,seed55390.png
-25.30646,-22.736975,seed55391.png
-0.16044407,22.427073,seed55392.png
15.191879,24.714561,seed55393.png
4.787464,21.200838,seed55394.png
0.5544653,-16.41099,seed55395.png
9.720387,-27.439228,seed55396.png
1.3906934,10.93357,seed55397.png
-4.8864207,16.329733,seed55398.png
2.5654557,-12.955394,seed55399.png
-34.914547,27.56021,seed5540.png
-35.076397,-3.7595913,seed55400.png
-2.60517,1.2747135,seed55401.png
14.2603855,-40.921383,seed55402.png
-33.70966,-6.2844834,seed55403.png
-9.648417,0.52206296,seed55404.png
-16.371174,-5.9665236,seed55405.png
2.2413213,16.444572,seed55406.png
14.373855,27.571386,seed55407.png
16.839437,23.231253,seed55408.png
37.336704,18.366713,seed55409.png
-21.783033,4.732928,seed5541.png
9.067659,24.991312,seed55410.png
-27.58817,-3.8664637,seed55411.png
13.9129715,22.811274,seed55412.png
-24.563255,-1.3681878,seed55413.png
12.264079,-42.03114,seed55414.png
-9.180235,-4.78347,seed55415.png
-15.81512,-16.11482,seed55416.png
-1.2393134,1.8253776,seed55417.png
-4.416733,-6.9429774,seed55418.png
6.5126348,-2.5471408,seed55419.png
-28.421436,7.4793553,seed5542.png
-8.633202,6.115183,seed55420.png
5.3166323,-26.325117,seed55421.png
-30.887064,15.955705,seed55422.png
6.2562113,-8.702982,seed55423.png
11.8317795,4.4073105,seed55424.png
-4.5403614,-23.982393,seed55425.png
-33.436733,25.868937,seed55426.png
31.479074,21.026533,seed55427.png
-21.772274,-19.03638,seed55428.png
20.807953,-10.676719,seed55429.png
7.237308,14.302086,seed5543.png
11.499839,-35.972202,seed55430.png
-22.807642,-26.79724,seed55431.png
-16.947626,-20.524284,seed55432.png
-32.283634,-13.193876,seed55433.png
34.447937,23.398357,seed55434.png
25.597075,24.459967,seed55435.png
2.637782,8.174352,seed55436.png
5.079208,-26.164082,seed55437.png
-36.6023,20.598171,seed55438.png
-24.884592,-20.602001,seed55439.png
9.466384,-28.792315,seed5544.png
-26.041374,15.267889,seed55440.png
38.379105,4.9419804,seed55441.png
15.691631,-4.022131,seed55442.png
-15.863005,-14.024528,seed55443.png
6.4905148,-27.673107,seed55444.png
5.900434,23.061249,seed55445.png
-17.552967,14.075263,seed55446.png
-16.681833,3.048559,seed55447.png
-35.41726,3.2253342,seed55448.png
34.45668,22.863813,seed55449.png
-33.51244,12.531667,seed5545.png
-0.5001482,-17.605555,seed55450.png
-33.334705,7.048963,seed55451.png
-31.31559,11.325457,seed55452.png
-16.397285,-7.205638,seed55453.png
34.750774,7.623555,seed55454.png
9.520249,-38.831318,seed55455.png
2.8830354,8.943937,seed55456.png
-29.864176,23.413101,seed55457.png
-34.877476,0.16457841,seed55458.png
2.5399334,-9.178052,seed55459.png
-6.1525326,-12.058288,seed5546.png
-22.061035,6.3441052,seed55460.png
-27.959917,-20.392448,seed55461.png
-21.405605,10.920411,seed55462.png
31.455986,26.160639,seed55463.png
34.285275,26.26978,seed55464.png
28.043776,13.904508,seed55465.png
24.369677,14.632084,seed55466.png
-32.77472,-10.256667,seed55467.png
1.5460731,17.491007,seed55468.png
-38.19032,13.743187,seed55469.png
-8.904178,-20.44625,seed5547.png
6.0842147,1.8333457,seed55470.png
5.2721567,-26.506762,seed55471.png
13.217146,-39.024925,seed55472.png
8.476555,-34.046352,seed55473.png
-17.682177,-9.193621,seed55474.png
-33.84316,-3.1556678,seed55475.png
-29.590502,-10.481636,seed55476.png
-27.961466,7.8946667,seed55477.png
-20.416111,9.599283,seed55478.png
13.783494,-10.276504,seed55479.png
12.836407,-40.31632,seed5548.png
-23.382437,9.37694,seed55480.png
14.349529,-32.213158,seed55481.png
30.562897,25.797203,seed55482.png
22.78792,26.92213,seed55483.png
30.987648,16.693169,seed55484.png
16.442102,-7.689323,seed55485.png
13.283926,-34.12656,seed55486.png
22.623901,13.929208,seed55487.png
6.6887407,7.737309,seed55488.png
21.073643,19.439384,seed55489.png
23.964252,15.443244,seed5549.png
5.7718167,-29.048143,seed55490.png
13.201976,6.5321283,seed55491.png
22.824886,22.288172,seed55492.png
16.201338,-36.081593,seed55493.png
-26.447044,11.226538,seed55494.png
4.9826174,23.628885,seed55495.png
3.3022122,-20.847609,seed55496.png
38.022736,19.243849,seed55497.png
-11.6857195,-14.999423,seed55498.png
12.269469,22.215117,seed55499.png
12.283344,-7.1217823,seed5550.png
-19.067217,-6.41843,seed55500.png
5.012709,-5.032234,seed55501.png
40.522778,20.273558,seed55502.png
2.1519656,10.475171,seed55503.png
16.221115,-3.0027294,seed55504.png
-16.271824,-18.791357,seed55505.png
33.19298,22.967646,seed55506.png
29.109467,16.459408,seed55507.png
33.74458,9.740393,seed55508.png
16.842562,9.242101,seed55509.png
30.231771,22.883337,seed5551.png
14.271256,1.4594545,seed55510.png
25.718376,-6.6816597,seed55511.png
4.4321175,-26.256851,seed55512.png
-23.559425,4.725414,seed55513.png
-20.9269,-17.741497,seed55514.png
35.738052,16.019001,seed55515.png
-16.283077,-8.0133295,seed55516.png
10.887063,-42.609783,seed55517.png
-18.678596,8.86392,seed55518.png
-26.773691,2.4678717,seed55519.png
30.04662,2.3747287,seed5552.png
-22.11418,-5.426949,seed55520.png
0.54615134,19.113255,seed55521.png
29.317867,29.943182,seed55522.png
3.0945292,0.7351243,seed55523.png
7.3903136,11.221875,seed55524.png
31.679623,11.63095,seed55525.png
3.2755156,24.437101,seed55526.png
-14.103166,-18.250595,seed55527.png
23.114569,4.9129734,seed55528.png
-14.566772,-23.358284,seed55529.png
17.918076,-5.5852127,seed5553.png
5.4063115,-24.987862,seed55530.png
14.596017,14.492078,seed55531.png
14.916048,8.974411,seed55532.png
18.617228,19.159262,seed55533.png
-15.031316,-22.051277,seed55534.png
-11.785524,-5.581947,seed55535.png
16.885277,6.9611425,seed55536.png
10.616932,11.097892,seed55537.png
13.057902,3.5266554,seed55538.png
-19.672127,-20.92744,seed55539.png
5.931381,5.8066335,seed5554.png
-5.3087435,1.0092613,seed55540.png
-35.974827,26.279526,seed55541.png
-21.870464,18.817923,seed55542.png
-33.97205,22.520765,seed55543.png
32.183342,16.735632,seed55544.png
7.5121946,7.0046396,seed55545.png
2.5075693,-0.47406974,seed55546.png
3.0067053,18.419834,seed55547.png
10.566124,-27.09157,seed55548.png
-34.001595,21.862103,seed55549.png
31.316172,22.71368,seed5555.png
-30.962133,6.5026946,seed55550.png
-32.55451,23.722578,seed55551.png
21.277224,11.295221,seed55552.png
-13.858766,4.5811844,seed55553.png
-32.917927,7.5155854,seed55554.png
10.252925,24.54699,seed55555.png
-9.684243,-13.963605,seed55556.png
0.4156324,-15.253187,seed55557.png
-25.715336,11.389658,seed55558.png
-20.452568,-21.78432,seed55559.png
-30.444115,1.1128709,seed5556.png
-16.68919,11.275608,seed55560.png
41.307564,20.303432,seed55561.png
-10.930348,-12.713776,seed55562.png
-0.7738498,23.879833,seed55563.png
35.21312,17.913923,seed55564.png
-29.830185,7.2848845,seed55565.png
-36.12577,15.191855,seed55566.png
19.67949,12.538604,seed55567.png
9.57239,12.865447,seed55568.png
-28.96449,11.600669,seed55569.png
-31.12436,-7.008881,seed5557.png
-27.200575,8.493863,seed55570.png
10.812018,-37.75593,seed55571.png
-13.089788,-3.582405,seed55572.png
-22.65977,-15.975416,seed55573.png
11.990777,22.251469,seed55574.png
8.485192,10.454254,seed55575.png
-28.768192,-7.894059,seed55576.png
11.696274,-37.38353,seed55577.png
12.053852,-30.363483,seed55578.png
-26.476767,-2.3854263,seed55579.png
-30.544695,14.015694,seed5558.png
-27.680258,9.468799,seed55580.png
-34.116875,7.7355757,seed55581.png
-33.683846,12.749521,seed55582.png
5.7645583,-26.374193,seed55583.png
-12.413411,-18.469526,seed55584.png
28.96766,19.13453,seed55585.png
2.3630607,5.965575,seed55586.png
-17.239368,-8.447376,seed55587.png
20.206148,-4.3882275,seed55588.png
14.738586,-38.701756,seed55589.png
-7.8316593,-10.98359,seed5559.png
-0.82407427,24.687864,seed55590.png
-4.8443217,-11.447218,seed55591.png
5.501624,-12.205278,seed55592.png
23.197493,-2.3567977,seed55593.png
6.1690655,18.015442,seed55594.png
8.6983185,7.550575,seed55595.png
-11.116211,-3.6635783,seed55596.png
34.416996,19.141287,seed55597.png
12.125382,-8.024686,seed55598.png
8.006103,-5.465238,seed55599.png
12.298781,-21.31283,seed5560.png
-22.472443,15.781959,seed55600.png
4.4941735,-36.01587,seed55601.png
-33.83364,22.927559,seed55602.png
-34.412983,15.090027,seed55603.png
-2.1466994,-17.502241,seed55604.png
14.159471,2.9346914,seed55605.png
-26.751589,-18.660309,seed55606.png
-21.68019,20.403217,seed55607.png
-29.47592,-12.196172,seed55608.png
14.162806,-35.71953,seed55609.png
11.978929,-1.8072871,seed5561.png
-16.63769,-8.780408,seed55610.png
-23.26325,-5.310264,seed55611.png
-27.195559,-11.240219,seed55612.png
-26.0414,-11.320317,seed55613.png
-12.466113,6.4804273,seed55614.png
-24.66862,-13.222285,seed55615.png
-10.589485,-22.673117,seed55616.png
-24.784826,-9.98584,seed55617.png
36.55305,24.843803,seed55618.png
18.62282,-6.5283704,seed55619.png
14.204787,-38.448524,seed5562.png
3.324671,14.678276,seed55620.png
-0.038655955,23.20437,seed55621.png
-21.119762,10.118714,seed55622.png
7.4444118,10.429032,seed55623.png
5.5676413,1.1391927,seed55624.png
16.085356,27.249157,seed55625.png
6.639612,3.080192,seed55626.png
30.836748,24.29516,seed55627.png
14.34938,20.307526,seed55628.png
-19.455555,-0.81806946,seed55629.png
-24.502811,-1.5292447,seed5563.png
-34.756725,20.457623,seed55630.png
-30.410393,21.852728,seed55631.png
-33.223854,12.275974,seed55632.png
-23.307535,-25.133171,seed55633.png
34.779495,10.5001135,seed55634.png
-20.30378,-27.389154,seed55635.png
15.015026,12.602699,seed55636.png
26.662323,11.840406,seed55637.png
6.6072445,21.847517,seed55638.png
-7.0207176,5.097573,seed55639.png
-14.117197,-26.866678,seed5564.png
31.408676,2.7783096,seed55640.png
-24.435757,-17.678751,seed55641.png
-20.256617,-20.64123,seed55642.png
-9.63076,-10.6872,seed55643.png
21.519058,-1.7250178,seed55644.png
-9.482909,-20.06422,seed55645.png
20.891958,22.202517,seed55646.png
7.252684,-30.391327,seed55647.png
-20.054605,-31.141476,seed55648.png
-23.395372,-22.408945,seed55649.png
-1.3559296,25.257103,seed5565.png
-17.06759,-28.698624,seed55650.png
-22.715685,-4.298256,seed55651.png
-27.90692,10.049991,seed55652.png
9.244238,8.657382,seed55653.png
14.920008,-31.56121,seed55654.png
34.984356,22.193087,seed55655.png
31.086487,11.005014,seed55656.png
19.189997,13.48072,seed55657.png
-17.133608,-27.38321,seed55658.png
-1.9561559,17.288887,seed55659.png
15.053513,25.238123,seed5566.png
3.6161673,25.851141,seed55660.png
14.240006,-8.73383,seed55661.png
-20.320786,10.617559,seed55662.png
32.176918,13.644565,seed55663.png
-6.3894725,-2.8870492,seed55664.png
-23.477287,-10.191135,seed55665.png
-8.955011,-13.106304,seed55666.png
15.4315605,23.10403,seed55667.png
11.68334,-41.20453,seed55668.png
-2.827373,-2.1778574,seed55669.png
25.89131,-0.01650466,seed5567.png
-8.458557,-19.336605,seed55670.png
10.511166,25.661152,seed55671.png
32.073006,23.8842,seed55672.png
14.380825,18.88229,seed55673.png
-25.109516,4.4052567,seed55674.png
-4.307996,-3.1676083,seed55675.png
-18.835384,5.9090385,seed55676.png
33.84483,15.33486,seed55677.png
-20.736021,-19.54644,seed55678.png
-33.71388,-8.252143,seed55679.png
-35.587566,25.334078,seed5568.png
-33.820324,-3.5392115,seed55680.png
14.161791,24.708984,seed55681.png
5.439158,16.932198,seed55682.png
-20.36826,7.6493754,seed55683.png
29.2399,15.533168,seed55684.png
-17.846094,-31.326027,seed55685.png
18.561846,-6.319524,seed55686.png
11.835586,-7.5559564,seed55687.png
14.808256,-34.367702,seed55688.png
21.34596,1.9017271,seed55689.png
3.4574413,17.82482,seed5569.png
18.196129,9.138297,seed55690.png
0.5973259,-14.281271,seed55691.png
12.858714,-6.631432,seed55692.png
35.22523,24.600765,seed55693.png
35.731094,20.233435,seed55694.png
6.086032,9.19423,seed55695.png
29.597614,21.0889,seed55696.png
-8.004472,-23.709656,seed55697.png
-13.471812,-22.907578,seed55698.png
13.636815,-0.97605944,seed55699.png
13.288321,8.461726,seed5570.png
-16.102623,2.6698518,seed55700.png
-15.165678,5.197664,seed55701.png
-26.771416,1.672563,seed55702.png
-31.82952,-6.5877433,seed55703.png
6.052071,-13.945386,seed55704.png
8.953146,-2.6415675,seed55705.png
7.521941,-31.764475,seed55706.png
-12.402055,-10.077074,seed55707.png
38.842934,8.996216,seed55708.png
-28.362597,11.046407,seed55709.png
-33.279995,22.68943,seed5571.png
15.394704,11.461591,seed55710.png
11.759671,23.950535,seed55711.png
-13.769956,-1.8403662,seed55712.png
16.434683,-6.6472764,seed55713.png
27.037495,13.641511,seed55714.png
-32.560333,-0.3402916,seed55715.png
-26.660585,5.420037,seed55716.png
21.505548,21.088106,seed55717.png
10.065547,4.623797,seed55718.png
-29.736568,17.483007,seed55719.png
13.712165,9.479561,seed5572.png
-32.608242,-9.225924,seed55720.png
29.546013,23.94091,seed55721.png
2.946225,16.273432,seed55722.png
-24.336267,-1.4337543,seed55723.png
32.040474,9.35225,seed55724.png
0.60595405,14.387881,seed55725.png
19.92355,8.595038,seed55726.png
16.864887,-9.240738,seed55727.png
-31.341211,18.913198,seed55728.png
15.660705,-32.579224,seed55729.png
9.667266,20.087658,seed5573.png
35.80089,16.097422,seed55730.png
-26.669058,4.841424,seed55731.png
-16.76005,-17.82465,seed55732.png
36.578724,16.8399,seed55733.png
27.08392,19.73895,seed55734.png
38.399532,21.330175,seed55735.png
-17.646463,12.108055,seed55736.png
18.051977,19.826183,seed55737.png
-29.015362,14.153911,seed55738.png
-23.539116,-23.110153,seed55739.png
24.58078,23.277407,seed5574.png
-11.062732,-26.308178,seed55740.png
-34.62794,12.889727,seed55741.png
18.907356,-7.332092,seed55742.png
16.306637,3.9593325,seed55743.png
24.3746,-0.01722861,seed55744.png
18.362974,18.439684,seed55745.png
-23.989628,-1.2145554,seed55746.png
-7.837876,-12.964028,seed55747.png
9.733019,20.409927,seed55748.png
-31.712343,1.7445451,seed55749.png
28.224121,7.6561975,seed5575.png
10.576519,24.531504,seed55750.png
-17.882217,-24.323748,seed55751.png
-18.46974,4.275551,seed55752.png
29.200325,27.019398,seed55753.png
-33.007477,18.616138,seed55754.png
2.0021574,9.972215,seed55755.png
-22.88189,17.506489,seed55756.png
14.8717375,-12.576911,seed55757.png
-15.407235,-24.940289,seed55758.png
-23.416553,-23.212835,seed55759.png
-35.665447,9.372311,seed5576.png
-18.383764,0.84182334,seed55760.png
8.214693,20.110537,seed55761.png
31.366879,29.873957,seed55762.png
-8.400791,-16.851013,seed55763.png
8.7063875,-40.025414,seed55764.png
-17.629984,-25.941391,seed55765.png
-8.3845625,10.904592,seed55766.png
-27.02446,1.0231496,seed55767.png
8.973342,-39.153545,seed55768.png
-24.950495,-13.673704,seed55769.png
11.891027,-42.75704,seed5577.png
-30.722261,22.001492,seed55770.png
-5.381014,15.330713,seed55771.png
-27.814247,7.7538185,seed55772.png
25.06659,17.38725,seed55773.png
14.38971,23.903048,seed55774.png
-37.173653,18.243334,seed55775.png
26.535572,-1.2330252,seed55776.png
23.363216,16.315674,seed55777.png
-18.554907,-14.842267,seed55778.png
-2.731613,-4.2164106,seed55779.png
19.472496,-2.3733733,seed5578.png
24.426676,-9.422162,seed55780.png
20.000422,8.950028,seed55781.png
13.585031,-0.64417315,seed55782.png
-28.16055,-2.5982323,seed55783.png
-19.655422,14.132586,seed55784.png
-33.937576,6.3946257,seed55785.png
-27.008802,10.623328,seed55786.png
12.559165,-29.853706,seed55787.png
-23.197279,-11.732791,seed55788.png
24.5638,2.3125713,seed55789.png
-24.692514,8.052531,seed5579.png
26.182571,19.630375,seed55790.png
9.662207,-10.445923,seed55791.png
-34.978024,-1.3968431,seed55792.png
10.246283,22.714521,seed55793.png
-27.52531,4.0581274,seed55794.png
10.205472,-3.2966757,seed55795.png
-25.691643,15.498624,seed55796.png
27.278862,26.3539,seed55797.png
-34.90565,23.973051,seed55798.png
-28.74181,-15.240401,seed55799.png
31.657076,3.7444825,seed5580.png
-19.920567,0.58476263,seed55800.png
8.417148,-21.872774,seed55801.png
0.20124964,19.784311,seed55802.png
21.56016,-7.9485393,seed55803.png
31.338026,25.848751,seed55804.png
33.4977,20.392237,seed55805.png
12.531065,23.599298,seed55806.png
-13.442995,-10.361043,seed55807.png
-20.236425,11.017117,seed55808.png
-20.971943,-19.962297,seed55809.png
25.693184,-1.6851364,seed5581.png
-33.241318,15.98902,seed55810.png
14.690076,26.45009,seed55811.png
-4.2662287,-17.801176,seed55812.png
5.3265443,-26.130444,seed55813.png
-17.954615,-20.079311,seed55814.png
16.946424,13.534263,seed55815.png
1.7525887,-0.8419395,seed55816.png
10.054404,-0.3765881,seed55817.png
30.418821,16.873106,seed55818.png
-10.833321,4.763487,seed55819.png
21.716646,18.854294,seed5582.png
31.847868,7.240153,seed55820.png
7.397846,18.037802,seed55821.png
5.8923173,-26.746574,seed55822.png
-14.9702425,-30.607971,seed55823.png
9.987082,-9.371792,seed55824.png
-22.667465,0.024146177,seed55825.png
9.124059,-36.448975,seed55826.png
-14.131137,8.383853,seed55827.png
17.842009,2.4691465,seed55828.png
2.0808127,-26.299778,seed55829.png
-22.063902,-10.198738,seed5583.png
-29.186983,-5.7824473,seed55830.png
39.959732,18.683704,seed55831.png
39.599346,14.560718,seed55832.png
-17.255976,-10.880872,seed55833.png
-22.489534,15.810793,seed55834.png
9.778804,-38.898903,seed55835.png
14.131937,-11.833996,seed55836.png
-36.55576,18.690529,seed55837.png
-27.175121,11.848487,seed55838.png
-10.56205,-12.53732,seed55839.png
21.08076,15.715115,seed5584.png
-21.396229,-28.841913,seed55840.png
33.461105,11.518456,seed55841.png
-25.02187,17.031273,seed55842.png
15.426001,-32.29263,seed55843.png
-36.52374,13.08413,seed55844.png
29.383293,17.854343,seed55845.png
25.263866,19.510067,seed55846.png
30.489857,0.47220805,seed55847.png
10.566068,-39.16808,seed55848.png
-30.582775,22.574978,seed55849.png
10.390028,-3.0316668,seed5585.png
15.559217,-36.750793,seed55850.png
5.859792,-30.593433,seed55851.png
34.15444,4.757169,seed55852.png
22.599829,12.60636,seed55853.png
0.79025173,7.665271,seed55854.png
13.935123,-1.182026,seed55855.png
-15.986042,2.6976042,seed55856.png
16.114412,27.269623,seed55857.png
14.342335,-2.8016183,seed55858.png
-18.93265,-18.909834,seed55859.png
17.177433,0.5298833,seed5586.png
8.059038,-7.4888816,seed55860.png
-18.928843,-6.797399,seed55861.png
13.830011,-35.236664,seed55862.png
0.5221368,22.900381,seed55863.png
9.721321,-41.99599,seed55864.png
27.40972,22.103233,seed55865.png
-7.3311987,-5.851659,seed55866.png
-31.340317,9.376443,seed55867.png
22.860231,13.127588,seed55868.png
1.0366312,8.894502,seed55869.png
-13.031262,-23.46604,seed5587.png
3.6427712,8.024872,seed55870.png
22.667696,-1.4920124,seed55871.png
-21.402283,-22.073215,seed55872.png
17.868446,-5.7029495,seed55873.png
27.99761,4.1700764,seed55874.png
-17.03124,-25.861042,seed55875.png
29.571714,5.884978,seed55876.png
12.417035,9.682254,seed55877.png
28.512629,12.395227,seed55878.png
12.594736,-36.457844,seed55879.png
20.746511,1.398035,seed5588.png
-6.776147,-16.394194,seed55880.png
-11.008559,-25.631504,seed55881.png
-34.352085,14.533816,seed55882.png
13.605298,13.121047,seed55883.png
-23.333385,9.194319,seed55884.png
37.332493,18.294092,seed55885.png
19.4119,21.693619,seed55886.png
19.692947,1.833827,seed55887.png
-10.3620615,-19.653673,seed55888.png
16.37773,-35.826588,seed55889.png
-23.385706,7.831909,seed5589.png
10.364762,14.679674,seed55890.png
10.713641,6.9807515,seed55891.png
-18.7595,-5.13286,seed55892.png
20.546364,-1.6211588,seed55893.png
21.844416,-6.307747,seed55894.png
37.903187,10.013079,seed55895.png
-32.865112,19.744171,seed55896.png
-19.43145,-2.7086802,seed55897.png
-31.242632,13.684886,seed55898.png
32.557384,25.909964,seed55899.png
-8.96725,1.462743,seed5590.png
-21.39227,-20.991423,seed55900.png
-1.9879928,-17.87366,seed55901.png
28.24263,9.975696,seed55902.png
20.615503,0.42614132,seed55903.png
-10.472041,-1.7695749,seed55904.png
27.48039,11.123036,seed55905.png
16.95026,-34.09446,seed55906.png
9.27245,-2.0751684,seed55907.png
32.624737,9.432478,seed55908.png
19.694063,3.0214152,seed55909.png
0.13740842,-22.96824,seed5591.png
-15.449011,-0.23573093,seed55910.png
30.236248,8.826301,seed55911.png
14.144545,-26.369942,seed55912.png
-1.203387,21.293741,seed55913.png
-26.214779,-17.924965,seed55914.png
-7.800801,-11.005364,seed55915.png
28.58403,19.45755,seed55916.png
-30.311209,15.707044,seed55917.png
20.321108,5.400557,seed55918.png
37.357918,10.559847,seed55919.png
0.80306566,22.845072,seed5592.png
-2.0650768,2.0047934,seed55920.png
-16.735725,-15.919034,seed55921.png
16.884365,20.120476,seed55922.png
19.187056,20.665236,seed55923.png
7.804846,3.3900003,seed55924.png
-17.020596,-31.292635,seed55925.png
-20.646065,-20.935783,seed55926.png
-13.298466,-4.7443867,seed55927.png
-29.976738,-0.72661144,seed55928.png
24.344757,19.640045,seed55929.png
-18.914988,-0.05278219,seed5593.png
-4.8592877,-16.998016,seed55930.png
-10.084647,-18.53612,seed55931.png
5.996254,16.072956,seed55932.png
35.60668,12.206596,seed55933.png
27.683151,6.502163,seed55934.png
-27.906944,17.322678,seed55935.png
-2.4042022,-10.139951,seed55936.png
-26.779144,2.3152547,seed55937.png
-1.0281808,24.180592,seed55938.png
23.67482,23.106606,seed55939.png
16.202734,-36.884956,seed5594.png
10.409777,28.990313,seed55940.png
10.8872595,19.23076,seed55941.png
8.668514,-6.2846994,seed55942.png
10.8154545,-38.862892,seed55943.png
-31.136162,-13.804202,seed55944.png
17.58732,4.054107,seed55945.png
-6.851749,3.7472131,seed55946.png
19.02442,23.237062,seed55947.png
-12.391006,-28.044214,seed55948.png
28.167763,26.048115,seed55949.png
16.579142,-34.773163,seed5595.png
-30.229359,23.109062,seed55950.png
12.948848,-3.1461236,seed55951.png
0.15075436,5.0352325,seed55952.png
15.589649,-38.477688,seed55953.png
17.29482,-6.138868,seed55954.png
-32.77868,2.608352,seed55955.png
37.578667,4.5410576,seed55956.png
33.70223,28.462904,seed55957.png
-13.863565,-14.766748,seed55958.png
-18.775883,-7.9101915,seed55959.png
19.709005,13.5456705,seed5596.png
17.935839,25.084908,seed55960.png
-7.06089,2.0648694,seed55961.png
11.597454,27.061514,seed55962.png
19.277864,1.0063323,seed55963.png
21.081156,-4.5472546,seed55964.png
19.604713,7.2520695,seed55965.png
12.787659,-38.185608,seed55966.png
5.3515477,19.63405,seed55967.png
21.278189,26.50116,seed55968.png
26.021217,-0.36854663,seed55969.png
11.213946,-23.444944,seed5597.png
34.710056,16.84544,seed55970.png
7.2759976,-36.33038,seed55971.png
6.695042,10.714353,seed55972.png
-19.877047,-10.010753,seed55973.png
-27.082054,1.646812,seed55974.png
-21.768564,-23.521835,seed55975.png
26.419626,-4.139184,seed55976.png
0.16604869,-17.410814,seed55977.png
16.83456,18.314089,seed55978.png
-10.868683,-0.026099587,seed55979.png
-17.989153,-24.32839,seed5598.png
-18.791075,-6.52263,seed55980.png
-6.1021023,-0.7628725,seed55981.png
19.180023,24.619226,seed55982.png
8.190413,5.789346,seed55983.png
-29.02725,-4.2136965,seed55984.png
-25.137514,-4.556227,seed55985.png
-20.26058,15.602154,seed55986.png
11.146024,8.208882,seed55987.png
6.783619,-37.30779,seed55988.png
6.253153,25.283602,seed55989.png
10.827837,-37.82276,seed5599.png
11.144695,23.017096,seed55990.png
-25.863358,11.31437,seed55991.png
-12.059296,-20.386806,seed55992.png
13.292049,22.69223,seed55993.png
34.73829,14.605669,seed55994.png
-26.02222,17.341137,seed55995.png
34.648483,24.782677,seed55996.png
-19.693094,-19.057272,seed55997.png
11.70785,-30.95,seed55998.png
-4.6246777,-28.28422,seed55999.png
-0.17918581,-3.3401606,seed5600.png
14.597608,-34.533974,seed56000.png
14.072664,21.593332,seed56001.png
14.647965,-9.931985,seed56002.png
-21.96738,-2.5770333,seed56003.png
33.644566,26.497501,seed56004.png
-18.268341,-10.5337925,seed56005.png
11.264792,-36.970516,seed56006.png
-5.070695,-4.984384,seed56007.png
-35.672436,6.9711866,seed56008.png
-32.713436,23.038692,seed56009.png
8.285664,12.167086,seed5601.png
-9.203667,-7.3096004,seed56010.png
10.384033,15.024551,seed56011.png
11.039812,27.553862,seed56012.png
-12.038287,-11.389636,seed56013.png
-37.230595,9.246691,seed56014.png
-32.180634,0.65438646,seed56015.png
17.71888,-2.6742375,seed56016.png
3.7139602,-34.308178,seed56017.png
26.146044,4.141227,seed56018.png
0.660133,-1.3603839,seed56019.png
9.300797,-39.376125,seed5602.png
12.503935,13.3874235,seed56020.png
16.008974,24.862057,seed56021.png
-4.1220202,-7.335154,seed56022.png
31.394419,5.4427195,seed56023.png
-20.730175,7.058882,seed56024.png
27.827795,7.8783627,seed56025.png
26.099054,26.270176,seed56026.png
2.3067632,15.280315,seed56027.png
22.57765,20.675148,seed56028.png
-19.792747,-17.822172,seed56029.png
-22.79052,18.286478,seed5603.png
2.843403,3.5724573,seed56030.png
-39.22463,12.634613,seed56031.png
6.0306673,-29.892986,seed56032.png
-33.346466,8.714281,seed56033.png
35.41727,15.432847,seed56034.png
-32.125423,10.292472,seed56035.png
11.84946,0.026736515,seed56036.png
4.0168967,-33.033195,seed56037.png
40.726852,18.943602,seed56038.png
-33.6725,-8.977178,seed56039.png
-18.982403,-10.326536,seed5604.png
-2.1528676,7.1731677,seed56040.png
5.0479674,21.809755,seed56041.png
12.884942,29.83824,seed56042.png
-18.074238,-4.0248375,seed56043.png
36.502544,17.122217,seed56044.png
-25.98584,-9.426883,seed56045.png
18.009758,18.060278,seed56046.png
-28.916433,-0.19700676,seed56047.png
0.03200176,-9.32676,seed56048.png
32.757103,10.064531,seed56049.png
7.847665,-8.962358,seed5605.png
-19.054047,2.5892622,seed56050.png
12.605533,-33.928078,seed56051.png
39.857613,18.208948,seed56052.png
35.171825,16.357582,seed56053.png
24.970222,-2.1324472,seed56054.png
13.8261,-2.463447,seed56055.png
5.5784664,15.044126,seed56056.png
-23.710638,-13.487863,seed56057.png
9.702379,9.305638,seed56058.png
-34.285057,-2.6294668,seed56059.png
35.42958,24.844427,seed5606.png
-30.967335,0.39136425,seed56060.png
-13.067713,-5.7457614,seed56061.png
8.287836,-30.418337,seed56062.png
-29.763424,-2.0892978,seed56063.png
6.0269227,4.978775,seed56064.png
6.60386,-34.684532,seed56065.png
-12.608471,0.436142,seed56066.png
-33.33544,23.223768,seed56067.png
16.426302,-36.458946,seed56068.png
35.884926,16.90213,seed56069.png
15.644756,-39.392357,seed5607.png
-23.48106,-26.597956,seed56070.png
-13.533455,-14.872805,seed56071.png
-14.536609,-26.607157,seed56072.png
-1.216858,16.823452,seed56073.png
-6.2958655,-3.8522904,seed56074.png
-28.567661,15.954369,seed56075.png
-20.265997,7.633516,seed56076.png
28.861996,14.214546,seed56077.png
-9.591968,-25.699545,seed56078.png
12.419848,-35.729965,seed56079.png
-20.31006,4.8903937,seed5608.png
7.034908,-29.146608,seed56080.png
-16.945415,-12.950975,seed56081.png
-25.234629,18.554695,seed56082.png
17.411472,-8.244148,seed56083.png
-0.92431337,18.626625,seed56084.png
22.20666,11.318448,seed56085.png
4.7768297,-22.861996,seed56086.png
-12.562709,-7.848575,seed56087.png
-22.210537,-31.027866,seed56088.png
-22.403088,2.43742,seed56089.png
-27.621382,3.7459235,seed5609.png
39.532623,22.76347,seed56090.png
5.287751,20.70539,seed56091.png
22.070065,16.194088,seed56092.png
-32.91629,22.806955,seed56093.png
-31.612103,15.499696,seed56094.png
-25.995543,18.516233,seed56095.png
-28.54697,-15.76575,seed56096.png
4.580918,1.5998255,seed56097.png
4.06909,-29.053816,seed56098.png
1.731528,12.317285,seed56099.png
-29.614542,-3.162326,seed5610.png
-0.30467653,4.7074027,seed56100.png
-30.42467,8.415275,seed56101.png
-15.027364,-3.4098158,seed56102.png
-4.0644183,-14.315943,seed56103.png
-32.467663,-0.7337436,seed56104.png
-19.932884,-25.82989,seed56105.png
-14.267885,-26.77135,seed56106.png
-17.076935,-5.210308,seed56107.png
-26.176352,-6.655249,seed56108.png
40.652496,23.270958,seed56109.png
-7.5959835,-25.21238,seed5611.png
21.324701,20.21269,seed56110.png
27.085094,-0.79017425,seed56111.png
38.411827,10.883715,seed56112.png
-29.923983,14.895102,seed56113.png
8.526178,8.770866,seed56114.png
-32.063625,21.370573,seed56115.png
13.038885,-36.092403,seed56116.png
-22.414083,-7.9162245,seed56117.png
-35.14972,10.720849,seed56118.png
-18.651003,-22.954128,seed56119.png
37.835636,16.140472,seed5612.png
22.524286,23.87536,seed56120.png
26.136663,20.34888,seed56121.png
12.944835,-40.564545,seed56122.png
-1.468779,24.236042,seed56123.png
-21.481869,19.035719,seed56124.png
4.192009,1.4501578,seed56125.png
-2.028561,19.911047,seed56126.png
-24.10729,-3.258835,seed56127.png
22.972155,-9.581935,seed56128.png
-25.032751,-1.2396164,seed56129.png
14.660724,-34.292854,seed5613.png
36.807964,16.269192,seed56130.png
-6.4236345,4.930422,seed56131.png
-21.651373,-28.103714,seed56132.png
13.083008,-0.8845463,seed56133.png
28.123663,3.810735,seed56134.png
-14.715626,-0.26378584,seed56135.png
22.690674,26.628004,seed56136.png
10.917462,-0.31745777,seed56137.png
-32.09378,-4.1907434,seed56138.png
39.463093,11.669754,seed56139.png
-35.655666,7.5348954,seed5614.png
-34.688095,1.0065665,seed56140.png
-22.47032,5.4112177,seed56141.png
15.757059,-9.598183,seed56142.png
26.967472,15.399931,seed56143.png
21.853947,-3.6436174,seed56144.png
-19.257063,-2.9926922,seed56145.png
11.516256,-42.778107,seed56146.png
20.936174,11.593895,seed56147.png
20.810968,4.883755,seed56148.png
22.116873,-8.845565,seed56149.png
4.686045,-16.69181,seed5615.png
-17.021194,-5.2636065,seed56150.png
37.081192,4.9068537,seed56151.png
-23.418962,-0.3471089,seed56152.png
12.854294,-29.723583,seed56153.png
30.879255,22.678299,seed56154.png
39.221745,15.253488,seed56155.png
18.249735,17.008705,seed56156.png
40.173065,21.259697,seed56157.png
16.98085,-36.429554,seed56158.png
13.106074,-41.380066,seed56159.png
-19.324371,-14.2974415,seed5616.png
10.643632,-33.34906,seed56160.png
-23.72477,-14.786668,seed56161.png
-8.839155,12.217012,seed56162.png
-19.613483,-22.140614,seed56163.png
37.865097,23.246883,seed56164.png
16.14847,-9.651913,seed56165.png
-18.447104,-19.907148,seed56166.png
-19.033916,-26.106699,seed56167.png
-17.673103,-14.737787,seed56168.png
5.081447,-25.486992,seed56169.png
-16.405846,-20.08038,seed5617.png
-24.57047,14.669207,seed56170.png
-10.366016,-14.427648,seed56171.png
20.925228,20.5982,seed56172.png
13.406429,25.537785,seed56173.png
16.26116,22.26709,seed56174.png
38.1874,14.798631,seed56175.png
-27.209671,-8.628741,seed56176.png
12.937789,-38.49798,seed56177.png
-15.39874,-2.167763,seed56178.png
-16.28658,-29.39766,seed56179.png
-15.608288,-31.94129,seed5618.png
-22.926008,15.132657,seed56180.png
35.995445,8.072391,seed56181.png
11.039097,-23.009428,seed56182.png
11.338488,-41.91709,seed56183.png
-29.65004,-10.236371,seed56184.png
-10.53326,-13.510025,seed56185.png
-16.388165,-5.297505,seed56186.png
20.255468,-4.673233,seed56187.png
-22.861109,-23.744486,seed56188.png
-16.98274,-9.238864,seed56189.png
-20.43816,8.420778,seed5619.png
-0.7268199,-7.9624076,seed56190.png
-30.132072,10.781533,seed56191.png
1.4890242,7.339549,seed56192.png
-12.069541,-11.377761,seed56193.png
7.573101,-2.6030586,seed56194.png
-8.367572,-1.0357809,seed56195.png
-31.849388,17.292322,seed56196.png
-28.210354,-3.0643914,seed56197.png
-10.452488,9.989465,seed56198.png
-19.671253,-7.7010245,seed56199.png
-26.094456,14.485517,seed5620.png
-23.397318,-20.296137,seed56200.png
-18.842615,-16.621376,seed56201.png
6.197405,23.155804,seed56202.png
37.56997,7.940012,seed56203.png
16.106173,-37.460945,seed56204.png
2.2644632,24.67342,seed56205.png
14.398313,-32.521206,seed56206.png
-14.934952,-0.20387118,seed56207.png
-15.107717,-24.62038,seed56208.png
-14.468091,11.866541,seed56209.png
5.814581,15.107915,seed5621.png
39.431957,12.784622,seed56210.png
12.508937,-40.913197,seed56211.png
28.03447,21.465223,seed56212.png
-4.450687,2.7172112,seed56213.png
-26.955086,-1.8543319,seed56214.png
-7.307714,-18.430555,seed56215.png
11.088532,-39.92727,seed56216.png
22.117727,-5.9832835,seed56217.png
-31.737198,-7.3300147,seed56218.png
-32.85893,-11.839898,seed56219.png
6.0245514,-30.662817,seed5622.png
7.8317122,-9.796395,seed56220.png
1.2702465,-8.607501,seed56221.png
13.794478,6.035778,seed56222.png
6.7360716,7.097851,seed56223.png
-31.769337,-4.447673,seed56224.png
-33.73059,-8.423203,seed56225.png
11.982368,-35.354824,seed56226.png
32.59673,30.634027,seed56227.png
-26.279991,12.219168,seed56228.png
9.249551,11.812897,seed56229.png
30.235542,15.75048,seed5623.png
30.156591,16.841503,seed56230.png
-10.079164,-19.215199,seed56231.png
11.793726,-6.2624707,seed56232.png
-24.308569,-24.106289,seed56233.png
31.025175,27.132513,seed56234.png
-3.7934287,11.081107,seed56235.png
-14.74607,-18.02099,seed56236.png
6.6980762,25.34436,seed56237.png
15.9969425,13.793191,seed56238.png
-37.57601,13.1780405,seed56239.png
-20.87705,-23.833878,seed5624.png
24.095871,-0.39872935,seed56240.png
-19.121151,9.048831,seed56241.png
-21.80887,13.578523,seed56242.png
-27.467163,5.455959,seed56243.png
17.225336,20.735048,seed56244.png
-30.309666,17.512423,seed56245.png
-33.567844,24.442303,seed56246.png
9.133808,-34.231773,seed56247.png
3.7496796,14.529334,seed56248.png
-30.78596,17.032187,seed56249.png
15.393105,23.725153,seed5625.png
-28.535057,6.9690785,seed56250.png
32.75843,27.258638,seed56251.png
11.325716,-10.335423,seed56252.png
-17.943754,-24.011137,seed56253.png
26.089167,-0.17930527,seed56254.png
33.87251,8.464336,seed56255.png
30.978523,20.199299,seed56256.png
-18.412601,3.4754224,seed56257.png
-22.356485,-16.64475,seed56258.png
12.222624,27.769497,seed56259.png
-23.467073,-7.9661837,seed5626.png
-10.105708,-21.005651,seed56260.png
33.96933,21.049051,seed56261.png
-10.165039,-20.631672,seed56262.png
-15.921212,-3.3790438,seed56263.png
25.591917,-2.0851169,seed56264.png
-31.594309,12.196155,seed56265.png
-28.849024,7.656211,seed56266.png
-29.194904,-8.686515,seed56267.png
-12.818837,-24.51451,seed56268.png
-24.400755,-7.329863,seed56269.png
-6.836482,-14.126352,seed5627.png
10.96893,-28.756346,seed56270.png
10.35449,-1.634588,seed56271.png
-22.45123,13.558588,seed56272.png
25.312042,9.340501,seed56273.png
-0.6435987,-19.159472,seed56274.png
16.510271,-32.899742,seed56275.png
-32.28277,-10.060021,seed56276.png
5.7432046,16.164688,seed56277.png
-18.88915,-9.093805,seed56278.png
11.386211,-33.654976,seed56279.png
-23.716322,7.0570045,seed5628.png
17.418768,16.279606,seed56280.png
7.007814,-26.030254,seed56281.png
-18.314262,0.34708863,seed56282.png
9.439187,-28.509848,seed56283.png
-14.909151,0.24913868,seed56284.png
-31.89684,-7.183157,seed56285.png
-0.27145517,23.977549,seed56286.png
17.809523,-0.0145042185,seed56287.png
2.484561,2.5311983,seed56288.png
20.572372,2.7291803,seed56289.png
-32.184483,10.767757,seed5629.png
-22.773733,2.677431,seed56290.png
35.96521,24.417557,seed56291.png
-32.598858,24.093803,seed56292.png
5.0563574,-28.775116,seed56293.png
-6.084287,-15.483755,seed56294.png
-16.712006,-7.2378745,seed56295.png
-2.455797,18.20722,seed56296.png
12.3189335,-42.103428,seed56297.png
6.192199,-30.713472,seed56298.png
-26.746778,3.222793,seed56299.png
15.325747,-3.9720197,seed5630.png
6.306367,21.928274,seed56300.png
10.611973,-21.375557,seed56301.png
-23.854021,-10.6744,seed56302.png
-31.27086,-12.497529,seed56303.png
31.008152,17.608194,seed56304.png
8.885736,-7.5319624,seed56305.png
37.629215,22.680449,seed56306.png
22.666025,21.268435,seed56307.png
7.840963,-37.952538,seed56308.png
-35.95146,8.910152,seed56309.png
-7.10541,-3.0963175,seed5631.png
-13.265038,-28.329412,seed56310.png
-22.242407,14.818512,seed56311.png
-18.10484,-2.6642704,seed56312.png
-23.520634,7.172778,seed56313.png
13.739315,-30.431301,seed56314.png
-30.251339,-1.1075629,seed56315.png
14.391118,3.5861714,seed56316.png
-25.884043,1.9015311,seed56317.png
-35.294266,8.202439,seed56318.png
-8.708831,-10.435471,seed56319.png
13.560697,-5.2873034,seed5632.png
27.045193,2.1172614,seed56320.png
-29.097708,0.3688818,seed56321.png
23.129095,3.9620538,seed56322.png
-18.57854,-14.379964,seed56323.png
18.616835,6.2804065,seed56324.png
29.113224,7.910533,seed56325.png
9.953732,-36.057407,seed56326.png
-29.011066,-11.758959,seed56327.png
-20.665356,-7.878901,seed56328.png
-24.329815,-5.6922803,seed56329.png
1.7969152,-25.219845,seed5633.png
-25.12023,6.4005957,seed56330.png
-30.222557,17.916136,seed56331.png
35.263515,7.397949,seed56332.png
34.65532,21.834337,seed56333.png
17.414505,29.418262,seed56334.png
-32.468376,19.168882,seed56335.png
9.912759,-38.001953,seed56336.png
0.108803615,-14.363139,seed56337.png
40.249607,18.1223,seed56338.png
-5.13809,-21.84585,seed56339.png
-2.1637821,-24.584547,seed5634.png
7.4780335,12.633248,seed56340.png
-20.258314,9.165009,seed56341.png
3.5727797,6.4452043,seed56342.png
-13.935327,-18.670782,seed56343.png
25.805561,-3.4137163,seed56344.png
10.543283,-2.7024245,seed56345.png
10.849244,3.1064808,seed56346.png
33.079823,22.429283,seed56347.png
-23.733747,4.9701786,seed56348.png
-11.612051,-23.50137,seed56349.png
16.380636,-36.387463,seed5635.png
15.562224,-0.913341,seed56350.png
1.4483199,11.716263,seed56351.png
3.1867275,22.181965,seed56352.png
-21.106161,15.831016,seed56353.png
18.214588,15.230436,seed56354.png
-18.357403,-1.0385964,seed56355.png
18.27211,26.711878,seed56356.png
10.319568,11.823526,seed56357.png
13.615098,-34.609238,seed56358.png
24.935556,3.5812762,seed56359.png
-30.332169,-10.5152,seed5636.png
-10.990446,-6.476604,seed56360.png
30.78273,13.752334,seed56361.png
-20.895592,-16.23954,seed56362.png
24.511145,17.1744,seed56363.png
30.760017,6.5886097,seed56364.png
-23.199627,9.64118,seed56365.png
28.14182,19.020535,seed56366.png
5.1024632,-25.303068,seed56367.png
37.658062,12.576633,seed56368.png
-14.200908,-13.470215,seed56369.png
1.9324732,-15.372557,seed5637.png
-31.150002,18.959076,seed56370.png
1.311198,24.598879,seed56371.png
8.894326,0.7003273,seed56372.png
2.406093,-28.37633,seed56373.png
15.640354,1.0436386,seed56374.png
-12.870227,-26.009567,seed56375.png
20.196789,18.656744,seed56376.png
-16.083866,-1.697649,seed56377.png
-32.813442,20.736769,seed56378.png
30.631468,16.550001,seed56379.png
9.422994,-24.757065,seed5638.png
-30.216274,3.2504718,seed56380.png
14.432082,-0.56408745,seed56381.png
-34.588,17.568464,seed56382.png
-31.802841,10.624199,seed56383.png
23.361929,2.002492,seed56384.png
6.8490863,-28.960815,seed56385.png
-25.087292,-22.236195,seed56386.png
-7.67881,-15.9636345,seed56387.png
35.320972,14.788286,seed56388.png
12.56819,2.6259577,seed56389.png
11.244572,-0.79613787,seed5639.png
-11.088128,-28.951849,seed56390.png
-20.983778,-14.654922,seed56391.png
12.853963,-32.988907,seed56392.png
-2.4131932,1.0456961,seed56393.png
-34.88797,24.431538,seed56394.png
16.341187,23.664843,seed56395.png
-33.43747,22.16854,seed56396.png
1.0140868,25.245132,seed56397.png
14.479735,27.509716,seed56398.png
27.705664,19.335827,seed56399.png
-24.958126,13.349155,seed5640.png
22.133541,2.5798364,seed56400.png
37.145103,25.267067,seed56401.png
38.78577,24.550434,seed56402.png
9.154192,2.9431841,seed56403.png
-0.68114066,-11.676164,seed56404.png
19.614033,23.212852,seed56405.png
-20.937101,-19.547112,seed56406.png
-4.5641747,-24.932343,seed56407.png
21.262922,1.2133766,seed56408.png
10.903014,16.330187,seed56409.png
10.675928,-3.1844487,seed5641.png
14.733115,-2.0563858,seed56410.png
8.129708,12.397996,seed56411.png
-9.6332035,5.4810343,seed56412.png
2.1955569,15.281155,seed56413.png
-13.12613,-13.136773,seed56414.png
7.3448205,-16.32243,seed56415.png
26.066914,16.646185,seed56416.png
33.053535,3.5203328,seed56417.png
37.38729,25.523472,seed56418.png
-10.943318,-28.489254,seed56419.png
17.304083,24.320782,seed5642.png
-4.6592445,-24.922562,seed56420.png
-32.231827,22.576998,seed56421.png
19.425322,8.286319,seed56422.png
6.21492,0.72570556,seed56423.png
38.246517,13.919392,seed56424.png
8.74487,-31.121462,seed56425.png
-12.905314,-25.86541,seed56426.png
40.622925,20.719736,seed56427.png
-23.205847,5.5023603,seed56428.png
22.093609,3.593504,seed56429.png
-27.56213,1.0211818,seed5643.png
3.3694322,-31.1797,seed56430.png
37.56832,16.672781,seed56431.png
7.841655,-9.673504,seed56432.png
21.994476,-2.1010613,seed56433.png
-25.096592,-19.421383,seed56434.png
15.592381,-0.39286438,seed56435.png
9.96074,-6.3602605,seed56436.png
-21.244535,17.843122,seed56437.png
-1.3569443,21.680105,seed56438.png
-11.260633,5.172538,seed56439.png
12.721407,-39.064064,seed5644.png
28.3549,-1.7269771,seed56440.png
16.13474,2.219265,seed56441.png
-26.479298,-11.7193575,seed56442.png
2.0089276,22.701841,seed56443.png
11.64939,-0.5785008,seed56444.png
-1.3419722,-12.028462,seed56445.png
-31.732426,19.812689,seed56446.png
35.241882,10.193282,seed56447.png
12.42676,17.483198,seed56448.png
16.028887,-34.13129,seed56449.png
14.320156,-30.507011,seed5645.png
-16.775036,-26.058828,seed56450.png
-38.32604,24.524927,seed56451.png
7.7392197,-40.339283,seed56452.png
-29.901815,11.275884,seed56453.png
36.88627,13.737165,seed56454.png
31.457323,9.7293825,seed56455.png
13.794271,10.28836,seed56456.png
5.1589932,5.710157,seed56457.png
31.416021,4.117027,seed56458.png
28.47018,5.769146,seed56459.png
-14.558849,-16.124956,seed5646.png
13.5715475,-32.76085,seed56460.png
-13.651466,0.9293932,seed56461.png
-17.051565,-1.1669397,seed56462.png
-35.66502,13.128777,seed56463.png
11.269788,-25.208824,seed56464.png
-18.948614,0.038627055,seed56465.png
-34.855488,25.993309,seed56466.png
6.6028557,-28.16038,seed56467.png
9.301679,29.8038,seed56468.png
-20.721361,-3.683713,seed56469.png
-23.733028,-11.207301,seed5647.png
21.150545,-0.5368977,seed56470.png
-20.683031,5.3237486,seed56471.png
-15.915326,-2.6765974,seed56472.png
-33.78076,-5.687178,seed56473.png
14.303873,-1.4681827,seed56474.png
-2.3481348,1.704633,seed56475.png
10.482404,-33.979942,seed56476.png
-4.6607766,-16.583462,seed56477.png
16.570877,25.31331,seed56478.png
36.692474,16.212284,seed56479.png
-11.014242,-23.468555,seed5648.png
-33.73315,-7.944206,seed56480.png
-34.91763,-4.759337,seed56481.png
-21.079924,10.06919,seed56482.png
5.269043,13.744564,seed56483.png
35.232857,6.3142405,seed56484.png
9.624992,-43.04532,seed56485.png
-30.639841,-3.8129807,seed56486.png
-20.585148,-13.115912,seed56487.png
6.261087,7.2603393,seed56488.png
-25.175304,9.145041,seed56489.png
-30.74106,0.26704118,seed5649.png
-32.74864,10.186044,seed56490.png
-14.312808,-0.58397853,seed56491.png
-36.334793,23.079573,seed56492.png
0.015326862,24.449242,seed56493.png
25.899363,20.89455,seed56494.png
37.21417,5.6133666,seed56495.png
6.493731,-25.009895,seed56496.png
-17.015917,-24.373007,seed56497.png
-26.768265,-4.877453,seed56498.png
11.788388,-23.51642,seed56499.png
0.43892416,-4.117781,seed5650.png
-15.175626,0.7547645,seed56500.png
-36.815002,27.04537,seed56501.png
3.743649,-32.52873,seed56502.png
35.637997,27.450932,seed56503.png
13.094902,-28.702253,seed56504.png
-20.957956,12.714647,seed56505.png
-25.679962,-0.43269598,seed56506.png
27.689127,-1.697964,seed56507.png
-13.25117,-18.549543,seed56508.png
16.562162,-35.682247,seed56509.png
-22.071733,-18.635956,seed5651.png
-28.721035,-9.811841,seed56510.png
31.94345,17.0795,seed56511.png
1.1263683,20.022747,seed56512.png
-23.033436,-13.521668,seed56513.png
0.851282,-12.017906,seed56514.png
-11.649289,-6.566586,seed56515.png
19.238235,24.240381,seed56516.png
-20.088034,6.3458447,seed56517.png
32.99025,5.234817,seed56518.png
-17.32776,-2.8020456,seed56519.png
-23.005285,9.882563,seed5652.png
13.51397,-35.623016,seed56520.png
20.6744,5.206204,seed56521.png
-16.72786,-16.230036,seed56522.png
-29.160301,-6.7436643,seed56523.png
-33.761623,22.896664,seed56524.png
16.040783,2.3391902,seed56525.png
-3.2007852,-16.863739,seed56526.png
14.723764,6.6873646,seed56527.png
3.9012356,8.183358,seed56528.png
-16.261574,-32.525143,seed56529.png
29.285244,10.96582,seed5653.png
-4.923924,-13.497844,seed56530.png
28.65739,20.425192,seed56531.png
-37.70358,8.14596,seed56532.png
-24.18945,6.8102684,seed56533.png
18.348568,-2.0275624,seed56534.png
-0.47245336,-28.46774,seed56535.png
16.327974,9.589954,seed56536.png
28.741047,9.909284,seed56537.png
14.429139,21.480444,seed56538.png
10.796644,-42.758987,seed56539.png
-19.91371,-18.730692,seed5654.png
12.323425,-40.829586,seed56540.png
-36.985165,22.51855,seed56541.png
37.713745,21.079967,seed56542.png
2.3264673,-31.616636,seed56543.png
9.159469,9.877667,seed56544.png
17.870806,26.383755,seed56545.png
-23.615828,14.442863,seed56546.png
35.809647,5.6184587,seed56547.png
20.228159,-2.1692529,seed56548.png
-19.867186,11.2356415,seed56549.png
12.478508,-32.307938,seed5655.png
14.650657,4.8666058,seed56550.png
39.087166,15.82546,seed56551.png
-20.824696,-6.8038745,seed56552.png
-27.637344,6.3986535,seed56553.png
11.70567,-5.307314,seed56554.png
-14.708551,-17.048422,seed56555.png
-23.81876,-5.094464,seed56556.png
28.291332,3.163021,seed56557.png
25.860634,5.468415,seed56558.png
1.0432402,16.14059,seed56559.png
9.090894,-39.8672,seed5656.png
-14.550864,5.224026,seed56560.png
-35.391937,16.406841,seed56561.png
9.918789,25.427668,seed56562.png
28.820045,27.72777,seed56563.png
3.6725101,-2.8040311,seed56564.png
32.081913,17.586933,seed56565.png
13.795317,7.762968,seed56566.png
-17.86728,1.6377062,seed56567.png
19.780333,-5.6644173,seed56568.png
-21.393513,9.824397,seed56569.png
-12.071276,-14.14676,seed5657.png
-10.881726,-3.12198,seed56570.png
20.93838,20.1747,seed56571.png
6.0935173,-0.92767274,seed56572.png
-2.8948286,-15.939985,seed56573.png
-22.341738,5.5568347,seed56574.png
-32.050804,-11.374038,seed56575.png
-1.540843,16.654343,seed56576.png
3.8384712,-28.790571,seed56577.png
6.7452154,13.25743,seed56578.png
-16.297997,-19.654173,seed56579.png
-29.425434,2.0913792,seed5658.png
-30.91397,19.670628,seed56580.png
14.360759,-22.256676,seed56581.png
-19.295282,-22.732574,seed56582.png
9.369237,-37.212563,seed56583.png
10.452985,-40.776203,seed56584.png
4.2822204,-13.027599,seed56585.png
-27.843979,5.1653132,seed56586.png
-16.0023,-29.595917,seed56587.png
-19.053701,-3.471985,seed56588.png
-29.73873,22.34336,seed56589.png
0.5910858,-16.511667,seed5659.png
-5.37403,-24.936485,seed56590.png
21.188,-1.8748493,seed56591.png
34.222363,17.895144,seed56592.png
-0.032879226,7.347089,seed56593.png
15.086341,21.810347,seed56594.png
-19.075754,-21.63482,seed56595.png
1.7164288,-11.9012575,seed56596.png
-15.835546,-1.7836757,seed56597.png
17.767654,14.048713,seed56598.png
-27.255848,-19.469305,seed56599.png
9.453504,6.617359,seed5660.png
-20.54122,12.09182,seed56600.png
-1.21972,14.045804,seed56601.png
37.758812,24.256332,seed56602.png
-13.743852,-30.209768,seed56603.png
14.889149,16.470844,seed56604.png
-29.788763,-6.353746,seed56605.png
12.104399,-41.404823,seed56606.png
-18.325256,-13.355495,seed56607.png
-5.2686462,1.0948408,seed56608.png
20.032745,-6.4475737,seed56609.png
-5.8126383,-11.69448,seed5661.png
16.33897,16.812778,seed56610.png
-27.00181,1.2133025,seed56611.png
30.5509,28.027157,seed56612.png
-29.851734,3.02572,seed56613.png
7.439624,-6.2359223,seed56614.png
-4.392613,-4.343371,seed56615.png
10.320551,-32.598843,seed56616.png
-31.24007,17.897217,seed56617.png
3.4450195,1.6467661,seed56618.png
-7.3662972,-23.714155,seed56619.png
24.289368,4.741217,seed5662.png
10.941173,10.0395155,seed56620.png
2.622056,-0.7135199,seed56621.png
8.476376,8.882309,seed56622.png
17.864931,-4.8979163,seed56623.png
-27.09366,-11.55501,seed56624.png
33.340137,2.5931427,seed56625.png
8.637654,-4.96297,seed56626.png
-22.190063,5.5062194,seed56627.png
16.159227,27.361622,seed56628.png
-26.778889,2.316425,seed56629.png
-15.949882,-19.520546,seed5663.png
6.184977,-0.4131119,seed56630.png
6.4133472,-3.8009064,seed56631.png
19.27303,17.32949,seed56632.png
-18.810196,-1.9718603,seed56633.png
27.366047,20.940125,seed56634.png
25.574593,14.969341,seed56635.png
12.386907,18.949032,seed56636.png
-20.812258,-8.395436,seed56637.png
11.6782675,-6.760069,seed56638.png
-5.744318,13.638566,seed56639.png
29.414663,14.61873,seed5664.png
-18.09649,-29.21614,seed56640.png
-6.307378,-13.9775915,seed56641.png
-31.311712,-17.545137,seed56642.png
16.971994,27.069235,seed56643.png
38.26175,6.418175,seed56644.png
-10.602983,-28.868475,seed56645.png
-32.63937,23.246458,seed56646.png
15.045425,2.4889429,seed56647.png
-6.1271653,-23.060932,seed56648.png
3.5630436,-6.424821,seed56649.png
3.9617112,24.280622,seed5665.png
28.065777,22.145956,seed56650.png
-27.569786,0.0152552975,seed56651.png
-16.185852,-22.529383,seed56652.png
-3.1201196,-17.965502,seed56653.png
6.8462753,-2.0518997,seed56654.png
14.451596,10.305519,seed56655.png
36.255764,10.062468,seed56656.png
31.53015,15.4583435,seed56657.png
18.335419,5.8535686,seed56658.png
-22.31233,18.463745,seed56659.png
28.266706,27.123514,seed5666.png
-20.585096,-10.773972,seed56660.png
3.1130297,10.115044,seed56661.png
27.246927,19.890158,seed56662.png
13.488168,4.647369,seed56663.png
3.7907956,9.801662,seed56664.png
-27.178677,16.202856,seed56665.png
-15.392859,-31.63644,seed56666.png
-29.855669,8.349041,seed56667.png
27.332117,-1.357889,seed56668.png
0.8591978,19.753712,seed56669.png
27.093908,21.774174,seed5667.png
-8.4695215,-4.798046,seed56670.png
-3.0873554,-13.457579,seed56671.png
14.203002,17.994862,seed56672.png
-0.46618447,11.437598,seed56673.png
29.890097,11.267612,seed56674.png
4.6414356,2.3540187,seed56675.png
-25.377045,-1.4808332,seed56676.png
-27.112848,8.87755,seed56677.png
-28.776201,9.198702,seed56678.png
6.4771523,6.471704,seed56679.png
-25.489944,-2.9853778,seed5668.png
-11.263845,-23.101757,seed56680.png
-25.6475,0.5926468,seed56681.png
-20.850843,-23.645689,seed56682.png
8.920492,20.268959,seed56683.png
-36.795395,-0.8403403,seed56684.png
38.006927,14.400152,seed56685.png
-21.572905,20.66496,seed56686.png
0.24213992,1.6880027,seed56687.png
27.295572,8.080165,seed56688.png
-22.259527,11.816674,seed56689.png
-1.2188232,-4.9336696,seed5669.png
34.30383,24.530962,seed56690.png
-4.666096,18.26731,seed56691.png
41.690075,22.690083,seed56692.png
-18.527882,5.5377107,seed56693.png
7.8300924,10.716351,seed56694.png
-10.402168,-2.8425403,seed56695.png
-36.198547,18.97873,seed56696.png
-17.245071,-17.45944,seed56697.png
-7.1664767,-4.728901,seed56698.png
-11.035943,-11.502847,seed56699.png
13.936038,25.240105,seed5670.png
11.470532,28.960125,seed56700.png
3.3255575,11.835834,seed56701.png
12.966359,-40.837696,seed56702.png
1.0550432,-27.371393,seed56703.png
-34.835094,27.41912,seed56704.png
10.407362,-39.786217,seed56705.png
40.898197,21.843634,seed56706.png
-21.034101,-11.55984,seed56707.png
-14.674003,-16.215818,seed56708.png
9.788434,3.5220833,seed56709.png
12.199624,-32.36198,seed5671.png
26.578209,-0.6348019,seed56710.png
30.281643,18.380262,seed56711.png
3.2982776,19.491037,seed56712.png
-16.818712,-18.341728,seed56713.png
-31.099783,-1.1914604,seed56714.png
-20.582865,17.724005,seed56715.png
5.3694086,17.604597,seed56716.png
-21.992031,-2.6750321,seed56717.png
15.579505,-33.139133,seed56718.png
9.346016,17.99579,seed56719.png
1.0685506,20.522669,seed5672.png
15.082931,26.87282,seed56720.png
-33.0414,20.592276,seed56721.png
-25.815481,2.357818,seed56722.png
-20.326828,10.049252,seed56723.png
-15.380317,-11.048393,seed56724.png
19.07901,2.4095595,seed56725.png
-13.669557,-29.20232,seed56726.png
7.168821,-39.883896,seed56727.png
-29.65155,-4.330692,seed56728.png
-8.760329,-23.505262,seed56729.png
-34.036015,5.16277,seed5673.png
2.159151,1.1316547,seed56730.png
22.611176,-0.49197853,seed56731.png
-35.154755,2.7664216,seed56732.png
15.384131,-31.93723,seed56733.png
15.076248,28.062033,seed56734.png
-22.542185,-10.984551,seed56735.png
18.850967,17.867773,seed56736.png
13.766437,-28.099106,seed56737.png
17.63546,14.3546,seed56738.png
1.7563382,8.45241,seed56739.png
30.50537,16.70604,seed5674.png
-22.72085,-15.049537,seed56740.png
-34.652527,7.8135743,seed56741.png
15.962158,3.3126805,seed56742.png
-17.300371,-25.701132,seed56743.png
29.64369,1.2717729,seed56744.png
-2.7073028,18.827797,seed56745.png
7.581584,-35.540413,seed56746.png
13.071176,14.714334,seed56747.png
-24.223991,4.8632283,seed56748.png
31.74538,10.5921135,seed56749.png
8.920172,5.9735475,seed5675.png
-36.466118,10.867115,seed56750.png
-11.445284,-17.466599,seed56751.png
-13.487283,-14.617057,seed56752.png
19.128223,-2.20466,seed56753.png
-26.271801,13.620915,seed56754.png
-0.32574844,-17.6506,seed56755.png
-20.657915,-11.198205,seed56756.png
1.8873276,-0.32370147,seed56757.png
41.381042,22.663382,seed56758.png
14.468789,-9.281564,seed56759.png
-14.619487,-10.77588,seed5676.png
21.131666,1.6991723,seed56760.png
-31.413584,-1.6150537,seed56761.png
7.563951,-33.2067,seed56762.png
-23.804163,-20.028233,seed56763.png
17.783981,-7.4735117,seed56764.png
-18.443886,16.243416,seed56765.png
34.97551,9.116116,seed56766.png
-17.123718,-21.402758,seed56767.png
18.581364,17.672575,seed56768.png
-33.41839,18.436197,seed56769.png
33.795254,15.066719,seed5677.png
8.352649,7.4898753,seed56770.png
-21.403503,-21.949167,seed56771.png
-24.210676,-15.508964,seed56772.png
-22.525871,18.237848,seed56773.png
-21.10422,-4.3374577,seed56774.png
11.59633,-42.011368,seed56775.png
-29.326355,3.1328192,seed56776.png
-20.052818,6.2098684,seed56777.png
23.39169,16.286694,seed56778.png
-24.8023,12.689947,seed56779.png
19.365479,18.974852,seed5678.png
-27.456305,-12.72764,seed56780.png
-20.397701,-5.487728,seed56781.png
30.77849,2.572961,seed56782.png
26.156082,4.458672,seed56783.png
-18.900932,18.6364,seed56784.png
5.3103456,6.254339,seed56785.png
11.447413,-22.982498,seed56786.png
-13.657705,-13.515365,seed56787.png
-6.545946,-7.9390078,seed56788.png
0.12755068,21.578712,seed56789.png
-34.520885,24.24436,seed5679.png
-35.287094,14.083343,seed56790.png
-27.641722,11.796897,seed56791.png
2.5741303,21.066154,seed56792.png
-17.620018,7.8850245,seed56793.png
-14.964024,-14.246161,seed56794.png
7.412168,-5.9118,seed56795.png
-31.612343,19.334028,seed56796.png
-32.529633,18.063938,seed56797.png
33.24963,24.949383,seed56798.png
-0.94235027,0.43536744,seed56799.png
-36.92677,-4.889973,seed5680.png
-13.286369,-15.886377,seed56800.png
0.66951066,-17.91418,seed56801.png
-34.971947,5.3235273,seed56802.png
28.61602,15.981504,seed56803.png
0.6569856,24.419436,seed56804.png
-24.131334,-3.6465483,seed56805.png
-20.363745,-14.870007,seed56806.png
14.095986,-37.867947,seed56807.png
13.1107855,-30.104202,seed56808.png
4.2522635,-16.582342,seed56809.png
-4.9510336,17.828297,seed5681.png
-19.015217,8.832304,seed56810.png
-15.709012,-23.706465,seed56811.png
-34.79646,9.5975275,seed56812.png
-18.293556,-6.8706017,seed56813.png
-31.086994,-18.612524,seed56814.png
16.922014,14.641154,seed56815.png
-28.04658,3.0977929,seed56816.png
-32.809082,19.748716,seed56817.png
1.7293198,16.09376,seed56818.png
-24.302082,-20.952677,seed56819.png
3.1797864,9.77474,seed5682.png
14.010624,-4.2681265,seed56820.png
7.994458,-22.999102,seed56821.png
30.809786,-0.99458873,seed56822.png
-25.17206,12.388371,seed56823.png
-18.754744,-19.657295,seed56824.png
-37.063515,14.51377,seed56825.png
24.224268,6.634731,seed56826.png
24.514317,10.092035,seed56827.png
-15.590832,-18.680515,seed56828.png
13.810561,24.449547,seed56829.png
1.9449513,-6.768745,seed5683.png
-33.427315,18.737457,seed56830.png
-0.19148952,7.0217533,seed56831.png
-17.282276,-14.512706,seed56832.png
17.502546,21.921345,seed56833.png
4.009575,25.386795,seed56834.png
10.242837,-37.075726,seed56835.png
18.861567,20.545324,seed56836.png
25.63241,-3.293095,seed56837.png
21.432125,-0.35720488,seed56838.png
-7.9877973,-15.058112,seed56839.png
13.517223,-1.0234718,seed5684.png
-17.78193,-20.785738,seed56840.png
-34.604023,26.829823,seed56841.png
34.25447,18.844296,seed56842.png
-9.765087,3.690952,seed56843.png
8.33999,-27.935522,seed56844.png
-22.155752,5.932208,seed56845.png
-15.733842,-20.307755,seed56846.png
-3.6398902,-6.3469324,seed56847.png
-36.520714,6.140989,seed56848.png
-21.448456,11.479286,seed56849.png
0.07200364,22.457567,seed5685.png
22.33651,15.911607,seed56850.png
-30.479134,-9.762113,seed56851.png
30.56298,24.809332,seed56852.png
19.981047,-4.161206,seed56853.png
27.350376,-0.7438202,seed56854.png
-27.02863,-16.62489,seed56855.png
28.247646,19.875092,seed56856.png
-17.598995,4.074789,seed56857.png
-14.799217,-19.27672,seed56858.png
21.13768,7.779807,seed56859.png
-18.507545,-19.316946,seed5686.png
-28.367607,-17.940792,seed56860.png
19.09044,-9.379902,seed56861.png
-24.818369,8.670145,seed56862.png
14.450439,0.73792654,seed56863.png
22.015394,-0.45377764,seed56864.png
-15.439652,-17.237696,seed56865.png
30.356373,21.557709,seed56866.png
8.517405,-27.350357,seed56867.png
-34.443233,2.3859932,seed56868.png
-16.82698,-26.665257,seed56869.png
-14.69445,-21.041843,seed5687.png
-22.054148,0.9486202,seed56870.png
-31.869993,-8.194399,seed56871.png
-3.4563131,-17.936152,seed56872.png
-0.25006482,14.98396,seed56873.png
-2.1837366,23.006208,seed56874.png
-12.196387,-17.54573,seed56875.png
2.013348,-28.26316,seed56876.png
-8.3411,-24.149609,seed56877.png
2.9751065,9.651965,seed56878.png
-19.112316,-22.416998,seed56879.png
31.569302,22.469145,seed5688.png
21.928812,22.177404,seed56880.png
-0.8082842,23.935787,seed56881.png
38.482887,21.474518,seed56882.png
15.935249,1.4990753,seed56883.png
-28.848482,-16.12761,seed56884.png
10.536622,-3.6016033,seed56885.png
-21.818323,7.8225083,seed56886.png
1.0583535,-8.858093,seed56887.png
18.010296,16.79378,seed56888.png
-26.945545,-18.310162,seed56889.png
33.312252,8.213312,seed5689.png
35.299885,24.158728,seed56890.png
12.623614,15.052213,seed56891.png
29.945684,15.650782,seed56892.png
-27.53584,16.444408,seed56893.png
-28.411226,4.680762,seed56894.png
-18.340715,-2.4456062,seed56895.png
36.066013,7.921889,seed56896.png
-21.779167,-27.662775,seed56897.png
-12.040453,-20.03338,seed56898.png
-32.626434,10.211739,seed56899.png
-5.521177,21.428833,seed5690.png
-21.613293,1.989593,seed56900.png
10.562744,3.9329708,seed56901.png
-17.749668,-26.357393,seed56902.png
7.1484814,-27.92854,seed56903.png
-22.656988,17.703821,seed56904.png
-28.94068,-5.6648216,seed56905.png
23.171469,25.82372,seed56906.png
-32.788467,21.51151,seed56907.png
28.559557,5.8050303,seed56908.png
-12.94458,-0.3638494,seed56909.png
-1.1830463,24.978096,seed5691.png
9.80333,-3.8058693,seed56910.png
21.385622,25.429916,seed56911.png
-30.393742,15.377909,seed56912.png
-22.900896,-12.367791,seed56913.png
10.507502,-11.5880165,seed56914.png
-12.310919,-5.9914556,seed56915.png
11.466225,22.38628,seed56916.png
26.288734,9.255869,seed56917.png
21.601957,19.620007,seed56918.png
11.09885,28.032587,seed56919.png
-12.593054,-7.5066056,seed5692.png
30.273928,12.808802,seed56920.png
-33.79058,26.919502,seed56921.png
27.43671,3.5575452,seed56922.png
37.80718,21.844238,seed56923.png
-23.308306,-26.190042,seed56924.png
-27.779703,10.865185,seed56925.png
-27.645031,-12.678989,seed56926.png
-0.69556653,-0.18344326,seed56927.png
-16.549868,-21.932009,seed56928.png
-6.461448,2.1168625,seed56929.png
5.7260594,-39.722107,seed5693.png
39.310253,16.050468,seed56930.png
3.9579713,24.939894,seed56931.png
-14.85657,11.808768,seed56932.png
10.7448845,12.957322,seed56933.png
21.474731,6.072321,seed56934.png
23.693977,13.741883,seed56935.png
-23.205307,-15.877174,seed56936.png
-18.857065,-3.541717,seed56937.png
-26.740326,-11.298076,seed56938.png
5.11515,-30.519625,seed56939.png
-0.11509921,-15.764704,seed5694.png
-13.893013,-13.790437,seed56940.png
36.24087,10.196381,seed56941.png
32.056564,25.363396,seed56942.png
-28.34157,-7.397846,seed56943.png
9.1947775,2.4569914,seed56944.png
-12.407659,-16.878252,seed56945.png
7.084526,-33.9838,seed56946.png
-16.929495,1.4978695,seed56947.png
-23.23206,1.4505352,seed56948.png
-31.384079,7.773845,seed56949.png
-6.4738297,-4.9575863,seed5695.png
38.71363,16.402525,seed56950.png
12.385685,17.982655,seed56951.png
28.493633,12.322078,seed56952.png
13.699651,8.797565,seed56953.png
25.942364,-2.4815526,seed56954.png
-3.778943,-14.859417,seed56955.png
37.020687,8.756812,seed56956.png
-34.099083,15.663642,seed56957.png
-11.531061,-14.951291,seed56958.png
36.256382,17.301598,seed56959.png
14.090126,11.991835,seed5696.png
9.047051,-43.24158,seed56960.png
-28.126348,-19.237919,seed56961.png
-25.775364,-18.222702,seed56962.png
27.026907,28.008305,seed56963.png
21.240812,20.530214,seed56964.png
-32.596436,21.646875,seed56965.png
12.310417,10.495332,seed56966.png
7.400872,9.20205,seed56967.png
10.312934,-29.878843,seed56968.png
-13.369702,-23.526056,seed56969.png
-19.611437,-20.793238,seed5697.png
32.295444,5.6642904,seed56970.png
-10.333819,-11.235837,seed56971.png
-32.574024,-5.895915,seed56972.png
-1.3042852,-11.993834,seed56973.png
13.598104,7.193591,seed56974.png
-21.069874,7.114923,seed56975.png
-16.260303,-10.175473,seed56976.png
8.050742,-27.1939,seed56977.png
-28.246943,-12.268687,seed56978.png
-1.9734082,-10.044497,seed56979.png
-28.724583,1.405311,seed5698.png
-18.247818,-31.15255,seed56980.png
14.911757,-35.155365,seed56981.png
20.377523,26.056917,seed56982.png
10.669694,-8.179115,seed56983.png
-10.298396,-10.586618,seed56984.png
-2.3557806,-19.445309,seed56985.png
31.835293,3.1492982,seed56986.png
15.2468,-36.83419,seed56987.png
14.321105,2.0720012,seed56988.png
-4.763688,-12.15404,seed56989.png
-19.829273,8.474045,seed5699.png
3.3482122,10.328321,seed56990.png
14.706602,-33.354362,seed56991.png
5.632717,-6.5447216,seed56992.png
13.502163,-12.460377,seed56993.png
-32.059288,-4.725305,seed56994.png
-29.626377,-0.8190644,seed56995.png
31.137796,10.209944,seed56996.png
-31.178076,19.57485,seed56997.png
10.391358,-42.123264,seed56998.png
-34.548958,3.5857968,seed56999.png
-20.09237,-2.8049028,seed5700.png
15.458472,27.560421,seed57000.png
34.049435,10.10202,seed57001.png
3.0980597,-12.370987,seed57002.png
-32.416744,12.686345,seed57003.png
-2.064162,-13.091446,seed57004.png
19.54414,18.1579,seed57005.png
8.899001,-29.84736,seed57006.png
-13.399391,7.404459,seed57007.png
-19.057995,-7.08497,seed57008.png
-20.741352,-13.846947,seed57009.png
-27.973566,1.0956092,seed5701.png
7.388702,9.153946,seed57010.png
24.402132,10.30537,seed57011.png
8.386927,-2.4577363,seed57012.png
9.2934885,5.638618,seed57013.png
23.286673,9.883324,seed57014.png
-19.52439,11.082708,seed57015.png
11.109053,-38.5873,seed57016.png
26.537489,6.91194,seed57017.png
-35.118767,19.30524,seed57018.png
11.652103,17.404957,seed57019.png
15.893126,21.399921,seed5702.png
-25.00174,-11.390047,seed57020.png
-3.5581446,4.8760753,seed57021.png
-13.718059,-19.624256,seed57022.png
10.608747,-32.5696,seed57023.png
11.69803,-32.37528,seed57024.png
-20.286283,-18.978106,seed57025.png
15.375736,21.674532,seed57026.png
18.787853,6.67733,seed57027.png
-37.960087,13.985421,seed57028.png
-3.760592,16.980848,seed57029.png
-11.6571665,-0.5053185,seed5703.png
31.176395,25.439686,seed57030.png
24.707663,-0.34693822,seed57031.png
32.36077,11.132043,seed57032.png
-31.597857,15.005097,seed57033.png
-24.315887,0.5907991,seed57034.png
-32.007545,23.82388,seed57035.png
34.222813,25.855543,seed57036.png
-17.084076,-0.44344127,seed57037.png
12.70807,-29.421572,seed57038.png
-36.567074,17.762054,seed57039.png
-23.06038,-16.759567,seed5704.png
-18.102034,-19.598799,seed57040.png
32.114098,12.61387,seed57041.png
23.75328,27.05073,seed57042.png
13.656459,-30.851341,seed57043.png
-2.9600458,-6.185077,seed57044.png
16.534689,-3.1502154,seed57045.png
21.75504,2.6340303,seed57046.png
12.7262745,-0.7777034,seed57047.png
-18.334314,-3.6504116,seed57048.png
-29.552124,-11.463962,seed57049.png
0.8583572,13.213219,seed5705.png
-33.171047,13.743658,seed57050.png
7.1444106,22.880112,seed57051.png
-26.37357,-2.3138766,seed57052.png
1.3135196,16.30892,seed57053.png
8.98778,0.58204013,seed57054.png
-25.11089,-24.003416,seed57055.png
-22.459871,-5.309304,seed57056.png
0.5349687,-18.579613,seed57057.png
2.424704,16.917566,seed57058.png
-24.392885,16.894197,seed57059.png
18.280838,25.975147,seed5706.png
12.296539,10.49874,seed57060.png
-22.994415,-10.777657,seed57061.png
-16.807337,-13.376226,seed57062.png
-5.679813,-11.68884,seed57063.png
17.43774,-3.3468912,seed57064.png
-25.478209,-15.275002,seed57065.png
32.920155,28.097862,seed57066.png
9.681909,-27.279106,seed57067.png
0.106175944,-13.258611,seed57068.png
15.811024,2.7078278,seed57069.png
-25.422804,-8.31705,seed5707.png
-10.279521,-29.456238,seed57070.png
-2.5647418,10.031649,seed57071.png
-15.834442,-16.71283,seed57072.png
-19.840576,-1.2038909,seed57073.png
-19.612532,-6.3930135,seed57074.png
-28.586908,2.4781544,seed57075.png
-21.95682,-10.48652,seed57076.png
40.24109,19.076633,seed57077.png
-12.591385,-6.933821,seed57078.png
33.649117,23.271997,seed57079.png
-11.627049,-21.529953,seed5708.png
-26.403435,-22.656666,seed57080.png
37.265556,26.467705,seed57081.png
3.5521607,17.734304,seed57082.png
41.69326,21.048836,seed57083.png
18.14579,-3.1350555,seed57084.png
-30.66741,19.945812,seed57085.png
36.32138,14.942701,seed57086.png
-9.518896,-9.841592,seed57087.png
17.302114,-8.753501,seed57088.png
-13.151151,4.5625196,seed57089.png
11.847673,-38.72387,seed5709.png
11.207599,-34.906425,seed57090.png
-15.59198,4.435965,seed57091.png
-0.9042868,3.530023,seed57092.png
-17.052555,14.452698,seed57093.png
-33.383686,-4.99053,seed57094.png
23.269566,18.636728,seed57095.png
-24.137093,-8.859464,seed57096.png
13.893882,8.3496685,seed57097.png
28.34554,5.281692,seed57098.png
-15.027269,2.4177413,seed57099.png
-19.513065,-27.93912,seed5710.png
-28.700861,1.0003326,seed57100.png
5.646104,18.395441,seed57101.png
24.837963,19.590431,seed57102.png
19.393728,13.969225,seed57103.png
37.31019,22.371334,seed57104.png
-17.735275,-6.914258,seed57105.png
9.278164,-32.242188,seed57106.png
16.468374,-33.193462,seed57107.png
7.123036,7.6030836,seed57108.png
21.496462,10.01601,seed57109.png
-6.4065332,-4.267805,seed5711.png
11.572713,-1.1686883,seed57110.png
-3.7843163,-15.1573105,seed57111.png
4.504564,15.822833,seed57112.png
11.665938,-0.2754773,seed57113.png
-28.568562,9.389732,seed57114.png
-5.8372765,-17.201782,seed57115.png
13.7295065,-4.8471766,seed57116.png
2.6277359,16.266724,seed57117.png
-12.622765,-7.9742126,seed57118.png
-21.810843,-12.642933,seed57119.png
-24.621792,-2.3499594,seed5712.png
25.23917,-5.407537,seed57120.png
-21.839266,6.1274867,seed57121.png
24.706575,-1.2848681,seed57122.png
-23.335806,9.591655,seed57123.png
-20.744144,-20.111084,seed57124.png
11.171973,6.2380514,seed57125.png
-17.561075,-24.217134,seed57126.png
23.97821,3.713373,seed57127.png
33.02913,22.72286,seed57128.png
-19.872355,-0.46020213,seed57129.png
-10.686286,-7.636604,seed5713.png
7.793006,25.888695,seed57130.png
-0.29658848,17.999882,seed57131.png
8.281918,-28.724781,seed57132.png
1.9491806,-0.11764407,seed57133.png
-16.662941,-1.8804886,seed57134.png
-13.183969,-11.165121,seed57135.png
-30.903337,3.5175092,seed57136.png
17.00684,-35.409817,seed57137.png
-12.2702875,-16.836449,seed57138.png
-3.9905026,-5.716558,seed57139.png
1.0541847,23.26791,seed5714.png
-14.047582,-4.580747,seed57140.png
23.291351,10.022661,seed57141.png
-21.836329,-2.7238882,seed57142.png
7.4409056,-7.934052,seed57143.png
-20.254084,8.693071,seed57144.png
19.218609,25.349678,seed57145.png
-20.034124,2.4584544,seed57146.png
36.620502,17.64689,seed57147.png
-26.870562,9.244806,seed57148.png
-23.394056,5.3341007,seed57149.png
19.508293,-7.5060873,seed5715.png
17.78331,23.041597,seed57150.png
-12.544205,3.7853851,seed57151.png
-19.838797,-0.13361171,seed57152.png
-16.378246,5.2018757,seed57153.png
-8.814212,-8.572407,seed57154.png
-24.167212,-10.4233675,seed57155.png
-20.25512,6.7947807,seed57156.png
-32.717644,12.555233,seed57157.png
-2.1318989,13.155288,seed57158.png
10.393839,-43.051952,seed57159.png
-33.264336,27.341623,seed5716.png
-22.518524,12.924142,seed57160.png
9.31708,14.112959,seed57161.png
-33.737404,21.365553,seed57162.png
-12.504199,-32.041836,seed57163.png
1.0879425,3.8653073,seed57164.png
13.864387,-28.94363,seed57165.png
40.30066,22.196178,seed57166.png
11.672298,21.590567,seed57167.png
-27.704409,-19.363674,seed57168.png
29.205841,2.956686,seed57169.png
5.7439957,19.043957,seed5717.png
-33.384056,22.921381,seed57170.png
36.315083,9.241794,seed57171.png
10.857992,29.354517,seed57172.png
7.058918,-37.293854,seed57173.png
-32.899017,17.370565,seed57174.png
-12.741573,-20.16913,seed57175.png
-23.825415,11.143742,seed57176.png
32.203,16.288282,seed57177.png
-29.44692,13.000717,seed57178.png
-37.13631,23.161448,seed57179.png
-6.983383,-11.492845,seed5718.png
37.87046,18.359701,seed57180.png
13.340801,21.260769,seed57181.png
-16.26268,-18.233002,seed57182.png
-15.016222,-31.310114,seed57183.png
-20.68442,-27.291603,seed57184.png
7.6294365,-32.40667,seed57185.png
0.04382205,15.111192,seed57186.png
-11.589995,-14.152513,seed57187.png
2.2495105,-29.888624,seed57188.png
-5.161008,-4.0974226,seed57189.png
-15.932801,-3.9332738,seed5719.png
33.876507,19.637402,seed57190.png
9.331731,29.205595,seed57191.png
-16.077904,-15.579605,seed57192.png
12.421967,-1.3959184,seed57193.png
-18.404877,-16.300087,seed57194.png
-26.644745,18.86811,seed57195.png
7.7583547,9.751942,seed57196.png
29.650835,29.598055,seed57197.png
16.188242,-35.643578,seed57198.png
2.6542838,16.354555,seed57199.png
-20.668062,-20.848568,seed5720.png
18.890957,14.105343,seed57200.png
-33.4705,13.12179,seed57201.png
20.48815,1.0857329,seed57202.png
0.55862767,0.04512651,seed57203.png
-27.928703,9.626402,seed57204.png
-23.478209,-19.082378,seed57205.png
-20.704432,-9.824972,seed57206.png
-4.174731,-22.237806,seed57207.png
-24.05773,-12.763869,seed57208.png
15.594777,-10.881883,seed57209.png
19.132387,13.075195,seed5721.png
5.5536866,24.514915,seed57210.png
-0.5786186,-24.843609,seed57211.png
15.920973,-8.090111,seed57212.png
33.51781,8.087832,seed57213.png
22.468288,-2.812682,seed57214.png
5.9323034,-39.002052,seed57215.png
10.861628,9.509424,seed57216.png
-36.655666,-8.77172,seed57217.png
36.242935,10.3246975,seed57218.png
9.739438,22.531155,seed57219.png
-17.261753,-13.783777,seed5722.png
-31.285109,-7.700393,seed57220.png
-16.15896,-27.699705,seed57221.png
38.75316,14.542827,seed57222.png
-23.115011,-5.0033956,seed57223.png
-27.59319,-7.2165155,seed57224.png
30.97585,6.3764067,seed57225.png
-12.340625,-13.868907,seed57226.png
8.798328,4.926859,seed57227.png
13.138696,-8.695318,seed57228.png
20.886692,11.116526,seed57229.png
-27.835543,-10.550944,seed5723.png
-23.457458,3.1424942,seed57230.png
-22.640295,8.104954,seed57231.png
19.401562,17.636768,seed57232.png
-26.660027,9.99189,seed57233.png
-21.870987,-23.831362,seed57234.png
-7.1909013,-9.723937,seed57235.png
11.320488,2.067898,seed57236.png
4.590106,-28.159824,seed57237.png
-33.143322,22.663269,seed57238.png
-21.32947,12.619054,seed57239.png
36.267254,24.050417,seed5724.png
-31.194887,-6.8766036,seed57240.png
14.501657,5.4306235,seed57241.png
4.878018,14.844164,seed57242.png
-39.074234,24.40051,seed57243.png
13.374913,-4.3456936,seed57244.png
13.557166,-31.915031,seed57245.png
33.220882,24.117437,seed57246.png
-26.48891,-13.212733,seed57247.png
-15.312265,-10.4056015,seed57248.png
-2.181149,10.755216,seed57249.png
15.132078,3.1095428,seed5725.png
-26.750095,-6.1402717,seed57250.png
-19.169167,11.353089,seed57251.png
-37.68229,16.093388,seed57252.png
16.450024,17.802164,seed57253.png
18.57455,9.149317,seed57254.png
-19.537485,-28.910818,seed57255.png
21.891352,11.518426,seed57256.png
32.97627,20.64166,seed57257.png
4.625298,25.006601,seed57258.png
11.815982,16.386776,seed57259.png
-1.9527946,-0.5559696,seed5726.png
14.102111,-36.972473,seed57260.png
-19.235638,-23.676218,seed57261.png
18.103241,12.3663435,seed57262.png
22.60898,6.113823,seed57263.png
-12.73889,-16.73812,seed57264.png
-33.42623,9.768992,seed57265.png
-4.983423,-18.662928,seed57266.png
10.536048,3.977177,seed57267.png
16.51143,-0.95016116,seed57268.png
12.082719,-42.19181,seed57269.png
-3.0900106,-15.328095,seed5727.png
9.830992,23.532383,seed57270.png
-10.941508,-4.1847825,seed57271.png
-19.373575,1.498344,seed57272.png
24.883804,3.7108734,seed57273.png
12.282509,-40.69284,seed57274.png
30.570465,20.2563,seed57275.png
37.117058,14.540315,seed57276.png
-32.94973,-9.520169,seed57277.png
-20.725126,-23.655233,seed57278.png
-37.470364,10.383032,seed57279.png
33.725597,3.4751759,seed5728.png
10.189185,-37.26031,seed57280.png
-18.441364,-7.1210184,seed57281.png
-22.572407,3.9154632,seed57282.png
-24.358566,-13.895193,seed57283.png
-19.194399,3.0437129,seed57284.png
12.036919,4.9627194,seed57285.png
9.305912,5.839963,seed57286.png
-18.844376,-13.018417,seed57287.png
13.8248625,-39.41691,seed57288.png
-28.871887,-15.989508,seed57289.png
-16.330788,-4.4119353,seed5729.png
-20.260317,-15.43249,seed57290.png
4.422481,-23.81,seed57291.png
-10.118145,-9.881511,seed57292.png
-11.426385,-30.36771,seed57293.png
31.724932,7.2209554,seed57294.png
-35.121857,7.051261,seed57295.png
-25.625769,-9.431338,seed57296.png
-10.510016,-22.915642,seed57297.png
-20.52736,-9.379943,seed57298.png
3.108482,-1.5692052,seed57299.png
31.620434,24.873404,seed5730.png
-15.601516,-17.343576,seed57300.png
3.5948162,16.227205,seed57301.png
-22.360762,-26.237177,seed57302.png
-20.930569,4.954696,seed57303.png
25.93059,21.975788,seed57304.png
-19.596174,17.983946,seed57305.png
14.148372,-8.992244,seed57306.png
18.30662,5.932266,seed57307.png
13.466222,-7.5664186,seed57308.png
8.138702,2.7450826,seed57309.png
23.213442,-6.9083858,seed5731.png
4.0718184,-4.911337,seed57310.png
11.017096,-42.63417,seed57311.png
34.77336,16.342968,seed57312.png
9.174858,12.904741,seed57313.png
26.628746,9.414978,seed57314.png
-4.221168,-16.524794,seed57315.png
28.783525,1.490657,seed57316.png
-2.8094923,-23.666136,seed57317.png
20.076023,-6.8201103,seed57318.png
-33.68643,-5.222273,seed57319.png
-34.037365,13.657319,seed5732.png
27.120195,19.030434,seed57320.png
-28.34183,15.025686,seed57321.png
21.412851,2.3363028,seed57322.png
26.454151,-2.4980333,seed57323.png
18.813808,-5.0628514,seed57324.png
31.502693,6.882512,seed57325.png
12.963822,12.770076,seed57326.png
-17.241894,-22.28945,seed57327.png
40.480755,19.857494,seed57328.png
-20.974815,-18.4512,seed57329.png
14.889813,-34.09383,seed5733.png
13.144073,24.642416,seed57330.png
-20.216167,12.230571,seed57331.png
-18.103184,-26.507217,seed57332.png
24.251596,-1.1272684,seed57333.png
41.384537,18.393278,seed57334.png
7.636495,12.466889,seed57335.png
-4.2866926,10.741279,seed57336.png
-6.1742115,-11.076788,seed57337.png
7.0043077,-28.014694,seed57338.png
-34.254257,19.57155,seed57339.png
-24.127237,-9.117369,seed5734.png
-33.110043,-5.816579,seed57340.png
-22.474323,16.830513,seed57341.png
5.8567214,-33.716297,seed57342.png
-1.777656,4.5297003,seed57343.png
10.502795,-35.79415,seed57344.png
-15.437602,-3.506281,seed57345.png
-13.930058,-2.6098516,seed57346.png
-33.080822,26.280933,seed57347.png
-32.495117,21.152546,seed57348.png
-27.475908,14.088147,seed57349.png
21.580751,3.4392538,seed5735.png
26.366028,2.757724,seed57350.png
-15.789179,1.9182986,seed57351.png
1.9048533,11.433667,seed57352.png
9.677501,24.395298,seed57353.png
9.963045,-37.507195,seed57354.png
-13.536981,-13.135882,seed57355.png
-17.473862,-7.612343,seed57356.png
-16.522322,-5.1080947,seed57357.png
37.544224,18.622696,seed57358.png
38.952732,16.032225,seed57359.png
-20.707203,-10.770954,seed5736.png
15.601025,7.401587,seed57360.png
5.534527,-31.07641,seed57361.png
11.901713,-30.810715,seed57362.png
30.554102,8.73341,seed57363.png
-1.912255,-11.747607,seed57364.png
-20.824564,9.939463,seed57365.png
-22.158201,-26.86296,seed57366.png
15.567191,7.4331045,seed57367.png
14.561122,-39.175613,seed57368.png
-11.595236,-1.2235317,seed57369.png
-5.3693213,4.060267,seed5737.png
-22.897406,1.7404282,seed57370.png
4.8824325,-33.615726,seed57371.png
13.091409,-0.686306,seed57372.png
-25.449438,-10.918198,seed57373.png
6.3620477,-7.2163205,seed57374.png
-36.588642,16.883776,seed57375.png
-24.388521,12.541919,seed57376.png
-14.856533,-26.624807,seed57377.png
28.547691,8.553766,seed57378.png
11.749283,-23.563366,seed57379.png
36.70783,22.032919,seed5738.png
-3.1757157,-16.741877,seed57380.png
-14.302684,-8.32675,seed57381.png
-18.87125,-21.593431,seed57382.png
13.721755,-31.636679,seed57383.png
-34.30952,0.20279013,seed57384.png
10.987568,20.115805,seed57385.png
6.2825646,9.680039,seed57386.png
-18.071423,-22.293339,seed57387.png
-18.286444,8.596422,seed57388.png
-32.823334,15.629168,seed57389.png
35.86431,17.955318,seed5739.png
15.287951,-32.01113,seed57390.png
27.091253,16.231808,seed57391.png
9.476539,8.514829,seed57392.png
-11.224059,-26.329546,seed57393.png
18.750566,-11.551407,seed57394.png
28.18704,1.0378296,seed57395.png
10.076332,-31.059177,seed57396.png
-7.67471,-21.906818,seed57397.png
-16.524584,6.933504,seed57398.png
-14.17592,-18.564184,seed57399.png
36.818825,24.551762,seed5740.png
27.970804,13.919197,seed57400.png
-33.412178,22.615608,seed57401.png
14.657505,-36.448685,seed57402.png
6.5232143,-36.722954,seed57403.png
40.97391,23.48112,seed57404.png
39.33224,12.179192,seed57405.png
-28.202194,-11.048886,seed57406.png
-15.416896,-11.735836,seed57407.png
-17.645544,-9.2423935,seed57408.png
-20.316021,8.353742,seed57409.png
-13.713768,4.175251,seed5741.png
-28.933079,4.336283,seed57410.png
34.861607,7.189167,seed57411.png
-31.527626,-2.5534356,seed57412.png
14.525955,-39.07739,seed57413.png
5.3553586,23.536703,seed57414.png
9.362353,23.856098,seed57415.png
6.8765078,13.646964,seed57416.png
5.6670585,-31.992197,seed57417.png
-30.024559,-10.646008,seed57418.png
-26.838528,11.322019,seed57419.png
2.4717467,-3.5653672,seed5742.png
-4.2129803,11.787925,seed57420.png
32.580887,26.526861,seed57421.png
20.719501,2.8548906,seed57422.png
9.036342,24.76413,seed57423.png
11.672211,-30.827091,seed57424.png
1.2046207,19.50008,seed57425.png
13.266026,-24.95386,seed57426.png
-4.2512197,18.41948,seed57427.png
10.148156,-1.3191465,seed57428.png
16.110703,2.8472621,seed57429.png
14.172352,-37.908268,seed5743.png
-23.12935,0.60682285,seed57430.png
7.1771283,10.874194,seed57431.png
-2.5966554,-4.902751,seed57432.png
-31.998636,16.828588,seed57433.png
-25.22899,-7.5968766,seed57434.png
-20.04104,9.97787,seed57435.png
20.249071,-3.808805,seed57436.png
-16.14013,-20.770935,seed57437.png
-24.155756,-3.7689788,seed57438.png
5.332903,11.17506,seed57439.png
-17.110054,-7.697171,seed5744.png
25.998775,4.8249116,seed57440.png
19.460163,18.717157,seed57441.png
-29.049566,-5.665816,seed57442.png
-21.450964,19.971529,seed57443.png
14.874785,-5.6843123,seed57444.png
12.359228,-42.4849,seed57445.png
6.4982476,6.442542,seed57446.png
0.05123648,24.775225,seed57447.png
-8.765778,-20.736628,seed57448.png
23.809467,-7.429729,seed57449.png
26.820736,23.256023,seed5745.png
-23.092148,19.458912,seed57450.png
-16.000929,-16.718716,seed57451.png
-20.55648,-8.919173,seed57452.png
-18.93598,-17.988813,seed57453.png
15.249563,6.0718,seed57454.png
-24.815495,0.35362932,seed57455.png
10.44129,-37.718803,seed57456.png
21.14696,11.825237,seed57457.png
25.751505,17.959538,seed57458.png
11.096253,29.115208,seed57459.png
14.593656,8.566078,seed5746.png
-30.145042,14.162208,seed57460.png
-0.27407315,24.323582,seed57461.png
-11.599417,-21.733944,seed57462.png
-33.831997,25.298328,seed57463.png
-14.234016,-18.298985,seed57464.png
26.388817,5.4755044,seed57465.png
-3.2878244,11.825616,seed57466.png
-22.37829,-9.834471,seed57467.png
-30.475193,22.928272,seed57468.png
33.772118,27.714731,seed57469.png
26.518452,1.0832005,seed5747.png
-2.8781915,10.81069,seed57470.png
-33.13917,-10.058367,seed57471.png
-14.679228,-1.4135537,seed57472.png
18.996529,-5.3473544,seed57473.png
-31.861814,18.41884,seed57474.png
-21.433838,-0.6151453,seed57475.png
11.295906,-36.321674,seed57476.png
-11.393463,-30.498247,seed57477.png
-20.029716,-9.235518,seed57478.png
20.721666,10.2349205,seed57479.png
-32.101906,21.890347,seed5748.png
-32.662937,-5.965145,seed57480.png
-20.118307,7.4858675,seed57481.png
23.97061,14.12966,seed57482.png
23.740303,23.359598,seed57483.png
36.279816,25.472706,seed57484.png
-30.574368,-2.0217237,seed57485.png
14.543693,28.433449,seed57486.png
0.44217783,-13.734396,seed57487.png
-30.835833,0.0136848595,seed57488.png
1.0202271,-12.317253,seed57489.png
-33.90006,25.478178,seed5749.png
-31.335926,-10.424838,seed57490.png
-22.83774,19.87867,seed57491.png
-19.004238,-20.85845,seed57492.png
24.20091,3.7114246,seed57493.png
13.009994,-19.673271,seed57494.png
-17.181932,-3.294205,seed57495.png
7.995188,-34.158867,seed57496.png
-2.293689,-17.551094,seed57497.png
-32.94641,21.98206,seed57498.png
-15.700294,-4.693427,seed57499.png
11.742213,-20.283817,seed5750.png
26.423077,0.19609675,seed57500.png
-21.806713,-6.554905,seed57501.png
7.926998,-39.018375,seed57502.png
30.244244,24.688866,seed57503.png
-12.546218,-29.683966,seed57504.png
-20.881048,-23.986263,seed57505.png
0.45520473,11.539383,seed57506.png
2.59783,0.71124446,seed57507.png
-10.022276,-9.077823,seed57508.png
-28.069092,-1.4584,seed57509.png
35.979095,2.8864815,seed5751.png
-13.078003,-10.010155,seed57510.png
-33.263443,3.7306566,seed57511.png
-0.40906355,-7.947254,seed57512.png
8.283049,6.895196,seed57513.png
-24.110275,5.6567802,seed57514.png
-26.196486,-7.556407,seed57515.png
19.706001,-2.7649705,seed57516.png
-30.412731,-1.2832086,seed57517.png
-27.200119,-4.476708,seed57518.png
-1.4754784,21.08805,seed57519.png
-35.23569,-2.4815738,seed5752.png
-19.765072,-20.30635,seed57520.png
9.113527,3.6887944,seed57521.png
18.81598,14.672648,seed57522.png
28.657993,2.0322003,seed57523.png
-25.035172,-19.304586,seed57524.png
-25.005074,-17.937344,seed57525.png
-25.835995,-6.2541203,seed57526.png
-24.894018,-13.175715,seed57527.png
36.35328,14.735697,seed57528.png
16.648643,8.106729,seed57529.png
-34.641514,25.324678,seed5753.png
-32.252045,-7.096802,seed57530.png
7.030603,-2.7407227,seed57531.png
17.163734,26.516397,seed57532.png
14.846128,-0.260577,seed57533.png
3.9433038,21.79616,seed57534.png
-20.107914,12.688309,seed57535.png
3.1112928,-16.941021,seed57536.png
-31.552359,2.1809847,seed57537.png
-0.22344509,-12.57237,seed57538.png
36.30142,5.97653,seed57539.png
9.8295145,-30.717955,seed5754.png
-27.202667,14.812909,seed57540.png
-17.337576,-22.082394,seed57541.png
-22.901035,-29.526978,seed57542.png
-30.992262,15.9793625,seed57543.png
-26.825964,12.816428,seed57544.png
-7.041859,-10.225745,seed57545.png
12.906276,-38.91595,seed57546.png
-33.55308,21.339216,seed57547.png
35.437473,14.32497,seed57548.png
-25.303455,13.31096,seed57549.png
1.1212512,13.555584,seed5755.png
-36.886868,20.910326,seed57550.png
21.818079,8.5701,seed57551.png
-25.738117,13.577207,seed57552.png
-19.554327,7.322397,seed57553.png
-32.19538,1.8419937,seed57554.png
24.037472,-5.070388,seed57555.png
25.794186,2.4522946,seed57556.png
7.6694565,-37.760242,seed57557.png
12.674625,-35.67699,seed57558.png
-35.52059,20.919687,seed57559.png
7.9922037,-28.27353,seed5756.png
-31.470734,-8.599977,seed57560.png
-31.752659,-2.3545065,seed57561.png
-22.470003,-17.283514,seed57562.png
6.517487,10.419966,seed57563.png
-21.62937,-10.952577,seed57564.png
-8.0151005,7.301932,seed57565.png
-19.920366,-10.613063,seed57566.png
13.601044,-0.98070204,seed57567.png
31.767216,10.9313,seed57568.png
-33.111137,7.6545854,seed57569.png
-24.723417,-7.806958,seed5757.png
25.343838,16.388805,seed57570.png
9.463917,-0.8897364,seed57571.png
-6.966852,-4.373855,seed57572.png
29.010416,13.211973,seed57573.png
-19.728333,-6.9945645,seed57574.png
-27.073265,-7.0840106,seed57575.png
-36.631577,25.98088,seed57576.png
31.56345,1.4795777,seed57577.png
-21.141966,12.750929,seed57578.png
-16.246065,4.2328844,seed57579.png
0.5033342,11.097133,seed5758.png
-28.999882,21.988018,seed57580.png
39.558945,16.28657,seed57581.png
38.827938,6.2232265,seed57582.png
-11.501932,-12.645756,seed57583.png
-28.453505,-8.021496,seed57584.png
-22.221075,-20.384905,seed57585.png
-33.700092,24.235718,seed57586.png
-16.124464,-8.082149,seed57587.png
15.020102,-3.693266,seed57588.png
3.2217953,-30.375149,seed57589.png
-34.625614,7.7439675,seed5759.png
9.083321,8.377854,seed57590.png
-29.370567,17.44499,seed57591.png
12.41063,-8.028941,seed57592.png
-19.50507,-20.481499,seed57593.png
13.268391,-5.9105716,seed57594.png
-30.544538,-10.264642,seed57595.png
-9.610642,-8.002956,seed57596.png
13.226337,8.138209,seed57597.png
-18.155622,-27.99416,seed57598.png
5.6870155,-3.4085443,seed57599.png
1.2834878,23.973993,seed5760.png
-16.796593,6.0982237,seed57600.png
-12.510503,-9.085517,seed57601.png
-20.782452,-9.425309,seed57602.png
-10.666753,-11.871117,seed57603.png
13.7601595,2.142604,seed57604.png
34.90919,6.859249,seed57605.png
-10.001687,-30.38954,seed57606.png
29.042076,12.449102,seed57607.png
11.409256,-25.17755,seed57608.png
0.49581268,4.8346543,seed57609.png
-15.10464,10.678119,seed5761.png
20.961199,0.09284404,seed57610.png
-11.321162,3.192758,seed57611.png
-6.1331487,-6.3591623,seed57612.png
25.841349,25.8285,seed57613.png
-20.495884,-0.6243179,seed57614.png
-18.199873,-10.630043,seed57615.png
-2.042588,-12.402878,seed57616.png
4.4797626,-35.270336,seed57617.png
22.022202,4.599799,seed57618.png
-12.695431,-26.63518,seed57619.png
34.65665,0.20796517,seed5762.png
-4.051189,-15.78218,seed57620.png
-19.38602,-7.18743,seed57621.png
-3.672936,14.239555,seed57622.png
28.912943,18.394575,seed57623.png
-24.808746,6.5393066,seed57624.png
-21.442614,19.281878,seed57625.png
24.600485,22.901428,seed57626.png
10.34273,3.2614563,seed57627.png
-33.262264,24.67316,seed57628.png
39.225574,11.002065,seed57629.png
-29.015882,7.772252,seed5763.png
-16.746115,-29.505304,seed57630.png
30.620905,28.483826,seed57631.png
-23.429989,-20.550278,seed57632.png
-18.211412,-13.003176,seed57633.png
-33.545944,-8.444194,seed57634.png
-21.099163,7.317869,seed57635.png
-27.540903,-14.358477,seed57636.png
-25.376331,-7.2822495,seed57637.png
16.11429,7.9829445,seed57638.png
-14.40087,-5.507586,seed57639.png
-18.47832,-24.171165,seed5764.png
25.02484,5.7722483,seed57640.png
13.781733,13.6938715,seed57641.png
-13.246488,-8.744278,seed57642.png
4.687311,9.652941,seed57643.png
-21.936972,-21.331856,seed57644.png
37.84926,22.713583,seed57645.png
-15.683856,-8.478292,seed57646.png
27.225971,6.8644657,seed57647.png
11.232034,28.669735,seed57648.png
13.735616,-35.987865,seed57649.png
12.674193,-20.297085,seed5765.png
-22.544308,14.514788,seed57650.png
30.33947,10.090438,seed57651.png
22.311253,8.576982,seed57652.png
32.735275,14.47143,seed57653.png
17.661232,11.9179735,seed57654.png
-17.215183,-5.373668,seed57655.png
4.4088926,11.983078,seed57656.png
-25.889448,-19.516157,seed57657.png
-14.289275,-27.307362,seed57658.png
18.62249,6.5338936,seed57659.png
6.621905,-29.549961,seed5766.png
-24.932642,6.6254187,seed57660.png
33.47154,4.5938745,seed57661.png
26.198784,17.888351,seed57662.png
8.67322,5.6349974,seed57663.png
-2.8228474,7.3548565,seed57664.png
10.510661,25.99393,seed57665.png
-7.894393,12.557404,seed57666.png
-0.8216033,23.793093,seed57667.png
31.919617,2.2331944,seed57668.png
13.892188,-6.796633,seed57669.png
-30.25566,5.4077673,seed5767.png
18.216125,-3.150112,seed57670.png
15.365934,-6.098772,seed57671.png
-21.581074,-1.125614,seed57672.png
-11.006062,-26.505743,seed57673.png
37.53526,24.21041,seed57674.png
4.5608487,7.071692,seed57675.png
-22.582726,-14.233017,seed57676.png
-34.580555,0.57596487,seed57677.png
-12.0793915,-14.587395,seed57678.png
5.46195,1.6648985,seed57679.png
0.54497296,19.844385,seed5768.png
-0.520978,23.845293,seed57680.png
-20.959972,-1.9554205,seed57681.png
-35.54778,10.814919,seed57682.png
22.765547,11.473158,seed57683.png
-20.022688,-5.903301,seed57684.png
-12.119278,-22.152384,seed57685.png
13.0461,-22.463987,seed57686.png
16.17372,-32.892506,seed57687.png
2.2186115,25.737026,seed57688.png
33.06556,18.95958,seed57689.png
-23.354984,-14.984277,seed5769.png
14.072771,-28.011076,seed57690.png
1.6814345,23.226254,seed57691.png
-23.177078,1.5681297,seed57692.png
37.83618,8.208742,seed57693.png
-15.891119,-24.600332,seed57694.png
-34.290997,17.516088,seed57695.png
19.722889,18.5288,seed57696.png
21.62507,21.911282,seed57697.png
-1.0725224,-0.29971632,seed57698.png
23.180443,8.465189,seed57699.png
-17.11417,-20.41359,seed5770.png
18.96249,-2.0662172,seed57700.png
-11.187755,-12.384307,seed57701.png
-35.0764,20.70331,seed57702.png
-8.967521,-21.036345,seed57703.png
-21.677395,-15.013121,seed57704.png
29.542646,22.324726,seed57705.png
6.95238,-22.128912,seed57706.png
6.009116,16.30347,seed57707.png
-14.761224,-3.6245477,seed57708.png
20.827572,1.0996952,seed57709.png
-35.54667,10.49926,seed5771.png
16.043278,1.5665257,seed57710.png
3.952549,1.3438092,seed57711.png
-25.776909,12.76702,seed57712.png
-14.986042,-10.477509,seed57713.png
26.714102,29.589336,seed57714.png
7.927476,7.96508,seed57715.png
3.583277,20.265686,seed57716.png
-34.869858,21.310081,seed57717.png
31.341448,11.507421,seed57718.png
32.197124,3.2150252,seed57719.png
-29.206738,-12.607291,seed5772.png
22.611078,24.077991,seed57720.png
0.85899776,18.558893,seed57721.png
13.4327,1.0229253,seed57722.png
13.181893,26.895458,seed57723.png
-0.95871556,21.301931,seed57724.png
-16.567282,-5.561865,seed57725.png
30.344967,4.2864275,seed57726.png
-14.800972,-30.594414,seed57727.png
16.46683,-33.48144,seed57728.png
11.226815,13.408335,seed57729.png
13.626397,15.070531,seed5773.png
-23.09266,-28.492868,seed57730.png
-13.264275,-21.658546,seed57731.png
35.01988,20.26972,seed57732.png
28.150345,25.185307,seed57733.png
14.104252,-4.2446227,seed57734.png
-24.571442,-13.841408,seed57735.png
36.797123,6.7652774,seed57736.png
8.16901,-3.3724942,seed57737.png
-4.2796865,-20.691868,seed57738.png
-10.764567,-5.5915484,seed57739.png
-21.708778,7.5388956,seed5774.png
14.267649,24.980124,seed57740.png
-33.515785,22.66855,seed57741.png
14.059665,7.0067363,seed57742.png
-23.04213,1.7317901,seed57743.png
-26.843023,-2.918414,seed57744.png
-7.752169,-26.109524,seed57745.png
22.025759,1.1215338,seed57746.png
-15.079387,-9.251854,seed57747.png
-12.579125,-14.739987,seed57748.png
4.25592,-37.451687,seed57749.png
-26.569466,-9.75869,seed5775.png
-14.915693,-28.067753,seed57750.png
-31.890013,20.301537,seed57751.png
13.507437,-22.922592,seed57752.png
9.473379,29.630537,seed57753.png
11.442563,-9.425974,seed57754.png
32.30534,21.079773,seed57755.png
-1.0290967,24.212997,seed57756.png
35.76076,4.8431373,seed57757.png
-13.762199,-14.342501,seed57758.png
10.070133,-32.929195,seed57759.png
32.784695,16.019297,seed5776.png
-33.16383,7.237297,seed57760.png
11.404014,-28.791954,seed57761.png
-1.0171447,-14.5483,seed57762.png
-15.472143,-16.489618,seed57763.png
26.13725,14.851288,seed57764.png
14.019024,20.443901,seed57765.png
-2.1091912,-0.0923976,seed57766.png
2.7601511,-26.292328,seed57767.png
12.6189995,-19.848621,seed57768.png
-27.591719,-14.029466,seed57769.png
-17.288025,-14.588152,seed5777.png
-14.96065,-32.12355,seed57770.png
-29.616806,-13.461629,seed57771.png
-32.280445,-7.124255,seed57772.png
35.396088,12.236671,seed57773.png
-33.943108,20.01023,seed57774.png
-30.359724,0.94497025,seed57775.png
-22.446188,2.5986693,seed57776.png
37.87729,21.799978,seed57777.png
-9.232224,-0.49811175,seed57778.png
-34.22552,26.152351,seed57779.png
-12.982763,-12.169364,seed5778.png
21.172304,25.169136,seed57780.png
-31.13103,14.929293,seed57781.png
-21.626963,-26.64032,seed57782.png
7.619225,-35.814064,seed57783.png
19.141487,-3.1155133,seed57784.png
4.2092633,16.846504,seed57785.png
-25.83302,-16.561937,seed57786.png
11.325802,27.237116,seed57787.png
20.674494,21.676554,seed57788.png
32.049904,19.714703,seed57789.png
33.85663,15.56204,seed5779.png
-34.52079,20.484877,seed57790.png
9.614836,24.772974,seed57791.png
-18.643063,-21.965485,seed57792.png
-2.0581112,-14.40957,seed57793.png
-35.3768,22.782825,seed57794.png
19.55746,-1.9842131,seed57795.png
5.851905,-27.946012,seed57796.png
26.834003,-3.3362205,seed57797.png
-23.117172,12.657854,seed57798.png
16.402292,-5.992305,seed57799.png
-30.818348,-8.014753,seed5780.png
31.418304,4.4466367,seed57800.png
0.91681534,-1.2960724,seed57801.png
-29.662941,8.0276575,seed57802.png
-8.906327,-16.531319,seed57803.png
-19.71517,2.0299463,seed57804.png
-13.490142,-24.131477,seed57805.png
-17.645422,-26.346786,seed57806.png
23.25503,3.4268906,seed57807.png
-33.964466,17.071186,seed57808.png
22.191505,10.013685,seed57809.png
-15.737437,-10.455691,seed5781.png
-34.62999,26.976269,seed57810.png
13.227812,4.767778,seed57811.png
-33.14349,24.70487,seed57812.png
17.059488,14.128724,seed57813.png
22.865946,15.664031,seed57814.png
-28.773127,-0.4331183,seed57815.png
-21.567307,-16.605759,seed57816.png
-1.5314614,-8.621342,seed57817.png
14.442427,17.142475,seed57818.png
7.7849774,-20.440948,seed57819.png
31.607141,18.248466,seed5782.png
32.95175,8.500124,seed57820.png
31.49442,7.1698055,seed57821.png
-32.944275,18.363539,seed57822.png
-20.208147,8.418808,seed57823.png
14.832474,-39.562454,seed57824.png
11.036357,-29.631224,seed57825.png
-11.468516,-23.643375,seed57826.png
10.624211,-11.71814,seed57827.png
-17.743008,-30.471766,seed57828.png
-12.786776,-16.113556,seed57829.png
12.86148,23.926535,seed5783.png
17.537186,18.031977,seed57830.png
37.68438,16.702322,seed57831.png
39.873478,18.98897,seed57832.png
25.156384,25.476898,seed57833.png
16.632193,-35.917446,seed57834.png
-27.090918,20.460169,seed57835.png
6.474732,-32.954235,seed57836.png
-15.819858,-24.13546,seed57837.png
6.331726,-3.8827474,seed57838.png
30.056446,7.9242215,seed57839.png
33.866333,24.332941,seed5784.png
-23.96389,-27.890728,seed57840.png
30.847477,29.957615,seed57841.png
-27.180367,-3.2486463,seed57842.png
-2.6889691,16.736776,seed57843.png
6.002545,-25.095516,seed57844.png
18.341873,3.0751684,seed57845.png
8.364793,-38.20408,seed57846.png
-21.962963,14.781265,seed57847.png
12.001616,22.395067,seed57848.png
0.90356886,-11.617146,seed57849.png
-32.36571,-2.7632165,seed5785.png
-18.23044,-17.861643,seed57850.png
14.778016,-0.6741473,seed57851.png
12.682205,22.584652,seed57852.png
-23.161684,-0.14257559,seed57853.png
23.005157,14.56668,seed57854.png
-18.174349,-12.043591,seed57855.png
11.377502,-4.2462945,seed57856.png
-13.378293,-29.03884,seed57857.png
10.885813,-26.045588,seed57858.png
-22.911228,-13.406251,seed57859.png
-38.042496,24.639856,seed5786.png
15.445571,-38.137985,seed57860.png
4.708746,-35.177612,seed57861.png
-34.339813,24.076107,seed57862.png
33.129684,21.69883,seed57863.png
-20.916039,19.366947,seed57864.png
-23.093437,10.718598,seed57865.png
-17.928253,-12.310805,seed57866.png
15.0181465,-35.10164,seed57867.png
23.650303,-7.6750216,seed57868.png
-26.444553,9.495812,seed57869.png
37.450764,22.392605,seed5787.png
34.542206,16.610813,seed57870.png
5.0426145,15.166978,seed57871.png
-23.930096,-7.445703,seed57872.png
-35.68875,16.605942,seed57873.png
2.412109,16.867079,seed57874.png
-17.083752,11.002062,seed57875.png
2.9390872,20.104479,seed57876.png
8.7052965,-24.95202,seed57877.png
34.712826,21.559828,seed57878.png
-32.973515,-7.7672615,seed57879.png
22.421806,17.066126,seed5788.png
-14.73927,-6.9818053,seed57880.png
-27.218073,15.34055,seed57881.png
17.642939,-7.0706,seed57882.png
31.83234,24.721622,seed57883.png
7.8630433,-23.850952,seed57884.png
8.06199,-28.519182,seed57885.png
-10.56138,-6.1391306,seed57886.png
10.187054,-31.777597,seed57887.png
-24.863382,-13.346004,seed57888.png
14.79479,28.280235,seed57889.png
-10.420638,-15.290078,seed5789.png
-20.382345,-26.984028,seed57890.png
11.153414,-34.520565,seed57891.png
-28.816051,18.429892,seed57892.png
-0.45131382,17.661871,seed57893.png
21.655079,16.613863,seed57894.png
-16.360128,-29.573671,seed57895.png
0.34530297,23.158522,seed57896.png
-35.424377,16.34169,seed57897.png
6.724326,1.4918255,seed57898.png
-0.33693135,-17.558895,seed57899.png
-2.1314776,-12.600692,seed5790.png
15.315884,-5.0296607,seed57900.png
35.689148,20.59262,seed57901.png
21.687939,16.988716,seed57902.png
24.240786,11.135112,seed57903.png
-22.154585,15.38841,seed57904.png
31.77276,6.599984,seed57905.png
-21.741367,-29.232296,seed57906.png
16.29542,-9.147705,seed57907.png
9.741136,29.682053,seed57908.png
-21.055914,-2.5597987,seed57909.png
10.75211,-40.77903,seed5791.png
-21.152637,15.246897,seed57910.png
30.999838,5.52792,seed57911.png
30.491913,3.6387193,seed57912.png
-21.023544,15.11949,seed57913.png
15.729155,13.051245,seed57914.png
-30.955652,9.225582,seed57915.png
-24.877565,6.192655,seed57916.png
-23.444672,-23.43173,seed57917.png
15.098154,23.502409,seed57918.png
20.31796,-0.37232488,seed57919.png
-21.573902,-9.115215,seed5792.png
-21.230263,17.742287,seed57920.png
25.11826,18.15242,seed57921.png
5.581585,2.7648258,seed57922.png
-29.504904,1.3320764,seed57923.png
-25.414057,-8.776381,seed57924.png
-1.1104625,0.667613,seed57925.png
2.8403523,0.48061773,seed57926.png
8.147689,-5.44965,seed57927.png
14.600441,23.54977,seed57928.png
-32.155186,17.418516,seed57929.png
-4.276535,-18.962702,seed5793.png
10.020997,-33.24606,seed57930.png
13.514699,-23.14334,seed57931.png
-18.90111,-28.998755,seed57932.png
15.515782,22.253674,seed57933.png
3.4797847,17.00565,seed57934.png
22.822857,22.406942,seed57935.png
14.875878,-0.42728257,seed57936.png
-9.233601,-28.214968,seed57937.png
28.458748,4.2528434,seed57938.png
15.238853,-34.701385,seed57939.png
-27.19881,-15.069976,seed5794.png
-34.144707,22.974564,seed57940.png
-34.07085,11.253911,seed57941.png
32.83613,6.8717837,seed57942.png
-16.976442,-14.192841,seed57943.png
24.673616,13.379207,seed57944.png
9.493425,28.395779,seed57945.png
32.72637,8.10512,seed57946.png
22.134623,10.379011,seed57947.png
-35.30314,-6.3397164,seed57948.png
-36.280693,11.554092,seed57949.png
17.997942,-33.861443,seed5795.png
0.23853466,19.472858,seed57950.png
2.5276484,13.984745,seed57951.png
-33.37979,-10.857523,seed57952.png
13.9871025,-2.6851494,seed57953.png
11.645756,-7.4962664,seed57954.png
8.285554,-1.133798,seed57955.png
-28.740482,-3.8596132,seed57956.png
-23.883701,13.026058,seed57957.png
36.596886,20.161352,seed57958.png
38.14302,12.992551,seed57959.png
-8.9097,11.264413,seed5796.png
-1.0628326,22.511606,seed57960.png
1.4784125,20.78383,seed57961.png
15.171987,28.111742,seed57962.png
23.709965,-1.7893769,seed57963.png
5.3346486,-6.1127906,seed57964.png
-20.409176,-18.66063,seed57965.png
-23.986715,-5.074986,seed57966.png
-17.538277,-9.68968,seed57967.png
3.655457,-2.5922854,seed57968.png
6.2926393,6.414084,seed57969.png
10.524775,-41.734474,seed5797.png
-15.973733,-4.61852,seed57970.png
27.381449,4.18079,seed57971.png
12.479231,22.018547,seed57972.png
-1.5797698,25.162619,seed57973.png
31.123955,6.453843,seed57974.png
10.21219,-1.5563434,seed57975.png
6.1240444,-9.159713,seed57976.png
16.741861,-5.3466945,seed57977.png
16.874815,-7.485153,seed57978.png
-1.4673859,-2.0527797,seed57979.png
-22.189392,-24.570356,seed5798.png
-19.766657,7.7033334,seed57980.png
7.992876,8.992572,seed57981.png
23.219534,2.969965,seed57982.png
20.877085,27.2056,seed57983.png
-25.963943,4.619648,seed57984.png
14.363003,-22.335882,seed57985.png
18.92467,23.710958,seed57986.png
-27.456932,-9.520756,seed57987.png
-5.7626553,-23.98106,seed57988.png
10.394765,13.813691,seed57989.png
33.27171,14.900184,seed5799.png
-28.927477,2.2623363,seed57990.png
14.337488,-33.511475,seed57991.png
-20.096575,-3.6993656,seed57992.png
-6.266993,-26.305367,seed57993.png
-22.294563,-15.200708,seed57994.png
-13.960854,-2.5429628,seed57995.png
12.536651,-27.460531,seed57996.png
-29.881796,14.79931,seed57997.png
-16.849876,2.6273293,seed57998.png
11.615668,-29.58601,seed57999.png
-26.087334,10.881965,seed5800.png
-25.426594,-12.878581,seed58000.png
20.443966,28.03872,seed58001.png
7.5782385,6.464307,seed58002.png
36.419827,22.607874,seed58003.png
25.530321,9.77482,seed58004.png
8.008384,0.21741533,seed58005.png
13.245026,-33.650536,seed58006.png
28.513546,21.742023,seed58007.png
-15.462954,-14.9675255,seed58008.png
-16.263506,-11.025877,seed58009.png
-23.985998,-19.551615,seed5801.png
-16.632711,-20.571665,seed58010.png
5.991535,-24.795956,seed58011.png
19.538816,10.885779,seed58012.png
-17.414505,2.4735067,seed58013.png
-34.42545,19.750425,seed58014.png
-23.535126,-11.212991,seed58015.png
-35.938633,18.090435,seed58016.png
0.7740926,-15.504705,seed58017.png
40.47989,23.270733,seed58018.png
-35.77339,22.468021,seed58019.png
20.420761,0.23696147,seed5802.png
-34.818657,26.846313,seed58020.png
-23.150373,-2.7417653,seed58021.png
33.419136,9.533521,seed58022.png
20.49219,18.151236,seed58023.png
16.259985,-2.4181006,seed58024.png
6.2834864,6.8427577,seed58025.png
22.998413,17.208239,seed58026.png
-31.895086,0.66819894,seed58027.png
-34.115276,11.27683,seed58028.png
5.972788,13.987612,seed58029.png
-24.961191,15.852518,seed5803.png
-27.28968,4.8895917,seed58030.png
21.87138,25.623562,seed58031.png
-23.135893,12.461121,seed58032.png
-33.069855,21.696623,seed58033.png
-30.24278,1.079183,seed58034.png
12.245042,-35.916073,seed58035.png
6.6695657,-37.355633,seed58036.png
-30.57756,-13.71758,seed58037.png
-28.3874,-5.6555276,seed58038.png
-21.277447,5.3789926,seed58039.png
34.350273,26.14034,seed5804.png
3.184306,10.373798,seed58040.png
-31.876457,12.000116,seed58041.png
-24.533014,14.884622,seed58042.png
10.297416,3.5376158,seed58043.png
-12.72334,-18.755274,seed58044.png
15.504442,8.046112,seed58045.png
-22.025902,9.947991,seed58046.png
28.909937,27.667576,seed58047.png
11.058305,-36.996056,seed58048.png
-19.042753,5.7669096,seed58049.png
-36.30133,19.851444,seed5805.png
-15.690313,-30.165434,seed58050.png
24.656963,11.196037,seed58051.png
-32.129883,-12.880226,seed58052.png
16.624306,13.017344,seed58053.png
19.446157,-3.0935054,seed58054.png
-24.71929,-7.185269,seed58055.png
-31.750395,9.161816,seed58056.png
-10.126801,-26.433668,seed58057.png
-26.876245,-6.001469,seed58058.png
26.869505,-2.1623688,seed58059.png
19.922234,15.479046,seed5806.png
-27.349766,1.0204909,seed58060.png
7.7236524,-40.073345,seed58061.png
17.471884,-8.241839,seed58062.png
-12.15729,2.3818085,seed58063.png
22.534998,-6.5145464,seed58064.png
-23.737478,8.093343,seed58065.png
-25.802488,6.13558,seed58066.png
-0.10007268,-1.9386855,seed58067.png
-12.209535,-23.162878,seed58068.png
8.898739,25.598969,seed58069.png
12.907017,21.218756,seed5807.png
2.585993,14.5065775,seed58070.png
-22.11371,15.648438,seed58071.png
-15.806928,-2.9959738,seed58072.png
10.545584,-40.35248,seed58073.png
12.349893,24.865904,seed58074.png
37.84736,8.573278,seed58075.png
-22.620232,20.866219,seed58076.png
15.702628,0.5739019,seed58077.png
9.713644,-32.90723,seed58078.png
30.069923,4.165618,seed58079.png
1.2436827,25.018639,seed5808.png
-19.62516,3.26853,seed58080.png
-29.188705,15.192696,seed58081.png
24.668621,14.92358,seed58082.png
10.51961,-31.889563,seed58083.png
-24.21703,-0.116352476,seed58084.png
17.509527,20.19415,seed58085.png
-24.400665,12.763938,seed58086.png
-17.475441,0.7118179,seed58087.png
9.022246,-5.401832,seed58088.png
-32.874043,-3.2668943,seed58089.png
21.366169,-5.336005,seed5809.png
-21.338984,12.291613,seed58090.png
-31.600452,6.295051,seed58091.png
-1.7405117,-2.7317367,seed58092.png
-17.918272,-24.840483,seed58093.png
-27.791475,0.84904885,seed58094.png
24.75356,8.320593,seed58095.png
15.308526,9.773473,seed58096.png
-27.815805,11.216015,seed58097.png
-25.087736,-8.169133,seed58098.png
-9.348346,-18.957747,seed58099.png
-16.33944,-6.61336,seed5810.png
-17.357052,-12.712762,seed58100.png
-27.513823,-11.46672,seed58101.png
24.068552,1.9115436,seed58102.png
32.09342,20.465519,seed58103.png
15.042549,21.516655,seed58104.png
14.137998,20.872078,seed58105.png
38.987717,13.381009,seed58106.png
22.421263,25.23791,seed58107.png
-20.526758,13.817436,seed58108.png
-27.019041,4.4018044,seed58109.png
12.439345,-33.551853,seed5811.png
10.764394,-29.85079,seed58110.png
-17.59973,2.922252,seed58111.png
-18.003967,-3.7774234,seed58112.png
-33.660465,16.717907,seed58113.png
-20.184322,-18.912422,seed58114.png
-19.622112,-0.9414679,seed58115.png
1.7157815,-1.4001052,seed58116.png
-26.011103,14.913178,seed58117.png
-10.928368,-25.468458,seed58118.png
5.856049,-38.393238,seed58119.png
-26.939383,-1.9067742,seed5812.png
7.8620696,9.730554,seed58120.png
-25.297235,-11.756959,seed58121.png
19.898926,21.392187,seed58122.png
-13.06737,-16.141502,seed58123.png
2.6645343,-37.224453,seed58124.png
32.00692,16.445402,seed58125.png
-17.769781,-8.064407,seed58126.png
12.325452,-4.6951284,seed58127.png
-11.107733,-19.220575,seed58128.png
-33.31373,-5.085211,seed58129.png
10.63256,10.467413,seed5813.png
8.917466,-33.766823,seed58130.png
-11.243565,-20.097017,seed58131.png
-21.36202,-12.658505,seed58132.png
-32.924355,-6.5548663,seed58133.png
-29.80931,13.688712,seed58134.png
-27.864265,-13.220449,seed58135.png
19.599844,14.316835,seed58136.png
-16.063852,-29.672544,seed58137.png
-8.062589,-4.7104125,seed58138.png
15.725569,-0.5335478,seed58139.png
-12.984021,-21.237013,seed5814.png
-22.955479,5.2027297,seed58140.png
-6.764697,-2.7648778,seed58141.png
-21.55735,18.860676,seed58142.png
35.883858,5.7858644,seed58143.png
-25.810501,-11.203286,seed58144.png
-16.884237,4.441036,seed58145.png
-26.144989,2.882209,seed58146.png
4.615656,-12.609772,seed58147.png
22.660128,-5.508947,seed58148.png
10.527115,-24.183004,seed58149.png
37.987423,22.221056,seed5815.png
25.25742,9.409126,seed58150.png
-20.06044,-23.618078,seed58151.png
22.099516,6.5209627,seed58152.png
1.3751068,-11.166121,seed58153.png
-27.97257,-3.2050924,seed58154.png
-21.99222,8.391635,seed58155.png
10.604196,7.6387296,seed58156.png
-2.853137,-11.034233,seed58157.png
10.46224,-40.154484,seed58158.png
5.114168,-26.52479,seed58159.png
-3.780207,2.9794548,seed5816.png
-11.209053,-1.7016691,seed58160.png
-21.389786,17.934624,seed58161.png
-25.128098,-20.57504,seed58162.png
-27.500502,-6.5297318,seed58163.png
6.7830005,-28.187454,seed58164.png
33.160564,13.3862505,seed58165.png
0.55870485,-19.63259,seed58166.png
7.3318715,9.566739,seed58167.png
7.7657604,-40.28242,seed58168.png
-0.4414927,1.1999906,seed58169.png
10.260199,-31.964163,seed5817.png
-3.43471,14.9880905,seed58170.png
-21.86937,-9.884034,seed58171.png
18.341953,25.719557,seed58172.png
30.568087,15.814813,seed58173.png
18.103275,18.276224,seed58174.png
9.400895,-29.47286,seed58175.png
-1.0924637,21.353163,seed58176.png
-0.87097186,24.335108,seed58177.png
-20.215252,-25.98143,seed58178.png
-18.520796,-22.542429,seed58179.png
-26.469719,15.169884,seed5818.png
-9.387711,-22.984226,seed58180.png
0.2629069,-1.4924301,seed58181.png
31.161995,18.968678,seed58182.png
31.597813,3.10008,seed58183.png
-29.393044,6.9895043,seed58184.png
24.702885,10.078138,seed58185.png
-21.208235,-29.173111,seed58186.png
25.064087,17.745604,seed58187.png
-21.260803,-14.8170185,seed58188.png
14.817457,-6.9843335,seed58189.png
-5.5010567,-17.065624,seed5819.png
9.1565695,16.315582,seed58190.png
6.6326,-19.423204,seed58191.png
16.22239,-37.903862,seed58192.png
12.635127,-9.094668,seed58193.png
-14.276456,-14.21186,seed58194.png
-0.80120283,-5.6450443,seed58195.png
3.4007459,0.9505841,seed58196.png
23.376547,24.187012,seed58197.png
30.514017,26.17478,seed58198.png
8.685026,-39.922935,seed58199.png
20.820326,27.043919,seed5820.png
-32.167118,13.7930565,seed58200.png
15.165988,-36.361443,seed58201.png
17.494486,14.040315,seed58202.png
3.570193,23.927889,seed58203.png
10.17939,5.880351,seed58204.png
-13.697143,-8.084453,seed58205.png
-19.390913,-15.784532,seed58206.png
-15.214501,-12.482503,seed58207.png
-29.757528,-4.3102794,seed58208.png
-26.722618,-1.5398554,seed58209.png
-22.412783,-4.782032,seed5821.png
19.136599,21.717497,seed58210.png
37.411594,13.691939,seed58211.png
13.905566,-30.835915,seed58212.png
-34.042732,-0.501225,seed58213.png
14.307488,27.897453,seed58214.png
33.584785,14.908963,seed58215.png
33.267982,6.300214,seed58216.png
-23.624348,4.7860026,seed58217.png
-18.911388,-2.9748366,seed58218.png
6.507942,-38.891346,seed58219.png
19.83634,22.962944,seed5822.png
-27.990398,-21.8825,seed58220.png
-16.374687,-21.256227,seed58221.png
-17.415892,-13.291335,seed58222.png
8.717864,-3.2584903,seed58223.png
-29.656616,14.062419,seed58224.png
-12.398138,-27.658768,seed58225.png
18.950272,-3.5525258,seed58226.png
14.417045,26.377039,seed58227.png
15.431677,21.61316,seed58228.png
24.133436,24.206423,seed58229.png
41.999813,19.686584,seed5823.png
-6.4658566,-19.025606,seed58230.png
7.7094655,-28.00601,seed58231.png
4.602435,-33.798805,seed58232.png
11.88122,-42.882935,seed58233.png
10.296619,-41.321007,seed58234.png
-7.0363235,1.0323331,seed58235.png
-22.374743,8.739256,seed58236.png
-21.41528,-22.27281,seed58237.png
-17.765352,-25.730892,seed58238.png
-29.90696,-19.573462,seed58239.png
-25.272997,2.93961,seed5824.png
21.468332,19.45919,seed58240.png
33.67066,15.425777,seed58241.png
-33.61073,9.1047,seed58242.png
-13.130802,-13.881309,seed58243.png
-12.225192,-21.322533,seed58244.png
-27.561274,-16.468485,seed58245.png
11.798922,-41.256317,seed58246.png
-18.332579,-3.4669385,seed58247.png
11.58747,-39.424606,seed58248.png
-23.256979,14.720741,seed58249.png
-32.441105,3.062519,seed5825.png
-24.943096,-15.823035,seed58250.png
-16.906015,-26.392603,seed58251.png
-33.73351,9.144181,seed58252.png
11.741879,4.9500847,seed58253.png
-2.7316465,-15.991992,seed58254.png
-27.985155,-12.44673,seed58255.png
-25.990639,17.19,seed58256.png
34.306564,18.43867,seed58257.png
14.7177515,0.3345981,seed58258.png
-31.699648,16.977882,seed58259.png
11.315964,2.5595157,seed5826.png
3.8740816,12.34873,seed58260.png
32.320023,24.869839,seed58261.png
-33.04182,-6.9280777,seed58262.png
-10.293231,-21.737143,seed58263.png
6.1238823,8.531813,seed58264.png
-10.639311,-13.550026,seed58265.png
36.01257,5.116352,seed58266.png
10.218462,-24.829338,seed58267.png
-14.323862,0.5816346,seed58268.png
-14.308914,-4.2870736,seed58269.png
3.1146557,-25.85087,seed5827.png
18.673422,27.056995,seed58270.png
-25.123194,11.514394,seed58271.png
-13.26603,-21.701801,seed58272.png
-18.244558,6.3223686,seed58273.png
13.036611,-8.316434,seed58274.png
-23.046919,-8.41861,seed58275.png
-21.868618,-20.00693,seed58276.png
8.975318,13.660211,seed58277.png
-33.128616,20.348122,seed58278.png
2.7305417,21.903032,seed58279.png
27.62292,2.7802267,seed5828.png
-8.823072,-22.085665,seed58280.png
-6.7886996,8.166615,seed58281.png
32.045937,29.767765,seed58282.png
-32.362656,22.3155,seed58283.png
9.281537,9.081202,seed58284.png
13.62683,-1.9251156,seed58285.png
-7.400534,-23.071083,seed58286.png
31.03891,8.3762,seed58287.png
7.187132,-28.305136,seed58288.png
-12.940065,-25.614035,seed58289.png
10.8360615,-33.32727,seed5829.png
15.026617,22.644941,seed58290.png
21.25309,1.5153025,seed58291.png
-16.248579,-30.932108,seed58292.png
-23.566046,-4.698746,seed58293.png
12.393233,-14.296169,seed58294.png
15.086253,-9.320922,seed58295.png
16.887957,-6.78573,seed58296.png
31.006271,-0.89830303,seed58297.png
-13.838694,-3.4533591,seed58298.png
-22.224766,-6.0756416,seed58299.png
13.533528,-11.510479,seed5830.png
-32.458107,11.311992,seed58300.png
1.7421939,-16.68348,seed58301.png
-18.558767,12.241483,seed58302.png
17.68724,21.120396,seed58303.png
-29.42573,15.047246,seed58304.png
-11.313013,-8.373424,seed58305.png
31.18628,16.927841,seed58306.png
19.687305,4.61939,seed58307.png
-2.6377208,-14.093233,seed58308.png
21.753532,0.70996827,seed58309.png
-17.603943,-20.968624,seed5831.png
37.521423,18.734013,seed58310.png
25.374989,22.444546,seed58311.png
-15.678225,-21.42655,seed58312.png
15.754458,-37.44657,seed58313.png
33.04292,9.633482,seed58314.png
10.349519,-39.45343,seed58315.png
-23.635792,-10.70148,seed58316.png
-18.301586,-13.408313,seed58317.png
10.305137,-33.50154,seed58318.png
11.042833,-42.73307,seed58319.png
14.168909,-34.188778,seed5832.png
-19.490398,9.551889,seed58320.png
-34.292645,27.22093,seed58321.png
-11.722294,-26.776302,seed58322.png
26.360544,8.376616,seed58323.png
7.9644775,7.153395,seed58324.png
16.846416,-6.148072,seed58325.png
38.30885,13.295527,seed58326.png
35.17886,13.966871,seed58327.png
7.501365,-31.173386,seed58328.png
20.304174,19.887949,seed58329.png
6.9566116,16.293217,seed5833.png
24.951859,3.3923674,seed58330.png
-7.165469,-9.121542,seed58331.png
5.9477606,4.8794885,seed58332.png
-4.5841084,6.510964,seed58333.png
-33.496277,21.637417,seed58334.png
10.865375,-9.673552,seed58335.png
17.506811,20.521278,seed58336.png
-15.334959,-16.982716,seed58337.png
8.229203,18.989906,seed58338.png
11.982767,24.652376,seed58339.png
19.73184,25.163809,seed5834.png
-11.788789,-19.594658,seed58340.png
-22.551306,-16.293425,seed58341.png
-2.5033927,-14.393037,seed58342.png
-16.942635,-12.495154,seed58343.png
16.471046,5.410076,seed58344.png
12.165929,-21.624842,seed58345.png
4.163872,-2.0727546,seed58346.png
-4.538327,-11.162092,seed58347.png
-14.74959,-25.70888,seed58348.png
38.990585,18.874186,seed58349.png
28.43134,14.2491865,seed5835.png
19.089972,20.13829,seed58350.png
-23.700556,3.583791,seed58351.png
32.914906,7.007947,seed58352.png
9.859464,10.985329,seed58353.png
-15.2850895,-31.666492,seed58354.png
19.551924,10.923488,seed58355.png
3.0332541,4.2145495,seed58356.png
-31.031815,14.394424,seed58357.png
-0.8392104,14.069908,seed58358.png
21.644032,19.987091,seed58359.png
-15.753638,-27.353575,seed5836.png
14.191126,-8.7663555,seed58360.png
-25.288946,-0.42368823,seed58361.png
13.148552,10.808915,seed58362.png
-12.15937,-10.569701,seed58363.png
-27.232761,6.917589,seed58364.png
13.108679,2.9105773,seed58365.png
-26.781086,8.90479,seed58366.png
-29.197598,2.7071497,seed58367.png
15.490021,-0.4690978,seed58368.png
14.262878,-30.610107,seed58369.png
-4.935416,-11.593029,seed5837.png
29.688591,8.153723,seed58370.png
10.428638,15.116945,seed58371.png
-11.751219,-24.186293,seed58372.png
13.04016,-7.1725903,seed58373.png
4.3178186,24.31631,seed58374.png
-19.31725,-16.425535,seed58375.png
-33.191765,-4.411862,seed58376.png
9.283263,29.60066,seed58377.png
35.188324,2.195919,seed58378.png
-26.042639,11.012784,seed58379.png
-20.825369,0.27287644,seed5838.png
-19.66076,4.108094,seed58380.png
16.516079,6.983753,seed58381.png
-15.857547,-19.807066,seed58382.png
13.383162,-6.1522536,seed58383.png
0.4619965,0.0008412653,seed58384.png
-21.650465,-0.49332845,seed58385.png
-7.366051,-5.3275456,seed58386.png
13.649017,11.998118,seed58387.png
-8.438007,-9.957183,seed58388.png
16.052723,23.002457,seed58389.png
24.656223,14.604081,seed5839.png
12.455491,11.38388,seed58390.png
12.4096575,29.383226,seed58391.png
-21.919281,-20.453535,seed58392.png
-25.619213,-26.29891,seed58393.png
-8.617304,-25.20241,seed58394.png
39.203423,23.45857,seed58395.png
-26.985493,12.116371,seed58396.png
-1.7901248,-9.896587,seed58397.png
-32.429134,16.300713,seed58398.png
3.420135,10.862868,seed58399.png
-24.366022,-1.573925,seed5840.png
14.067305,-38.455116,seed58400.png
11.580342,-1.3878472,seed58401.png
22.425005,16.22041,seed58402.png
-8.976896,-3.4895747,seed58403.png
-32.235954,-10.032313,seed58404.png
30.527489,12.702761,seed58405.png
15.505375,28.802044,seed58406.png
32.04438,12.046574,seed58407.png
5.506892,-34.40551,seed58408.png
10.051967,-42.41956,seed58409.png
-14.178906,3.528047,seed5841.png
32.423058,22.743006,seed58410.png
-32.88617,12.824731,seed58411.png
1.6063741,1.9242849,seed58412.png
-7.246931,-24.698399,seed58413.png
3.4798408,1.9562535,seed58414.png
5.1747413,-1.9418676,seed58415.png
-33.555023,15.85733,seed58416.png
20.503368,22.608332,seed58417.png
14.394885,11.020454,seed58418.png
-29.948061,7.6231523,seed58419.png
7.7400627,-35.17831,seed5842.png
6.699292,-5.540814,seed58420.png
-19.826365,17.490278,seed58421.png
-10.845201,9.055983,seed58422.png
-27.110115,-8.37752,seed58423.png
10.154914,11.570955,seed58424.png
-30.921799,-7.9889464,seed58425.png
-30.242895,-17.716404,seed58426.png
15.097918,0.0056584924,seed58427.png
-32.532337,21.985975,seed58428.png
22.40185,22.114536,seed58429.png
-28.127691,21.671997,seed5843.png
1.6781727,-21.402443,seed58430.png
10.9133215,-24.795713,seed58431.png
36.51614,13.038304,seed58432.png
-15.615007,-11.815359,seed58433.png
34.79426,18.869684,seed58434.png
-17.125786,-19.278328,seed58435.png
26.772806,29.319145,seed58436.png
14.328938,-40.58852,seed58437.png
-22.747208,-13.785381,seed58438.png
-11.859546,-15.935829,seed58439.png
14.018941,-36.320206,seed5844.png
4.6363792,9.392561,seed58440.png
34.9604,17.187925,seed58441.png
-22.466328,-26.226515,seed58442.png
39.171547,14.785053,seed58443.png
-1.578265,23.910461,seed58444.png
24.504183,7.3749094,seed58445.png
14.523556,12.497983,seed58446.png
-18.579437,-16.998032,seed58447.png
25.30248,10.3541155,seed58448.png
-7.6915946,11.763433,seed58449.png
-15.96819,-9.717339,seed5845.png
-25.72182,-5.973012,seed58450.png
-15.209722,-17.791672,seed58451.png
-33.310097,20.377115,seed58452.png
13.029927,21.187643,seed58453.png
-18.468224,-27.197994,seed58454.png
25.893063,7.6375,seed58455.png
29.662598,25.738026,seed58456.png
-24.846218,-3.8438053,seed58457.png
13.5407715,18.000597,seed58458.png
-18.855751,-10.981029,seed58459.png
24.996836,7.4324894,seed5846.png
20.93958,19.612465,seed58460.png
-7.6315484,-8.123813,seed58461.png
15.731841,-32.836647,seed58462.png
37.678177,20.106863,seed58463.png
-37.049217,11.4507,seed58464.png
27.898401,12.043884,seed58465.png
-26.423084,15.608543,seed58466.png
-20.702778,-26.221886,seed58467.png
13.883582,17.30891,seed58468.png
27.045832,26.577143,seed58469.png
-14.858334,-5.360945,seed5847.png
18.899145,12.121045,seed58470.png
32.482452,9.069228,seed58471.png
19.800817,26.512865,seed58472.png
-0.16905637,-14.260598,seed58473.png
-2.371134,-19.601145,seed58474.png
-9.329797,-14.165052,seed58475.png
-30.587034,22.55957,seed58476.png
-21.318989,13.78423,seed58477.png
20.797607,19.777979,seed58478.png
16.428568,19.221096,seed58479.png
-35.23882,9.884688,seed5848.png
19.23287,-1.2306988,seed58480.png
-6.9105763,11.622034,seed58481.png
3.8313441,-30.982092,seed58482.png
-1.9997561,17.036436,seed58483.png
26.010866,3.759024,seed58484.png
-11.734976,-0.13003568,seed58485.png
-12.845782,-5.361818,seed58486.png
19.90098,5.8246837,seed58487.png
-8.287834,-12.765217,seed58488.png
3.950972,-28.972317,seed58489.png
-21.646347,-25.73474,seed5849.png
10.274878,29.014544,seed58490.png
-23.75728,-1.489955,seed58491.png
38.459576,22.184822,seed58492.png
-33.29475,24.802696,seed58493.png
-20.184757,-0.49818355,seed58494.png
27.78935,24.374655,seed58495.png
-1.9848633,-23.937689,seed58496.png
-28.409517,-19.018177,seed58497.png
-28.759012,4.827679,seed58498.png
3.5942216,10.59592,seed58499.png
11.793215,-41.798798,seed5850.png
10.067171,24.91496,seed58500.png
12.019853,-40.044804,seed58501.png
-27.288437,3.7041829,seed58502.png
38.55248,21.54176,seed58503.png
5.4547825,-13.870436,seed58504.png
-12.62633,10.03352,seed58505.png
23.622877,8.9609,seed58506.png
-17.447285,-22.427147,seed58507.png
-1.5226978,5.0269365,seed58508.png
-17.846388,-15.476551,seed58509.png
-27.61507,13.508685,seed5851.png
-7.006577,-16.399519,seed58510.png
15.415745,-9.95766,seed58511.png
-0.06782995,-15.873623,seed58512.png
-30.86895,15.727544,seed58513.png
-10.330307,3.1719658,seed58514.png
-16.56303,-0.011771468,seed58515.png
34.506226,13.464147,seed58516.png
36.51328,11.695026,seed58517.png
0.8330715,-16.767872,seed58518.png
-12.938607,-15.27888,seed58519.png
-13.912262,-22.939669,seed5852.png
12.242022,-8.072401,seed58520.png
9.146402,3.4000123,seed58521.png
-22.919575,9.168276,seed58522.png
15.795538,-39.56702,seed58523.png
-2.4422588,-16.339424,seed58524.png
13.759173,-38.906612,seed58525.png
-3.8138015,7.0535345,seed58526.png
16.430077,-35.70324,seed58527.png
11.977867,2.8105686,seed58528.png
28.86175,23.083754,seed58529.png
14.659651,-3.2301059,seed5853.png
-24.192516,4.281851,seed58530.png
0.6145832,23.819168,seed58531.png
14.671209,21.631674,seed58532.png
5.788941,-26.378153,seed58533.png
29.191692,7.3175,seed58534.png
-5.667222,-16.716003,seed58535.png
37.13585,24.187624,seed58536.png
-15.595403,-24.41826,seed58537.png
6.9636083,10.743048,seed58538.png
28.278877,12.665337,seed58539.png
-6.0324216,14.653441,seed5854.png
29.619072,27.937119,seed58540.png
-17.431063,-26.04944,seed58541.png
17.40306,14.189521,seed58542.png
-20.514536,-22.300894,seed58543.png
7.882984,-8.027936,seed58544.png
24.482111,7.608722,seed58545.png
14.784318,-10.49492,seed58546.png
-21.60337,-18.153826,seed58547.png
35.82159,18.10775,seed58548.png
-16.498474,4.0175514,seed58549.png
23.960602,20.786694,seed5855.png
8.356378,12.357895,seed58550.png
-12.999388,-16.440563,seed58551.png
-37.15027,21.28851,seed58552.png
32.687515,26.851446,seed58553.png
36.229263,17.7069,seed58554.png
-13.210359,-11.141642,seed58555.png
-6.102692,4.9105825,seed58556.png
16.568068,-7.4980655,seed58557.png
-19.821117,-9.983744,seed58558.png
9.499463,-32.18959,seed58559.png
-12.634848,-30.865204,seed5856.png
-23.890116,10.859842,seed58560.png
-9.999098,12.346907,seed58561.png
12.548695,-25.617365,seed58562.png
13.101045,-38.69514,seed58563.png
36.59621,13.326866,seed58564.png
-7.272016,-23.5816,seed58565.png
-31.766499,-10.114885,seed58566.png
17.293303,-34.983047,seed58567.png
-27.83518,5.494978,seed58568.png
-19.469177,12.458433,seed58569.png
-17.220974,-22.778584,seed5857.png
-10.120835,-15.809657,seed58570.png
-19.57901,7.099172,seed58571.png
19.006565,1.0330824,seed58572.png
-23.816175,-7.57454,seed58573.png
36.299236,22.266285,seed58574.png
-16.049847,-16.754715,seed58575.png
16.470243,-36.62366,seed58576.png
-27.2015,11.253904,seed58577.png
33.093628,23.790583,seed58578.png
-34.618782,27.735859,seed58579.png
-8.195262,-12.712042,seed5858.png
13.897284,1.7194525,seed58580.png
8.0604315,-23.821991,seed58581.png
-2.4860315,-25.66566,seed58582.png
-16.336823,-25.834955,seed58583.png
3.5347817,5.109348,seed58584.png
11.667696,-33.89727,seed58585.png
-16.938591,9.016176,seed58586.png
13.518858,-12.74881,seed58587.png
32.46624,19.772057,seed58588.png
38.054695,12.021451,seed58589.png
18.675657,13.369832,seed5859.png
-24.420689,1.207938,seed58590.png
-17.327902,-10.484631,seed58591.png
4.804787,7.8071027,seed58592.png
10.853852,-6.102552,seed58593.png
-29.829576,-14.4978895,seed58594.png
16.031673,-35.053608,seed58595.png
37.11814,5.701649,seed58596.png
9.0737505,5.6350126,seed58597.png
-21.449808,13.800604,seed58598.png
9.0505495,23.356422,seed58599.png
-22.011887,2.2228749,seed5860.png
6.454463,-39.560104,seed58600.png
-20.904036,-29.536623,seed58601.png
14.768143,28.343666,seed58602.png
6.036958,-35.77246,seed58603.png
37.946827,24.416096,seed58604.png
11.440772,23.671024,seed58605.png
9.8051815,-41.873753,seed58606.png
35.89446,4.9958014,seed58607.png
-6.0237765,-13.468622,seed58608.png
15.690133,-8.497025,seed58609.png
-15.579117,-0.94788814,seed5861.png
8.634529,29.722752,seed58610.png
1.6380373,21.69736,seed58611.png
-9.9680195,-9.397662,seed58612.png
-35.058678,12.560002,seed58613.png
-33.21491,14.133821,seed58614.png
-29.804197,23.792336,seed58615.png
-21.605886,19.819418,seed58616.png
-2.4431982,-12.39895,seed58617.png
1.3043948,-4.3226233,seed58618.png
4.6095905,-31.98018,seed58619.png
-18.810392,-20.523033,seed5862.png
18.578587,23.684341,seed58620.png
-37.806324,14.55875,seed58621.png
-27.498348,-1.1239189,seed58622.png
-26.203596,13.144478,seed58623.png
-0.43032923,-15.380362,seed58624.png
8.82153,5.24119,seed58625.png
-10.021677,-6.4660883,seed58626.png
17.330843,-1.4647466,seed58627.png
35.083275,23.289574,seed58628.png
37.05954,21.432795,seed58629.png
12.85563,17.534708,seed5863.png
-32.747414,21.72407,seed58630.png
21.488815,24.187391,seed58631.png
14.900571,-38.46254,seed58632.png
28.032475,-2.7308135,seed58633.png
36.087452,6.1797504,seed58634.png
9.94003,-28.816414,seed58635.png
-31.252352,18.649307,seed58636.png
-26.894684,-25.88957,seed58637.png
-20.001705,2.7046788,seed58638.png
-18.242659,-0.50676745,seed58639.png
-18.310667,-32.17009,seed5864.png
-19.55604,14.446338,seed58640.png
8.522947,-38.258175,seed58641.png
12.188143,-37.551792,seed58642.png
26.991402,14.310273,seed58643.png
30.394835,12.264112,seed58644.png
12.248397,1.2222617,seed58645.png
-31.933123,3.4172995,seed58646.png
-18.68991,12.124274,seed58647.png
-29.166815,-10.7158165,seed58648.png
33.058388,26.294756,seed58649.png
-14.225808,-4.2149715,seed5865.png
-18.205736,-18.969784,seed58650.png
-22.576405,-17.413456,seed58651.png
21.959785,24.521812,seed58652.png
-20.905203,-10.137061,seed58653.png
-8.291723,-6.301011,seed58654.png
-6.559673,5.7510934,seed58655.png
17.256004,18.305897,seed58656.png
-26.327961,-13.890913,seed58657.png
27.7199,27.034239,seed58658.png
17.938637,21.93828,seed58659.png
-19.936285,-27.205278,seed5866.png
-2.6247191,4.4354873,seed58660.png
-33.838333,22.220678,seed58661.png
-23.947205,3.232907,seed58662.png
-32.77336,24.899168,seed58663.png
-21.739836,12.683837,seed58664.png
12.219447,12.32064,seed58665.png
0.2728515,-23.6058,seed58666.png
12.819624,-8.289729,seed58667.png
-29.08286,8.467434,seed58668.png
5.967301,13.099723,seed58669.png
-31.437878,18.530928,seed5867.png
-0.95453376,19.919762,seed58670.png
35.51369,26.769335,seed58671.png
-28.2185,-11.435429,seed58672.png
-18.751474,3.5978258,seed58673.png
11.32859,16.769596,seed58674.png
5.5175595,7.4778886,seed58675.png
2.6468754,-6.198128,seed58676.png
11.531849,-37.283882,seed58677.png
-5.0395293,-4.981943,seed58678.png
8.133331,-6.6690397,seed58679.png
-10.337207,-2.0547733,seed5868.png
17.18049,-1.0828624,seed58680.png
10.526598,1.3372492,seed58681.png
13.504163,12.026359,seed58682.png
-9.651073,-27.741684,seed58683.png
20.90044,14.357992,seed58684.png
-14.20493,0.10133306,seed58685.png
17.722397,3.2193608,seed58686.png
-11.816126,-20.300581,seed58687.png
11.6553,-20.797428,seed58688.png
10.699493,-37.745243,seed58689.png
8.770419,11.73614,seed5869.png
-15.879947,-23.429934,seed58690.png
33.475883,12.300924,seed58691.png
-20.75322,3.0538387,seed58692.png
-28.054293,13.982914,seed58693.png
25.419746,12.185365,seed58694.png
-24.16945,-8.696317,seed58695.png
-21.159788,-0.9587581,seed58696.png
13.586572,21.924583,seed58697.png
11.961529,-27.320686,seed58698.png
-0.23025836,-18.664051,seed58699.png
2.728986,22.495588,seed5870.png
17.487722,26.566965,seed58700.png
-28.885134,18.524712,seed58701.png
15.630647,-0.17429763,seed58702.png
12.430412,3.4819162,seed58703.png
-1.8892255,-2.9213579,seed58704.png
-20.44067,-6.190446,seed58705.png
-3.2803695,-12.061519,seed58706.png
30.946949,28.52095,seed58707.png
-21.733376,-13.516173,seed58708.png
14.300477,24.799728,seed58709.png
-30.505993,8.9366045,seed5871.png
-22.510736,-9.503295,seed58710.png
-28.939117,8.428605,seed58711.png
7.047772,23.602818,seed58712.png
-24.263504,-13.858542,seed58713.png
-24.754086,-12.310398,seed58714.png
13.026151,17.99686,seed58715.png
-24.806211,3.4900622,seed58716.png
-26.463997,-2.547609,seed58717.png
-28.943348,-10.91301,seed58718.png
20.920528,-3.386829,seed58719.png
14.792641,11.3110285,seed5872.png
10.743576,-36.95952,seed58720.png
-36.546413,8.587043,seed58721.png
19.839819,7.6753607,seed58722.png
12.472625,-42.407433,seed58723.png
-27.666277,7.2042184,seed58724.png
-15.0039,-10.368998,seed58725.png
-1.9405534,-16.160767,seed58726.png
25.00531,18.100018,seed58727.png
-18.891949,7.411936,seed58728.png
9.929951,-5.738307,seed58729.png
13.219965,29.0981,seed5873.png
24.082378,-7.1815777,seed58730.png
34.255455,17.497196,seed58731.png
14.83363,-33.387897,seed58732.png
-10.284081,-28.355957,seed58733.png
23.245466,1.3544987,seed58734.png
-35.30774,-4.224869,seed58735.png
-13.043547,-2.6089387,seed58736.png
-4.1733346,23.600052,seed58737.png
-23.255148,1.000303,seed58738.png
-28.20936,-9.628441,seed58739.png
-30.091429,8.936787,seed5874.png
-4.9627585,18.421858,seed58740.png
16.484722,1.3681571,seed58741.png
28.728453,24.714699,seed58742.png
4.863608,24.503242,seed58743.png
-24.577816,8.925048,seed58744.png
-27.695797,15.914193,seed58745.png
16.854282,23.603882,seed58746.png
38.95391,17.479555,seed58747.png
-19.733788,-19.358963,seed58748.png
-10.357714,0.8460791,seed58749.png
14.629148,1.0969719,seed5875.png
12.448998,9.930889,seed58750.png
-27.035404,-3.534406,seed58751.png
-30.121897,15.109552,seed58752.png
-15.319548,-18.364794,seed58753.png
21.597445,17.895145,seed58754.png
-8.010185,-25.226343,seed58755.png
13.07855,19.15259,seed58756.png
10.475934,12.946861,seed58757.png
25.460178,15.357867,seed58758.png
24.700504,21.656116,seed58759.png
-22.564808,4.9159036,seed5876.png
9.008359,15.045484,seed58760.png
-23.328161,-25.10719,seed58761.png
24.475096,12.77792,seed58762.png
9.916711,-38.97824,seed58763.png
14.395851,10.73293,seed58764.png
34.684402,15.839761,seed58765.png
-5.7327743,-25.652235,seed58766.png
9.608752,3.981011,seed58767.png
12.343519,-42.44908,seed58768.png
-31.322424,26.097073,seed58769.png
8.38223,21.336678,seed5877.png
23.15,13.282847,seed58770.png
-23.781483,4.380294,seed58771.png
32.51734,18.97458,seed58772.png
-27.205648,0.62552446,seed58773.png
11.10407,17.560537,seed58774.png
-33.961956,5.9832287,seed58775.png
7.202918,12.391247,seed58776.png
-6.757177,-0.7639203,seed58777.png
27.718418,1.7003087,seed58778.png
-32.519173,20.041058,seed58779.png
8.354394,5.7132506,seed5878.png
-28.352182,-1.6652365,seed58780.png
-30.167236,-3.7774243,seed58781.png
-2.567822,-20.190516,seed58782.png
10.145577,14.37105,seed58783.png
-22.461327,14.099147,seed58784.png
-32.544888,20.325865,seed58785.png
-12.399871,-28.840635,seed58786.png
30.987589,3.7024634,seed58787.png
-6.462651,-21.008997,seed58788.png
18.937483,24.263401,seed58789.png
-33.91441,22.291996,seed5879.png
22.22575,16.131086,seed58790.png
-2.5857315,-13.2195015,seed58791.png
-31.569761,17.942966,seed58792.png
-0.6424433,5.7473245,seed58793.png
10.648955,4.273447,seed58794.png
-15.170567,-17.250088,seed58795.png
-9.252511,5.6625977,seed58796.png
18.156384,21.289356,seed58797.png
-29.957571,-1.7823592,seed58798.png
13.477018,1.5111775,seed58799.png
35.267395,22.13715,seed5880.png
34.12608,21.270624,seed58800.png
-0.11089154,-12.298503,seed58801.png
-2.5961528,-9.859542,seed58802.png
7.530311,-37.34208,seed58803.png
-28.188644,3.0456944,seed58804.png
-31.981064,21.65286,seed58805.png
-17.957048,-9.516989,seed58806.png
8.809427,7.201997,seed58807.png
30.696732,15.808046,seed58808.png
37.69642,8.916636,seed58809.png
-23.035316,0.47506592,seed5881.png
-25.205027,1.884971,seed58810.png
-19.268839,1.4260259,seed58811.png
19.915653,-2.2818873,seed58812.png
-12.826363,3.8069313,seed58813.png
-23.488178,-17.203045,seed58814.png
-15.031296,3.2593205,seed58815.png
22.80228,16.741558,seed58816.png
-20.456566,7.1866994,seed58817.png
8.692295,-40.908768,seed58818.png
-12.477719,-13.176608,seed58819.png
-28.346874,-5.3458467,seed5882.png
-23.4344,6.496286,seed58820.png
-28.934881,2.1594439,seed58821.png
30.774607,24.73531,seed58822.png
-32.65043,-4.2899313,seed58823.png
33.194565,10.313845,seed58824.png
7.2808285,2.5544071,seed58825.png
-33.537003,12.612518,seed58826.png
10.728118,-43.40223,seed58827.png
-29.28053,-2.038073,seed58828.png
23.638464,14.802881,seed58829.png
-32.199543,14.409363,seed5883.png
-19.321741,-3.7666526,seed58830.png
-14.775806,-11.955498,seed58831.png
-16.757309,-31.077393,seed58832.png
-13.600255,-30.438982,seed58833.png
35.648388,13.452302,seed58834.png
19.598911,14.427441,seed58835.png
33.20828,11.312672,seed58836.png
14.535399,2.1805825,seed58837.png
1.5338796,-2.230617,seed58838.png
-9.810183,4.0051723,seed58839.png
6.1000805,-30.707247,seed5884.png
28.381424,4.2004223,seed58840.png
30.026718,8.117024,seed58841.png
-27.525248,-11.821503,seed58842.png
-31.591246,22.293037,seed58843.png
17.476591,26.67673,seed58844.png
-28.138819,22.011988,seed58845.png
13.156043,0.71197146,seed58846.png
36.509426,9.994443,seed58847.png
-12.219041,-27.204985,seed58848.png
29.84039,5.0600934,seed58849.png
10.480359,26.503183,seed5885.png
15.89376,12.369002,seed58850.png
-22.821335,-21.209852,seed58851.png
18.379906,5.8929667,seed58852.png
-24.301632,-12.600875,seed58853.png
-21.202301,13.950876,seed58854.png
-14.584016,-17.75965,seed58855.png
-1.6071771,24.910807,seed58856.png
-24.586626,3.0282078,seed58857.png
-24.24524,0.0041721417,seed58858.png
34.333817,25.101803,seed58859.png
23.340588,-0.78552914,seed5886.png
23.572788,10.730654,seed58860.png
14.5550585,6.819394,seed58861.png
-31.354166,18.680216,seed58862.png
-30.85478,-3.9583352,seed58863.png
17.232769,25.451803,seed58864.png
29.686981,12.983085,seed58865.png
16.047117,11.023444,seed58866.png
-7.2191863,0.041840523,seed58867.png
12.998362,-42.174824,seed58868.png
12.801187,4.426634,seed58869.png
10.068287,-41.335815,seed5887.png
-5.498766,-24.416138,seed58870.png
-24.020441,-11.46253,seed58871.png
38.586567,26.11777,seed58872.png
35.845245,13.825863,seed58873.png
-2.079208,-11.987023,seed58874.png
-34.464306,9.02539,seed58875.png
-29.757788,-8.094046,seed58876.png
8.787906,-6.5425105,seed58877.png
-30.159195,-7.042158,seed58878.png
-10.409088,-11.6861925,seed58879.png
6.6986217,13.937819,seed5888.png
-24.629162,2.2764523,seed58880.png
-23.149063,-20.299631,seed58881.png
13.24575,-36.974842,seed58882.png
-12.297483,-30.696087,seed58883.png
-34.873066,8.304285,seed58884.png
-11.560783,-17.66612,seed58885.png
-9.571202,-26.251799,seed58886.png
-18.456266,-23.467949,seed58887.png
8.097004,6.1364417,seed58888.png
-22.597088,6.7758155,seed58889.png
8.777848,-30.10268,seed5889.png
-12.688359,-15.203318,seed58890.png
-17.52636,-18.012728,seed58891.png
15.234574,-5.411148,seed58892.png
-34.40938,8.564062,seed58893.png
-19.31554,-1.7497945,seed58894.png
-31.815422,22.768066,seed58895.png
21.61281,14.604467,seed58896.png
-11.000012,-11.068467,seed58897.png
-21.830381,-10.336053,seed58898.png
31.334208,21.979488,seed58899.png
-2.0572264,-4.247746,seed5890.png
26.257055,15.779055,seed58900.png
12.251113,-35.76177,seed58901.png
14.928937,21.34369,seed58902.png
-32.23072,-8.967398,seed58903.png
2.1155012,0.3706897,seed58904.png
-16.01266,-23.347527,seed58905.png
22.375492,2.0257807,seed58906.png
-22.875055,-8.149798,seed58907.png
17.46346,-5.0173764,seed58908.png
-25.542828,-17.81831,seed58909.png
22.047455,9.577844,seed5891.png
-9.45193,-11.657595,seed58910.png
31.787802,24.78132,seed58911.png
4.901882,6.8676457,seed58912.png
7.0575886,-32.969185,seed58913.png
15.844151,-32.878628,seed58914.png
8.669462,18.648258,seed58915.png
-26.4726,11.1185055,seed58916.png
-19.424387,-28.358412,seed58917.png
-32.48083,21.507719,seed58918.png
31.618496,23.268732,seed58919.png
8.928316,-1.2707639,seed5892.png
-12.667844,-10.751216,seed58920.png
14.149303,-3.6841633,seed58921.png
-27.709543,16.567385,seed58922.png
25.780704,8.749176,seed58923.png
19.113514,-8.265467,seed58924.png
-7.4974976,-24.092283,seed58925.png
26.442543,18.383476,seed58926.png
18.045105,17.612856,seed58927.png
22.418245,1.3369553,seed58928.png
-29.03079,-6.7995286,seed58929.png
25.251513,16.315516,seed5893.png
11.917513,11.7015085,seed58930.png
-21.654148,-21.229956,seed58931.png
10.23253,-22.879955,seed58932.png
-26.434605,-16.140257,seed58933.png
15.620226,-36.3396,seed58934.png
19.179592,12.659815,seed58935.png
19.145308,24.127783,seed58936.png
31.9928,7.9390917,seed58937.png
-23.71672,-22.54092,seed58938.png
-33.411427,26.068707,seed58939.png
-9.365854,-3.4397993,seed5894.png
-7.4862633,-2.4871268,seed58940.png
38.52709,21.745735,seed58941.png
31.481,6.001823,seed58942.png
-21.5248,19.805056,seed58943.png
-37.39902,13.293722,seed58944.png
-25.938496,9.655872,seed58945.png
22.164293,-5.7082486,seed58946.png
-12.955835,-23.763521,seed58947.png
17.179161,26.153025,seed58948.png
-34.591034,19.392456,seed58949.png
-33.308144,-3.3678045,seed5895.png
-0.685819,-0.566211,seed58950.png
23.37824,-1.4441395,seed58951.png
30.416632,25.049257,seed58952.png
-19.434322,12.907442,seed58953.png
-34.89875,14.671383,seed58954.png
9.736139,18.002224,seed58955.png
2.7335799,22.276611,seed58956.png
6.5831714,3.890814,seed58957.png
8.408504,-42.430958,seed58958.png
12.578168,-9.909381,seed58959.png
-20.59363,-24.605362,seed5896.png
32.023155,10.017501,seed58960.png
25.14667,18.260399,seed58961.png
-19.953014,-2.4207036,seed58962.png
11.734936,-39.028477,seed58963.png
-17.032093,-13.497693,seed58964.png
0.3685219,12.621884,seed58965.png
3.813036,-32.236256,seed58966.png
14.573155,-31.211779,seed58967.png
-5.2537355,-17.315815,seed58968.png
-16.307707,-13.142955,seed58969.png
25.38232,-5.9323378,seed5897.png
-11.107254,-12.248231,seed58970.png
15.003359,2.8866858,seed58971.png
-24.900536,-2.2357168,seed58972.png
33.84797,10.46309,seed58973.png
-24.389221,-22.28193,seed58974.png
20.786873,1.7421925,seed58975.png
-20.370384,-29.484156,seed58976.png
17.569891,0.29961327,seed58977.png
1.2795734,8.48143,seed58978.png
4.038203,4.511671,seed58979.png
-30.269724,-0.48311326,seed5898.png
0.281582,-13.135995,seed58980.png
36.55321,14.11352,seed58981.png
14.058419,-27.572552,seed58982.png
-21.120523,-5.202035,seed58983.png
-25.186089,10.89732,seed58984.png
18.843193,5.226956,seed58985.png
16.936068,8.254358,seed58986.png
37.31135,11.857521,seed58987.png
33.629524,8.296317,seed58988.png
-22.78926,-11.756243,seed58989.png
28.209436,-0.29058617,seed5899.png
-28.876812,14.091336,seed58990.png
16.997831,26.811558,seed58991.png
29.92516,13.952988,seed58992.png
15.926689,-38.450073,seed58993.png
11.976674,-39.77686,seed58994.png
6.906338,-41.816494,seed58995.png
12.281996,16.714123,seed58996.png
7.035488,16.825668,seed58997.png
-24.54811,8.949405,seed58998.png
-36.146893,23.053663,seed58999.png
-27.100637,2.3030043,seed5900.png
-29.902802,-7.948117,seed59000.png
34.772648,6.238692,seed59001.png
20.971395,3.2754664,seed59002.png
17.593246,-0.98662496,seed59003.png
-23.155428,-15.454455,seed59004.png
-32.828648,12.628415,seed59005.png
5.4124985,-0.002694329,seed59006.png
11.787474,21.207819,seed59007.png
-15.793956,-26.959133,seed59008.png
9.053016,17.696905,seed59009.png
-0.16838503,-17.165924,seed5901.png
3.3221488,11.878579,seed59010.png
1.628285,4.93293,seed59011.png
39.139317,20.884153,seed59012.png
31.559513,6.201217,seed59013.png
4.3196898,-30.998516,seed59014.png
19.97139,0.590782,seed59015.png
-30.798306,16.205181,seed59016.png
5.4715257,-24.830559,seed59017.png
-12.944704,-6.779142,seed59018.png
-27.891788,7.368386,seed59019.png
38.1604,16.294691,seed5902.png
-24.265577,-14.951337,seed59020.png
-11.909341,-1.8110998,seed59021.png
-34.485706,27.686745,seed59022.png
9.13008,-34.58224,seed59023.png
5.062197,7.896306,seed59024.png
16.590895,-34.92821,seed59025.png
23.092573,11.3405485,seed59026.png
27.083803,23.246206,seed59027.png
-19.834362,-7.912125,seed59028.png
8.754116,12.585529,seed59029.png
0.41790992,-16.841663,seed5903.png
10.40024,-33.66374,seed59030.png
27.204079,9.728242,seed59031.png
-14.690402,9.649322,seed59032.png
22.592669,0.37654442,seed59033.png
1.1748327,1.7962459,seed59034.png
-15.481644,-5.3909974,seed59035.png
36.07381,22.713566,seed59036.png
11.737568,-20.572939,seed59037.png
-16.76595,-4.411021,seed59038.png
33.616726,11.451133,seed59039.png
-0.25568423,24.732433,seed5904.png
-31.99605,22.247026,seed59040.png
29.802504,11.9164,seed59041.png
10.729243,-1.350254,seed59042.png
-33.75225,22.178602,seed59043.png
0.4978746,0.6114016,seed59044.png
-9.637665,-11.784469,seed59045.png
-14.8308935,3.7579772,seed59046.png
22.285776,-5.1535745,seed59047.png
1.524709,25.331732,seed59048.png
-11.199673,-13.911542,seed59049.png
9.2969475,-25.213963,seed5905.png
-20.857273,13.786556,seed59050.png
17.499447,2.7781012,seed59051.png
-12.78832,-0.24953724,seed59052.png
-20.656475,18.366566,seed59053.png
18.114098,3.2754,seed59054.png
8.246403,-38.140373,seed59055.png
-13.850629,-20.318233,seed59056.png
20.445082,7.8672757,seed59057.png
14.027543,-3.0119586,seed59058.png
-32.89495,14.363593,seed59059.png
-20.94698,14.007388,seed5906.png
-20.218813,9.63486,seed59060.png
30.760332,25.030958,seed59061.png
20.780834,23.465883,seed59062.png
-18.72014,-14.373215,seed59063.png
-34.86364,13.83008,seed59064.png
23.525532,25.47419,seed59065.png
23.997787,4.7759137,seed59066.png
-36.48539,26.887281,seed59067.png
14.14017,3.3983963,seed59068.png
3.196972,2.4673998,seed59069.png
22.112223,1.4394237,seed5907.png
9.267871,7.751741,seed59070.png
13.452068,-41.43019,seed59071.png
9.22842,-2.4271963,seed59072.png
-20.3784,-26.688435,seed59073.png
-27.510319,-3.7324984,seed59074.png
33.393963,16.404327,seed59075.png
-23.890612,-15.906106,seed59076.png
3.249063,-3.2683835,seed59077.png
19.022305,-3.0758278,seed59078.png
40.454533,11.833232,seed59079.png
24.24309,18.309088,seed5908.png
19.411873,-4.087785,seed59080.png
4.362747,-26.640379,seed59081.png
20.239277,20.037598,seed59082.png
8.489469,8.258146,seed59083.png
10.697237,25.322079,seed59084.png
28.989975,17.04204,seed59085.png
12.3427925,8.430874,seed59086.png
11.12773,-33.110256,seed59087.png
-10.401084,-12.351229,seed59088.png
-8.67302,-25.017838,seed59089.png
-24.854635,-26.89499,seed5909.png
-17.747889,-24.423746,seed59090.png
8.454105,5.286353,seed59091.png
36.607494,20.667719,seed59092.png
30.161404,25.129173,seed59093.png
31.50097,19.872906,seed59094.png
-10.295454,-0.34356752,seed59095.png
26.951199,26.570818,seed59096.png
38.26916,13.98894,seed59097.png
2.525463,24.958424,seed59098.png
-34.713417,27.997538,seed59099.png
-34.42454,-5.0849056,seed5910.png
23.286516,-0.6464342,seed59100.png
-22.68377,11.443972,seed59101.png
34.25112,17.633657,seed59102.png
2.0966473,10.508294,seed59103.png
-8.032259,4.49848,seed59104.png
12.695253,27.218151,seed59105.png
-26.571964,-17.848331,seed59106.png
-36.0021,9.7689,seed59107.png
-22.446123,15.781914,seed59108.png
-19.315634,-18.62425,seed59109.png
0.37370357,-12.669757,seed5911.png
-19.666716,-5.1182623,seed59110.png
11.955556,-7.0822597,seed59111.png
25.745205,13.951119,seed59112.png
41.75535,22.368723,seed59113.png
26.041945,0.5240331,seed59114.png
31.105736,7.205268,seed59115.png
3.9399076,24.832348,seed59116.png
37.6947,11.971533,seed59117.png
1.6015251,-1.2355932,seed59118.png
-19.269882,4.998096,seed59119.png
-19.116808,4.1151876,seed5912.png
-34.695,25.775888,seed59120.png
28.439882,24.873,seed59121.png
16.300005,-3.7635665,seed59122.png
-6.983533,-1.3934814,seed59123.png
-19.786697,-14.089073,seed59124.png
26.617182,13.181118,seed59125.png
25.42654,-2.063464,seed59126.png
-30.68033,6.192658,seed59127.png
-1.1305323,7.4074492,seed59128.png
6.071244,-39.23017,seed59129.png
18.677025,0.6268081,seed5913.png
-33.083836,21.705025,seed59130.png
-13.655454,-22.655182,seed59131.png
-15.119539,-5.995113,seed59132.png
6.6750135,20.971073,seed59133.png
15.469346,-34.785236,seed59134.png
-8.863142,-24.074429,seed59135.png
7.317767,7.73474,seed59136.png
-8.659897,-3.1079261,seed59137.png
-21.824272,7.161557,seed59138.png
19.891003,0.8128695,seed59139.png
-28.708723,21.60317,seed5914.png
11.108283,-42.974564,seed59140.png
-26.907356,-1.5560542,seed59141.png
-14.282499,-2.1818855,seed59142.png
24.831135,-4.6166477,seed59143.png
12.913848,11.389447,seed59144.png
16.20568,-35.722095,seed59145.png
14.4948845,28.327955,seed59146.png
-35.72119,14.455764,seed59147.png
-18.527834,-18.315176,seed59148.png
-10.957176,-23.699167,seed59149.png
-36.3272,22.687084,seed5915.png
1.7949833,0.9223971,seed59150.png
3.4904025,-32.43655,seed59151.png
13.663383,-39.15868,seed59152.png
-17.242641,-17.45959,seed59153.png
-19.048292,-6.3037586,seed59154.png
-17.797834,4.340177,seed59155.png
-8.398887,-20.98307,seed59156.png
-10.344448,-5.169978,seed59157.png
-21.750322,-23.567373,seed59158.png
5.574562,-28.079748,seed59159.png
-13.019449,-17.250027,seed5916.png
-34.343517,26.736422,seed59160.png
35.19699,12.684567,seed59161.png
-24.026043,10.496059,seed59162.png
-24.380692,1.1000879,seed59163.png
7.0516744,4.497603,seed59164.png
-7.5497246,-15.195983,seed59165.png
10.511539,23.218431,seed59166.png
-9.906822,-5.0230002,seed59167.png
34.312263,23.893972,seed59168.png
-22.690828,-22.390326,seed59169.png
-15.929665,-17.280197,seed5917.png
9.580912,-35.70698,seed59170.png
22.230104,20.53247,seed59171.png
-16.649689,-10.3756895,seed59172.png
0.48230517,22.78081,seed59173.png
6.895916,0.1602406,seed59174.png
-27.203384,-0.5787742,seed59175.png
16.947023,22.305754,seed59176.png
-20.439425,-21.429216,seed59177.png
-12.740777,-4.0400667,seed59178.png
-3.0935013,13.89167,seed59179.png
8.064254,-30.51383,seed5918.png
-17.39667,-17.596092,seed59180.png
22.955196,14.186053,seed59181.png
35.871304,8.003999,seed59182.png
-16.346844,-7.340621,seed59183.png
36.97689,14.716786,seed59184.png
28.206774,25.705446,seed59185.png
-1.32479,-2.1722474,seed59186.png
29.371298,28.212767,seed59187.png
-30.974998,3.3577187,seed59188.png
37.890724,20.95735,seed59189.png
-27.61508,-5.4663196,seed5919.png
-35.614853,26.601555,seed59190.png
-30.150734,-7.627784,seed59191.png
-19.02784,-27.038588,seed59192.png
-18.729254,-16.14284,seed59193.png
24.95451,9.714051,seed59194.png
12.204019,-3.641704,seed59195.png
-1.111829,-12.2983465,seed59196.png
34.45164,0.48358613,seed59197.png
10.457439,-12.136886,seed59198.png
-21.14239,6.758455,seed59199.png
-19.48109,-21.237608,seed5920.png
-28.475437,18.283447,seed59200.png
-34.474762,23.201265,seed59201.png
-33.762493,26.685602,seed59202.png
-11.087315,-14.134087,seed59203.png
-16.172295,-26.172222,seed59204.png
28.813145,0.1729668,seed59205.png
-26.893974,7.772057,seed59206.png
30.468887,16.839611,seed59207.png
-22.678331,14.206188,seed59208.png
12.523359,-40.669735,seed59209.png
13.107476,-23.045425,seed5921.png
4.57263,9.336413,seed59210.png
-5.531632,-10.329845,seed59211.png
7.408496,6.636129,seed59212.png
-16.338314,-14.132737,seed59213.png
-32.09658,19.14236,seed59214.png
16.142769,21.577158,seed59215.png
22.051281,5.960943,seed59216.png
13.711433,-30.38252,seed59217.png
-2.428004,1.2658548,seed59218.png
14.863196,-32.64107,seed59219.png
22.40018,-0.21674044,seed5922.png
-0.9941652,1.861852,seed59220.png
25.871567,15.4495945,seed59221.png
-13.107634,5.441949,seed59222.png
4.428355,-3.6552386,seed59223.png
16.351643,17.667238,seed59224.png
39.350502,13.996073,seed59225.png
-10.784445,11.046035,seed59226.png
-1.5026926,-16.743793,seed59227.png
1.6076943,18.499348,seed59228.png
-34.848938,27.445604,seed59229.png
14.457187,-6.2499847,seed5923.png
-30.95959,0.017034132,seed59230.png
-31.445816,3.1093135,seed59231.png
-17.24639,-25.177622,seed59232.png
9.292204,-29.127028,seed59233.png
-2.6323535,3.175191,seed59234.png
20.085276,7.3532634,seed59235.png
33.073875,1.5565606,seed59236.png
-29.151226,-15.516007,seed59237.png
-27.702398,9.637322,seed59238.png
2.3951943,12.833097,seed59239.png
-28.277946,-0.63421476,seed5924.png
-14.856495,-12.796612,seed59240.png
22.416786,18.70856,seed59241.png
-22.769598,2.851479,seed59242.png
26.964901,18.039762,seed59243.png
21.528423,24.041437,seed59244.png
18.487473,-9.854162,seed59245.png
11.374048,-4.9886203,seed59246.png
-21.719364,-8.682507,seed59247.png
1.5195272,15.328994,seed59248.png
24.530182,-0.8981907,seed59249.png
24.476763,6.583054,seed5925.png
33.870075,23.180084,seed59250.png
13.661638,-29.272995,seed59251.png
19.81897,-1.7567607,seed59252.png
21.334902,9.679175,seed59253.png
-24.007055,-14.726423,seed59254.png
-24.476318,10.485411,seed59255.png
26.497328,14.839021,seed59256.png
-10.394487,-22.243309,seed59257.png
-14.004751,-5.4742,seed59258.png
-28.550364,21.288597,seed59259.png
-34.196136,7.981639,seed5926.png
-3.145564,8.861976,seed59260.png
-24.11318,-2.3960438,seed59261.png
-14.203294,-28.95212,seed59262.png
-29.00722,15.190513,seed59263.png
16.880932,22.971437,seed59264.png
13.390354,-39.48804,seed59265.png
1.9413409,11.569403,seed59266.png
6.408792,22.69998,seed59267.png
-18.091621,-1.7242832,seed59268.png
-34.202286,19.02429,seed59269.png
15.72855,23.94398,seed5927.png
-23.700436,3.568537,seed59270.png
-20.654932,-18.928267,seed59271.png
-20.03322,-28.837898,seed59272.png
-33.275017,-4.6815696,seed59273.png
38.698048,19.431461,seed59274.png
4.6161685,23.99836,seed59275.png
28.426128,11.400407,seed59276.png
37.739357,17.958092,seed59277.png
-24.36529,14.636153,seed59278.png
24.962181,-3.3102272,seed59279.png
-0.7808189,4.64545,seed5928.png
-32.318306,-0.88747966,seed59280.png
-9.951562,-11.347269,seed59281.png
1.4343057,24.16873,seed59282.png
37.924244,23.066925,seed59283.png
-29.18515,-17.568403,seed59284.png
26.305304,10.652539,seed59285.png
36.647015,19.272745,seed59286.png
-32.813564,8.375746,seed59287.png
22.662228,18.098625,seed59288.png
33.965496,5.223931,seed59289.png
22.198843,-2.4819362,seed5929.png
31.443037,8.648445,seed59290.png
-24.634747,5.6307487,seed59291.png
-8.737485,-28.047686,seed59292.png
-22.015644,0.02544126,seed59293.png
11.879851,-3.8424704,seed59294.png
4.2811017,7.687474,seed59295.png
19.463188,26.181946,seed59296.png
-34.189346,27.10281,seed59297.png
5.28069,-21.781897,seed59298.png
20.9653,-2.3960948,seed59299.png
-6.6111517,-23.89751,seed5930.png
-30.902735,14.733018,seed59300.png
14.929977,-4.148285,seed59301.png
-33.639595,23.90505,seed59302.png
7.2283115,-26.936638,seed59303.png
-14.308262,1.126828,seed59304.png
-1.3315523,12.8407755,seed59305.png
5.7989836,-0.6852898,seed59306.png
11.829547,-32.589504,seed59307.png
-18.689476,9.201874,seed59308.png
-28.872025,13.051197,seed59309.png
-15.121179,0.28434825,seed5931.png
23.461512,16.029623,seed59310.png
-30.38224,14.060958,seed59311.png
-32.12041,16.908543,seed59312.png
-15.298844,-32.84467,seed59313.png
15.050232,-4.2902646,seed59314.png
-19.89744,10.369523,seed59315.png
-28.30919,-3.6016805,seed59316.png
-12.732508,-8.759676,seed59317.png
-35.094692,4.2900047,seed59318.png
-16.206303,-4.7325335,seed59319.png
20.386118,19.09075,seed5932.png
19.426376,-7.1283913,seed59320.png
-32.55654,22.219704,seed59321.png
29.305485,16.418962,seed59322.png
6.043239,21.055017,seed59323.png
-6.4315066,-15.710412,seed59324.png
40.81357,16.666025,seed59325.png
-33.102554,-1.03597,seed59326.png
38.46539,11.811243,seed59327.png
-15.012371,-26.771315,seed59328.png
-8.469193,8.460125,seed59329.png
1.938978,19.375586,seed5933.png
13.585529,17.155825,seed59330.png
38.51352,13.211503,seed59331.png
-19.606838,-5.3085904,seed59332.png
0.87673706,21.967684,seed59333.png
-22.390419,0.31290993,seed59334.png
-33.44938,20.515574,seed59335.png
1.1573418,-0.98750955,seed59336.png
-18.79584,2.5866115,seed59337.png
28.248161,3.724064,seed59338.png
-34.31734,9.327291,seed59339.png
10.627332,-41.518314,seed5934.png
2.6888871,25.440632,seed59340.png
11.421197,-42.12513,seed59341.png
30.109848,-2.2563725,seed59342.png
-21.437277,-17.864464,seed59343.png
10.843363,-35.28415,seed59344.png
35.919212,2.955091,seed59345.png
9.608571,-37.826134,seed59346.png
-21.970215,19.064617,seed59347.png
2.6472244,8.482979,seed59348.png
-23.152538,-6.8765693,seed59349.png
-20.6949,8.720432,seed5935.png
5.5083914,24.43431,seed59350.png
19.797262,5.4518857,seed59351.png
31.067902,25.892775,seed59352.png
-20.751001,-6.1063843,seed59353.png
-24.014158,16.036816,seed59354.png
14.33647,-28.761564,seed59355.png
-31.836775,25.064676,seed59356.png
7.086555,1.57636,seed59357.png
20.45621,26.871475,seed59358.png
-32.120365,-9.985159,seed59359.png
12.280695,-37.899776,seed5936.png
12.856235,-8.258448,seed59360.png
10.219382,27.348013,seed59361.png
-8.675838,-2.0052745,seed59362.png
-1.3998393,16.246733,seed59363.png
-24.205421,-20.38472,seed59364.png
-17.0466,-18.202257,seed59365.png
40.872932,21.784464,seed59366.png
-22.950184,-26.054743,seed59367.png
-8.197107,-0.38178387,seed59368.png
-25.41471,-27.636633,seed59369.png
-15.097369,2.9348617,seed5937.png
7.887302,-35.28196,seed59370.png
5.768851,-36.693462,seed59371.png
-31.82227,-9.219215,seed59372.png
11.772632,-39.4173,seed59373.png
5.226768,-32.99829,seed59374.png
13.556888,-0.12848824,seed59375.png
-26.759596,12.7834635,seed59376.png
3.5902314,22.44212,seed59377.png
9.656034,-30.924467,seed59378.png
8.21323,-2.177878,seed59379.png
-1.1677963,23.385502,seed5938.png
-20.715208,13.19033,seed59380.png
-2.971199,-22.403008,seed59381.png
13.693938,-1.2198524,seed59382.png
17.67085,1.5845941,seed59383.png
-2.8308063,14.480696,seed59384.png
23.226532,3.139773,seed59385.png
2.2052588,-10.810007,seed59386.png
-14.698489,-16.719717,seed59387.png
9.522529,-35.160255,seed59388.png
37.36249,10.208493,seed59389.png
-19.267572,-18.887917,seed5939.png
-25.902304,-24.268505,seed59390.png
7.464602,-37.145657,seed59391.png
18.51364,15.542763,seed59392.png
9.352126,-42.76208,seed59393.png
17.556255,23.035196,seed59394.png
12.69604,-27.801527,seed59395.png
5.5412493,-7.4863133,seed59396.png
9.005402,-24.771034,seed59397.png
30.842806,14.019935,seed59398.png
32.763973,18.680134,seed59399.png
13.252458,-23.052307,seed5940.png
24.028046,11.427555,seed59400.png
16.201565,-34.248966,seed59401.png
26.60366,4.551865,seed59402.png
-28.41117,-4.517918,seed59403.png
13.641275,-30.82167,seed59404.png
17.876892,14.125133,seed59405.png
-4.5345464,-18.530182,seed59406.png
40.14808,12.163306,seed59407.png
-21.219494,5.8239436,seed59408.png
15.845081,24.52104,seed59409.png
-32.147675,-4.2252893,seed5941.png
11.386637,-42.942997,seed59410.png
6.085986,9.812672,seed59411.png
16.338676,26.163374,seed59412.png
34.514023,20.966091,seed59413.png
14.2315035,11.366508,seed59414.png
31.315115,20.00763,seed59415.png
24.963976,19.04778,seed59416.png
24.745216,19.89013,seed59417.png
-23.833057,-12.07994,seed59418.png
13.504543,-33.929573,seed59419.png
33.84367,23.059881,seed5942.png
-27.531479,-20.37016,seed59420.png
14.552484,21.325972,seed59421.png
35.56496,9.425349,seed59422.png
-15.071571,10.019366,seed59423.png
-24.913198,-19.90976,seed59424.png
-1.2825092,25.162003,seed59425.png
3.8878443,21.0362,seed59426.png
10.9247465,-31.710886,seed59427.png
34.591537,21.775797,seed59428.png
22.812166,21.030544,seed59429.png
-11.073666,-16.91451,seed5943.png
-23.657818,2.9006274,seed59430.png
18.712095,22.997663,seed59431.png
-21.075554,-0.36906815,seed59432.png
-29.783405,9.063233,seed59433.png
-33.44439,6.1146793,seed59434.png
31.867216,21.21039,seed59435.png
23.492403,2.9370978,seed59436.png
27.469511,10.023723,seed59437.png
-29.44564,-8.023032,seed59438.png
20.116621,10.53523,seed59439.png
-18.784643,-13.579247,seed5944.png
-15.946535,3.4021816,seed59440.png
16.474215,15.066007,seed59441.png
-6.9762855,-17.961935,seed59442.png
9.678205,-34.743126,seed59443.png
29.948103,13.151618,seed59444.png
-13.022445,-14.4401045,seed59445.png
-25.611578,-13.710934,seed59446.png
12.470449,-30.186228,seed59447.png
22.422407,15.458782,seed59448.png
-22.19895,-27.798962,seed59449.png
-21.839462,-10.179374,seed5945.png
8.853591,-23.336016,seed59450.png
8.762252,9.78842,seed59451.png
21.480453,9.076786,seed59452.png
34.391285,7.364831,seed59453.png
-33.028328,23.55841,seed59454.png
10.314285,16.783482,seed59455.png
-20.762663,3.697638,seed59456.png
21.854885,3.6200976,seed59457.png
31.777851,8.352275,seed59458.png
-37.76139,16.609108,seed59459.png
-16.703684,-8.530234,seed5946.png
2.004974,18.458876,seed59460.png
-36.325687,22.623867,seed59461.png
-22.67463,1.4273124,seed59462.png
24.304764,-0.17497039,seed59463.png
-19.579758,-24.052416,seed59464.png
-23.661388,-0.081427485,seed59465.png
10.719615,21.645807,seed59466.png
-7.6737866,8.714885,seed59467.png
8.708249,8.026457,seed59468.png
-31.04449,24.818834,seed59469.png
-29.83266,18.699718,seed5947.png
9.408874,-36.592148,seed59470.png
-29.646843,-11.4515295,seed59471.png
1.986219,9.628196,seed59472.png
14.567161,4.7824326,seed59473.png
34.947342,26.49721,seed59474.png
17.977556,-7.768092,seed59475.png
-1.0651386,-3.475144,seed59476.png
11.06591,26.665438,seed59477.png
-2.50228,-10.603284,seed59478.png
-21.312765,9.921867,seed59479.png
18.003956,23.702803,seed5948.png
6.674091,-31.373388,seed59480.png
29.68553,19.012762,seed59481.png
21.669847,5.3113394,seed59482.png
17.488575,-7.8953414,seed59483.png
41.9071,22.213104,seed59484.png
0.7689056,25.375303,seed59485.png
-25.708023,-2.215974,seed59486.png
10.923634,-24.772747,seed59487.png
-3.5666223,-2.4763613,seed59488.png
-14.370696,-23.329004,seed59489.png
9.538553,-3.3754492,seed5949.png
-16.34212,-18.572943,seed59490.png
-21.254072,-29.466547,seed59491.png
-25.947561,15.5194645,seed59492.png
-19.196016,-5.8861146,seed59493.png
29.220411,24.570066,seed59494.png
-12.180121,-24.31333,seed59495.png
7.732315,-25.708784,seed59496.png
0.42856696,-11.029262,seed59497.png
-29.868977,23.304115,seed59498.png
3.6278589,17.022425,seed59499.png
20.47498,-5.2029138,seed5950.png
12.064902,-29.899536,seed59500.png
-20.251043,-6.5878053,seed59501.png
-30.952326,25.557747,seed59502.png
-35.858112,23.537062,seed59503.png
22.869946,17.867222,seed59504.png
-15.919192,-13.4730215,seed59505.png
8.799544,-1.7523212,seed59506.png
-15.031228,-9.2937155,seed59507.png
-33.697224,-11.990677,seed59508.png
36.134937,10.093038,seed59509.png
-29.441746,-5.3806424,seed5951.png
-34.51843,27.420849,seed59510.png
-20.04943,-17.163017,seed59511.png
37.73899,5.797474,seed59512.png
5.619927,-1.1257675,seed59513.png
-21.291298,19.205078,seed59514.png
13.221311,-31.91207,seed59515.png
6.7783046,0.84183174,seed59516.png
-19.792963,-1.9308268,seed59517.png
21.667875,22.990252,seed59518.png
-21.425486,-7.7649946,seed59519.png
20.827131,13.7821665,seed5952.png
-27.009026,13.37342,seed59520.png
7.2711115,10.460786,seed59521.png
-27.461264,-1.3490165,seed59522.png
33.70965,12.011718,seed59523.png
18.903433,8.613599,seed59524.png
-8.505754,-22.170536,seed59525.png
20.191616,18.390642,seed59526.png
-8.200515,3.6676264,seed59527.png
-28.409672,14.677786,seed59528.png
-2.4480991,-23.975359,seed59529.png
27.361446,15.9127245,seed5953.png
-18.871904,6.6873994,seed59530.png
7.2748303,6.1429696,seed59531.png
25.905876,13.153457,seed59532.png
-20.969505,-18.545715,seed59533.png
-6.747956,-6.1042795,seed59534.png
5.1836524,-25.45645,seed59535.png
28.971241,28.002129,seed59536.png
-24.01086,-24.770449,seed59537.png
-17.024126,-21.116974,seed59538.png
3.1621842,-24.532572,seed59539.png
-9.22274,-14.328022,seed5954.png
37.41171,25.755667,seed59540.png
3.2693594,11.759791,seed59541.png
6.1939945,11.630092,seed59542.png
-12.151005,-6.9465084,seed59543.png
-11.696224,8.0940275,seed59544.png
25.62051,16.401838,seed59545.png
6.890892,-37.611603,seed59546.png
-19.18266,-3.2820928,seed59547.png
-20.981,12.823094,seed59548.png
35.66519,26.778206,seed59549.png
-27.683369,-5.7389774,seed5955.png
29.226915,25.109604,seed59550.png
28.042107,17.87407,seed59551.png
6.227912,-38.666737,seed59552.png
27.764643,25.814299,seed59553.png
7.1984425,-27.7531,seed59554.png
-21.82755,0.8945699,seed59555.png
23.159155,2.2151802,seed59556.png
8.810477,2.3852565,seed59557.png
-26.037449,-14.796517,seed59558.png
4.574556,22.825201,seed59559.png
-19.274105,-27.060373,seed5956.png
14.850238,-32.642433,seed59560.png
-25.203688,-14.0355,seed59561.png
25.630503,11.597238,seed59562.png
-25.471918,-5.250519,seed59563.png
-28.927008,-0.8688724,seed59564.png
-14.40441,0.86169463,seed59565.png
-17.912296,-19.262402,seed59566.png
4.211749,1.200171,seed59567.png
-14.073043,-20.028679,seed59568.png
-15.321859,-0.124146886,seed59569.png
15.638805,-33.849377,seed5957.png
9.936401,-1.6532661,seed59570.png
-26.572445,-0.5762509,seed59571.png
36.71483,17.263561,seed59572.png
-19.796818,-6.5745,seed59573.png
-33.338116,26.566835,seed59574.png
18.305607,18.283022,seed59575.png
13.741826,0.36529553,seed59576.png
27.871866,10.642636,seed59577.png
-14.580571,3.805593,seed59578.png
18.261683,-8.544218,seed59579.png
22.841444,4.5117025,seed5958.png
-19.706753,-7.969734,seed59580.png
18.392529,-4.0509295,seed59581.png
8.819506,15.6265335,seed59582.png
-26.475643,-5.394583,seed59583.png
-17.09455,1.39352,seed59584.png
-15.487252,-25.720547,seed59585.png
9.5212,21.68674,seed59586.png
11.836934,6.403304,seed59587.png
-20.088406,-17.988035,seed59588.png
10.006789,-34.14359,seed59589.png
-26.37959,-15.042967,seed5959.png
13.026467,-19.95612,seed59590.png
-14.772777,-19.961628,seed59591.png
-36.186066,10.468592,seed59592.png
12.438762,-29.765915,seed59593.png
-15.081002,-21.739576,seed59594.png
0.6600972,17.486279,seed59595.png
3.8274615,-0.037580222,seed59596.png
15.384942,-1.8070818,seed59597.png
39.81491,18.319977,seed59598.png
-22.599846,-8.646264,seed59599.png
-20.333244,-15.242286,seed5960.png
-22.133915,6.7055593,seed59600.png
-36.10464,17.978416,seed59601.png
5.313971,12.217843,seed59602.png
30.596594,26.288221,seed59603.png
35.882496,24.676056,seed59604.png
-19.566778,-21.357767,seed59605.png
2.6252189,-5.6891594,seed59606.png
-8.01084,-12.529352,seed59607.png
-29.326487,-4.52742,seed59608.png
36.362152,13.176959,seed59609.png
-18.83337,11.158134,seed5961.png
-23.154083,4.0431924,seed59610.png
-17.205898,-12.371381,seed59611.png
4.540704,-35.232533,seed59612.png
-22.25311,9.273598,seed59613.png
-10.481627,-5.56112,seed59614.png
-23.750677,-5.580307,seed59615.png
18.695724,8.049341,seed59616.png
11.46465,1.4948757,seed59617.png
11.718003,20.192621,seed59618.png
-7.3329234,-0.18228075,seed59619.png
-25.726704,8.344734,seed5962.png
13.481745,16.790094,seed59620.png
-14.329463,-29.240835,seed59621.png
-14.780625,-1.6587414,seed59622.png
-0.023870839,19.413269,seed59623.png
16.394815,-1.2212853,seed59624.png
-37.02542,13.149622,seed59625.png
-13.220033,-16.27522,seed59626.png
-17.357044,4.1686697,seed59627.png
4.6805625,-26.849657,seed59628.png
32.43156,10.921728,seed59629.png
-31.388199,19.531975,seed5963.png
28.97165,2.7989404,seed59630.png
-22.264448,-20.110985,seed59631.png
5.58246,10.712419,seed59632.png
-26.116882,-17.780682,seed59633.png
16.733034,24.032806,seed59634.png
39.27343,20.451483,seed59635.png
12.019394,-33.11919,seed59636.png
-26.014997,-10.898933,seed59637.png
27.924131,14.180101,seed59638.png
13.34582,13.219211,seed59639.png
24.802925,9.210165,seed5964.png
-20.314962,1.9410504,seed59640.png
9.33422,-29.860048,seed59641.png
-13.310685,-15.494223,seed59642.png
28.833418,5.554519,seed59643.png
-20.31298,-30.461664,seed59644.png
-14.641848,-10.035544,seed59645.png
-25.235691,13.370247,seed59646.png
7.557996,-28.655947,seed59647.png
17.534592,-0.47996056,seed59648.png
32.730053,8.595474,seed59649.png
31.917013,1.8130726,seed5965.png
-14.895626,-19.022371,seed59650.png
19.176407,-3.6296751,seed59651.png
-5.032097,17.308693,seed59652.png
-21.841291,-0.15978418,seed59653.png
12.527271,4.344585,seed59654.png
-2.376699,-0.13003364,seed59655.png
10.411781,-37.53792,seed59656.png
-30.01709,1.866512,seed59657.png
4.6305184,18.198803,seed59658.png
-30.091478,25.217085,seed59659.png
-22.796535,-24.709421,seed5966.png
-19.8605,12.063201,seed59660.png
29.886133,7.8481064,seed59661.png
-14.662473,-29.13157,seed59662.png
22.627687,-5.9542756,seed59663.png
12.730812,1.7349017,seed59664.png
-31.65509,22.452581,seed59665.png
21.734724,24.600157,seed59666.png
14.881402,-33.115616,seed59667.png
-12.609217,-31.127478,seed59668.png
-13.837857,7.0158906,seed59669.png
39.21135,16.357418,seed5967.png
-30.508713,-16.047783,seed59670.png
-12.052548,-30.36258,seed59671.png
-13.911426,1.294492,seed59672.png
-19.005856,-2.4649997,seed59673.png
-22.221317,-1.2583477,seed59674.png
11.212533,-32.77833,seed59675.png
-29.909187,21.782534,seed59676.png
-24.635895,0.7713344,seed59677.png
27.77838,22.780483,seed59678.png
-31.722214,-13.112443,seed59679.png
-16.321869,-5.9728837,seed5968.png
38.99682,14.61603,seed59680.png
-16.171206,-14.432422,seed59681.png
10.399113,24.308084,seed59682.png
17.369785,0.09231354,seed59683.png
-3.8745117,-1.5941715,seed59684.png
-26.722012,-3.3480463,seed59685.png
30.488712,13.813556,seed59686.png
-29.59461,-11.1418085,seed59687.png
-18.561644,-21.452951,seed59688.png
16.788107,14.474613,seed59689.png
28.528002,16.1522,seed5969.png
-11.393223,-27.04244,seed59690.png
22.554962,16.824795,seed59691.png
-17.510403,-14.861469,seed59692.png
12.599387,4.6103506,seed59693.png
22.796368,15.865268,seed59694.png
-35.143,-7.1461563,seed59695.png
4.3528833,22.582207,seed59696.png
-29.829033,9.21888,seed59697.png
17.150124,11.661494,seed59698.png
-22.2465,15.741912,seed59699.png
6.7614236,8.604905,seed5970.png
28.477856,12.435756,seed59700.png
-23.365639,-3.616227,seed59701.png
-14.89585,8.16575,seed59702.png
0.82223064,25.279625,seed59703.png
17.234272,22.52709,seed59704.png
-22.738138,2.8608036,seed59705.png
15.920385,21.715023,seed59706.png
33.028656,14.846459,seed59707.png
42.088783,14.737802,seed59708.png
-32.8112,-7.0404444,seed59709.png
20.084785,9.78995,seed5971.png
-26.462137,7.3856473,seed59710.png
32.16296,9.474725,seed59711.png
-24.64958,-13.142573,seed59712.png
12.639541,-30.804012,seed59713.png
-1.1388061,-16.097023,seed59714.png
-12.677943,-23.467974,seed59715.png
8.534803,24.584808,seed59716.png
-28.420904,7.884937,seed59717.png
30.254564,8.631629,seed59718.png
-21.10259,-8.996393,seed59719.png
17.194197,14.985907,seed5972.png
6.172097,-33.48089,seed59720.png
22.749043,14.840066,seed59721.png
32.53611,22.076677,seed59722.png
3.6313343,-10.9568,seed59723.png
-26.604862,-21.166004,seed59724.png
22.451296,-5.6675706,seed59725.png
14.138383,-33.373913,seed59726.png
-25.480515,-3.2719338,seed59727.png
-26.016933,5.0649657,seed59728.png
6.5671167,14.584274,seed59729.png
28.384382,0.2860426,seed5973.png
-13.61827,-19.848837,seed59730.png
-16.978806,-20.34493,seed59731.png
-2.6884909,-10.241236,seed59732.png
-11.0722885,-12.59475,seed59733.png
3.966351,5.909126,seed59734.png
-28.984133,10.457887,seed59735.png
0.9595919,22.832302,seed59736.png
-32.780636,-10.628887,seed59737.png
-0.68567246,-2.2746382,seed59738.png
3.2249331,20.712566,seed59739.png
-16.135178,-29.183134,seed5974.png
-7.280692,-24.213747,seed59740.png
6.445027,-39.791843,seed59741.png
2.2457306,-29.925539,seed59742.png
-29.023916,12.647815,seed59743.png
32.25096,15.592774,seed59744.png
6.176805,-23.55222,seed59745.png
21.055521,-10.361313,seed59746.png
6.960853,-33.648514,seed59747.png
3.1642103,18.097511,seed59748.png
-0.07142477,-15.467334,seed59749.png
33.595184,18.524397,seed5975.png
-3.5830402,19.92078,seed59750.png
21.456656,18.476244,seed59751.png
6.5885415,-6.8781347,seed59752.png
15.269094,-4.0091968,seed59753.png
-21.326675,12.728589,seed59754.png
2.9981732,16.909397,seed59755.png
34.04306,10.000181,seed59756.png
-3.032363,-17.625969,seed59757.png
20.824724,21.83845,seed59758.png
28.06445,5.3814273,seed59759.png
2.0911798,20.675207,seed5976.png
21.385036,10.171953,seed59760.png
-21.897184,-4.0684996,seed59761.png
-19.64803,10.67839,seed59762.png
-20.259752,-5.7866106,seed59763.png
-18.203238,-10.969356,seed59764.png
23.634054,2.2404695,seed59765.png
-27.558214,-12.308777,seed59766.png
23.410814,-4.566669,seed59767.png
31.911003,9.202908,seed59768.png
33.59495,26.823385,seed59769.png
-25.664345,16.27686,seed5977.png
-15.324537,-22.050554,seed59770.png
31.083046,0.6689631,seed59771.png
14.910477,15.987612,seed59772.png
-0.26456928,3.399835,seed59773.png
15.623627,-8.804154,seed59774.png
-1.0520866,3.0647624,seed59775.png
-23.216492,10.626745,seed59776.png
-9.351067,-16.531199,seed59777.png
7.1422324,4.5681653,seed59778.png
28.074364,8.770627,seed59779.png
32.348354,9.117805,seed5978.png
-21.646278,12.15114,seed59780.png
27.744844,21.307941,seed59781.png
-20.824228,-4.247408,seed59782.png
24.13955,-4.1108766,seed59783.png
2.9399633,-1.0014005,seed59784.png
3.4445217,6.4151053,seed59785.png
-34.357254,27.297205,seed59786.png
12.634166,-37.680122,seed59787.png
-36.386402,25.759514,seed59788.png
-17.785278,10.261765,seed59789.png
-28.705236,11.284319,seed5979.png
21.804417,11.088932,seed59790.png
31.403194,23.989817,seed59791.png
39.377594,18.558556,seed59792.png
31.795734,29.058523,seed59793.png
3.3500102,4.3586416,seed59794.png
18.459784,18.379793,seed59795.png
-10.959359,-19.399685,seed59796.png
-8.679872,-18.937687,seed59797.png
-11.65043,-12.178854,seed59798.png
11.981059,-26.844242,seed59799.png
7.154772,-28.207415,seed5980.png
10.395288,4.620363,seed59800.png
33.409683,4.581226,seed59801.png
10.764235,-34.426525,seed59802.png
39.572685,16.81295,seed59803.png
0.21734181,7.9301014,seed59804.png
-16.722849,-4.856663,seed59805.png
-13.323013,-10.789239,seed59806.png
38.033943,17.14674,seed59807.png
-21.940723,-3.0213666,seed59808.png
-19.139135,10.852105,seed59809.png
13.094187,-31.640085,seed5981.png
10.944885,18.867392,seed59810.png
14.9394045,1.3996686,seed59811.png
-37.07558,10.308342,seed59812.png
-19.930206,-6.404863,seed59813.png
15.82323,13.503754,seed59814.png
-24.50667,13.799058,seed59815.png
-20.629532,-25.400507,seed59816.png
-26.741165,-6.4276886,seed59817.png
35.67285,14.648187,seed59818.png
-19.47625,-25.166534,seed59819.png
-16.332571,-20.307756,seed5982.png
26.353144,-0.838772,seed59820.png
-4.683079,-18.195171,seed59821.png
10.032889,-28.690022,seed59822.png
16.4979,-34.844887,seed59823.png
20.43632,-2.032631,seed59824.png
-2.650372,-13.428746,seed59825.png
-7.8561954,12.838504,seed59826.png
-20.328648,6.321346,seed59827.png
-34.6546,7.6013794,seed59828.png
-13.596975,-14.736929,seed59829.png
-2.5929012,11.9658785,seed5983.png
-9.015314,-15.345973,seed59830.png
-33.17813,12.651443,seed59831.png
-35.089584,-2.3058524,seed59832.png
7.025474,-40.99438,seed59833.png
12.429046,26.165058,seed59834.png
18.242496,17.30291,seed59835.png
-37.738537,15.095578,seed59836.png
2.85155,-13.481413,seed59837.png
-1.2833482,-13.503615,seed59838.png
-19.760206,-14.463465,seed59839.png
32.50618,25.720024,seed5984.png
-16.848276,-2.4922016,seed59840.png
-33.24101,22.738512,seed59841.png
-8.43103,-17.521019,seed59842.png
-8.536507,-10.554792,seed59843.png
10.213536,-34.22584,seed59844.png
-21.591362,-9.480333,seed59845.png
31.503654,23.593765,seed59846.png
-32.22956,17.185053,seed59847.png
25.468267,11.440209,seed59848.png
2.095717,-15.529098,seed59849.png
-7.977131,-20.184292,seed5985.png
-18.131285,-23.251743,seed59850.png
31.77058,26.794752,seed59851.png
-14.968424,-16.445133,seed59852.png
8.23428,-36.22509,seed59853.png
-11.4754925,-5.8750477,seed59854.png
-16.93349,-3.9780648,seed59855.png
9.709004,11.689326,seed59856.png
21.959631,11.801489,seed59857.png
7.21727,-8.730803,seed59858.png
-27.527481,10.792887,seed59859.png
-14.170569,-25.928589,seed5986.png
18.71619,-5.6259456,seed59860.png
-12.383463,-2.2712297,seed59861.png
-19.043167,12.149164,seed59862.png
17.944595,14.751206,seed59863.png
13.983805,-32.616505,seed59864.png
0.9632027,24.571754,seed59865.png
-9.29769,-6.067605,seed59866.png
-27.492655,-9.68886,seed59867.png
8.189649,-37.048943,seed59868.png
26.793682,-3.094355,seed59869.png
-12.2878685,-21.258776,seed5987.png
8.11808,-39.557835,seed59870.png
-22.931738,16.42386,seed59871.png
-28.089544,-13.69244,seed59872.png
-31.009895,15.90625,seed59873.png
24.191294,11.4195385,seed59874.png
29.650238,4.5035605,seed59875.png
-20.327734,1.8183601,seed59876.png
11.429369,-35.98375,seed59877.png
-25.589537,-10.170773,seed59878.png
36.37889,14.921602,seed59879.png
-11.629856,-24.32359,seed5988.png
-26.305197,12.453204,seed59880.png
19.104055,3.4339194,seed59881.png
6.1834493,-26.069672,seed59882.png
17.908796,-4.0356812,seed59883.png
5.1998034,5.8601847,seed59884.png
-5.298842,3.6570034,seed59885.png
-27.408895,-17.669888,seed59886.png
-1.0807676,-15.693479,seed59887.png
29.101408,16.856112,seed59888.png
-31.515432,16.204245,seed59889.png
-0.6646224,1.710174,seed5989.png
-28.55405,-6.1822925,seed59890.png
6.4372964,14.23808,seed59891.png
-31.183304,25.552399,seed59892.png
14.860612,-30.231989,seed59893.png
-15.288205,-19.00725,seed59894.png
-27.808527,12.937668,seed59895.png
9.709623,28.909317,seed59896.png
23.165308,2.9851305,seed59897.png
-36.60232,23.218767,seed59898.png
-3.6850498,18.614424,seed59899.png
-25.1196,-8.870607,seed5990.png
-24.733112,18.374243,seed59900.png
8.872079,11.976318,seed59901.png
-0.64016885,13.10721,seed59902.png
15.151894,-36.15813,seed59903.png
-28.324286,-18.531248,seed59904.png
-12.401964,-30.943222,seed59905.png
-26.95175,-2.264492,seed59906.png
19.988783,22.419952,seed59907.png
-33.516598,9.9627495,seed59908.png
36.283466,16.107267,seed59909.png
16.694124,23.406702,seed5991.png
4.1470437,-3.6374605,seed59910.png
1.601614,-30.318995,seed59911.png
22.977879,-6.8240952,seed59912.png
-33.501534,17.783447,seed59913.png
-32.986763,-12.281129,seed59914.png
8.9779,16.72889,seed59915.png
-12.194726,-25.347122,seed59916.png
7.581059,-37.350742,seed59917.png
-34.01828,19.030273,seed59918.png
-22.942184,-18.572916,seed59919.png
-31.080963,22.023228,seed5992.png
-26.647093,7.993094,seed59920.png
20.009281,10.7680235,seed59921.png
-32.25812,23.784567,seed59922.png
25.665758,1.8868757,seed59923.png
26.028528,4.030777,seed59924.png
16.164104,21.265831,seed59925.png
-15.018169,-14.567319,seed59926.png
-14.312926,-13.033651,seed59927.png
31.566048,14.263463,seed59928.png
31.98921,2.435303,seed59929.png
-14.751695,-29.67608,seed5993.png
13.467554,-3.110912,seed59930.png
10.6110325,-3.3041945,seed59931.png
27.100296,9.678362,seed59932.png
-20.771883,17.935928,seed59933.png
-22.907837,-1.7963979,seed59934.png
-12.763596,-8.550888,seed59935.png
-32.424904,-8.023283,seed59936.png
40.142365,21.175446,seed59937.png
8.252796,6.777528,seed59938.png
15.463353,-37.818428,seed59939.png
32.1883,14.55067,seed5994.png
-23.762983,-15.504097,seed59940.png
5.343884,-33.58784,seed59941.png
-23.54002,5.202246,seed59942.png
-0.37594056,-27.029804,seed59943.png
-26.231472,-4.4274554,seed59944.png
38.87168,17.902828,seed59945.png
30.935163,11.141086,seed59946.png
34.12496,26.609293,seed59947.png
-23.389883,-9.171865,seed59948.png
-8.747779,-16.205317,seed59949.png
-30.537512,-16.244448,seed5995.png
-19.169445,-25.393797,seed59950.png
27.504255,7.11968,seed59951.png
3.4859047,3.3611255,seed59952.png
9.270294,-32.997803,seed59953.png
9.525512,-30.956913,seed59954.png
39.205627,24.051817,seed59955.png
-21.44077,-19.301369,seed59956.png
11.354226,22.03029,seed59957.png
-0.33444422,24.669445,seed59958.png
11.390554,-39.341015,seed59959.png
35.88842,18.6025,seed5996.png
30.53092,20.849863,seed59960.png
-31.50219,23.765032,seed59961.png
-20.407707,-3.0770986,seed59962.png
15.735161,11.7943325,seed59963.png
1.6393948,16.462288,seed59964.png
15.007972,8.214015,seed59965.png
-10.539406,-29.534746,seed59966.png
7.4987,-29.071606,seed59967.png
30.29473,4.1190057,seed59968.png
-21.707266,15.030637,seed59969.png
13.074106,17.057386,seed5997.png
38.282143,20.54387,seed59970.png
6.384287,-34.983944,seed59971.png
-16.584732,-21.884903,seed59972.png
-27.074457,-13.438927,seed59973.png
-23.64092,6.6240354,seed59974.png
-28.161621,-18.102201,seed59975.png
-1.694434,3.3764944,seed59976.png
-22.57809,-3.8090582,seed59977.png
12.41339,25.867382,seed59978.png
-31.124722,13.376237,seed59979.png
-4.0273404,-6.0280013,seed5998.png
-37.04332,14.088875,seed59980.png
4.4109683,-8.791555,seed59981.png
5.299096,-29.11666,seed59982.png
-12.235066,-19.417143,seed59983.png
9.441886,14.240705,seed59984.png
31.613213,20.208061,seed59985.png
-26.818583,13.632155,seed59986.png
20.359322,-7.613326,seed59987.png
18.749977,2.4400244,seed59988.png
0.37091628,5.6616726,seed59989.png
37.339046,17.595312,seed5999.png
-0.88404316,24.796541,seed59990.png
19.816334,22.89054,seed59991.png
6.3910723,8.515567,seed59992.png
39.903797,15.321849,seed59993.png
27.899223,15.428202,seed59994.png
-20.80074,16.658623,seed59995.png
25.855286,15.264209,seed59996.png
-10.4234295,6.463006,seed59997.png
18.093948,-0.66630447,seed59998.png
8.287829,-6.3346324,seed59999.png
-13.810954,3.7272792,seed6000.png
19.521664,25.8981,seed60000.png
-20.070574,-29.55068,seed60001.png
11.447701,16.03869,seed60002.png
14.342539,-8.633667,seed60003.png
15.689394,-33.879494,seed60004.png
-27.12001,-11.008493,seed60005.png
-27.392885,-17.423706,seed60006.png
-32.250343,13.36456,seed60007.png
15.90865,-37.181347,seed60008.png
8.61448,-35.00613,seed60009.png
28.004951,11.75804,seed6001.png
4.0239525,22.248705,seed60010.png
30.94459,19.094418,seed60011.png
17.833015,-8.740069,seed60012.png
1.5934604,0.016046226,seed60013.png
16.203268,2.819483,seed60014.png
23.028688,18.656862,seed60015.png
-22.591986,9.222053,seed60016.png
5.10852,4.3700595,seed60017.png
-3.9130414,5.5609045,seed60018.png
31.946888,13.948748,seed60019.png
30.803314,4.991815,seed6002.png
4.199376,-30.153505,seed60020.png
24.4618,19.561428,seed60021.png
-8.592916,-9.618293,seed60022.png
-32.693,-7.8626885,seed60023.png
-22.829454,-2.2571077,seed60024.png
4.0059257,11.926762,seed60025.png
7.4030347,4.8294306,seed60026.png
25.468578,8.542905,seed60027.png
-16.28738,-25.689249,seed60028.png
-17.632746,-25.254297,seed60029.png
-22.677248,14.412888,seed6003.png
9.0002775,-0.98469776,seed60030.png
-25.23847,13.294294,seed60031.png
-32.579544,13.953192,seed60032.png
6.0185046,-30.004398,seed60033.png
10.734823,-26.270502,seed60034.png
-1.0659152,-11.948975,seed60035.png
-26.661852,11.426742,seed60036.png
-21.510944,15.504805,seed60037.png
4.462276,-9.825699,seed60038.png
10.319794,-24.471157,seed60039.png
-27.225285,-14.906385,seed6004.png
6.676852,-0.0063649057,seed60040.png
-32.242165,19.067606,seed60041.png
-9.367131,-9.680866,seed60042.png
-3.4295297,23.383327,seed60043.png
-11.5169115,0.0714928,seed60044.png
8.558002,0.44089577,seed60045.png
31.026306,28.552309,seed60046.png
-2.6949096,24.221607,seed60047.png
-23.780668,4.485502,seed60048.png
35.236618,22.911509,seed60049.png
-17.875196,-5.370983,seed6005.png
19.88715,20.130339,seed60050.png
28.82224,12.623564,seed60051.png
18.892673,14.971377,seed60052.png
12.139253,-42.156143,seed60053.png
-32.73288,23.53118,seed60054.png
-31.86126,-1.646863,seed60055.png
17.49907,-4.109204,seed60056.png
-20.874327,1.7411536,seed60057.png
22.48125,22.95501,seed60058.png
29.692715,21.844866,seed60059.png
-32.961952,9.075037,seed6006.png
-28.22596,-10.113529,seed60060.png
-6.0192957,-4.2146163,seed60061.png
-19.260298,-15.137544,seed60062.png
8.364444,21.566618,seed60063.png
-11.018767,-0.77581346,seed60064.png
-30.276575,2.5021105,seed60065.png
-18.713556,-14.591092,seed60066.png
35.056946,6.1328325,seed60067.png
29.495268,-4.9420652,seed60068.png
-30.46386,10.093868,seed60069.png
27.556808,1.4434625,seed6007.png
35.99637,10.476883,seed60070.png
37.92566,16.95258,seed60071.png
-16.454098,-6.177825,seed60072.png
-27.473541,-14.073806,seed60073.png
10.328493,-35.820297,seed60074.png
10.5893135,-28.57104,seed60075.png
11.350838,-8.173064,seed60076.png
-23.55886,5.551214,seed60077.png
-34.61467,21.043447,seed60078.png
21.651482,16.898903,seed60079.png
-14.713051,-24.74463,seed6008.png
-9.519152,-20.19745,seed60080.png
-2.1222756,2.7001088,seed60081.png
-18.539108,-4.23454,seed60082.png
-25.824799,-4.093553,seed60083.png
5.4201584,2.888869,seed60084.png
-21.769753,-6.439544,seed60085.png
-26.337914,-21.339724,seed60086.png
6.1864533,23.757181,seed60087.png
-12.211473,-16.236046,seed60088.png
15.649449,-38.134598,seed60089.png
13.309432,1.8491132,seed6009.png
-31.89438,11.068468,seed60090.png
4.382576,13.688588,seed60091.png
-9.284707,-26.72022,seed60092.png
26.59199,11.479877,seed60093.png
-12.806468,-13.417461,seed60094.png
22.878325,21.816286,seed60095.png
33.58388,6.605439,seed60096.png
11.086025,-1.0837996,seed60097.png
12.841576,27.033524,seed60098.png
16.171452,26.17404,seed60099.png
-12.738185,-6.6106553,seed6010.png
-25.277105,-2.3938286,seed60100.png
-30.477118,-14.060439,seed60101.png
-6.6607876,5.999836,seed60102.png
27.997313,4.603427,seed60103.png
-15.180343,6.4631414,seed60104.png
-12.028978,-26.753141,seed60105.png
-30.512968,20.978508,seed60106.png
-30.099228,14.696665,seed60107.png
30.433681,24.989542,seed60108.png
28.652384,12.259689,seed60109.png
-31.41677,-9.05609,seed6011.png
11.771528,9.987398,seed60110.png
17.85805,7.8215227,seed60111.png
18.779282,22.366135,seed60112.png
-15.663128,-21.227352,seed60113.png
8.648645,-28.750008,seed60114.png
-14.349751,5.531574,seed60115.png
22.062641,16.797636,seed60116.png
31.83862,10.77498,seed60117.png
2.3235748,17.164421,seed60118.png
3.5349448,19.934526,seed60119.png
-20.341284,3.5091069,seed6012.png
-3.753219,22.623903,seed60120.png
-2.9816313,1.5819031,seed60121.png
-16.894045,-28.555569,seed60122.png
-28.143343,4.327535,seed60123.png
2.9947011,13.730875,seed60124.png
15.06424,23.294985,seed60125.png
-24.112833,14.371877,seed60126.png
-15.565188,-31.413754,seed60127.png
-27.505957,15.805939,seed60128.png
5.207963,6.0788283,seed60129.png
14.161747,23.017853,seed6013.png
23.302414,1.1788474,seed60130.png
-27.05369,-18.327354,seed60131.png
23.031958,18.13715,seed60132.png
-2.4741602,-18.463345,seed60133.png
20.40842,25.594507,seed60134.png
13.597726,-32.830524,seed60135.png
16.112516,0.8902164,seed60136.png
14.198447,3.6871066,seed60137.png
21.722723,0.8934404,seed60138.png
-12.660236,-19.176119,seed60139.png
-16.284815,-22.833328,seed6014.png
-31.600008,11.590125,seed60140.png
-34.187874,2.8594723,seed60141.png
10.120901,-33.37765,seed60142.png
-21.296373,0.76426774,seed60143.png
12.258599,-29.765305,seed60144.png
-30.15492,17.981983,seed60145.png
0.07163949,-18.21957,seed60146.png
-23.755142,-7.8388762,seed60147.png
-1.7165701,17.208609,seed60148.png
-3.6185687,-16.65738,seed60149.png
-25.65733,-11.479022,seed6015.png
-33.512867,16.711136,seed60150.png
9.505472,-26.403337,seed60151.png
-31.22398,17.620064,seed60152.png
5.4825916,-34.229294,seed60153.png
-22.71563,14.975277,seed60154.png
-13.725235,-17.23846,seed60155.png
-22.16586,3.6697152,seed60156.png
-24.597273,0.2478008,seed60157.png
-29.027681,-16.060938,seed60158.png
-1.5410739,9.098489,seed60159.png
-31.096983,22.784674,seed6016.png
9.932936,-3.1627562,seed60160.png
-32.1813,26.032427,seed60161.png
-16.21225,-1.7861071,seed60162.png
32.923817,11.373897,seed60163.png
-29.738613,18.640919,seed60164.png
10.007292,9.612685,seed60165.png
-19.21765,-16.92238,seed60166.png
35.19393,16.89874,seed60167.png
-9.300942,-18.43621,seed60168.png
-17.34376,-19.373323,seed60169.png
9.325267,2.8242543,seed6017.png
6.137901,-33.810825,seed60170.png
19.467348,25.490276,seed60171.png
-22.8394,14.700977,seed60172.png
-34.6737,5.291432,seed60173.png
7.5909886,-0.7052545,seed60174.png
-4.050021,-10.941889,seed60175.png
-24.367693,5.9194756,seed60176.png
10.596884,13.577467,seed60177.png
-15.941332,-9.791424,seed60178.png
8.20394,11.192877,seed60179.png
-1.6515881,24.341217,seed6018.png
-20.78255,5.603786,seed60180.png
-16.127651,0.6094373,seed60181.png
-17.540747,-15.5457115,seed60182.png
-20.939898,-0.4678944,seed60183.png
16.746964,-2.3614683,seed60184.png
18.583706,18.270552,seed60185.png
22.722706,26.301468,seed60186.png
16.771875,20.570328,seed60187.png
-27.79648,11.665067,seed60188.png
35.02727,26.391813,seed60189.png
19.222738,-5.8042803,seed6019.png
-3.6660826,-14.4282255,seed60190.png
-22.020067,1.9784995,seed60191.png
-2.4227004,-15.533631,seed60192.png
34.738075,5.181062,seed60193.png
13.030176,25.666758,seed60194.png
-22.389132,15.251783,seed60195.png
-19.390717,-16.430151,seed60196.png
-25.861946,-21.161533,seed60197.png
10.423393,6.443306,seed60198.png
11.071044,28.424694,seed60199.png
12.105724,-5.37596,seed6020.png
-30.7045,16.07645,seed60200.png
-0.7842554,-16.303564,seed60201.png
0.112470224,-0.57339215,seed60202.png
-28.754068,7.9250603,seed60203.png
14.185421,0.8855422,seed60204.png
-14.884157,10.005105,seed60205.png
-19.949997,-28.42881,seed60206.png
5.0436006,10.543513,seed60207.png
-0.67957085,23.578182,seed60208.png
-28.80302,7.726067,seed60209.png
7.456668,20.46976,seed6021.png
38.13469,8.042442,seed60210.png
11.669195,14.351662,seed60211.png
10.4621725,9.66823,seed60212.png
23.535488,23.004677,seed60213.png
-24.097687,10.994306,seed60214.png
-7.423143,-26.244102,seed60215.png
13.594462,14.40349,seed60216.png
39.81579,13.003874,seed60217.png
-10.669424,8.059749,seed60218.png
-22.532724,-15.364106,seed60219.png
-24.167551,7.359857,seed6022.png
10.954313,23.926163,seed60220.png
7.412335,-40.798397,seed60221.png
12.796595,24.392761,seed60222.png
31.964691,15.738655,seed60223.png
9.684023,25.179892,seed60224.png
-0.7902428,21.81754,seed60225.png
0.4892729,24.472136,seed60226.png
-28.39466,-8.442584,seed60227.png
-21.715923,-6.56642,seed60228.png
-6.881849,13.421166,seed60229.png
-0.12028976,-16.805801,seed6023.png
15.423518,-36.806034,seed60230.png
35.842598,20.145012,seed60231.png
2.2267334,5.924558,seed60232.png
-17.285152,-27.916914,seed60233.png
16.241552,19.229301,seed60234.png
15.703275,-1.769585,seed60235.png
36.183945,24.13842,seed60236.png
-28.104582,0.055113547,seed60237.png
-21.247849,15.549731,seed60238.png
-18.362553,-1.0192472,seed60239.png
17.26831,10.962919,seed6024.png
-23.471638,-12.50549,seed60240.png
27.433308,4.445811,seed60241.png
-32.26721,6.401301,seed60242.png
7.894092,11.2624655,seed60243.png
-22.045353,11.292781,seed60244.png
11.317326,2.9592898,seed60245.png
1.5630183,15.363031,seed60246.png
-2.2661164,-14.780363,seed60247.png
32.848286,19.668703,seed60248.png
31.115313,28.844305,seed60249.png
30.744946,3.6828506,seed6025.png
-28.445879,-8.733163,seed60250.png
16.050766,23.953953,seed60251.png
-9.118154,-19.510311,seed60252.png
-21.421284,18.65724,seed60253.png
1.5491527,-25.602716,seed60254.png
12.619162,-1.5875032,seed60255.png
7.764287,13.37192,seed60256.png
2.143957,8.164569,seed60257.png
-6.957909,-17.20637,seed60258.png
-1.510555,6.558468,seed60259.png
-1.532372,15.264377,seed6026.png
28.250446,-2.8987231,seed60260.png
-16.921436,-0.1541395,seed60261.png
12.346278,-38.669613,seed60262.png
-37.705147,15.799964,seed60263.png
-2.068907,-11.316761,seed60264.png
-32.91682,-7.8645782,seed60265.png
13.135577,-36.92016,seed60266.png
39.063587,16.63096,seed60267.png
10.451681,17.180319,seed60268.png
31.918938,4.0841346,seed60269.png
13.018169,-39.47434,seed6027.png
30.470345,19.6416,seed60270.png
-36.05891,26.93198,seed60271.png
36.319542,16.77532,seed60272.png
5.2569857,-37.82507,seed60273.png
-5.5763245,22.791546,seed60274.png
19.072845,25.486874,seed60275.png
-5.5079823,-14.390456,seed60276.png
19.046555,17.463161,seed60277.png
-16.738209,-23.603174,seed60278.png
-14.450799,-19.87839,seed60279.png
-23.716269,-15.82379,seed6028.png
3.4492204,12.518431,seed60280.png
28.216782,24.098974,seed60281.png
12.748167,-35.032085,seed60282.png
26.565546,11.524364,seed60283.png
28.784267,8.745369,seed60284.png
12.653626,-8.110202,seed60285.png
-12.02087,-27.762352,seed60286.png
9.356675,-22.62829,seed60287.png
-11.928816,-13.350467,seed60288.png
8.752656,-6.0108,seed60289.png
32.93457,24.371656,seed6029.png
13.805173,-9.169782,seed60290.png
6.9643645,-4.711632,seed60291.png
-22.235548,-22.47928,seed60292.png
16.831848,-3.109483,seed60293.png
6.0691476,-27.594368,seed60294.png
38.201824,21.78138,seed60295.png
17.500656,-32.92254,seed60296.png
34.65153,12.442565,seed60297.png
39.80769,17.470146,seed60298.png
-35.595417,5.9006042,seed60299.png
12.828562,9.036435,seed6030.png
-15.120164,-3.5504746,seed60300.png
-17.285564,-2.7833695,seed60301.png
-12.200919,-5.605021,seed60302.png
11.259823,-2.1092124,seed60303.png
10.76022,17.08237,seed60304.png
18.04629,11.667456,seed60305.png
-19.7887,3.1307192,seed60306.png
32.93907,16.274609,seed60307.png
-24.892143,0.55521804,seed60308.png
-24.002478,16.264034,seed60309.png
30.922625,16.708055,seed6031.png
11.882494,-5.989385,seed60310.png
-32.984993,24.00387,seed60311.png
6.8554015,-7.3358793,seed60312.png
-0.27965704,21.812397,seed60313.png
15.595441,21.979767,seed60314.png
4.0451455,-33.395718,seed60315.png
-4.5655003,-18.207502,seed60316.png
-13.632095,-2.2113547,seed60317.png
21.075247,9.691173,seed60318.png
-30.50164,9.374647,seed60319.png
22.091217,22.619442,seed6032.png
0.13920231,24.961416,seed60320.png
-32.744343,21.046715,seed60321.png
-15.31453,-14.753921,seed60322.png
10.48559,11.747383,seed60323.png
28.873768,-2.2693179,seed60324.png
-21.262608,-6.9119334,seed60325.png
21.820803,15.89529,seed60326.png
-11.080301,-20.64551,seed60327.png
-19.74622,-23.838598,seed60328.png
21.619066,20.224138,seed60329.png
-17.339848,-20.395203,seed6033.png
-12.425048,-12.961234,seed60330.png
-19.224958,-23.830244,seed60331.png
4.6949477,-33.170933,seed60332.png
-1.1635246,-18.1596,seed60333.png
-24.761108,10.492077,seed60334.png
-16.890915,-30.325392,seed60335.png
36.435387,7.9328094,seed60336.png
21.187906,16.18992,seed60337.png
-20.432613,-10.804521,seed60338.png
15.771248,22.161276,seed60339.png
2.7851691,-29.21768,seed6034.png
32.741,25.173864,seed60340.png
22.838951,-8.866309,seed60341.png
-15.521682,-19.517036,seed60342.png
-25.125559,6.197143,seed60343.png
-17.163807,-13.250863,seed60344.png
6.7000375,15.790447,seed60345.png
16.424883,25.706078,seed60346.png
12.541975,-9.601044,seed60347.png
-12.67237,-30.531315,seed60348.png
-25.649246,-11.490756,seed60349.png
-10.503686,-9.060931,seed6035.png
23.140198,0.20744112,seed60350.png
-12.178163,-29.76459,seed60351.png
4.408162,15.04727,seed60352.png
37.845825,22.340399,seed60353.png
-12.468042,-26.364233,seed60354.png
-18.860779,-30.000912,seed60355.png
-18.57129,-14.91761,seed60356.png
-18.765553,-30.359238,seed60357.png
26.745735,1.7885768,seed60358.png
6.6380777,13.891704,seed60359.png
-3.8188536,19.042494,seed6036.png
-29.237766,6.401912,seed60360.png
-29.36366,-2.016255,seed60361.png
-12.038208,-14.477392,seed60362.png
34.09071,12.257178,seed60363.png
32.017498,28.73032,seed60364.png
-22.68386,-13.176178,seed60365.png
-31.821083,18.156216,seed60366.png
-27.251013,13.127032,seed60367.png
3.5138547,25.814543,seed60368.png
-30.265673,23.893383,seed60369.png
-34.121365,11.7560215,seed6037.png
-11.713393,-16.292578,seed60370.png
12.989362,-21.167383,seed60371.png
10.664465,-2.5916426,seed60372.png
23.099043,-0.28506514,seed60373.png
14.358339,-30.955841,seed60374.png
23.29238,13.005984,seed60375.png
-25.82048,-12.507526,seed60376.png
12.696292,18.213955,seed60377.png
40.018665,8.817738,seed60378.png
-33.117847,-0.64766484,seed60379.png
5.269608,-18.910332,seed6038.png
12.184856,15.441205,seed60380.png
3.4649665,20.736462,seed60381.png
22.127186,-4.404279,seed60382.png
33.308037,17.195332,seed60383.png
22.764608,21.061789,seed60384.png
16.247849,-33.818687,seed60385.png
-20.960863,-28.486897,seed60386.png
38.271004,20.61102,seed60387.png
-30.338196,19.978218,seed60388.png
-24.319262,-25.001883,seed60389.png
23.529087,7.357141,seed6039.png
14.395765,-5.126031,seed60390.png
16.590246,8.181789,seed60391.png
-27.49702,-16.502878,seed60392.png
19.65895,12.6954365,seed60393.png
20.845934,5.6400523,seed60394.png
27.636835,15.710152,seed60395.png
-37.491867,16.309986,seed60396.png
-28.881035,0.13442501,seed60397.png
0.821731,16.84183,seed60398.png
3.4834373,-15.213875,seed60399.png
-23.66415,-8.750214,seed6040.png
-37.29416,10.517167,seed60400.png
4.8787217,-35.861645,seed60401.png
-37.59523,16.04856,seed60402.png
14.565657,11.506206,seed60403.png
-12.458249,-0.6164076,seed60404.png
16.860243,17.589901,seed60405.png
-15.102617,-18.499023,seed60406.png
-18.896227,-14.232837,seed60407.png
-26.85623,-9.734467,seed60408.png
-31.522545,23.88466,seed60409.png
-18.263966,-14.686244,seed6041.png
-18.078106,-20.036583,seed60410.png
-29.30546,-9.618538,seed60411.png
30.811153,20.965216,seed60412.png
-12.91646,-7.430924,seed60413.png
11.483835,-40.81452,seed60414.png
12.440075,-7.5112414,seed60415.png
-19.366594,-26.983824,seed60416.png
-23.9494,19.748083,seed60417.png
-9.223879,-4.2432814,seed60418.png
-32.159115,18.8428,seed60419.png
-32.89336,12.277964,seed6042.png
9.940144,-0.65891796,seed60420.png
-31.446411,25.625496,seed60421.png
39.79644,21.304262,seed60422.png
-9.005411,-28.325886,seed60423.png
-14.852314,-20.077341,seed60424.png
-18.636478,-2.1011798,seed60425.png
5.13696,-6.6070805,seed60426.png
28.294447,14.625096,seed60427.png
8.920109,-0.603335,seed60428.png
37.791798,18.04776,seed60429.png
15.584074,-9.308887,seed6043.png
27.994394,-1.0922393,seed60430.png
11.526352,-37.19893,seed60431.png
17.934822,23.244843,seed60432.png
-8.00162,0.3837146,seed60433.png
-18.882982,-5.0154896,seed60434.png
4.309124,14.554737,seed60435.png
5.657025,-36.394875,seed60436.png
-12.008038,1.028205,seed60437.png
20.882774,3.941148,seed60438.png
41.4692,21.410215,seed60439.png
9.3239355,23.802542,seed6044.png
-21.888659,-20.373322,seed60440.png
29.166368,14.214775,seed60441.png
-36.57374,10.977758,seed60442.png
-5.5831723,4.873641,seed60443.png
-1.3464075,24.873905,seed60444.png
-11.982617,-8.049604,seed60445.png
0.69400674,19.972288,seed60446.png
-3.9228156,-0.62425584,seed60447.png
37.220776,12.736229,seed60448.png
24.852077,0.08438876,seed60449.png
-16.416294,-26.21574,seed6045.png
13.966756,-39.634655,seed60450.png
-33.727646,12.2259445,seed60451.png
30.666435,5.9394855,seed60452.png
19.715904,16.697514,seed60453.png
4.4521937,-36.84481,seed60454.png
-11.289495,1.1403208,seed60455.png
27.208708,12.718296,seed60456.png
10.199833,25.531864,seed60457.png
-12.670509,-5.1285415,seed60458.png
-15.602638,-17.047543,seed60459.png
27.233204,6.0129924,seed6046.png
0.28622806,21.727173,seed60460.png
12.891558,-8.387585,seed60461.png
-21.756908,-27.386158,seed60462.png
-25.021786,-14.6827965,seed60463.png
-13.884676,9.182312,seed60464.png
-28.950626,8.508939,seed60465.png
-17.740116,-23.962093,seed60466.png
-25.42682,-16.456305,seed60467.png
15.056611,10.48961,seed60468.png
39.291336,15.222767,seed60469.png
-35.860615,18.301508,seed6047.png
-22.04081,18.691309,seed60470.png
-22.164795,17.52626,seed60471.png
39.508587,22.662151,seed60472.png
-30.377491,14.2049465,seed60473.png
5.647306,17.649643,seed60474.png
-10.898795,-14.313969,seed60475.png
18.672335,23.371689,seed60476.png
-30.018427,21.50567,seed60477.png
15.368271,17.569296,seed60478.png
-16.21105,-18.873882,seed60479.png
-22.786749,-15.002461,seed6048.png
3.3740356,18.083485,seed60480.png
34.00529,25.296331,seed60481.png
-30.166454,3.6404665,seed60482.png
-11.611551,-28.262308,seed60483.png
10.552138,5.958474,seed60484.png
-20.637857,0.20427132,seed60485.png
-12.9583845,3.7693305,seed60486.png
-13.072977,-4.01523,seed60487.png
6.6219645,-6.336784,seed60488.png
-28.470945,-0.52526927,seed60489.png
-18.254393,-29.637842,seed6049.png
-36.310326,11.293698,seed60490.png
-15.38752,-17.182936,seed60491.png
33.19937,16.266388,seed60492.png
-3.1906621,-17.154745,seed60493.png
36.374317,22.023647,seed60494.png
10.307896,10.873039,seed60495.png
9.927198,-23.030596,seed60496.png
-21.68952,-4.933271,seed60497.png
6.746777,5.410205,seed60498.png
-15.00401,-31.682941,seed60499.png
-21.07283,-20.867794,seed6050.png
-21.097368,-19.330725,seed60500.png
-6.480699,-16.607428,seed60501.png
2.2709465,-28.960278,seed60502.png
-14.292579,-17.855639,seed60503.png
0.52256197,19.242481,seed60504.png
-25.52785,-15.262828,seed60505.png
12.335313,9.606566,seed60506.png
9.903092,22.666376,seed60507.png
-25.445362,5.7943044,seed60508.png
13.359701,19.221296,seed60509.png
-21.994644,-21.392048,seed6051.png
9.834133,13.485811,seed60510.png
-32.050602,14.670755,seed60511.png
6.2458043,14.872161,seed60512.png
14.033584,28.26377,seed60513.png
-2.170766,-0.39939514,seed60514.png
-32.457817,14.94108,seed60515.png
-32.782234,25.261793,seed60516.png
-18.924875,-17.12499,seed60517.png
0.104718424,-6.392905,seed60518.png
-20.642962,6.4728556,seed60519.png
-14.065685,-27.235611,seed6052.png
-21.762419,-25.899477,seed60520.png
-9.540666,6.9802647,seed60521.png
5.0061746,-37.53113,seed60522.png
34.302727,13.14153,seed60523.png
6.378154,-29.262726,seed60524.png
-34.753864,14.962421,seed60525.png
9.92919,-22.40284,seed60526.png
24.052238,-1.8893131,seed60527.png
31.211975,12.590663,seed60528.png
28.253542,11.134359,seed60529.png
41.62723,18.694565,seed6053.png
26.578264,12.221882,seed60530.png
37.78917,24.611689,seed60531.png
-20.53488,16.7934,seed60532.png
18.01451,22.362888,seed60533.png
15.951849,-36.47345,seed60534.png
-19.900873,-30.434849,seed60535.png
-1.7003181,22.0029,seed60536.png
-8.090333,-13.302247,seed60537.png
-19.473452,-17.359056,seed60538.png
34.66951,13.62128,seed60539.png
10.153212,26.689688,seed6054.png
-1.1016809,-11.32467,seed60540.png
-0.6935391,23.693377,seed60541.png
14.995011,-7.952613,seed60542.png
20.376482,-6.7558126,seed60543.png
-16.916203,-22.891167,seed60544.png
0.6974363,23.24849,seed60545.png
-18.400547,2.010608,seed60546.png
7.2819977,-38.777863,seed60547.png
-10.576296,-22.133106,seed60548.png
-30.262945,11.529728,seed60549.png
-19.509876,-16.744274,seed6055.png
32.70541,11.400943,seed60550.png
8.650419,17.164322,seed60551.png
12.777498,-33.401203,seed60552.png
-1.63829,17.703327,seed60553.png
32.81693,0.2793876,seed60554.png
10.464631,25.224327,seed60555.png
35.135284,11.949149,seed60556.png
12.09149,-11.191833,seed60557.png
-20.598654,-5.369898,seed60558.png
0.29912767,-14.295427,seed60559.png
22.752068,12.188168,seed6056.png
-18.523935,1.8007609,seed60560.png
18.974161,1.0668217,seed60561.png
3.2135377,20.539036,seed60562.png
18.51018,-0.2818504,seed60563.png
16.986622,-1.2764103,seed60564.png
-14.849281,9.848649,seed60565.png
-17.324583,-22.78723,seed60566.png
-7.8984222,-3.12529,seed60567.png
-30.23449,-6.2643347,seed60568.png
-12.117031,-3.2709463,seed60569.png
15.942437,1.0324312,seed6057.png
-31.24818,7.767185,seed60570.png
-29.908545,2.7305481,seed60571.png
-18.419212,-27.239513,seed60572.png
6.709548,15.306257,seed60573.png
-4.3305845,-9.747164,seed60574.png
14.000543,-40.525505,seed60575.png
13.925672,-39.978992,seed60576.png
-30.300348,14.352305,seed60577.png
-16.656898,-8.829987,seed60578.png
-30.832676,11.276478,seed60579.png
-14.164728,-31.032167,seed6058.png
13.804069,22.103931,seed60580.png
9.680316,-42.724796,seed60581.png
-14.789218,-10.192034,seed60582.png
-34.13741,17.101961,seed60583.png
-28.540209,-9.868081,seed60584.png
25.34325,9.474406,seed60585.png
1.1762862,-27.653522,seed60586.png
-37.630188,13.204098,seed60587.png
26.272026,7.5368395,seed60588.png
5.1220164,0.34643716,seed60589.png
-16.215466,-15.321188,seed6059.png
-0.48703197,21.888481,seed60590.png
-33.834476,4.6704383,seed60591.png
-3.6315753,-12.219036,seed60592.png
-27.38536,-10.373837,seed60593.png
11.473411,-21.499195,seed60594.png
10.285091,6.09802,seed60595.png
-14.722907,-4.659447,seed60596.png
6.7937455,-5.8634424,seed60597.png
30.65993,25.32009,seed60598.png
-3.0101843,-2.314196,seed60599.png
-24.585009,13.64329,seed6060.png
-33.54035,20.911928,seed60600.png
-2.1524136,-2.736319,seed60601.png
1.383845,23.878414,seed60602.png
33.27252,20.541275,seed60603.png
-31.750803,26.624586,seed60604.png
22.677,8.036666,seed60605.png
-17.335066,4.3157544,seed60606.png
-18.51343,3.0701396,seed60607.png
18.638083,0.5382576,seed60608.png
12.810922,-4.084071,seed60609.png
1.4564842,-4.0530386,seed6061.png
13.953693,-30.233934,seed60610.png
1.7556524,-2.1209798,seed60611.png
-35.69061,22.479774,seed60612.png
-13.682974,-13.897172,seed60613.png
-22.245277,-21.265972,seed60614.png
9.019611,12.854872,seed60615.png
20.775486,2.8836975,seed60616.png
-23.532413,-23.995909,seed60617.png
4.753783,6.3436565,seed60618.png
0.79509413,12.908343,seed60619.png
14.633955,0.41273066,seed6062.png
15.115958,6.883668,seed60620.png
-27.015053,-15.575242,seed60621.png
20.166065,-6.290434,seed60622.png
-20.756308,6.8551087,seed60623.png
4.118772,0.35171112,seed60624.png
-7.8967357,-3.729378,seed60625.png
-11.740979,-27.40448,seed60626.png
11.667577,1.5854719,seed60627.png
-23.44655,18.274818,seed60628.png
13.98843,-4.3757257,seed60629.png
-9.766042,7.895877,seed6063.png
14.579168,4.790142,seed60630.png
-29.570648,1.7742592,seed60631.png
12.561926,-30.228403,seed60632.png
35.187004,19.600069,seed60633.png
40.087017,23.103935,seed60634.png
6.9573045,-26.954533,seed60635.png
-20.49818,-12.108575,seed60636.png
-10.952614,-17.08042,seed60637.png
-20.6074,16.871326,seed60638.png
29.723957,13.669975,seed60639.png
6.9441295,12.99835,seed6064.png
-21.23,7.4816494,seed60640.png
-29.487831,-10.500615,seed60641.png
11.140491,-33.57928,seed60642.png
22.79188,18.41665,seed60643.png
0.1729902,-16.51123,seed60644.png
-6.445177,1.08144,seed60645.png
36.49732,17.479532,seed60646.png
-32.90473,3.9349658,seed60647.png
17.295471,24.277689,seed60648.png
-12.733873,-19.236494,seed60649.png
-2.1247258,-10.809408,seed6065.png
12.1454,-23.72047,seed60650.png
-22.870026,-12.786649,seed60651.png
-12.582285,-24.980217,seed60652.png
-31.839453,20.067091,seed60653.png
11.816725,-23.066885,seed60654.png
2.218782,20.457062,seed60655.png
-0.8902529,9.162285,seed60656.png
-17.242077,-23.8439,seed60657.png
-19.06951,4.465527,seed60658.png
-9.713288,-2.7037413,seed60659.png
12.856929,-28.947838,seed6066.png
13.392517,-22.411566,seed60660.png
39.65094,16.73224,seed60661.png
-30.193117,-11.606238,seed60662.png
12.723976,-40.12975,seed60663.png
21.160978,0.44691256,seed60664.png
28.409616,3.8052154,seed60665.png
-1.8638374,-12.324117,seed60666.png
-20.519457,13.30904,seed60667.png
12.294815,19.57145,seed60668.png
27.726492,17.573427,seed60669.png
29.572163,7.242711,seed6067.png
-18.59062,-16.74136,seed60670.png
-35.939255,10.038532,seed60671.png
-19.758718,-28.791784,seed60672.png
-27.65437,12.6072235,seed60673.png
-18.247513,4.2135024,seed60674.png
-19.460722,-29.444002,seed60675.png
17.86666,-6.164934,seed60676.png
32.948414,4.10723,seed60677.png
29.848074,23.698599,seed60678.png
-18.11684,-9.582893,seed60679.png
10.545524,-22.86236,seed6068.png
35.90685,13.099274,seed60680.png
8.644391,10.205482,seed60681.png
-12.545383,1.6515266,seed60682.png
9.239014,2.6230407,seed60683.png
-30.44106,-11.438879,seed60684.png
14.759455,8.615537,seed60685.png
7.2547545,7.0145144,seed60686.png
23.728828,2.4026148,seed60687.png
-16.079927,-20.867498,seed60688.png
-13.055945,-6.2854733,seed60689.png
21.022533,8.909543,seed6069.png
14.085392,-7.499494,seed60690.png
5.199342,9.422024,seed60691.png
-12.227451,-27.662924,seed60692.png
21.089867,23.573935,seed60693.png
29.979988,5.1869965,seed60694.png
-19.289124,13.900068,seed60695.png
-32.520405,-6.8844514,seed60696.png
-26.601257,1.0199844,seed60697.png
18.394632,9.435081,seed60698.png
12.131236,10.109159,seed60699.png
39.752483,22.353237,seed6070.png
-12.368991,4.998169,seed60700.png
18.649422,14.179445,seed60701.png
5.1368628,-27.283398,seed60702.png
9.342234,28.420101,seed60703.png
-24.577475,-13.973551,seed60704.png
9.193156,-7.4514866,seed60705.png
-26.474365,-12.3520155,seed60706.png
-18.301294,3.567744,seed60707.png
-28.29263,10.795447,seed60708.png
13.823988,25.640377,seed60709.png
-25.441206,-9.098899,seed6071.png
-1.7981068,-3.5514457,seed60710.png
33.633907,6.2581224,seed60711.png
-24.982136,-6.0131073,seed60712.png
-4.061923,-21.154593,seed60713.png
20.469997,5.8012233,seed60714.png
-13.665552,-1.4383696,seed60715.png
-1.3463626,-16.805637,seed60716.png
28.014244,14.082315,seed60717.png
19.008404,8.135458,seed60718.png
29.034216,4.97806,seed60719.png
9.197882,12.523396,seed6072.png
-21.421663,-21.101315,seed60720.png
14.622805,-9.352823,seed60721.png
-32.52439,-8.479637,seed60722.png
-19.216496,-18.98754,seed60723.png
28.431639,2.859551,seed60724.png
-20.42774,-3.5610366,seed60725.png
32.78369,22.918236,seed60726.png
-19.715584,6.018884,seed60727.png
3.7390268,10.56138,seed60728.png
-25.943235,-15.007177,seed60729.png
6.068557,-37.14101,seed6073.png
-23.774538,-16.668129,seed60730.png
-13.608681,-9.896671,seed60731.png
-19.490023,6.640913,seed60732.png
19.51363,-0.73463815,seed60733.png
-35.294792,-5.1041274,seed60734.png
-20.558376,15.988794,seed60735.png
21.934464,1.9341911,seed60736.png
16.194239,23.651585,seed60737.png
-36.850304,24.21939,seed60738.png
26.142187,-0.5971224,seed60739.png
18.225395,26.10484,seed6074.png
30.349615,26.562054,seed60740.png
29.166628,14.304647,seed60741.png
8.940298,-10.170814,seed60742.png
15.022451,-37.843655,seed60743.png
-2.0003016,-16.032145,seed60744.png
34.527256,0.46007386,seed60745.png
-32.05664,0.84257734,seed60746.png
16.79365,25.271053,seed60747.png
11.567224,-34.640797,seed60748.png
12.86656,-39.957367,seed60749.png
18.003084,-6.1291265,seed6075.png
19.99144,1.7894707,seed60750.png
-11.286543,-0.7256814,seed60751.png
-16.978476,-8.770668,seed60752.png
-6.4929957,-17.851675,seed60753.png
-17.03977,-2.6053777,seed60754.png
-32.993153,-6.771633,seed60755.png
-29.56291,14.155644,seed60756.png
13.999129,-38.31167,seed60757.png
-11.857962,-19.314615,seed60758.png
38.044,20.26579,seed60759.png
38.802605,13.183949,seed6076.png
0.20366338,-0.93628246,seed60760.png
-26.30115,-3.9626048,seed60761.png
-14.337093,-2.8504374,seed60762.png
30.704456,13.234248,seed60763.png
11.705704,-7.8595996,seed60764.png
-35.108257,18.63864,seed60765.png
-28.478237,-17.065409,seed60766.png
-17.510004,-20.6505,seed60767.png
-24.875986,-1.7483618,seed60768.png
31.945425,10.379009,seed60769.png
29.446207,-0.92185336,seed6077.png
4.7372117,-29.480682,seed60770.png
12.683395,-34.535965,seed60771.png
7.518383,-40.019066,seed60772.png
-15.918769,-22.052738,seed60773.png
-6.056082,-17.614325,seed60774.png
37.053013,20.59911,seed60775.png
16.313913,-32.507645,seed60776.png
-30.58276,1.1134323,seed60777.png
-11.789194,-11.737359,seed60778.png
-33.367027,23.65983,seed60779.png
17.659885,22.816614,seed6078.png
11.293713,-39.550625,seed60780.png
24.899118,0.9578716,seed60781.png
6.7787466,7.275305,seed60782.png
10.5562525,-34.51965,seed60783.png
-16.659115,8.326714,seed60784.png
22.85255,-9.171136,seed60785.png
16.380716,-37.75526,seed60786.png
-11.587919,-8.360311,seed60787.png
25.589832,2.7866673,seed60788.png
-0.09266404,22.84611,seed60789.png
-8.98818,-21.646294,seed6079.png
-21.262627,-1.6116778,seed60790.png
-25.9863,13.435859,seed60791.png
-4.9785404,-5.884582,seed60792.png
12.345225,-5.446357,seed60793.png
-18.810595,6.749923,seed60794.png
13.045091,-36.26275,seed60795.png
17.34368,24.154833,seed60796.png
-15.343814,4.297224,seed60797.png
-15.086173,-25.004223,seed60798.png
-18.9791,12.559847,seed60799.png
10.961404,6.1653285,seed6080.png
12.599906,-41.784805,seed60800.png
10.302322,-33.833374,seed60801.png
-5.342668,9.321434,seed60802.png
-25.39386,-5.7854753,seed60803.png
21.808111,-7.244317,seed60804.png
12.522731,-27.204908,seed60805.png
28.961498,6.6233435,seed60806.png
28.42779,14.635805,seed60807.png
14.223222,22.548294,seed60808.png
-32.56604,25.424007,seed60809.png
-30.093044,20.986568,seed6081.png
-7.7944818,-23.129557,seed60810.png
8.618733,29.212238,seed60811.png
11.78446,0.7512018,seed60812.png
14.877583,7.737904,seed60813.png
-30.71939,10.335683,seed60814.png
12.146276,-22.056726,seed60815.png
-16.016954,-1.3400779,seed60816.png
19.818752,-0.5550374,seed60817.png
-20.991915,-19.932058,seed60818.png
26.80886,8.966055,seed60819.png
-22.429466,-20.906614,seed6082.png
8.93558,1.4840744,seed60820.png
-3.0557003,-14.15989,seed60821.png
-10.769102,-24.05401,seed60822.png
-8.800543,-17.00998,seed60823.png
19.59375,24.98083,seed60824.png
11.042944,10.71702,seed60825.png
27.090769,2.616396,seed60826.png
-26.644232,-9.41132,seed60827.png
19.320942,6.7264233,seed60828.png
30.649534,20.867388,seed60829.png
25.313662,21.648579,seed6083.png
19.031467,-6.502616,seed60830.png
12.56026,-27.602238,seed60831.png
1.3931714,1.9282507,seed60832.png
20.929523,3.8485115,seed60833.png
-21.014551,7.580351,seed60834.png
-34.957108,2.8986926,seed60835.png
-29.53847,7.845297,seed60836.png
22.00956,20.947569,seed60837.png
-24.936428,-0.2887067,seed60838.png
-29.406254,-1.9171144,seed60839.png
11.125476,6.1632085,seed6084.png
-21.641146,3.175233,seed60840.png
-21.070488,-19.606043,seed60841.png
15.331667,26.387041,seed60842.png
9.890479,10.082013,seed60843.png
38.651974,14.446923,seed60844.png
-16.345867,-13.98847,seed60845.png
-7.9163327,-7.2453194,seed60846.png
-6.1490483,-22.580925,seed60847.png
8.453679,24.419472,seed60848.png
-7.1480417,10.899726,seed60849.png
-12.128568,-21.60161,seed6085.png
-27.733965,-7.9684663,seed60850.png
16.110174,20.88549,seed60851.png
11.4889145,-22.300594,seed60852.png
32.562363,20.982414,seed60853.png
-31.385382,21.33358,seed60854.png
15.515359,-32.69639,seed60855.png
11.203252,-37.07113,seed60856.png
28.793903,3.6336021,seed60857.png
-14.151786,-17.659449,seed60858.png
17.31531,-4.083903,seed60859.png
29.23827,21.231348,seed6086.png
-13.222481,-18.786291,seed60860.png
15.459202,-11.994429,seed60861.png
26.170237,5.9115562,seed60862.png
-34.93489,24.77561,seed60863.png
30.114996,28.704119,seed60864.png
-14.194592,-20.53042,seed60865.png
22.153193,-3.8948693,seed60866.png
12.108877,-35.293896,seed60867.png
-32.143192,21.598282,seed60868.png
-28.668196,15.622629,seed60869.png
-14.301745,-18.385185,seed6087.png
1.610214,-17.17075,seed60870.png
-18.25874,6.5046234,seed60871.png
13.944007,12.589732,seed60872.png
-7.4536204,-21.036509,seed60873.png
2.8701024,19.63355,seed60874.png
10.255253,28.182093,seed60875.png
-3.4648862,10.964381,seed60876.png
36.616352,12.762375,seed60877.png
-11.320638,3.5322518,seed60878.png
10.691401,-24.73649,seed60879.png
41.35983,17.388626,seed6088.png
10.161272,8.837525,seed60880.png
-13.716382,-20.548248,seed60881.png
-26.30392,-19.75439,seed60882.png
-21.699406,-19.682432,seed60883.png
-13.070993,-1.3988928,seed60884.png
-7.5343885,12.578226,seed60885.png
16.746233,25.392273,seed60886.png
11.209897,-6.4954743,seed60887.png
-35.122456,2.8336427,seed60888.png
4.885426,16.649172,seed60889.png
-10.297989,-22.169472,seed6089.png
-15.107035,3.7593405,seed60890.png
-30.876474,-13.552407,seed60891.png
-29.967735,-9.814536,seed60892.png
-19.390894,-13.701902,seed60893.png
-1.9262346,23.234522,seed60894.png
24.72692,8.928731,seed60895.png
3.9450443,20.854332,seed60896.png
-27.06779,14.031088,seed60897.png
-7.851758,-6.70968,seed60898.png
-18.311964,2.2928033,seed60899.png
33.167797,7.498572,seed6090.png
0.9821706,23.839571,seed60900.png
-26.613728,13.8004,seed60901.png
6.9470887,5.5171003,seed60902.png
-25.351452,9.455947,seed60903.png
25.409565,-3.8064392,seed60904.png
31.949648,4.319337,seed60905.png
31.160408,20.628437,seed60906.png
20.965956,6.0057983,seed60907.png
20.911255,5.466807,seed60908.png
31.758518,15.27799,seed60909.png
-2.0424528,-14.396056,seed6091.png
-29.18186,19.981739,seed60910.png
-28.1313,12.419473,seed60911.png
6.436193,-31.04285,seed60912.png
-5.1391807,-2.7202287,seed60913.png
-8.705247,-26.66196,seed60914.png
16.872463,-36.021053,seed60915.png
4.320367,10.428502,seed60916.png
-32.354656,4.4704895,seed60917.png
-25.714981,5.8683586,seed60918.png
30.226757,1.8526276,seed60919.png
8.780089,-1.7734941,seed6092.png
7.840972,11.215015,seed60920.png
6.0356517,-13.868573,seed60921.png
14.328345,1.3364946,seed60922.png
-23.434235,-17.121368,seed60923.png
-12.941195,7.2314315,seed60924.png
-9.323113,-13.804553,seed60925.png
3.7871153,-35.200558,seed60926.png
29.8415,1.7589962,seed60927.png
13.54996,-32.337116,seed60928.png
-24.250637,-14.042083,seed60929.png
34.98534,18.322182,seed6093.png
-8.264804,-12.031659,seed60930.png
-25.242231,-19.57141,seed60931.png
3.2176204,-5.9414825,seed60932.png
-10.188444,-12.210622,seed60933.png
11.874379,28.078014,seed60934.png
7.7598143,4.5339007,seed60935.png
32.087433,27.002659,seed60936.png
-12.032555,-9.242195,seed60937.png
29.326925,7.774542,seed60938.png
-14.996952,-3.9494195,seed60939.png
36.22139,4.7450957,seed6094.png
21.708502,20.576963,seed60940.png
27.201061,4.8240857,seed60941.png
-13.83139,-11.8780155,seed60942.png
-24.53655,-11.660856,seed60943.png
-29.828165,13.84265,seed60944.png
33.24398,18.125023,seed60945.png
34.245716,26.940578,seed60946.png
-1.407342,1.6072408,seed60947.png
33.925465,25.254446,seed60948.png
-19.111952,8.155463,seed60949.png
-1.0468144,-16.702965,seed6095.png
-26.759272,8.308377,seed60950.png
-17.10637,-24.712732,seed60951.png
21.86268,-3.2042227,seed60952.png
-30.694868,4.0823417,seed60953.png
17.884556,10.163195,seed60954.png
-18.565264,-11.551272,seed60955.png
23.891516,10.386421,seed60956.png
7.653747,-37.118896,seed60957.png
28.770527,16.439165,seed60958.png
35.624435,15.748888,seed60959.png
15.007823,-0.622068,seed6096.png
3.170069,17.989323,seed60960.png
29.621773,2.1993766,seed60961.png
26.69844,11.412988,seed60962.png
12.740151,-2.6227262,seed60963.png
-16.709856,-20.503614,seed60964.png
3.7487621,8.286802,seed60965.png
-30.539762,-9.269625,seed60966.png
15.871559,7.736656,seed60967.png
-32.990696,2.0419075,seed60968.png
-31.20283,17.108253,seed60969.png
17.028135,-35.203857,seed6097.png
-26.02713,-9.47211,seed60970.png
-16.717794,-14.054133,seed60971.png
0.5029419,15.933073,seed60972.png
-20.110441,7.6889405,seed60973.png
11.618311,-29.38771,seed60974.png
-28.171211,-16.742662,seed60975.png
-8.832869,6.738113,seed60976.png
-16.65474,-6.543359,seed60977.png
-17.260221,-12.449176,seed60978.png
23.890654,13.13015,seed60979.png
9.731208,-33.159603,seed6098.png
16.51462,14.795307,seed60980.png
26.214916,6.674667,seed60981.png
13.050603,-42.463623,seed60982.png
-14.622563,-21.74402,seed60983.png
-24.214167,9.828785,seed60984.png
-15.546717,-26.954363,seed60985.png
-20.260406,-7.8887854,seed60986.png
-19.396166,-30.390581,seed60987.png
12.168396,0.5657713,seed60988.png
38.86625,13.771365,seed60989.png
-29.053461,12.825143,seed6099.png
-17.339357,-14.796986,seed60990.png
-3.3783247,-1.2886729,seed60991.png
-19.403378,-25.978043,seed60992.png
-17.218546,-11.961795,seed60993.png
6.2550797,23.183464,seed60994.png
2.7149065,19.734756,seed60995.png
-31.668081,-9.555871,seed60996.png
-32.99923,-2.793961,seed60997.png
13.618539,10.391093,seed60998.png
-8.256927,-18.870941,seed60999.png
-23.40554,19.286509,seed6100.png
23.94501,19.853277,seed61000.png
-26.366508,11.834493,seed61001.png
24.574951,3.1959,seed61002.png
19.10913,16.634996,seed61003.png
7.5776753,-36.779163,seed61004.png
13.540653,-36.51432,seed61005.png
2.9622574,-1.6150295,seed61006.png
-1.273023,-10.520406,seed61007.png
10.364734,-34.84288,seed61008.png
8.943867,-28.434744,seed61009.png
3.6321325,-5.1705327,seed6101.png
-16.064472,1.5856134,seed61010.png
-14.758031,-11.526904,seed61011.png
2.9165092,17.425978,seed61012.png
10.898248,-1.2435455,seed61013.png
28.333939,-3.1381383,seed61014.png
36.610626,23.445026,seed61015.png
16.292242,27.505749,seed61016.png
6.531986,7.2524343,seed61017.png
1.7024843,17.03721,seed61018.png
-32.41556,12.7466,seed61019.png
-15.85216,0.79659235,seed6102.png
-27.544504,11.598277,seed61020.png
-22.751152,-23.132908,seed61021.png
13.063755,-2.528726,seed61022.png
14.739784,24.355902,seed61023.png
-7.239818,-14.481817,seed61024.png
6.0783024,8.309021,seed61025.png
-22.336542,-15.6744585,seed61026.png
23.428854,17.606861,seed61027.png
-12.842708,-29.561604,seed61028.png
21.21417,-5.4394665,seed61029.png
13.371093,27.701336,seed6103.png
27.418362,13.185991,seed61030.png
-32.570694,1.9023134,seed61031.png
1.5672088,22.932034,seed61032.png
-6.4745603,-17.912043,seed61033.png
23.888685,-9.323624,seed61034.png
-27.842775,5.762619,seed61035.png
15.783155,-1.8930154,seed61036.png
9.777724,29.297915,seed61037.png
6.1964207,1.1588644,seed61038.png
-31.388895,23.878296,seed61039.png
-15.948378,-18.974134,seed6104.png
-12.2936325,-0.01845724,seed61040.png
-21.816488,-27.923357,seed61041.png
5.1999245,18.13745,seed61042.png
-14.958815,-11.669432,seed61043.png
36.44887,17.337189,seed61044.png
-12.829847,-23.155727,seed61045.png
41.723934,18.130592,seed61046.png
9.708306,12.254499,seed61047.png
-34.464294,9.318561,seed61048.png
-23.084822,2.7279344,seed61049.png
20.992626,11.766971,seed6105.png
-35.342262,25.608242,seed61050.png
26.295975,4.4374213,seed61051.png
-3.466914,-4.6915293,seed61052.png
-25.508144,-1.207045,seed61053.png
-32.95806,-11.352384,seed61054.png
4.109667,18.208982,seed61055.png
-31.887814,14.617449,seed61056.png
39.655624,16.740334,seed61057.png
15.669093,0.7887492,seed61058.png
16.017172,-36.801987,seed61059.png
8.480041,23.73553,seed6106.png
-2.8480027,-0.5035697,seed61060.png
8.200878,-10.153928,seed61061.png
29.794981,3.5617843,seed61062.png
3.7569084,25.362104,seed61063.png
14.161111,-40.216625,seed61064.png
-9.774261,-24.389708,seed61065.png
12.793165,-27.897427,seed61066.png
2.2928402,5.428221,seed61067.png
16.282557,9.226033,seed61068.png
0.3514048,13.333006,seed61069.png
38.68191,16.076408,seed6107.png
41.05487,21.16061,seed61070.png
-20.05162,-7.942891,seed61071.png
-17.179579,-10.537317,seed61072.png
19.916399,3.599286,seed61073.png
-19.75091,-3.381533,seed61074.png
13.237185,-1.0188191,seed61075.png
2.0506618,1.8262509,seed61076.png
-15.302121,-26.827745,seed61077.png
8.850451,-0.14413436,seed61078.png
-2.4481869,-14.001618,seed61079.png
-20.533098,-21.932678,seed6108.png
-19.348537,-19.582119,seed61080.png
-8.287581,-6.705843,seed61081.png
-33.764507,12.452465,seed61082.png
-12.392704,-23.928133,seed61083.png
-11.05486,-11.185042,seed61084.png
7.156348,-30.62067,seed61085.png
9.376378,-28.065498,seed61086.png
0.22200157,-13.987437,seed61087.png
12.437954,15.102044,seed61088.png
7.3427963,-2.384608,seed61089.png
10.474907,-2.2702427,seed6109.png
-11.4242735,-10.234335,seed61090.png
13.507128,-28.989561,seed61091.png
6.7730536,8.376486,seed61092.png
-18.116468,12.5319805,seed61093.png
6.9200025,-36.99644,seed61094.png
-26.639229,5.3512964,seed61095.png
33.77026,4.533346,seed61096.png
-2.5311522,10.762274,seed61097.png
-18.957201,-27.982904,seed61098.png
16.842682,-7.132494,seed61099.png
0.96070737,13.295679,seed6110.png
-23.128584,0.44827998,seed61100.png
-15.1079855,-26.751928,seed61101.png
13.735337,0.67310274,seed61102.png
6.4647555,11.030993,seed61103.png
14.16353,-33.5784,seed61104.png
-21.164028,12.349102,seed61105.png
35.456005,17.93546,seed61106.png
15.790251,-35.615414,seed61107.png
25.797197,25.80094,seed61108.png
14.999474,-37.896587,seed61109.png
-0.61723036,-12.045028,seed6111.png
-15.931939,-13.531523,seed61110.png
3.5698678,0.6527384,seed61111.png
6.4101586,-3.0988219,seed61112.png
14.179663,26.48917,seed61113.png
-11.99068,-11.156183,seed61114.png
-11.0508375,-28.39819,seed61115.png
-3.428745,-17.97944,seed61116.png
-33.095844,12.984184,seed61117.png
-33.345543,9.453877,seed61118.png
11.627133,-25.873016,seed61119.png
-21.087187,-14.519572,seed6112.png
-6.600408,-20.913174,seed61120.png
30.302744,2.543297,seed61121.png
-16.30024,-15.368922,seed61122.png
-30.25346,-8.572998,seed61123.png
-14.687301,-14.371668,seed61124.png
-32.543957,21.166536,seed61125.png
-32.852497,23.561779,seed61126.png
-26.840506,-6.036157,seed61127.png
14.41507,22.253101,seed61128.png
-12.204606,-18.729403,seed61129.png
-29.943214,8.337914,seed6113.png
-31.270311,8.253435,seed61130.png
5.5165052,-36.238754,seed61131.png
-0.4554239,4.94681,seed61132.png
-9.034402,-18.273829,seed61133.png
15.904604,27.989851,seed61134.png
-18.831234,-19.804583,seed61135.png
24.68976,1.8821129,seed61136.png
28.898577,12.575305,seed61137.png
-1.1727341,-20.20295,seed61138.png
12.073614,-32.805656,seed61139.png
3.5271728,22.104261,seed6114.png
13.107514,-36.312553,seed61140.png
15.929563,-34.747925,seed61141.png
-33.94303,-4.8055563,seed61142.png
4.8874235,2.5575507,seed61143.png
24.268164,7.818216,seed61144.png
-12.273772,-13.726985,seed61145.png
-24.01747,16.508076,seed61146.png
6.981602,-33.025234,seed61147.png
30.048456,27.224295,seed61148.png
-16.838722,-10.438473,seed61149.png
15.996641,-36.52496,seed6115.png
-10.9013605,-17.20905,seed61150.png
-25.044863,5.57042,seed61151.png
7.525259,-31.909155,seed61152.png
8.965706,-40.23155,seed61153.png
-17.48664,-13.730886,seed61154.png
27.856491,25.926441,seed61155.png
14.043955,-40.24143,seed61156.png
-28.18212,-19.467743,seed61157.png
20.522781,-5.9330997,seed61158.png
8.419316,-26.537443,seed61159.png
-27.536278,8.460332,seed6116.png
19.254982,12.126302,seed61160.png
26.504333,15.375836,seed61161.png
5.7740393,-13.809447,seed61162.png
17.70757,16.41589,seed61163.png
9.555195,27.292147,seed61164.png
-19.923517,-17.562263,seed61165.png
-2.4874003,20.159058,seed61166.png
14.028635,-3.983058,seed61167.png
-11.003552,-15.884395,seed61168.png
-2.4529371,-16.524954,seed61169.png
-8.454127,-17.360035,seed6117.png
-21.511465,18.06127,seed61170.png
28.643126,15.143936,seed61171.png
-32.036526,24.392088,seed61172.png
-10.307669,0.97164875,seed61173.png
16.205471,-2.4594185,seed61174.png
16.166395,1.2056673,seed61175.png
-37.029205,18.005344,seed61176.png
-15.629632,-30.214472,seed61177.png
11.658043,16.636597,seed61178.png
9.8738,5.7573023,seed61179.png
22.16396,12.401706,seed6118.png
7.911972,3.1328251,seed61180.png
-18.12856,-25.902262,seed61181.png
-38.89949,23.6694,seed61182.png
-29.473385,5.1537843,seed61183.png
-25.719513,4.0383754,seed61184.png
16.289799,-3.5352461,seed61185.png
18.07207,11.926407,seed61186.png
13.3410635,1.0532974,seed61187.png
5.7488847,-5.862516,seed61188.png
2.1095922,8.346262,seed61189.png
12.36069,-32.504795,seed6119.png
-15.46844,-30.614496,seed61190.png
-21.866158,-4.86719,seed61191.png
-21.57754,-12.532452,seed61192.png
-8.709496,-19.509691,seed61193.png
10.87037,-30.582697,seed61194.png
12.195169,-40.031548,seed61195.png
5.024144,-37.545464,seed61196.png
-36.67563,19.552046,seed61197.png
-21.240566,-26.653677,seed61198.png
-4.1102014,5.2426786,seed61199.png
-29.252949,-6.8075285,seed6120.png
19.40956,13.428204,seed61200.png
12.227346,29.70515,seed61201.png
7.6391215,-11.698195,seed61202.png
-11.579284,-20.483646,seed61203.png
-14.390335,-3.4728746,seed61204.png
14.097872,14.1093645,seed61205.png
-28.94746,9.264986,seed61206.png
9.639591,-40.966694,seed61207.png
29.405123,19.065592,seed61208.png
30.4279,14.405054,seed61209.png
-35.323555,1.0544598,seed6121.png
34.814865,10.206323,seed61210.png
-7.8870077,-21.551025,seed61211.png
11.130104,-6.890305,seed61212.png
11.616596,28.119741,seed61213.png
9.600667,-27.561218,seed61214.png
-19.497414,-4.203718,seed61215.png
-16.798113,-23.755684,seed61216.png
9.328569,2.015512,seed61217.png
36.052498,18.521055,seed61218.png
-16.18881,-7.2214246,seed61219.png
2.7839117,-34.15804,seed6122.png
-16.96086,-17.26423,seed61220.png
-19.01867,13.38927,seed61221.png
-5.0217624,-17.642921,seed61222.png
-1.3797934,-11.481802,seed61223.png
-16.203768,-21.615288,seed61224.png
7.183005,-27.326883,seed61225.png
22.054796,20.395092,seed61226.png
15.737704,-35.37664,seed61227.png
-19.184845,-10.5067005,seed61228.png
-18.75531,-0.19608143,seed61229.png
27.100697,7.2195134,seed6123.png
23.498243,6.721911,seed61230.png
1.6415647,24.646254,seed61231.png
-26.505936,7.7326903,seed61232.png
-16.57809,-18.60845,seed61233.png
-10.897629,-13.209822,seed61234.png
28.165373,27.134617,seed61235.png
4.2515006,-21.676119,seed61236.png
2.4766486,16.18195,seed61237.png
-12.846927,-27.52205,seed61238.png
26.537075,14.922556,seed61239.png
-19.283607,0.7093251,seed6124.png
-24.834127,9.914492,seed61240.png
17.388727,-2.3243604,seed61241.png
6.4447293,3.0128782,seed61242.png
-29.12386,-6.4079266,seed61243.png
9.262696,29.73805,seed61244.png
11.630198,-42.731754,seed61245.png
15.239211,-28.811224,seed61246.png
-27.37976,-9.301053,seed61247.png
33.971294,23.474192,seed61248.png
-13.126246,-12.909068,seed61249.png
-32.93259,21.012802,seed6125.png
-24.608425,-3.3609884,seed61250.png
-5.4431906,-18.440037,seed61251.png
-0.01581276,12.75555,seed61252.png
25.70553,26.175848,seed61253.png
5.841196,20.714779,seed61254.png
0.08123089,-3.9966803,seed61255.png
29.351046,16.985224,seed61256.png
17.804031,0.18222708,seed61257.png
28.671364,15.292925,seed61258.png
-5.410245,11.542948,seed61259.png
33.494816,4.9804373,seed6126.png
-6.614163,-23.157158,seed61260.png
-30.21261,7.008818,seed61261.png
0.283351,-17.318459,seed61262.png
16.828655,-7.998712,seed61263.png
22.148989,-6.2072825,seed61264.png
-12.648233,-18.300455,seed61265.png
38.632282,17.951094,seed61266.png
9.7691345,-0.82231194,seed61267.png
23.763252,21.3645,seed61268.png
-1.3869355,-2.3630197,seed61269.png
-19.22516,13.832963,seed6127.png
11.432058,11.979857,seed61270.png
22.345074,-0.05305863,seed61271.png
8.032942,-4.733589,seed61272.png
-7.2882223,-24.684448,seed61273.png
5.9186444,5.5156217,seed61274.png
0.16754827,24.303444,seed61275.png
-4.7960744,-12.194215,seed61276.png
13.185646,1.9395883,seed61277.png
-30.887033,-3.0475013,seed61278.png
13.079676,-1.9179113,seed61279.png
-17.936628,8.310134,seed6128.png
13.656898,-9.68521,seed61280.png
10.779201,27.25999,seed61281.png
32.264217,16.550797,seed61282.png
8.497868,26.100266,seed61283.png
-37.34133,11.528568,seed61284.png
34.63901,26.507935,seed61285.png
-22.016619,-30.615475,seed61286.png
-29.983294,7.050827,seed61287.png
-1.0953974,18.731476,seed61288.png
34.370403,8.772034,seed61289.png
-21.703297,-0.49658337,seed6129.png
13.172083,8.035499,seed61290.png
-17.197237,-30.392958,seed61291.png
9.867413,-41.096283,seed61292.png
18.818638,25.352875,seed61293.png
-9.9596615,-15.329099,seed61294.png
40.06242,11.836738,seed61295.png
-26.371376,-12.103197,seed61296.png
18.834274,5.771974,seed61297.png
15.395996,3.2777965,seed61298.png
10.924571,-29.724823,seed61299.png
10.667212,23.81164,seed6130.png
7.243286,10.646914,seed61300.png
3.66733,6.9836025,seed61301.png
11.374265,22.260986,seed61302.png
25.599194,8.47699,seed61303.png
-34.870975,25.852804,seed61304.png
-1.7266163,3.2257276,seed61305.png
-32.7739,7.9901476,seed61306.png
-17.644423,-21.680069,seed61307.png
5.6468887,-1.4648695,seed61308.png
-23.107502,14.73651,seed61309.png
8.877076,17.482065,seed6131.png
-30.729782,-10.137269,seed61310.png
36.74822,26.182318,seed61311.png
-16.320786,6.4942093,seed61312.png
20.32341,24.696852,seed61313.png
-16.80469,6.426298,seed61314.png
11.2036705,14.532332,seed61315.png
-31.542856,18.636608,seed61316.png
-0.27757964,17.492739,seed61317.png
35.61351,17.701328,seed61318.png
17.526642,19.796461,seed61319.png
-9.625375,-24.411177,seed6132.png
-32.445026,17.28853,seed61320.png
6.9850197,-25.884825,seed61321.png
-29.89767,-6.4345284,seed61322.png
1.0596061,6.7884154,seed61323.png
-31.208359,15.734731,seed61324.png
-31.630888,25.49571,seed61325.png
-20.508244,6.0966744,seed61326.png
39.996914,11.179707,seed61327.png
20.463602,20.402142,seed61328.png
10.137649,-36.73343,seed61329.png
-21.334806,5.765832,seed6133.png
9.30313,2.049491,seed61330.png
-33.798237,13.378573,seed61331.png
7.3128185,3.016137,seed61332.png
-20.402212,-1.4376882,seed61333.png
-28.291857,4.3820496,seed61334.png
-11.75076,-29.374289,seed61335.png
2.3377995,5.925663,seed61336.png
4.248822,-27.718985,seed61337.png
-14.798035,-12.7881365,seed61338.png
19.877163,9.535852,seed61339.png
-32.07587,12.620441,seed6134.png
11.571708,-34.747387,seed61340.png
30.42681,9.355351,seed61341.png
20.444523,22.024601,seed61342.png
14.096283,20.239588,seed61343.png
38.97333,24.352566,seed61344.png
7.122517,-34.785423,seed61345.png
-0.39904374,18.09151,seed61346.png
-29.685936,19.095121,seed61347.png
-13.997786,-28.806692,seed61348.png
29.499756,19.625774,seed61349.png
-16.060144,-5.190577,seed6135.png
13.960034,25.005672,seed61350.png
-8.729426,-17.189648,seed61351.png
14.539714,27.928093,seed61352.png
-14.920663,-3.8645952,seed61353.png
23.781527,-2.6357267,seed61354.png
19.019821,-3.3660767,seed61355.png
33.067505,6.4666557,seed61356.png
3.273855,9.449559,seed61357.png
-24.032627,-19.929352,seed61358.png
31.81008,26.857183,seed61359.png
32.123417,28.282228,seed6136.png
21.09778,21.303715,seed61360.png
14.666357,5.6025624,seed61361.png
-1.6133583,6.6939187,seed61362.png
-34.2026,27.118435,seed61363.png
19.712534,-2.2168934,seed61364.png
14.020706,23.301363,seed61365.png
11.120534,-11.939887,seed61366.png
-35.586525,24.933023,seed61367.png
-21.431557,-0.59637135,seed61368.png
21.205984,-1.576979,seed61369.png
41.315525,19.92396,seed6137.png
-13.796088,-14.888391,seed61370.png
-12.396131,-22.858816,seed61371.png
-30.349054,9.729014,seed61372.png
9.191543,14.93582,seed61373.png
-17.731695,-11.131144,seed61374.png
-25.159584,-20.122137,seed61375.png
5.8305116,19.71538,seed61376.png
-36.28655,18.497528,seed61377.png
-16.476591,-27.14672,seed61378.png
-32.26428,2.8592455,seed61379.png
-25.982746,17.170132,seed6138.png
-35.898724,26.063019,seed61380.png
13.652287,-31.031992,seed61381.png
-18.090912,9.204422,seed61382.png
0.33445472,21.004974,seed61383.png
-9.27743,-2.0152318,seed61384.png
11.337766,-43.342175,seed61385.png
21.249395,16.484215,seed61386.png
40.543602,21.862612,seed61387.png
15.459259,26.885685,seed61388.png
-12.577315,-13.93921,seed61389.png
-17.438192,-23.026539,seed6139.png
24.253336,3.0712624,seed61390.png
17.620209,20.523802,seed61391.png
-31.247408,22.774427,seed61392.png
-7.008232,-1.5492281,seed61393.png
34.894165,6.13464,seed61394.png
-25.248907,8.082621,seed61395.png
14.618811,15.776577,seed61396.png
-26.767735,-13.082757,seed61397.png
-34.57718,27.48439,seed61398.png
-22.068338,-10.979201,seed61399.png
34.606388,17.241936,seed6140.png
-35.194588,27.475237,seed61400.png
-11.509461,-12.383093,seed61401.png
3.5031166,4.0675807,seed61402.png
35.325542,12.465327,seed61403.png
10.30095,-31.74321,seed61404.png
20.79811,-2.3739195,seed61405.png
15.46946,25.249067,seed61406.png
20.061176,16.086403,seed61407.png
0.800105,-18.38727,seed61408.png
-8.345046,-19.32435,seed61409.png
-29.08255,-4.5180483,seed6141.png
-34.612644,24.843552,seed61410.png
-19.533022,-5.22007,seed61411.png
-16.96698,-19.073673,seed61412.png
8.846266,22.83107,seed61413.png
23.942043,12.225953,seed61414.png
-20.666855,-0.49789435,seed61415.png
-4.173239,-14.82065,seed61416.png
-31.119019,8.785952,seed61417.png
-12.9886265,-29.462275,seed61418.png
-31.812033,12.41635,seed61419.png
5.8894444,-27.141357,seed6142.png
13.395973,6.3087244,seed61420.png
5.8509007,11.6966095,seed61421.png
-29.479218,-8.92613,seed61422.png
-20.313108,-19.185595,seed61423.png
-10.703285,-16.204582,seed61424.png
20.378622,19.339823,seed61425.png
4.700956,-29.152256,seed61426.png
-14.587485,0.87896246,seed61427.png
18.778036,14.436293,seed61428.png
-0.8722908,24.14041,seed61429.png
14.776454,7.2047153,seed6143.png
19.829985,17.952484,seed61430.png
28.149103,26.40387,seed61431.png
11.853562,-14.82241,seed61432.png
-19.794369,-20.420033,seed61433.png
8.117025,13.859672,seed61434.png
13.593627,-30.767485,seed61435.png
-17.046667,-20.05856,seed61436.png
3.504211,-32.73259,seed61437.png
-16.119926,4.7266374,seed61438.png
-27.785456,-1.2048125,seed61439.png
-26.390686,11.7887,seed6144.png
11.263176,-40.052776,seed61440.png
-18.201529,-15.472163,seed61441.png
24.638157,23.280548,seed61442.png
-0.44303155,24.926172,seed61443.png
-9.158223,-22.65169,seed61444.png
2.0561345,13.190376,seed61445.png
-31.89694,17.260187,seed61446.png
-30.192034,12.228406,seed61447.png
-20.165575,10.267438,seed61448.png
-7.8380437,-18.220625,seed61449.png
-28.967321,-4.729594,seed6145.png
15.480284,-33.80002,seed61450.png
-29.288544,-0.17498693,seed61451.png
30.007288,1.3757491,seed61452.png
8.860744,-9.496558,seed61453.png
12.320286,-37.743973,seed61454.png
8.485763,8.797042,seed61455.png
32.71243,26.083979,seed61456.png
0.7417316,-0.6547614,seed61457.png
-9.35057,2.0054405,seed61458.png
15.411859,22.23101,seed61459.png
30.42068,28.454985,seed6146.png
-16.364803,10.241909,seed61460.png
10.204705,2.9752188,seed61461.png
-29.692915,10.757318,seed61462.png
-33.88926,25.842916,seed61463.png
0.9661972,23.395794,seed61464.png
-31.470898,14.996711,seed61465.png
31.26058,8.424886,seed61466.png
-0.20486267,-9.45006,seed61467.png
-32.438072,22.968184,seed61468.png
11.737677,2.461225,seed61469.png
23.227987,7.2295265,seed6147.png
6.213117,9.454756,seed61470.png
34.895054,1.8393652,seed61471.png
-33.06986,14.050955,seed61472.png
-24.009796,-2.493879,seed61473.png
15.701023,28.273176,seed61474.png
9.460266,29.633999,seed61475.png
2.6516626,-28.677523,seed61476.png
-14.364273,-12.947403,seed61477.png
-14.5647745,-12.284604,seed61478.png
-3.7359505,11.687559,seed61479.png
34.7862,2.9042723,seed6148.png
15.403789,-34.46472,seed61480.png
-35.822247,7.307835,seed61481.png
27.213676,12.25759,seed61482.png
-31.61643,-11.864523,seed61483.png
-24.205593,6.0391784,seed61484.png
-7.706508,0.17955534,seed61485.png
-21.766796,12.991154,seed61486.png
23.654036,1.7809758,seed61487.png
10.000715,10.630315,seed61488.png
-0.1345258,15.459217,seed61489.png
35.975517,19.481512,seed6149.png
32.162945,9.036711,seed61490.png
13.47993,-7.6385756,seed61491.png
35.71704,12.613924,seed61492.png
30.30145,18.204958,seed61493.png
27.483128,18.774702,seed61494.png
11.03387,-3.020927,seed61495.png
2.7987258,11.269556,seed61496.png
33.23431,23.402744,seed61497.png
-32.393574,3.49812,seed61498.png
-22.362028,1.7647116,seed61499.png
-31.7876,15.771433,seed6150.png
-28.68213,1.7130947,seed61500.png
9.25574,-5.985484,seed61501.png
-13.629782,-6.684317,seed61502.png
-17.907148,-27.172157,seed61503.png
2.7491326,5.2445874,seed61504.png
11.088489,-32.60362,seed61505.png
2.242898,17.16314,seed61506.png
-34.33948,21.45683,seed61507.png
30.350395,5.5089946,seed61508.png
12.773109,-41.41914,seed61509.png
-30.909523,13.231397,seed6151.png
4.555192,18.821072,seed61510.png
-24.524244,-13.832224,seed61511.png
-34.459484,19.982471,seed61512.png
-15.992147,0.26188642,seed61513.png
13.159579,2.9112115,seed61514.png
28.976152,23.285446,seed61515.png
-29.217205,-7.06488,seed61516.png
-2.994498,22.797396,seed61517.png
25.144411,5.719462,seed61518.png
-8.839863,-18.620514,seed61519.png
28.433117,22.606155,seed6152.png
-16.926186,4.94051,seed61520.png
-31.592302,20.769732,seed61521.png
4.7738986,11.034691,seed61522.png
12.460324,-5.7006955,seed61523.png
13.071411,-32.508694,seed61524.png
14.389874,-8.0863695,seed61525.png
7.841241,0.32524675,seed61526.png
14.100966,11.158782,seed61527.png
8.456583,-32.613365,seed61528.png
9.086021,22.18322,seed61529.png
16.801142,26.980095,seed6153.png
26.360348,1.8946757,seed61530.png
40.27924,22.489138,seed61531.png
9.887201,20.648909,seed61532.png
35.66613,15.804458,seed61533.png
-33.535038,8.787373,seed61534.png
-12.72209,-18.478876,seed61535.png
1.4422169,-29.222696,seed61536.png
-15.842619,0.34205008,seed61537.png
2.0023427,9.979009,seed61538.png
10.963562,5.7787538,seed61539.png
19.451231,4.6536818,seed6154.png
35.08554,24.473312,seed61540.png
41.15916,18.989239,seed61541.png
39.38997,23.444286,seed61542.png
-21.484606,-5.1851296,seed61543.png
13.182509,12.514216,seed61544.png
-4.320781,23.244656,seed61545.png
-15.699767,-25.377625,seed61546.png
-36.998257,12.51396,seed61547.png
-31.499136,24.40009,seed61548.png
-29.957632,16.65661,seed61549.png
-30.0515,4.659483,seed6155.png
-19.750175,-24.67435,seed61550.png
28.18161,26.064936,seed61551.png
-32.580906,20.275126,seed61552.png
-24.541086,9.227475,seed61553.png
-28.617245,-11.883436,seed61554.png
14.462569,-31.740265,seed61555.png
-29.016663,6.474172,seed61556.png
-25.6499,1.1499273,seed61557.png
4.9044147,8.711924,seed61558.png
31.689133,13.924878,seed61559.png
-22.272762,1.7670424,seed6156.png
-15.19721,10.263465,seed61560.png
9.6053915,25.103802,seed61561.png
3.9756584,-5.385824,seed61562.png
7.864021,6.295419,seed61563.png
7.91407,8.520993,seed61564.png
-36.605755,7.584644,seed61565.png
28.007479,17.259722,seed61566.png
-24.788776,-1.6515994,seed61567.png
-31.012646,21.648594,seed61568.png
-29.918505,23.58456,seed61569.png
-18.80181,16.898094,seed6157.png
22.525509,17.407213,seed61570.png
9.613173,-35.860725,seed61571.png
-31.943323,3.8734555,seed61572.png
-20.743921,-29.184973,seed61573.png
-12.000715,1.2166848,seed61574.png
16.888138,10.141443,seed61575.png
-29.50256,-19.455679,seed61576.png
-5.213821,-23.996891,seed61577.png
-19.067987,-13.083821,seed61578.png
21.126413,17.645535,seed61579.png
-18.89691,-21.342133,seed6158.png
24.017786,21.9263,seed61580.png
-14.516372,-5.837833,seed61581.png
-15.343614,-14.186441,seed61582.png
0.7528116,15.49787,seed61583.png
34.944866,16.160528,seed61584.png
-24.959251,-9.812055,seed61585.png
25.08461,20.622326,seed61586.png
-33.571,26.328146,seed61587.png
-19.28486,1.7486202,seed61588.png
11.993041,24.26436,seed61589.png
-22.520334,15.535412,seed6159.png
18.769115,0.71609575,seed61590.png
-33.02023,-7.876489,seed61591.png
24.150646,2.1258214,seed61592.png
0.18539748,-18.004795,seed61593.png
-20.294697,0.025283732,seed61594.png
-1.0215958,17.033525,seed61595.png
3.8576622,-30.346373,seed61596.png
8.787823,-25.509922,seed61597.png
14.645258,-38.665356,seed61598.png
-3.7867198,-12.317037,seed61599.png
-4.29785,-25.281246,seed6160.png
-10.367803,-4.7084713,seed61600.png
10.457649,-8.731739,seed61601.png
11.476828,-20.64777,seed61602.png
22.190819,15.767065,seed61603.png
2.7497888,-31.25059,seed61604.png
-22.941761,-25.81173,seed61605.png
-6.0871286,-8.58175,seed61606.png
16.356028,25.104435,seed61607.png
4.8773637,11.856051,seed61608.png
10.643762,-24.766373,seed61609.png
-30.914082,-4.2121243,seed6161.png
33.831863,26.386854,seed61610.png
13.97967,-4.4980125,seed61611.png
14.124607,-40.205173,seed61612.png
37.120956,20.103195,seed61613.png
-30.330702,19.168024,seed61614.png
-4.7485814,4.6845627,seed61615.png
-14.6538315,-1.9568106,seed61616.png
-24.399885,-16.759144,seed61617.png
-20.805374,-18.822704,seed61618.png
-16.204378,-10.859081,seed61619.png
15.9635935,-32.796417,seed6162.png
-15.421079,-15.122775,seed61620.png
-16.548794,-26.548752,seed61621.png
12.798899,3.6870384,seed61622.png
-19.993261,16.249222,seed61623.png
-28.547462,-0.48656943,seed61624.png
1.3754869,25.251417,seed61625.png
10.225659,-43.306595,seed61626.png
-36.207657,13.23291,seed61627.png
27.87659,13.612402,seed61628.png
-19.04616,6.0501647,seed61629.png
-14.507172,-23.78535,seed6163.png
32.872147,6.7673817,seed61630.png
24.970282,0.5080835,seed61631.png
33.097622,21.147606,seed61632.png
-33.578545,22.626776,seed61633.png
-24.882362,-10.316378,seed61634.png
-23.403862,13.817869,seed61635.png
37.993282,12.989203,seed61636.png
13.602081,22.20991,seed61637.png
19.616686,19.83376,seed61638.png
-16.122494,3.0562656,seed61639.png
-27.500336,2.7496789,seed6164.png
25.674685,17.481321,seed61640.png
23.899025,22.777962,seed61641.png
-13.996687,-27.049541,seed61642.png
7.4851756,4.515119,seed61643.png
-32.717518,-8.029323,seed61644.png
-18.224546,-9.878818,seed61645.png
8.131983,-4.253563,seed61646.png
13.301125,-37.43432,seed61647.png
-28.656542,14.561589,seed61648.png
15.492834,18.97488,seed61649.png
13.015873,-33.55661,seed6165.png
-5.830422,-25.311544,seed61650.png
-37.678894,9.731188,seed61651.png
-20.308357,-23.591381,seed61652.png
-20.29709,9.960781,seed61653.png
-8.3417635,-15.518418,seed61654.png
-6.0439973,4.60544,seed61655.png
-25.387274,-16.426064,seed61656.png
12.578769,-2.3213134,seed61657.png
-12.996645,-14.852436,seed61658.png
-19.268322,-3.3305752,seed61659.png
22.758884,9.211083,seed6166.png
-33.087032,0.9764585,seed61660.png
2.5234659,5.469089,seed61661.png
29.543194,4.8017473,seed61662.png
-22.475779,4.5767756,seed61663.png
-15.111662,-29.930792,seed61664.png
7.9042506,-28.01927,seed61665.png
13.733181,2.7156649,seed61666.png
-16.449308,-24.003082,seed61667.png
3.9679015,-34.847904,seed61668.png
-0.38493502,-11.93132,seed61669.png
-13.422779,-27.359877,seed6167.png
7.6884623,-3.4684513,seed61670.png
8.529662,28.267307,seed61671.png
12.968778,-29.923138,seed61672.png
-15.767811,-25.017445,seed61673.png
-15.705966,-20.165085,seed61674.png
23.523588,0.7201941,seed61675.png
-21.747856,16.700083,seed61676.png
-30.072998,-16.05046,seed61677.png
13.860336,-31.698744,seed61678.png
9.988348,-39.720245,seed61679.png
1.6185846,9.675137,seed6168.png
15.281203,11.157171,seed61680.png
24.60139,-4.636607,seed61681.png
-5.3131795,-16.591297,seed61682.png
-24.10671,-1.777175,seed61683.png
13.970945,0.55050135,seed61684.png
37.205788,12.635499,seed61685.png
30.445332,16.260414,seed61686.png
10.956825,-41.094063,seed61687.png
-32.519665,-7.301998,seed61688.png
29.433254,2.4374604,seed61689.png
1.6422204,0.21790534,seed6169.png
-9.892233,-16.821335,seed61690.png
-24.532534,-22.747465,seed61691.png
-11.278817,-6.864838,seed61692.png
27.719784,16.498297,seed61693.png
-13.604471,-14.892415,seed61694.png
-9.5008545,-13.066189,seed61695.png
-22.189854,-20.215889,seed61696.png
-30.977617,5.5586767,seed61697.png
15.962771,15.827393,seed61698.png
-19.069687,-22.996902,seed61699.png
-23.24967,-20.744085,seed6170.png
-21.543491,20.382603,seed61700.png
9.141519,24.962904,seed61701.png
-19.96828,-2.0692801,seed61702.png
-10.456072,-27.797766,seed61703.png
16.540134,-8.903383,seed61704.png
-11.860587,-28.426598,seed61705.png
-2.6172442,-16.931684,seed61706.png
23.557283,21.329737,seed61707.png
-23.085878,-9.746874,seed61708.png
0.38481724,24.135824,seed61709.png
18.433481,-2.6606343,seed6171.png
24.553802,16.655722,seed61710.png
15.864846,13.300845,seed61711.png
18.397974,22.763847,seed61712.png
0.81156737,22.009827,seed61713.png
-34.82902,19.030388,seed61714.png
0.844062,8.587452,seed61715.png
-22.647482,4.7400517,seed61716.png
15.506264,27.301516,seed61717.png
-10.325098,-20.15949,seed61718.png
7.6022654,-27.306652,seed61719.png
4.6503725,24.611162,seed6172.png
-35.404778,24.747812,seed61720.png
-18.621159,-19.505789,seed61721.png
4.1212316,-35.9417,seed61722.png
-31.830988,19.002659,seed61723.png
30.541016,13.775335,seed61724.png
-33.6862,-2.247425,seed61725.png
4.5500326,-35.280804,seed61726.png
-18.245558,-23.264126,seed61727.png
-18.922367,-5.912001,seed61728.png
-21.091883,14.193198,seed61729.png
-25.585896,4.227465,seed6173.png
6.9165325,-33.020206,seed61730.png
-32.296623,-5.1001067,seed61731.png
25.422766,-2.8758237,seed61732.png
-36.492397,10.146024,seed61733.png
-0.09387877,-16.586554,seed61734.png
2.1688836,14.382479,seed61735.png
12.311402,-24.387,seed61736.png
24.013906,20.594292,seed61737.png
26.12162,11.208611,seed61738.png
27.750872,12.747379,seed61739.png
3.0147638,22.994932,seed6174.png
-23.707157,-16.799587,seed61740.png
6.03116,14.730586,seed61741.png
41.620197,19.428724,seed61742.png
35.236935,25.347174,seed61743.png
-17.831161,10.74278,seed61744.png
14.910373,-33.432415,seed61745.png
3.5678709,16.086416,seed61746.png
10.944779,-35.842323,seed61747.png
-10.631767,-13.678288,seed61748.png
8.208199,29.60125,seed61749.png
29.574306,25.934383,seed6175.png
-14.521609,-17.802479,seed61750.png
7.2436123,-41.583706,seed61751.png
6.316073,-23.301247,seed61752.png
-28.273573,0.053628676,seed61753.png
-13.6500435,-8.977648,seed61754.png
32.796036,24.767385,seed61755.png
-17.46556,-28.099903,seed61756.png
-33.936623,17.100344,seed61757.png
-20.672468,-14.454379,seed61758.png
33.140144,1.9199883,seed61759.png
-25.22571,-9.129091,seed6176.png
-22.246407,-5.792132,seed61760.png
-23.691116,13.69016,seed61761.png
-32.09372,18.02757,seed61762.png
-24.404493,-7.1272235,seed61763.png
18.804382,4.0482306,seed61764.png
32.612316,9.698607,seed61765.png
-21.915358,13.668768,seed61766.png
7.460079,14.725938,seed61767.png
-27.247168,0.22197315,seed61768.png
-35.88244,-0.36526734,seed61769.png
9.932656,-5.141031,seed6177.png
4.219004,-4.7955685,seed61770.png
24.154554,0.9025426,seed61771.png
-17.474363,-25.014057,seed61772.png
10.84644,-27.699627,seed61773.png
-11.905585,1.8731806,seed61774.png
-30.654648,15.479826,seed61775.png
19.403658,20.544214,seed61776.png
-19.360682,-3.9465182,seed61777.png
-34.537476,26.206648,seed61778.png
-2.9644723,15.848578,seed61779.png
-22.943539,11.447793,seed6178.png
8.4963255,-15.208943,seed61780.png
-19.819084,7.510517,seed61781.png
3.0313377,-28.161922,seed61782.png
-32.247402,6.127401,seed61783.png
-33.549442,19.497019,seed61784.png
-0.63578546,-16.476427,seed61785.png
-4.5879397,20.336195,seed61786.png
-16.636053,-12.231338,seed61787.png
2.4639301,-31.806967,seed61788.png
-32.174545,17.075098,seed61789.png
-0.36730483,5.63866,seed6179.png
-26.403801,-9.787348,seed61790.png
8.808459,-12.818416,seed61791.png
-14.618124,-26.513872,seed61792.png
-30.680157,10.400062,seed61793.png
-5.2631035,-3.068801,seed61794.png
16.023727,-31.000113,seed61795.png
-0.71417034,17.023638,seed61796.png
16.09447,0.99304485,seed61797.png
16.168463,1.8401723,seed61798.png
11.691353,15.931349,seed61799.png
24.283169,0.26328495,seed6180.png
3.289146,-2.3923507,seed61800.png
25.83613,8.943306,seed61801.png
-12.867009,-14.067169,seed61802.png
-35.89257,9.998689,seed61803.png
15.06263,5.27919,seed61804.png
0.9658425,1.17576,seed61805.png
20.607086,10.664607,seed61806.png
-10.013124,-10.334884,seed61807.png
13.921467,27.31833,seed61808.png
-21.917007,-8.369353,seed61809.png
20.849123,21.559576,seed6181.png
3.397228,4.293272,seed61810.png
-35.73518,23.582472,seed61811.png
-29.615032,22.746994,seed61812.png
20.679384,10.520872,seed61813.png
-33.62356,5.628084,seed61814.png
18.95111,7.4417586,seed61815.png
-27.680052,-2.878422,seed61816.png
-21.638157,-22.706692,seed61817.png
-15.376969,1.8041571,seed61818.png
-24.490126,-20.21462,seed61819.png
30.506634,29.19672,seed6182.png
-14.209012,-14.639934,seed61820.png
0.46905732,-7.9524603,seed61821.png
-29.883638,7.0245237,seed61822.png
19.14818,10.411179,seed61823.png
25.847248,1.9968745,seed61824.png
-19.375069,-15.476294,seed61825.png
26.15469,7.6767626,seed61826.png
-17.552547,4.986557,seed61827.png
6.214184,15.203942,seed61828.png
13.824447,-5.648538,seed61829.png
5.331341,-26.012913,seed6183.png
-18.538807,-23.302193,seed61830.png
23.674156,4.9533615,seed61831.png
23.484184,20.240477,seed61832.png
-30.528881,10.110341,seed61833.png
28.335161,5.531907,seed61834.png
7.410476,7.6513553,seed61835.png
1.528011,-26.71558,seed61836.png
-29.285948,11.63772,seed61837.png
37.99006,7.2099233,seed61838.png
-14.244846,-27.48052,seed61839.png
-5.309189,13.01609,seed6184.png
8.052039,-24.071974,seed61840.png
-32.950092,26.010649,seed61841.png
15.738895,-37.31024,seed61842.png
23.96378,18.523438,seed61843.png
-31.975069,10.4009075,seed61844.png
-1.8381147,24.868275,seed61845.png
20.223703,18.470404,seed61846.png
30.121141,27.361658,seed61847.png
-2.822309,-7.1246333,seed61848.png
-33.414272,3.6692572,seed61849.png
-38.247047,19.54768,seed6185.png
16.599554,13.487091,seed61850.png
11.353827,-38.035736,seed61851.png
-22.00968,-19.557,seed61852.png
-15.566426,-20.950119,seed61853.png
-29.528831,-7.6369843,seed61854.png
-5.9354043,-4.2681203,seed61855.png
3.8811579,6.019384,seed61856.png
-9.35791,-16.863197,seed61857.png
-9.278897,3.584459,seed61858.png
5.9618154,16.260046,seed61859.png
-9.261003,2.5358124,seed6186.png
30.31461,28.845886,seed61860.png
19.627,15.867103,seed61861.png
10.553335,1.2609547,seed61862.png
-13.586953,-20.906723,seed61863.png
30.481794,10.981031,seed61864.png
20.529617,14.634928,seed61865.png
34.527493,5.3762813,seed61866.png
-34.427643,-4.288971,seed61867.png
10.725495,-24.970367,seed61868.png
5.0517807,-35.200504,seed61869.png
31.700401,16.25275,seed6187.png
-10.637167,-12.478125,seed61870.png
-16.258179,-30.128267,seed61871.png
-26.711275,-0.26522106,seed61872.png
17.530851,15.5430975,seed61873.png
-11.035539,-14.591207,seed61874.png
-20.895514,8.309543,seed61875.png
15.902708,-28.579721,seed61876.png
11.7336445,3.7878797,seed61877.png
9.296305,-38.97329,seed61878.png
-11.0573635,-28.429527,seed61879.png
-30.606726,24.04699,seed6188.png
-15.593495,-28.947912,seed61880.png
-19.50723,-4.396959,seed61881.png
2.959733,25.167877,seed61882.png
-21.986794,5.136641,seed61883.png
21.702494,17.67132,seed61884.png
20.503948,-3.7554157,seed61885.png
5.6806436,-2.853097,seed61886.png
22.769728,22.188562,seed61887.png
13.668141,-30.894081,seed61888.png
-10.010699,-16.26095,seed61889.png
30.60928,8.936249,seed6189.png
-32.225147,-3.7306917,seed61890.png
14.741677,-2.5602126,seed61891.png
-16.500568,-6.490399,seed61892.png
-19.137505,-24.388891,seed61893.png
39.05872,15.561414,seed61894.png
11.087588,-26.493658,seed61895.png
2.6715848,-29.615454,seed61896.png
22.496508,-3.2945368,seed61897.png
7.9001923,-6.3158364,seed61898.png
-18.191105,-24.384226,seed61899.png
6.5514565,-7.3616796,seed6190.png
5.9642053,-29.73101,seed61900.png
20.894915,5.739106,seed61901.png
7.858466,-4.474375,seed61902.png
-27.355629,13.943372,seed61903.png
-12.184748,-10.841681,seed61904.png
19.228779,9.991504,seed61905.png
-27.089602,-5.843841,seed61906.png
-18.027355,-8.401857,seed61907.png
-21.384884,19.98739,seed61908.png
-31.442581,-9.358575,seed61909.png
-21.3152,18.563366,seed6191.png
-35.890736,-2.6585658,seed61910.png
37.432262,4.7573066,seed61911.png
3.1897483,-28.634417,seed61912.png
26.717453,20.743994,seed61913.png
-18.180086,-24.08045,seed61914.png
13.176005,1.0220494,seed61915.png
25.310648,-2.4471061,seed61916.png
-30.398962,20.579365,seed61917.png
8.593269,7.0001063,seed61918.png
17.258207,20.586939,seed61919.png
40.500454,15.662231,seed6192.png
25.857302,23.99435,seed61920.png
14.373902,-22.419859,seed61921.png
-11.925619,-13.847325,seed61922.png
10.39414,-23.461105,seed61923.png
36.962765,21.275452,seed61924.png
6.6768165,3.3842168,seed61925.png
-13.04627,4.6293817,seed61926.png
2.1287496,-31.077711,seed61927.png
-10.291515,-14.23726,seed61928.png
31.826843,2.6943092,seed61929.png
8.484708,-28.128609,seed6193.png
-0.53616506,-11.533479,seed61930.png
9.18987,25.397694,seed61931.png
10.267178,-28.78381,seed61932.png
39.535194,14.216156,seed61933.png
11.044282,-23.511477,seed61934.png
-21.338768,12.81759,seed61935.png
5.827357,-5.4097614,seed61936.png
-25.106552,10.0164585,seed61937.png
-35.82637,27.379131,seed61938.png
2.0853324,1.8911114,seed61939.png
-29.104097,-14.813271,seed6194.png
-26.430239,-0.34929442,seed61940.png
33.750385,9.148289,seed61941.png
20.938177,-5.236701,seed61942.png
14.636853,0.07518212,seed61943.png
3.0709858,-12.108843,seed61944.png
-22.697351,12.469286,seed61945.png
16.050932,12.64002,seed61946.png
11.4262085,5.2458425,seed61947.png
14.502665,12.204413,seed61948.png
6.5414696,22.213295,seed61949.png
19.61721,15.49524,seed6195.png
-3.3477938,-12.656891,seed61950.png
26.118631,9.714937,seed61951.png
3.9709487,22.443117,seed61952.png
-23.082457,-2.8104491,seed61953.png
25.433674,-6.4602613,seed61954.png
20.6628,18.462025,seed61955.png
-7.574452,-2.8742876,seed61956.png
-26.136349,6.3238735,seed61957.png
18.840895,-7.8498397,seed61958.png
32.024612,3.4291172,seed61959.png
-17.770119,-0.5080596,seed6196.png
-23.505682,-6.23058,seed61960.png
17.06393,16.098381,seed61961.png
-10.434154,-14.736394,seed61962.png
15.444779,6.992512,seed61963.png
-30.359974,2.9991014,seed61964.png
-5.111014,-18.79378,seed61965.png
-17.907745,-7.3509355,seed61966.png
-24.227083,14.945352,seed61967.png
-23.109783,-6.0061865,seed61968.png
-24.740648,2.5513513,seed61969.png
11.399423,-10.103773,seed6197.png
25.809738,2.9610786,seed61970.png
-2.8620956,-10.278267,seed61971.png
-25.437956,-8.610095,seed61972.png
28.193228,-0.25729388,seed61973.png
-8.719576,-16.97603,seed61974.png
-19.212255,12.759276,seed61975.png
-0.8152295,18.445662,seed61976.png
3.007663,-0.8735117,seed61977.png
7.2344136,2.26456,seed61978.png
-35.974148,24.031082,seed61979.png
3.539311,22.288563,seed6198.png
-30.098763,15.382325,seed61980.png
-21.685827,17.584314,seed61981.png
34.17745,6.397019,seed61982.png
37.298058,19.944597,seed61983.png
-20.424881,-15.793182,seed61984.png
6.359807,1.7867373,seed61985.png
-16.189053,-11.061697,seed61986.png
12.50712,-37.246517,seed61987.png
-36.736507,20.055895,seed61988.png
-24.98785,11.68877,seed61989.png
-8.717406,-12.558316,seed6199.png
31.846216,14.560001,seed61990.png
-6.7293177,9.083319,seed61991.png
-34.89022,17.94294,seed61992.png
-14.390689,-30.48902,seed61993.png
35.849102,9.841848,seed61994.png
5.0294695,6.4474893,seed61995.png
12.369275,26.91792,seed61996.png
-33.165974,21.097776,seed61997.png
10.618446,21.511347,seed61998.png
-1.261323,-16.13789,seed61999.png
-1.3863481,-17.622087,seed6200.png
5.559417,4.4699645,seed62000.png
10.850571,24.78916,seed62001.png
6.5642033,-34.952194,seed62002.png
2.961836,-26.21463,seed62003.png
-25.006145,-15.909295,seed62004.png
15.042412,-6.4522915,seed62005.png
-13.439421,-3.8248305,seed62006.png
17.778816,15.058841,seed62007.png
18.726744,12.940875,seed62008.png
-3.6781232,-10.048744,seed62009.png
19.217985,6.6864133,seed6201.png
10.615256,25.542225,seed62010.png
5.7190447,18.215696,seed62011.png
-29.735117,-5.3499227,seed62012.png
10.756675,-1.2676756,seed62013.png
13.172346,18.5482,seed62014.png
17.446318,3.2021887,seed62015.png
18.307991,13.7447195,seed62016.png
20.858864,-4.3181934,seed62017.png
-31.40316,24.86468,seed62018.png
3.2827852,26.007439,seed62019.png
-20.285461,-20.699938,seed6202.png
-3.1337693,13.800334,seed62020.png
-24.697926,-2.2552083,seed62021.png
39.528534,21.896215,seed62022.png
31.36959,1.6904675,seed62023.png
0.8379562,5.237908,seed62024.png
-7.491718,-6.447377,seed62025.png
-24.39776,-1.9713218,seed62026.png
-7.4950795,-24.505491,seed62027.png
-21.25777,9.575259,seed62028.png
-30.33578,-1.8728458,seed62029.png
27.143806,9.954614,seed6203.png
-15.451569,0.44480345,seed62030.png
-1.6143578,-26.73356,seed62031.png
-21.056828,-19.437212,seed62032.png
-21.41488,11.674137,seed62033.png
-26.692598,-9.303842,seed62034.png
11.172312,8.329543,seed62035.png
11.718328,-8.105453,seed62036.png
14.492124,18.753384,seed62037.png
-7.069867,-24.407656,seed62038.png
8.247421,24.175552,seed62039.png
2.8770392,26.336779,seed6204.png
-34.053265,16.328098,seed62040.png
-22.540827,6.1587143,seed62041.png
-17.600279,-11.597164,seed62042.png
13.975892,-35.89945,seed62043.png
-12.357499,-4.966127,seed62044.png
-14.618851,6.1873436,seed62045.png
23.77624,2.451385,seed62046.png
4.9803023,23.112276,seed62047.png
-2.7916603,12.165635,seed62048.png
-22.790722,11.104745,seed62049.png
-22.100056,-11.469854,seed6205.png
11.149178,1.3915508,seed62050.png
7.4034405,-36.93596,seed62051.png
13.016544,18.701134,seed62052.png
-9.191256,-1.5721905,seed62053.png
39.155323,17.847464,seed62054.png
13.516534,-39.312767,seed62055.png
-33.969883,26.786968,seed62056.png
23.230145,-4.116912,seed62057.png
4.922434,17.274818,seed62058.png
33.565006,20.020067,seed62059.png
-11.771752,-4.8392305,seed6206.png
-33.423805,17.446888,seed62060.png
-18.155537,-29.186026,seed62061.png
7.038134,-2.612771,seed62062.png
29.812052,7.3301086,seed62063.png
12.133904,23.82246,seed62064.png
3.8944046,-4.237543,seed62065.png
-22.075068,4.216286,seed62066.png
-30.505236,2.8903403,seed62067.png
-20.552273,-13.175925,seed62068.png
-19.97661,-8.30173,seed62069.png
-30.409023,12.548683,seed6207.png
31.904022,4.053758,seed62070.png
16.030565,-32.995342,seed62071.png
-18.078028,7.2585588,seed62072.png
29.831024,0.712996,seed62073.png
7.7370524,25.618944,seed62074.png
3.428374,-13.547519,seed62075.png
19.627256,18.79084,seed62076.png
7.334951,7.224042,seed62077.png
21.967382,-2.620963,seed62078.png
-10.187092,-11.620502,seed62079.png
-11.5059595,-28.709978,seed6208.png
-19.54052,-25.138048,seed62080.png
-28.738184,-5.152206,seed62081.png
26.578804,13.579247,seed62082.png
-12.425298,4.231928,seed62083.png
-30.92529,6.1069436,seed62084.png
-27.084446,-3.1138241,seed62085.png
-22.825645,-19.16197,seed62086.png
18.960062,-1.2305427,seed62087.png
13.432594,-31.05099,seed62088.png
-9.01296,-22.54406,seed62089.png
11.968293,-4.437956,seed6209.png
0.8295649,19.06984,seed62090.png
-4.9476295,-13.237454,seed62091.png
11.73421,-9.761191,seed62092.png
-21.879454,-4.0176377,seed62093.png
13.323377,1.40295,seed62094.png
11.844347,-24.760881,seed62095.png
-10.389462,-21.926584,seed62096.png
16.732515,-37.551956,seed62097.png
-34.88363,25.668276,seed62098.png
-16.172033,-12.726259,seed62099.png
-25.361423,-5.921093,seed6210.png
-29.171364,-1.469935,seed62100.png
12.240985,19.67259,seed62101.png
-27.121542,-7.913828,seed62102.png
-13.312983,-9.463951,seed62103.png
-20.32151,-3.2311814,seed62104.png
-21.107048,13.794193,seed62105.png
-18.917362,-23.434553,seed62106.png
34.39727,15.344177,seed62107.png
-19.371988,5.1706295,seed62108.png
-28.795538,7.7411866,seed62109.png
9.590637,25.735071,seed6211.png
7.632434,-40.263115,seed62110.png
-18.358746,7.705743,seed62111.png
-10.491173,-16.856182,seed62112.png
-21.7587,17.33258,seed62113.png
-35.39616,7.8894963,seed62114.png
-1.7796215,23.254475,seed62115.png
-27.909096,2.97252,seed62116.png
-33.987022,25.627289,seed62117.png
30.331715,5.7276983,seed62118.png
-21.40539,-6.826334,seed62119.png
-34.524406,27.457336,seed6212.png
4.129975,-30.474367,seed62120.png
-15.261011,3.1290553,seed62121.png
9.898773,4.828173,seed62122.png
-11.125466,-17.486526,seed62123.png
9.807132,-5.2643003,seed62124.png
13.519576,-35.91928,seed62125.png
-13.713989,-31.127672,seed62126.png
17.376398,-4.688472,seed62127.png
1.0877718,-0.18468907,seed62128.png
-32.05268,18.781668,seed62129.png
-16.553244,-23.569494,seed6213.png
-22.576645,-15.625227,seed62130.png
18.232536,7.271217,seed62131.png
23.071932,15.334159,seed62132.png
16.341917,-36.0693,seed62133.png
25.388836,1.6197946,seed62134.png
-8.203229,-9.527266,seed62135.png
22.254011,6.9197855,seed62136.png
4.335223,2.426218,seed62137.png
10.036726,-38.14697,seed62138.png
17.555382,-7.1076007,seed62139.png
-23.935518,-11.34684,seed6214.png
-7.010964,-22.664589,seed62140.png
37.326797,25.05282,seed62141.png
9.057177,22.658237,seed62142.png
-19.2985,7.82735,seed62143.png
-6.125934,-12.727337,seed62144.png
-24.70022,5.402007,seed62145.png
-6.3017383,-3.5245595,seed62146.png
20.062208,27.073763,seed62147.png
25.318567,13.147887,seed62148.png
-25.262878,11.727253,seed62149.png
28.157005,3.279127,seed6215.png
-10.473672,-16.5315,seed62150.png
20.024199,26.670218,seed62151.png
6.5276246,-6.5504813,seed62152.png
4.573208,-28.232597,seed62153.png
-14.991412,1.8704052,seed62154.png
-33.46531,19.282473,seed62155.png
20.163536,17.224905,seed62156.png
7.223089,13.773267,seed62157.png
-31.430845,24.759064,seed62158.png
4.960849,0.5570019,seed62159.png
-16.10518,-17.878927,seed6216.png
-20.206478,-26.471874,seed62160.png
33.218536,7.371221,seed62161.png
3.040296,17.538515,seed62162.png
-0.891164,23.958372,seed62163.png
-20.474232,-19.134398,seed62164.png
-9.559085,-23.641405,seed62165.png
2.6192622,-0.05549301,seed62166.png
-31.456072,10.476244,seed62167.png
0.058692448,18.785374,seed62168.png
-12.217462,1.3896538,seed62169.png
12.095462,-38.733994,seed6217.png
-18.385298,-4.891333,seed62170.png
15.741276,-7.4273806,seed62171.png
7.1144023,-9.841972,seed62172.png
13.079189,-32.26285,seed62173.png
20.5655,17.00322,seed62174.png
-4.535754,-17.509089,seed62175.png
-31.246548,-7.192511,seed62176.png
15.044675,-12.684212,seed62177.png
-21.910028,7.300278,seed62178.png
38.71112,17.884176,seed62179.png
28.273252,5.5956936,seed6218.png
-34.982445,23.52502,seed62180.png
2.7397492,-12.402067,seed62181.png
-16.393263,-14.916801,seed62182.png
18.591166,28.81111,seed62183.png
-25.29349,-21.228203,seed62184.png
8.694549,13.34423,seed62185.png
10.748007,28.490875,seed62186.png
-22.65198,15.217585,seed62187.png
7.6609282,-39.687614,seed62188.png
23.706854,24.675085,seed62189.png
7.688423,2.8817706,seed6219.png
24.624659,15.901757,seed62190.png
36.2131,23.022661,seed62191.png
-21.657244,8.940689,seed62192.png
-31.44434,20.60746,seed62193.png
6.2676454,-31.417732,seed62194.png
-8.930147,0.70600194,seed62195.png
-22.402025,8.228431,seed62196.png
-19.290792,-17.444954,seed62197.png
18.679829,-3.528528,seed62198.png
14.425105,6.119837,seed62199.png
-22.432867,-25.447754,seed6220.png
13.675363,-3.1631668,seed62200.png
25.312,-2.1316926,seed62201.png
-17.720415,1.0332897,seed62202.png
-27.285547,-2.0307112,seed62203.png
-24.055073,5.639348,seed62204.png
14.196665,-30.146563,seed62205.png
4.4043527,22.049454,seed62206.png
13.847549,-41.885914,seed62207.png
-8.401894,-0.019032637,seed62208.png
-7.511737,-11.621504,seed62209.png
30.51652,26.290232,seed6221.png
9.112402,-29.080534,seed62210.png
5.449668,-32.848732,seed62211.png
-27.424578,8.756123,seed62212.png
-28.906965,1.6172012,seed62213.png
-35.78698,4.344032,seed62214.png
8.036233,15.072377,seed62215.png
30.223555,25.46359,seed62216.png
1.1224595,23.756601,seed62217.png
6.3754535,-12.555605,seed62218.png
-33.762436,25.132334,seed62219.png
30.65578,5.619526,seed6222.png
0.2961824,-10.9272175,seed62220.png
-22.771217,-17.92445,seed62221.png
-23.148594,-22.836782,seed62222.png
-25.15997,11.159744,seed62223.png
3.0316672,8.786137,seed62224.png
32.113903,0.97689867,seed62225.png
-27.18344,0.76669496,seed62226.png
38.399876,22.27854,seed62227.png
19.251091,21.41812,seed62228.png
-33.64169,-7.715622,seed62229.png
-13.088306,-30.268688,seed6223.png
-15.187145,-1.5981755,seed62230.png
-12.960198,-24.095602,seed62231.png
-25.209635,-4.596472,seed62232.png
16.488,-2.5976913,seed62233.png
-18.828693,2.4488564,seed62234.png
-3.1396394,3.0305047,seed62235.png
-24.194805,-17.968636,seed62236.png
-34.53436,27.506065,seed62237.png
-8.037206,-19.7947,seed62238.png
-20.077927,-22.838396,seed62239.png
11.350581,-8.493576,seed6224.png
-36.110905,17.820599,seed62240.png
-27.48997,6.13577,seed62241.png
23.139889,22.126127,seed62242.png
-26.831816,8.208073,seed62243.png
-10.626784,-28.167068,seed62244.png
-9.033869,8.617553,seed62245.png
19.95207,10.894736,seed62246.png
-22.722986,-10.69379,seed62247.png
-15.824713,-3.0494661,seed62248.png
-18.864382,-12.8913,seed62249.png
-17.01631,-17.41997,seed6225.png
16.451534,-34.156246,seed62250.png
25.522541,-2.3448114,seed62251.png
27.249466,10.78411,seed62252.png
-0.17286046,-18.64969,seed62253.png
-13.479084,-29.07426,seed62254.png
10.771135,-33.119793,seed62255.png
-31.881489,22.675243,seed62256.png
-37.132828,14.705933,seed62257.png
-24.257303,3.9861746,seed62258.png
10.211728,3.5879169,seed62259.png
6.5435305,-28.542595,seed6226.png
23.71795,15.61385,seed62260.png
18.076435,-1.1826171,seed62261.png
-33.554855,-6.2642765,seed62262.png
-22.248016,-26.37872,seed62263.png
-13.732509,-8.839763,seed62264.png
18.3745,12.794361,seed62265.png
15.855265,18.887512,seed62266.png
13.521502,-23.696274,seed62267.png
31.723864,26.979982,seed62268.png
6.575982,-35.23065,seed62269.png
30.789362,1.1452333,seed6227.png
-21.385668,-12.676976,seed62270.png
-24.536839,6.9931073,seed62271.png
11.847967,-6.7297015,seed62272.png
-31.88782,-3.6164916,seed62273.png
-34.0556,10.313313,seed62274.png
8.812419,21.214464,seed62275.png
10.974078,-4.2328672,seed62276.png
11.176799,-36.545616,seed62277.png
24.712431,18.660252,seed62278.png
-31.664799,26.599583,seed62279.png
-34.573814,-10.915498,seed6228.png
-4.0900497,-17.241062,seed62280.png
-31.406948,24.627747,seed62281.png
-14.482923,-0.43543205,seed62282.png
4.1918063,15.224189,seed62283.png
-32.954525,22.09902,seed62284.png
23.200916,22.805355,seed62285.png
26.302303,2.1823814,seed62286.png
2.5694737,8.551319,seed62287.png
-16.326662,1.3072016,seed62288.png
10.757364,-41.421425,seed62289.png
-23.363628,-14.493936,seed6229.png
-21.585033,-29.705408,seed62290.png
3.174346,-25.727348,seed62291.png
38.751938,18.933594,seed62292.png
-29.55592,-14.873859,seed62293.png
-21.51339,-4.2132087,seed62294.png
17.60447,19.690458,seed62295.png
22.892569,13.893399,seed62296.png
25.127556,10.862873,seed62297.png
-26.320164,-14.20708,seed62298.png
8.608174,-27.183332,seed62299.png
-24.032894,-0.66594243,seed6230.png
-13.389694,-13.554185,seed62300.png
4.550969,-35.32509,seed62301.png
6.6992984,7.5399685,seed62302.png
10.759101,-0.9968972,seed62303.png
-32.67229,2.9647863,seed62304.png
24.786816,10.46537,seed62305.png
-21.503822,19.093409,seed62306.png
-14.260212,-19.08704,seed62307.png
-20.828093,18.346354,seed62308.png
-21.477203,-6.155934,seed62309.png
15.252534,-32.977356,seed6231.png
-17.754656,-1.1903192,seed62310.png
10.069215,23.102262,seed62311.png
-34.76885,19.17023,seed62312.png
-11.773562,-5.656976,seed62313.png
-9.772985,-19.90962,seed62314.png
16.554152,-34.851883,seed62315.png
-23.128492,-0.7511533,seed62316.png
-25.840162,-4.172827,seed62317.png
-2.7480118,-18.697386,seed62318.png
-24.375074,-6.3172565,seed62319.png
27.563858,26.312525,seed6232.png
-34.06687,1.4617393,seed62320.png
12.17534,-25.239563,seed62321.png
16.52856,15.074766,seed62322.png
-17.597017,3.6344657,seed62323.png
14.183736,10.644415,seed62324.png
7.2265787,-29.306746,seed62325.png
-4.428168,-15.5003395,seed62326.png
27.593542,23.715025,seed62327.png
-15.140399,-12.192795,seed62328.png
10.304628,-36.987896,seed62329.png
7.62078,-25.591396,seed6233.png
11.178989,-30.320553,seed62330.png
21.072775,10.996544,seed62331.png
15.917035,-1.7914233,seed62332.png
22.065882,-0.06375846,seed62333.png
7.519394,20.525703,seed62334.png
0.2409728,-16.676538,seed62335.png
5.7615833,-5.450539,seed62336.png
13.154363,-28.830145,seed62337.png
28.172598,13.964354,seed62338.png
11.305915,-41.805584,seed62339.png
-32.27591,8.345964,seed6234.png
2.8838289,-15.36138,seed62340.png
35.879097,22.071663,seed62341.png
23.878311,20.84925,seed62342.png
19.347836,27.132797,seed62343.png
8.0701275,18.301352,seed62344.png
15.542145,-0.7905764,seed62345.png
24.138514,-1.5894595,seed62346.png
27.809076,10.927389,seed62347.png
-36.677433,19.24565,seed62348.png
14.595111,18.550167,seed62349.png
-23.628672,13.592391,seed6235.png
-21.688646,5.657506,seed62350.png
7.499654,-36.910076,seed62351.png
20.533445,17.190588,seed62352.png
34.88427,13.030345,seed62353.png
-22.571817,-6.8422117,seed62354.png
38.385357,17.805607,seed62355.png
13.782427,26.33677,seed62356.png
11.53833,6.2416515,seed62357.png
-16.70899,-21.899494,seed62358.png
-21.530201,-24.138239,seed62359.png
-11.159519,-28.84808,seed6236.png
-3.6959474,-3.2614691,seed62360.png
-0.023014396,-13.564259,seed62361.png
0.23697099,13.970466,seed62362.png
8.194867,19.785414,seed62363.png
-31.07131,8.022323,seed62364.png
-28.965874,5.789605,seed62365.png
18.944172,21.825113,seed62366.png
-8.368898,-23.343569,seed62367.png
33.099773,25.686274,seed62368.png
13.816041,-7.7937813,seed62369.png
-1.0475148,-25.8209,seed6237.png
-31.776028,20.589668,seed62370.png
-27.330763,-11.368239,seed62371.png
-28.755297,2.0000672,seed62372.png
39.367443,19.117039,seed62373.png
-6.5837317,-16.04956,seed62374.png
4.6217213,-13.240776,seed62375.png
0.26713696,8.27762,seed62376.png
6.4967966,8.856922,seed62377.png
-27.954025,-16.166313,seed62378.png
-12.466938,-19.34968,seed62379.png
-21.428297,-8.37387,seed6238.png
-26.569048,2.922963,seed62380.png
9.430685,-4.632721,seed62381.png
-16.148146,-31.92658,seed62382.png
-32.29684,-1.8942074,seed62383.png
9.232088,-40.503445,seed62384.png
10.772279,1.6803374,seed62385.png
14.950231,13.759776,seed62386.png
-13.64426,-23.259413,seed62387.png
30.964157,25.430998,seed62388.png
-18.020557,10.447275,seed62389.png
-33.245983,22.505693,seed6239.png
-18.921432,2.2113898,seed62390.png
12.625496,-32.723186,seed62391.png
-25.599377,7.4918675,seed62392.png
16.330399,-5.0529757,seed62393.png
28.646662,19.478662,seed62394.png
-8.562662,-12.191446,seed62395.png
32.00462,27.42693,seed62396.png
3.0255728,-11.377956,seed62397.png
-19.79325,-12.4031315,seed62398.png
35.734467,15.152364,seed62399.png
-25.70437,11.263292,seed6240.png
3.9043388,8.902963,seed62400.png
-21.442945,1.4245405,seed62401.png
-18.197424,-8.1450405,seed62402.png
14.360764,-30.550913,seed62403.png
-24.739777,5.9918346,seed62404.png
0.96602494,-31.068642,seed62405.png
-14.2814045,-12.046623,seed62406.png
3.8390834,25.343256,seed62407.png
15.189413,9.375764,seed62408.png
14.847833,19.542135,seed62409.png
-14.378255,-18.793234,seed6241.png
-15.357722,-23.03709,seed62410.png
31.205582,20.51573,seed62411.png
22.537622,-7.240549,seed62412.png
-10.277387,-27.929682,seed62413.png
-13.923118,11.431595,seed62414.png
10.623085,-41.843826,seed62415.png
-22.276968,-11.171941,seed62416.png
26.558805,-4.014981,seed62417.png
-34.224037,15.245493,seed62418.png
24.221153,20.010742,seed62419.png
11.349487,-34.02032,seed6242.png
12.466206,-5.3862805,seed62420.png
9.334081,9.456552,seed62421.png
5.854705,-26.962059,seed62422.png
3.0589893,-10.916484,seed62423.png
-21.238298,14.785723,seed62424.png
-32.43066,19.175333,seed62425.png
15.344955,-32.574345,seed62426.png
-15.524744,-12.561562,seed62427.png
-22.526705,-21.20244,seed62428.png
-8.800773,-7.5129156,seed62429.png
13.182316,23.980524,seed6243.png
35.72024,23.367342,seed62430.png
-16.896788,2.74324,seed62431.png
12.75998,11.135269,seed62432.png
-36.12683,1.4482688,seed62433.png
17.695316,15.667192,seed62434.png
-15.397727,-9.891198,seed62435.png
-3.4332848,-16.195127,seed62436.png
-37.00079,23.832272,seed62437.png
-24.508957,-17.75735,seed62438.png
-28.270794,0.42861614,seed62439.png
22.031359,9.846988,seed6244.png
-11.497867,-9.406514,seed62440.png
9.190062,20.429232,seed62441.png
-4.123108,-8.978302,seed62442.png
11.236823,23.335745,seed62443.png
10.316598,1.9791178,seed62444.png
-13.437757,-16.954384,seed62445.png
-31.643822,14.112259,seed62446.png
11.389743,15.304178,seed62447.png
-2.0374362,10.961751,seed62448.png
37.0336,7.159575,seed62449.png
6.0722103,-30.849854,seed6245.png
14.025947,-2.099886,seed62450.png
12.292414,-30.057615,seed62451.png
-26.85394,1.9474005,seed62452.png
-17.360775,-30.777405,seed62453.png
-21.757587,-13.08357,seed62454.png
-2.114451,21.903341,seed62455.png
20.241716,-8.816444,seed62456.png
-33.316635,7.130981,seed62457.png
-22.097885,6.4357014,seed62458.png
-15.273731,-14.781345,seed62459.png
-16.067766,-5.5784926,seed6246.png
28.295622,12.967974,seed62460.png
-31.406298,-13.218294,seed62461.png
-4.9835196,-5.451846,seed62462.png
1.0270513,19.50233,seed62463.png
16.285831,-37.16775,seed62464.png
-4.117696,8.592208,seed62465.png
-30.960474,14.705113,seed62466.png
-21.898901,7.645317,seed62467.png
-28.578133,5.225742,seed62468.png
-16.720066,-0.4088521,seed62469.png
-33.186558,26.559423,seed6247.png
14.296254,-35.924957,seed62470.png
9.950206,12.865674,seed62471.png
-25.62699,6.0073867,seed62472.png
-20.808176,4.5026774,seed62473.png
15.800752,-1.2715368,seed62474.png
12.946381,16.414623,seed62475.png
-26.223326,15.780227,seed62476.png
-23.54164,-18.481857,seed62477.png
29.671658,0.9798012,seed62478.png
-2.5610263,-14.402156,seed62479.png
9.939516,-28.975746,seed6248.png
1.7165176,14.440864,seed62480.png
20.689898,-4.480251,seed62481.png
18.448257,3.654303,seed62482.png
-17.762344,-13.457004,seed62483.png
-31.306482,-2.8415875,seed62484.png
3.6063094,1.5189445,seed62485.png
15.424339,26.410513,seed62486.png
16.011894,-8.208707,seed62487.png
23.610699,12.782495,seed62488.png
-32.49458,-17.478745,seed62489.png
-22.476402,5.3018456,seed6249.png
-21.985928,-9.6916,seed62490.png
-7.190435,6.3648415,seed62491.png
-30.019789,-7.2076087,seed62492.png
-15.778549,5.2322903,seed62493.png
-24.056147,-16.936182,seed62494.png
31.920187,26.542097,seed62495.png
24.149994,-5.36228,seed62496.png
16.394056,-8.592516,seed62497.png
13.014914,-38.729076,seed62498.png
12.303551,27.276712,seed62499.png
7.27861,-35.80686,seed6250.png
36.5154,5.0984664,seed62500.png
15.848725,17.69798,seed62501.png
8.065699,-4.2951455,seed62502.png
-14.286796,-27.797396,seed62503.png
13.269518,-34.338596,seed62504.png
-20.102425,-21.040276,seed62505.png
6.941969,5.387077,seed62506.png
-11.37271,-26.514973,seed62507.png
13.40011,27.374817,seed62508.png
30.56073,28.971012,seed62509.png
4.5841436,12.737108,seed6251.png
-22.974634,-19.683992,seed62510.png
37.77137,8.380167,seed62511.png
-16.461988,-20.084583,seed62512.png
25.886044,14.838269,seed62513.png
17.992582,-4.0875154,seed62514.png
36.818623,23.482159,seed62515.png
31.111944,9.726307,seed62516.png
-1.3762355,-11.503476,seed62517.png
-0.10871172,-7.3609643,seed62518.png
27.884094,8.915028,seed62519.png
-31.789675,14.080861,seed6252.png
-18.83187,-22.053127,seed62520.png
-21.174683,-26.339844,seed62521.png
33.984013,27.641605,seed62522.png
-34.663013,27.056877,seed62523.png
-13.16122,0.79468983,seed62524.png
5.7876315,-24.614079,seed62525.png
16.262182,-7.866817,seed62526.png
-10.322928,2.797936,seed62527.png
-0.9738321,25.198956,seed62528.png
7.348847,10.0004225,seed62529.png
2.3222036,14.238871,seed6253.png
-27.297667,-8.142964,seed62530.png
-35.451626,26.705202,seed62531.png
12.033029,-42.22591,seed62532.png
20.89603,26.29332,seed62533.png
-28.23478,20.907143,seed62534.png
25.567677,15.2869,seed62535.png
37.030247,13.957726,seed62536.png
29.154306,11.368185,seed62537.png
3.616467,6.3412447,seed62538.png
13.243828,25.571136,seed62539.png
-33.51029,14.843517,seed6254.png
35.35238,20.43279,seed62540.png
-20.503414,7.962933,seed62541.png
20.666727,20.636093,seed62542.png
-14.4954195,-3.5405657,seed62543.png
-21.207933,2.3183663,seed62544.png
24.498367,22.782368,seed62545.png
-1.0222012,-23.924255,seed62546.png
-12.752605,-5.8506446,seed62547.png
10.127597,3.6180792,seed62548.png
26.202734,21.090939,seed62549.png
-27.693405,-19.716312,seed6255.png
-31.231894,21.15616,seed62550.png
-15.047557,-5.0624146,seed62551.png
13.859098,-37.630604,seed62552.png
-14.699171,-14.355129,seed62553.png
32.29264,24.067945,seed62554.png
39.02448,20.66604,seed62555.png
-29.995596,8.821477,seed62556.png
-6.0021996,9.570534,seed62557.png
-23.824398,0.5914206,seed62558.png
-0.89217657,14.882894,seed62559.png
-4.39125,-12.171959,seed6256.png
-1.8349386,7.7271547,seed62560.png
-17.85808,-15.0948305,seed62561.png
-15.655309,-18.272491,seed62562.png
-35.07079,27.117165,seed62563.png
18.41538,-7.8966246,seed62564.png
35.660694,12.487963,seed62565.png
-21.459055,19.714882,seed62566.png
-0.9019151,-14.671499,seed62567.png
-13.277982,-23.287048,seed62568.png
-19.2357,-21.067633,seed62569.png
-9.248589,-2.8011842,seed6257.png
1.8198538,-26.08523,seed62570.png
27.433529,-5.384372,seed62571.png
-24.014385,-10.02403,seed62572.png
-33.496445,21.112963,seed62573.png
-13.445125,-14.8632145,seed62574.png
14.986524,21.886858,seed62575.png
12.773849,-20.57123,seed62576.png
-14.444531,-8.4025955,seed62577.png
16.361473,22.901983,seed62578.png
-25.987648,16.794096,seed62579.png
-13.654846,-9.805061,seed6258.png
2.929204,-24.039804,seed62580.png
22.352898,16.160881,seed62581.png
-4.0389433,23.180557,seed62582.png
9.354296,0.84888566,seed62583.png
15.02247,-7.6905403,seed62584.png
7.5962644,-6.1932373,seed62585.png
14.661081,-1.0108709,seed62586.png
-35.013924,16.918474,seed62587.png
-25.954924,1.8001444,seed62588.png
15.680349,17.35443,seed62589.png
9.993611,-41.538662,seed6259.png
-25.423677,-16.527954,seed62590.png
-20.040722,-26.887508,seed62591.png
10.514007,2.64631,seed62592.png
25.809656,7.8951225,seed62593.png
-17.537785,11.039599,seed62594.png
6.746199,10.973993,seed62595.png
-18.942364,-24.14879,seed62596.png
-11.802955,0.462993,seed62597.png
27.655535,9.659183,seed62598.png
-23.219816,7.2295623,seed62599.png
6.3399158,10.468025,seed6260.png
-3.0639486,22.908169,seed62600.png
8.135969,14.298794,seed62601.png
32.16969,5.5505767,seed62602.png
18.582401,18.719757,seed62603.png
-10.432135,-16.220112,seed62604.png
24.343245,5.4975224,seed62605.png
5.0984387,2.1747446,seed62606.png
11.597893,-41.3756,seed62607.png
38.801617,23.922289,seed62608.png
6.506372,-1.1225349,seed62609.png
19.231636,-4.749566,seed6261.png
6.2858276,-34.100548,seed62610.png
-3.126618,-17.51433,seed62611.png
21.104124,4.7128644,seed62612.png
14.395084,-40.7577,seed62613.png
31.848148,27.773335,seed62614.png
-6.414642,-5.2072644,seed62615.png
-17.775791,-19.891874,seed62616.png
-3.749508,0.18720344,seed62617.png
-32.165264,20.606382,seed62618.png
-16.28755,5.286216,seed62619.png
4.4393005,-3.2709508,seed6262.png
-26.739336,18.270962,seed62620.png
-28.80034,12.186329,seed62621.png
-19.408754,7.3210635,seed62622.png
5.058724,-5.7077804,seed62623.png
-17.229328,6.5790644,seed62624.png
6.177278,-35.593075,seed62625.png
-7.4389114,16.128782,seed62626.png
35.720325,18.249945,seed62627.png
9.527137,-30.517946,seed62628.png
25.787298,13.293786,seed62629.png
-22.702446,-7.3738737,seed6263.png
-22.379704,-12.575715,seed62630.png
-3.1159997,19.764595,seed62631.png
-27.33797,-13.810856,seed62632.png
-16.56784,-18.558426,seed62633.png
-14.650481,-20.653057,seed62634.png
-7.3342786,-3.77386,seed62635.png
-23.046186,10.710793,seed62636.png
-25.144125,14.648308,seed62637.png
33.44478,18.909212,seed62638.png
39.115097,15.680362,seed62639.png
11.629807,26.805246,seed6264.png
35.861446,19.74885,seed62640.png
11.250041,22.620354,seed62641.png
10.549076,4.262028,seed62642.png
-15.294221,-20.03751,seed62643.png
-23.688326,-12.400968,seed62644.png
19.786373,22.10602,seed62645.png
-29.532078,-15.641058,seed62646.png
14.595472,-2.0403724,seed62647.png
-30.705595,-14.046894,seed62648.png
-12.893772,1.5048727,seed62649.png
3.4384167,18.278622,seed6265.png
-18.117521,-20.721703,seed62650.png
24.969706,18.243738,seed62651.png
-6.3333917,-17.66445,seed62652.png
6.693368,7.782273,seed62653.png
31.67001,8.327781,seed62654.png
19.133354,11.830645,seed62655.png
29.3932,2.4670506,seed62656.png
9.389528,-35.81214,seed62657.png
-27.719826,3.8955948,seed62658.png
15.058941,-37.86972,seed62659.png
4.4034534,-17.703306,seed6266.png
17.998547,-9.060367,seed62660.png
-19.75691,-17.460562,seed62661.png
-29.980694,0.27892667,seed62662.png
17.49223,4.7313223,seed62663.png
2.966599,2.8722763,seed62664.png
-7.2553263,-9.19297,seed62665.png
5.395923,20.205103,seed62666.png
28.092712,6.0643263,seed62667.png
9.482823,5.894138,seed62668.png
-6.8068123,3.6295986,seed62669.png
32.770878,11.267268,seed6267.png
33.544746,7.8842764,seed62670.png
36.028572,21.543024,seed62671.png
-27.64839,-21.528194,seed62672.png
42.334343,23.434284,seed62673.png
28.083405,6.738999,seed62674.png
9.133718,7.83159,seed62675.png
11.250907,29.176088,seed62676.png
-14.414957,-3.598714,seed62677.png
22.84284,18.109446,seed62678.png
35.989975,19.29494,seed62679.png
-35.543346,26.288807,seed6268.png
-24.766253,3.9938624,seed62680.png
16.883469,6.5238714,seed62681.png
9.985473,-7.7101345,seed62682.png
18.81693,25.616508,seed62683.png
-2.3003392,-6.6196876,seed62684.png
-32.71094,15.906667,seed62685.png
21.80226,2.9293568,seed62686.png
-37.180626,22.272604,seed62687.png
-0.49116284,24.74772,seed62688.png
19.326086,-5.821921,seed62689.png
25.686693,-3.5261977,seed6269.png
-19.792356,-29.234568,seed62690.png
1.5115794,-24.770336,seed62691.png
10.017142,28.577194,seed62692.png
-15.377282,0.95242125,seed62693.png
21.800282,11.660247,seed62694.png
-17.032043,-24.105259,seed62695.png
14.432344,26.724373,seed62696.png
15.322288,3.575728,seed62697.png
27.104063,14.594259,seed62698.png
-34.053833,1.3113286,seed62699.png
18.212738,16.740307,seed6270.png
12.04525,-7.2680125,seed62700.png
19.639301,0.54800636,seed62701.png
-33.46978,-9.189833,seed62702.png
18.978525,24.65923,seed62703.png
-19.16778,-21.94979,seed62704.png
-2.5245724,18.570953,seed62705.png
9.274265,-12.577277,seed62706.png
-16.769442,-30.0792,seed62707.png
-27.000622,5.0759873,seed62708.png
-25.841755,7.306845,seed62709.png
7.3508344,15.108356,seed6271.png
31.622036,11.758057,seed62710.png
35.633972,22.650833,seed62711.png
15.307393,-36.548508,seed62712.png
-30.40055,-6.5046988,seed62713.png
6.358297,8.476021,seed62714.png
-24.424828,-2.6471539,seed62715.png
17.403646,20.785954,seed62716.png
-28.561018,15.646753,seed62717.png
-21.510664,6.875102,seed62718.png
19.398306,1.6131501,seed62719.png
19.361464,23.80586,seed6272.png
-33.03707,15.656145,seed62720.png
-10.222746,-9.41618,seed62721.png
30.455643,17.993784,seed62722.png
10.940872,11.547197,seed62723.png
14.577372,22.93216,seed62724.png
-24.439737,-18.61459,seed62725.png
-11.744653,-20.548605,seed62726.png
-21.780294,-6.039526,seed62727.png
9.594533,21.701485,seed62728.png
-9.874179,-12.095518,seed62729.png
9.850954,-40.31052,seed6273.png
40.861073,14.496615,seed62730.png
10.9679575,14.022815,seed62731.png
-34.09751,-1.1844828,seed62732.png
25.650166,4.9073105,seed62733.png
-33.518337,11.727315,seed62734.png
-17.258297,-20.970852,seed62735.png
36.908752,8.35338,seed62736.png
-2.1250775,10.425255,seed62737.png
5.0726223,-33.715992,seed62738.png
-22.25413,-8.852665,seed62739.png
8.42251,-5.4910045,seed6274.png
-13.896596,-4.122987,seed62740.png
-32.898697,17.653318,seed62741.png
26.228401,14.875341,seed62742.png
-22.815672,15.445572,seed62743.png
11.298319,12.205666,seed62744.png
30.15867,11.029059,seed62745.png
-4.0295444,-12.109825,seed62746.png
-21.181372,-13.095135,seed62747.png
15.963696,-0.6583534,seed62748.png
-20.974516,-14.478499,seed62749.png
8.048845,-36.974815,seed6275.png
31.183823,15.570187,seed62750.png
-33.49048,16.695057,seed62751.png
-9.93881,-8.901015,seed62752.png
-18.256142,-15.552161,seed62753.png
14.519085,-0.0880256,seed62754.png
15.320968,2.6103847,seed62755.png
-35.83941,24.04563,seed62756.png
1.9659938,21.807022,seed62757.png
18.475332,-6.970051,seed62758.png
13.594022,-7.3657618,seed62759.png
-12.947639,-24.100483,seed6276.png
15.739534,20.13998,seed62760.png
-23.328957,1.4272223,seed62761.png
9.063881,20.464012,seed62762.png
7.861273,8.0399,seed62763.png
14.294179,9.801387,seed62764.png
-28.928528,4.8491526,seed62765.png
12.256074,-43.478085,seed62766.png
-16.070126,-29.442995,seed62767.png
-1.047398,-1.551053,seed62768.png
-16.328453,-14.605828,seed62769.png
-32.309593,24.34617,seed6277.png
-22.831696,-19.475513,seed62770.png
23.869226,20.04441,seed62771.png
-14.459053,-24.56943,seed62772.png
-18.73126,11.0983925,seed62773.png
-22.736988,18.811703,seed62774.png
-20.305458,-12.002721,seed62775.png
15.24303,19.960339,seed62776.png
15.386849,16.714828,seed62777.png
20.913115,-4.809562,seed62778.png
27.95895,4.592702,seed62779.png
28.949522,16.022017,seed6278.png
-32.917183,6.154398,seed62780.png
-33.93709,24.825285,seed62781.png
8.588028,8.008807,seed62782.png
6.0235877,-36.547867,seed62783.png
2.211398,18.119627,seed62784.png
9.072845,23.651583,seed62785.png
-22.514826,-2.990484,seed62786.png
8.380362,1.3355378,seed62787.png
-27.403833,11.214026,seed62788.png
21.901386,24.233267,seed62789.png
-33.051025,-5.6163673,seed6279.png
13.214654,-7.039372,seed62790.png
-12.656311,-10.361586,seed62791.png
-2.0910172,8.464322,seed62792.png
20.189013,11.071326,seed62793.png
9.101662,16.378414,seed62794.png
34.141064,4.9085407,seed62795.png
24.520973,1.5179043,seed62796.png
-0.6079241,-14.273745,seed62797.png
-17.486279,-20.802378,seed62798.png
1.6037016,-7.9293933,seed62799.png
-19.325686,-17.503845,seed6280.png
11.364127,-29.749155,seed62800.png
-3.5461154,-5.222546,seed62801.png
-34.59625,17.960213,seed62802.png
5.884184,12.664394,seed62803.png
11.151704,-7.8952394,seed62804.png
10.191541,-5.683411,seed62805.png
32.471146,25.553514,seed62806.png
19.236198,24.108551,seed62807.png
36.536774,20.80471,seed62808.png
1.3528812,-0.43049052,seed62809.png
0.51444525,22.089022,seed6281.png
12.2943325,28.567856,seed62810.png
25.80253,18.726477,seed62811.png
-12.61732,-13.1489,seed62812.png
-21.79718,15.054916,seed62813.png
-19.791183,-28.358097,seed62814.png
4.871365,-33.614132,seed62815.png
-18.859774,-19.5253,seed62816.png
35.53632,11.063854,seed62817.png
-10.471386,-23.766792,seed62818.png
-16.387997,-7.182934,seed62819.png
-29.392952,21.59563,seed6282.png
11.871569,26.834723,seed62820.png
21.787605,-5.028362,seed62821.png
-1.4030144,23.490925,seed62822.png
10.550224,12.90439,seed62823.png
-15.907578,-13.172616,seed62824.png
-10.897185,-24.21901,seed62825.png
5.1118455,18.6763,seed62826.png
-16.97589,-13.265823,seed62827.png
21.702581,24.687065,seed62828.png
-18.82623,3.881521,seed62829.png
19.68783,22.152403,seed6283.png
10.527547,19.018808,seed62830.png
6.2240887,-34.583588,seed62831.png
-15.74631,6.643259,seed62832.png
-20.267542,-27.576876,seed62833.png
-11.142724,-3.770719,seed62834.png
30.547491,13.600221,seed62835.png
1.759834,-30.71059,seed62836.png
17.696442,-33.27372,seed62837.png
-17.568413,-11.217023,seed62838.png
37.22197,20.364826,seed62839.png
-32.910316,10.750973,seed6284.png
24.369364,4.7371554,seed62840.png
40.63674,14.781436,seed62841.png
-30.056225,15.88437,seed62842.png
22.205223,5.6327143,seed62843.png
-0.35485992,23.676054,seed62844.png
15.289913,-39.00401,seed62845.png
16.438652,13.472078,seed62846.png
28.221275,15.512746,seed62847.png
-22.191523,-14.544249,seed62848.png
11.086212,-40.335106,seed62849.png
-31.863031,19.366217,seed6285.png
-12.243275,-30.170912,seed62850.png
-14.735258,-18.31885,seed62851.png
24.081781,21.411755,seed62852.png
10.301938,-36.349316,seed62853.png
-26.48142,-5.593428,seed62854.png
42.36208,21.766447,seed62855.png
9.529346,19.283184,seed62856.png
26.085253,4.7858067,seed62857.png
27.488148,10.492839,seed62858.png
19.026068,-1.4015576,seed62859.png
-17.94505,-23.462185,seed6286.png
-27.341917,-11.399753,seed62860.png
4.655682,10.260967,seed62861.png
-28.912819,19.76842,seed62862.png
12.909617,-25.532648,seed62863.png
9.046017,6.558199,seed62864.png
-29.84477,-20.463442,seed62865.png
2.9005141,21.941221,seed62866.png
-34.507496,26.533915,seed62867.png
-32.656494,19.628782,seed62868.png
28.088875,13.257495,seed62869.png
-22.319397,-18.628056,seed6287.png
12.872892,-37.821495,seed62870.png
-17.850554,7.2614713,seed62871.png
7.0121727,-5.8851438,seed62872.png
27.224457,14.045912,seed62873.png
-19.656534,3.448636,seed62874.png
24.777624,10.13717,seed62875.png
25.994814,19.27849,seed62876.png
13.761755,-30.269444,seed62877.png
-33.341763,-6.9677567,seed62878.png
-31.353474,-13.004344,seed62879.png
-28.721006,-9.664067,seed6288.png
31.696512,5.5115857,seed62880.png
8.690077,-33.719055,seed62881.png
-33.27562,16.372622,seed62882.png
-23.210546,11.741607,seed62883.png
-29.59317,-15.687071,seed62884.png
-8.763971,-17.630537,seed62885.png
-28.027401,1.0059736,seed62886.png
8.764775,-25.942833,seed62887.png
-32.967697,-2.083338,seed62888.png
-12.254917,-23.158333,seed62889.png
-3.8370938,13.115169,seed6289.png
17.439816,1.890434,seed62890.png
11.1439085,19.214289,seed62891.png
-21.499166,-27.021452,seed62892.png
14.828883,-0.63449144,seed62893.png
12.2728,-22.159863,seed62894.png
-26.499178,13.143877,seed62895.png
-23.282333,-8.681268,seed62896.png
10.479008,29.486134,seed62897.png
-3.2070067,-16.787584,seed62898.png
13.869349,-11.919734,seed62899.png
8.570936,-25.44263,seed6290.png
5.487046,-38.071064,seed62900.png
-19.80337,18.794502,seed62901.png
6.855414,4.6159606,seed62902.png
-27.774616,4.325069,seed62903.png
-8.313985,-20.61014,seed62904.png
-16.163713,-6.1429973,seed62905.png
-28.403116,6.679595,seed62906.png
6.550859,22.481941,seed62907.png
-12.703752,-27.016273,seed62908.png
-18.385485,-19.789326,seed62909.png
-16.378544,1.580281,seed6291.png
-29.393038,1.6837512,seed62910.png
37.29313,20.847702,seed62911.png
-13.398769,-28.468634,seed62912.png
15.035113,-33.657578,seed62913.png
18.349102,5.269862,seed62914.png
26.929604,-0.957127,seed62915.png
-28.869951,11.579363,seed62916.png
7.2582154,-14.072441,seed62917.png
23.119675,-5.9853487,seed62918.png
-22.689041,-11.930742,seed62919.png
12.088503,7.134889,seed6292.png
23.62917,15.675438,seed62920.png
32.78257,5.9212437,seed62921.png
-14.362539,-9.803407,seed62922.png
-2.4372509,19.038256,seed62923.png
16.359846,-34.3552,seed62924.png
26.367235,13.9482,seed62925.png
9.17547,4.464821,seed62926.png
27.977497,11.288094,seed62927.png
-13.846474,-15.362972,seed62928.png
-22.972958,-28.824142,seed62929.png
7.412696,2.2609103,seed6293.png
-26.76339,9.437016,seed62930.png
12.115134,-9.613559,seed62931.png
3.616218,15.277724,seed62932.png
21.131357,19.32783,seed62933.png
19.07611,-3.4958825,seed62934.png
38.044487,16.551239,seed62935.png
-25.884764,-15.26738,seed62936.png
4.4505544,-28.960981,seed62937.png
31.416273,11.4984,seed62938.png
4.5600643,-32.506985,seed62939.png
-24.04543,7.125055,seed6294.png
2.0086257,12.821517,seed62940.png
-31.488314,6.5697265,seed62941.png
-29.729244,6.8821025,seed62942.png
22.374466,12.161894,seed62943.png
24.358837,19.064882,seed62944.png
3.8217907,19.999386,seed62945.png
28.984709,4.035479,seed62946.png
16.520782,18.791618,seed62947.png
-26.21169,-16.587173,seed62948.png
5.906533,23.921345,seed62949.png
-19.133554,-17.839483,seed6295.png
-12.254744,3.4771457,seed62950.png
5.6855545,7.6714973,seed62951.png
-2.0005283,-13.479073,seed62952.png
21.498428,16.76082,seed62953.png
-3.0105755,-18.86005,seed62954.png
2.9702005,15.294515,seed62955.png
27.378319,26.640585,seed62956.png
-22.736816,10.908225,seed62957.png
1.8389008,-31.578196,seed62958.png
22.184978,4.8482714,seed62959.png
10.555244,5.3272657,seed6296.png
-35.336517,-8.001951,seed62960.png
8.402091,-39.46649,seed62961.png
-33.818665,17.6184,seed62962.png
31.527708,28.854958,seed62963.png
-7.551061,-18.670172,seed62964.png
20.14183,13.953761,seed62965.png
-23.52132,14.820922,seed62966.png
34.54475,1.5562854,seed62967.png
38.264774,17.512018,seed62968.png
9.621941,20.151535,seed62969.png
-22.879065,-23.834736,seed6297.png
-18.912745,-10.935811,seed62970.png
18.422064,25.303143,seed62971.png
-19.631023,-28.588757,seed62972.png
-12.853142,-31.093704,seed62973.png
38.673496,6.0434585,seed62974.png
-13.363865,1.5352492,seed62975.png
-5.4580255,18.309313,seed62976.png
-0.36767414,-25.92394,seed62977.png
-16.103445,-2.336221,seed62978.png
-11.522514,-15.453511,seed62979.png
14.158722,-0.83892965,seed6298.png
-16.61318,-19.971704,seed62980.png
-33.026257,18.281511,seed62981.png
-21.271849,-16.434742,seed62982.png
6.850638,-27.357983,seed62983.png
-17.239443,8.780778,seed62984.png
-12.107017,-26.935022,seed62985.png
-22.559353,6.673378,seed62986.png
-23.311304,1.5543278,seed62987.png
1.1319079,10.589518,seed62988.png
-28.70262,-3.6625664,seed62989.png
9.134771,-28.559715,seed6299.png
11.819821,-0.2197299,seed62990.png
-21.08741,11.262381,seed62991.png
11.454328,-24.6366,seed62992.png
-12.794801,-8.430823,seed62993.png
21.669672,2.8084981,seed62994.png
10.420507,-42.806446,seed62995.png
7.0801406,-1.4365841,seed62996.png
10.288524,-26.35612,seed62997.png
11.569736,-27.281544,seed62998.png
32.51703,22.656576,seed62999.png
-16.14239,-5.547566,seed6300.png
-13.613719,-22.20059,seed63000.png
2.846582,14.700026,seed63001.png
-12.623569,-8.513021,seed63002.png
30.015732,6.5510716,seed63003.png
4.2178597,-21.760208,seed63004.png
-22.086832,10.137802,seed63005.png
18.054314,9.464828,seed63006.png
-19.881323,1.0628504,seed63007.png
19.326279,-9.567154,seed63008.png
-25.421007,14.130754,seed63009.png
7.097444,-39.697315,seed6301.png
10.269829,27.62236,seed63010.png
17.468735,10.673097,seed63011.png
-9.985191,-26.102377,seed63012.png
-28.43051,14.47203,seed63013.png
6.8866477,-3.5996509,seed63014.png
-27.594683,-11.877617,seed63015.png
-12.015206,-17.032196,seed63016.png
-30.818249,-11.301398,seed63017.png
32.363846,28.327204,seed63018.png
5.3228173,-0.8885349,seed63019.png
0.26770014,-4.958178,seed6302.png
36.409283,15.361365,seed63020.png
13.936446,8.368623,seed63021.png
13.532489,-32.995483,seed63022.png
9.483018,-42.645367,seed63023.png
-22.56593,-11.660817,seed63024.png
-32.18683,25.219795,seed63025.png
6.8886213,-31.368843,seed63026.png
-14.485698,-6.2715726,seed63027.png
8.37857,25.09854,seed63028.png
-30.843746,21.320337,seed63029.png
9.846903,-25.940393,seed6303.png
-24.58845,1.1828253,seed63030.png
5.008488,-4.540079,seed63031.png
-14.848822,-25.217537,seed63032.png
3.0048192,-2.0456715,seed63033.png
9.921183,0.023237064,seed63034.png
-30.082369,19.474825,seed63035.png
37.56924,4.166754,seed63036.png
9.830441,-23.293583,seed63037.png
-18.4169,12.993695,seed63038.png
16.688755,28.730244,seed63039.png
-35.48006,24.892664,seed6304.png
-24.598686,-8.136208,seed63040.png
-29.287891,-9.973683,seed63041.png
15.458081,-1.0297985,seed63042.png
-32.727966,-4.0600476,seed63043.png
6.4038725,4.9956317,seed63044.png
25.9725,13.143262,seed63045.png
35.109512,24.118444,seed63046.png
22.87166,7.6384773,seed63047.png
5.8485794,-31.518614,seed63048.png
7.5412216,-41.926357,seed63049.png
-23.360271,13.450352,seed6305.png
10.628425,-32.38375,seed63050.png
34.955795,6.335055,seed63051.png
-35.244335,9.212666,seed63052.png
0.90204257,21.938715,seed63053.png
17.906687,12.535017,seed63054.png
21.434412,-6.050312,seed63055.png
-13.32839,-16.725191,seed63056.png
-17.024008,-27.406145,seed63057.png
-6.6115723,5.1837716,seed63058.png
-22.816525,-6.260175,seed63059.png
-29.696177,15.357538,seed6306.png
33.229862,26.769236,seed63060.png
21.06597,-6.6156216,seed63061.png
-28.003407,13.335297,seed63062.png
-14.745777,-27.85735,seed63063.png
-26.29336,12.794203,seed63064.png
17.207645,-1.5283462,seed63065.png
6.695768,-36.302437,seed63066.png
14.845786,17.314924,seed63067.png
-18.090448,-21.513456,seed63068.png
34.254227,7.5593166,seed63069.png
37.879803,8.946908,seed6307.png
-21.607204,-0.8919074,seed63070.png
-6.9396424,-1.4226943,seed63071.png
21.158098,3.3227105,seed63072.png
13.566773,-31.564972,seed63073.png
-11.28155,-15.766427,seed63074.png
18.139212,23.891022,seed63075.png
-6.7954836,-15.275567,seed63076.png
-32.87832,-6.9276814,seed63077.png
14.496556,-1.6436648,seed63078.png
-24.46087,1.2302076,seed63079.png
-31.875452,17.138926,seed6308.png
-23.12465,14.569583,seed63080.png
-18.601921,11.782301,seed63081.png
-22.773113,21.342476,seed63082.png
-24.249739,5.0400863,seed63083.png
22.892199,1.0652533,seed63084.png
-28.654877,4.394721,seed63085.png
9.906272,2.1260035,seed63086.png
12.567015,19.564627,seed63087.png
-0.099552535,26.30506,seed63088.png
15.648717,-32.07184,seed63089.png
5.67376,-34.867756,seed6309.png
-13.425998,3.2196565,seed63090.png
-28.473635,10.776267,seed63091.png
14.158216,-2.8587945,seed63092.png
38.23195,20.875507,seed63093.png
0.82609457,2.3799412,seed63094.png
-1.3043061,20.09326,seed63095.png
21.6787,11.80466,seed63096.png
-10.327081,-19.36608,seed63097.png
3.0746694,20.863676,seed63098.png
10.390344,-42.897167,seed63099.png
-22.968296,-13.293857,seed6310.png
-16.747568,-15.38077,seed63100.png
21.310911,-5.7404337,seed63101.png
10.715964,-39.976353,seed63102.png
-22.261986,-1.8647755,seed63103.png
8.899233,-3.2470558,seed63104.png
-25.71998,4.085573,seed63105.png
16.059908,6.585001,seed63106.png
-3.1396277,-20.564928,seed63107.png
-31.574427,-16.921545,seed63108.png
16.074333,23.904057,seed63109.png
12.542008,-31.183163,seed6311.png
-17.67325,-14.706723,seed63110.png
-25.021887,-2.084607,seed63111.png
11.680552,20.829052,seed63112.png
-22.02665,-16.555159,seed63113.png
-17.794575,5.1327434,seed63114.png
-25.108662,-10.281297,seed63115.png
10.297507,-23.728533,seed63116.png
-10.86261,-21.566614,seed63117.png
33.335487,0.28447923,seed63118.png
15.875741,-32.55856,seed63119.png
-33.640293,15.330852,seed6312.png
-6.0910935,-19.802357,seed63120.png
-23.056826,-19.118086,seed63121.png
19.576672,11.574535,seed63122.png
2.5369549,-27.077312,seed63123.png
-26.317083,-10.862498,seed63124.png
-13.790045,10.892204,seed63125.png
-29.081402,16.288431,seed63126.png
-19.953651,-25.352066,seed63127.png
17.981697,-5.282846,seed63128.png
15.919984,0.063481115,seed63129.png
34.620613,0.23542188,seed6313.png
37.95107,24.745153,seed63130.png
0.096966974,20.4608,seed63131.png
21.931547,0.6434732,seed63132.png
-34.56351,14.861907,seed63133.png
29.982635,22.67314,seed63134.png
16.773825,8.060705,seed63135.png
-24.418608,-6.4913893,seed63136.png
23.406944,-0.71692324,seed63137.png
-11.935107,-22.998072,seed63138.png
21.205427,20.754824,seed63139.png
25.751661,20.421083,seed6314.png
28.960434,16.346899,seed63140.png
-28.524702,8.846627,seed63141.png
40.418156,14.997374,seed63142.png
-10.877051,-6.3191137,seed63143.png
4.453488,-0.9390016,seed63144.png
-31.174892,15.170922,seed63145.png
10.006897,-32.87837,seed63146.png
39.11706,18.217258,seed63147.png
-12.795627,-22.910522,seed63148.png
21.416302,-2.5443623,seed63149.png
-34.93062,6.2984834,seed6315.png
10.5546255,21.676754,seed63150.png
14.613756,-36.14787,seed63151.png
4.6571584,8.751826,seed63152.png
10.500892,-42.695415,seed63153.png
14.951405,-6.380695,seed63154.png
-24.209885,14.07686,seed63155.png
12.053626,-41.434128,seed63156.png
33.914066,22.967106,seed63157.png
37.739746,15.216444,seed63158.png
34.111706,21.775389,seed63159.png
5.1250196,-1.4296385,seed6316.png
4.509938,11.658981,seed63160.png
-18.944773,-23.078463,seed63161.png
8.3497715,-9.8798485,seed63162.png
-33.44906,17.100458,seed63163.png
11.960448,-0.883488,seed63164.png
17.935003,-9.836308,seed63165.png
16.542122,20.057325,seed63166.png
24.974718,-2.8268769,seed63167.png
-19.520185,-25.372166,seed63168.png
7.3770695,-6.6081023,seed63169.png
-33.770294,16.674818,seed6317.png
-25.255192,-5.4498787,seed63170.png
27.108162,9.844372,seed63171.png
36.781273,26.101534,seed63172.png
11.216061,-23.141205,seed63173.png
11.2353945,-7.983369,seed63174.png
8.120266,-33.239212,seed63175.png
-32.28254,-8.890236,seed63176.png
20.417362,-5.579507,seed63177.png
-21.648531,-26.137321,seed63178.png
-13.648909,-26.333897,seed63179.png
-20.279945,-10.96787,seed6318.png
-17.926773,-2.7615187,seed63180.png
15.995819,21.294672,seed63181.png
31.63997,0.4179402,seed63182.png
-4.840791,-4.6408978,seed63183.png
-17.079348,-24.848928,seed63184.png
-29.910158,23.55636,seed63185.png
13.84381,-7.523287,seed63186.png
-16.821423,-17.603025,seed63187.png
39.41689,19.932064,seed63188.png
26.42198,3.474999,seed63189.png
4.3165445,24.19859,seed6319.png
26.783092,17.659622,seed63190.png
1.8968177,16.161331,seed63191.png
13.463746,1.4895406,seed63192.png
-1.4255856,-28.573198,seed63193.png
-31.947458,22.73367,seed63194.png
5.959242,6.103433,seed63195.png
-29.14031,15.584135,seed63196.png
14.793313,-9.559106,seed63197.png
-6.066008,1.1084524,seed63198.png
38.349434,13.958234,seed63199.png
-33.13548,18.500465,seed6320.png
30.620594,28.294415,seed63200.png
3.5136085,-11.11131,seed63201.png
29.439074,14.058242,seed63202.png
-34.217705,10.652873,seed63203.png
-4.6784754,3.5491016,seed63204.png
13.375914,27.60268,seed63205.png
-15.441612,-30.508266,seed63206.png
-15.267521,-10.979597,seed63207.png
-0.81423676,-6.9907327,seed63208.png
15.785928,14.920802,seed63209.png
32.92849,2.3174233,seed6321.png
-30.893564,5.5486403,seed63210.png
18.148657,4.109841,seed63211.png
34.085373,9.593227,seed63212.png
1.0658644,17.983498,seed63213.png
27.137766,16.774239,seed63214.png
2.418541,2.3398511,seed63215.png
9.313965,5.504823,seed63216.png
16.749146,-34.95773,seed63217.png
-21.79925,4.359015,seed63218.png
-13.673077,-19.890291,seed63219.png
8.578161,-34.01832,seed6322.png
-18.305119,14.785482,seed63220.png
-35.84106,16.573923,seed63221.png
8.380642,6.5746636,seed63222.png
-16.745487,-9.401646,seed63223.png
29.382908,2.068541,seed63224.png
13.801249,-30.939312,seed63225.png
4.1322246,7.794465,seed63226.png
-11.018987,-18.434109,seed63227.png
-33.073208,13.145631,seed63228.png
-18.875225,-16.531261,seed63229.png
21.989288,22.589832,seed6323.png
7.0658946,-32.924976,seed63230.png
-24.07022,-22.667486,seed63231.png
10.515741,28.355639,seed63232.png
-17.679821,-14.176282,seed63233.png
-17.307343,4.1956997,seed63234.png
-10.703275,-25.604664,seed63235.png
13.31798,7.014404,seed63236.png
11.18902,0.36011142,seed63237.png
-23.115864,2.9416566,seed63238.png
-1.469992,-11.192571,seed63239.png
31.979399,11.835234,seed6324.png
13.607034,21.358093,seed63240.png
28.872826,16.407097,seed63241.png
23.512491,2.2252514,seed63242.png
1.2174554,3.5302005,seed63243.png
20.976974,-3.402246,seed63244.png
-32.688065,22.278831,seed63245.png
-29.796051,1.9133835,seed63246.png
20.352985,5.529767,seed63247.png
5.930413,9.680172,seed63248.png
7.96671,21.030928,seed63249.png
-23.83066,4.106693,seed6325.png
25.688023,-4.6485076,seed63250.png
-19.390339,7.7418957,seed63251.png
24.577003,11.999115,seed63252.png
37.085052,11.499063,seed63253.png
-33.738144,23.23359,seed63254.png
41.15702,19.96416,seed63255.png
-28.151949,-2.4221385,seed63256.png
15.801892,-3.7820833,seed63257.png
13.636606,-34.552856,seed63258.png
25.69371,15.12373,seed63259.png
20.290966,1.6582892,seed6326.png
-30.336191,16.269947,seed63260.png
26.461506,10.065672,seed63261.png
-24.679165,-17.924837,seed63262.png
-4.7548866,-15.160292,seed63263.png
-21.907204,-2.7256994,seed63264.png
34.6385,14.651638,seed63265.png
-9.69845,0.22390212,seed63266.png
-23.10469,0.9612984,seed63267.png
0.29054224,25.337757,seed63268.png
14.350315,2.4490428,seed63269.png
-27.18378,10.095861,seed6327.png
-36.335808,19.916351,seed63270.png
-33.276386,24.506659,seed63271.png
-32.25895,-6.0031314,seed63272.png
-18.76012,-0.9026978,seed63273.png
38.502327,14.253061,seed63274.png
7.457996,24.78497,seed63275.png
-14.396926,1.4825718,seed63276.png
16.095623,7.096932,seed63277.png
-25.669975,-7.778865,seed63278.png
-4.776053,-15.11066,seed63279.png
21.421082,1.0394074,seed6328.png
-6.9850893,-27.929424,seed63280.png
-20.061073,0.16858943,seed63281.png
1.9670725,-16.21644,seed63282.png
-14.984935,-13.718918,seed63283.png
-20.95688,-16.409863,seed63284.png
12.437901,0.892753,seed63285.png
-34.258167,2.2796264,seed63286.png
11.372072,4.036338,seed63287.png
0.51819265,-15.264455,seed63288.png
-2.3569345,17.09821,seed63289.png
27.82665,14.264389,seed6329.png
0.548624,-14.867371,seed63290.png
20.700787,19.98689,seed63291.png
28.017677,-3.3717177,seed63292.png
-28.685497,-5.426317,seed63293.png
14.641224,-38.308613,seed63294.png
-33.32356,-9.156285,seed63295.png
33.520035,7.233672,seed63296.png
25.57841,8.226763,seed63297.png
38.055992,26.854927,seed63298.png
-13.6483555,-28.64388,seed63299.png
13.712507,28.290478,seed6330.png
-6.6458054,-16.239103,seed63300.png
-10.054525,-29.32216,seed63301.png
10.52475,1.53467,seed63302.png
32.38788,11.900857,seed63303.png
21.161928,20.124155,seed63304.png
-8.639181,6.8991504,seed63305.png
-17.131027,-17.309233,seed63306.png
-23.276262,-1.1821765,seed63307.png
-25.204268,-6.280433,seed63308.png
4.508876,-35.94039,seed63309.png
-4.231071,-24.1449,seed6331.png
0.67060506,14.890652,seed63310.png
8.656366,-39.450882,seed63311.png
13.012774,20.604256,seed63312.png
8.111834,18.816706,seed63313.png
-32.15171,14.911424,seed63314.png
6.374603,-20.889767,seed63315.png
12.129064,-40.270992,seed63316.png
-25.316463,-13.316199,seed63317.png
-25.794237,8.149903,seed63318.png
6.4587708,-28.373116,seed63319.png
0.99518883,-16.759338,seed6332.png
-35.82175,8.784848,seed63320.png
38.613853,17.743216,seed63321.png
-14.570498,-21.576857,seed63322.png
-2.5983534,18.305437,seed63323.png
-33.927742,16.567139,seed63324.png
37.231888,23.358591,seed63325.png
-13.425337,-31.67321,seed63326.png
30.22952,4.3073177,seed63327.png
-3.0156517,-17.029762,seed63328.png
-14.362302,-19.942673,seed63329.png
-33.743702,26.064678,seed6333.png
-26.488697,12.382882,seed63330.png
-10.66625,-14.622613,seed63331.png
-23.480177,-23.36517,seed63332.png
38.42227,5.855205,seed63333.png
26.51613,20.495985,seed63334.png
11.454471,-38.272903,seed63335.png
26.750381,16.252096,seed63336.png
-4.5658064,-13.144779,seed63337.png
0.39259797,-6.719629,seed63338.png
-13.990927,0.34891808,seed63339.png
13.42021,-28.613926,seed6334.png
-10.424101,-10.636349,seed63340.png
-21.67629,-17.465559,seed63341.png
13.596646,-28.364721,seed63342.png
21.023102,24.259035,seed63343.png
1.4477895,3.1050632,seed63344.png
-23.754387,-15.335362,seed63345.png
14.291086,9.894601,seed63346.png
37.350353,5.641123,seed63347.png
36.89019,19.309282,seed63348.png
-4.453266,3.9407618,seed63349.png
10.6102,-1.9237754,seed6335.png
26.075586,18.6856,seed63350.png
-23.342667,8.292613,seed63351.png
3.1834755,-11.221304,seed63352.png
-4.959047,-7.340866,seed63353.png
24.100712,14.776129,seed63354.png
-27.472216,-8.063386,seed63355.png
15.094911,-35.459484,seed63356.png
-18.884205,-18.714516,seed63357.png
36.558548,8.654559,seed63358.png
7.180241,-40.49434,seed63359.png
-4.060417,-13.275296,seed6336.png
9.098827,-29.645697,seed63360.png
-15.301026,-19.605524,seed63361.png
14.6017685,23.866625,seed63362.png
8.923527,4.520195,seed63363.png
32.104424,7.0473056,seed63364.png
14.608534,13.778517,seed63365.png
-23.282526,8.476842,seed63366.png
31.329523,2.0075316,seed63367.png
-24.864176,-11.581079,seed63368.png
1.7562517,-1.7194344,seed63369.png
28.868952,13.242429,seed6337.png
-2.284863,-17.981455,seed63370.png
6.669192,18.388268,seed63371.png
-1.0361477,19.510473,seed63372.png
-16.084875,-6.936351,seed63373.png
26.242233,16.306412,seed63374.png
-19.066721,-8.242432,seed63375.png
20.516384,22.3455,seed63376.png
6.1085696,13.174655,seed63377.png
15.603372,8.447656,seed63378.png
15.084926,-33.51167,seed63379.png
-19.696142,-5.9236107,seed6338.png
31.499144,8.046338,seed63380.png
24.789053,16.690928,seed63381.png
10.066238,-7.7973776,seed63382.png
-14.714218,-1.0086921,seed63383.png
24.948143,4.4701133,seed63384.png
10.54743,-39.77366,seed63385.png
37.514965,22.410563,seed63386.png
-20.250187,-22.114902,seed63387.png
-31.876406,22.428696,seed63388.png
-19.930399,-15.503943,seed63389.png
9.131856,-39.095947,seed6339.png
-12.573669,-14.888175,seed63390.png
25.491526,22.794964,seed63391.png
-14.787461,-7.845853,seed63392.png
12.550328,-4.509713,seed63393.png
-14.182497,-31.028563,seed63394.png
10.780389,17.54157,seed63395.png
-33.969463,-7.1179943,seed63396.png
-15.753816,-28.812483,seed63397.png
-20.031322,-3.8726408,seed63398.png
36.276516,19.959848,seed63399.png
-28.166313,-13.939592,seed6340.png
5.6947813,16.906101,seed63400.png
15.141544,-32.02307,seed63401.png
-13.722583,-14.427507,seed63402.png
36.79735,4.8320937,seed63403.png
-0.20393755,5.370219,seed63404.png
-31.797182,14.806601,seed63405.png
21.745693,19.365158,seed63406.png
-3.411872,10.374189,seed63407.png
-4.4137125,1.2917175,seed63408.png
10.567292,11.069996,seed63409.png
-26.381086,10.201109,seed6341.png
-28.962227,7.289046,seed63410.png
-0.2591172,24.177559,seed63411.png
-26.759174,-0.39679477,seed63412.png
20.03734,17.548601,seed63413.png
30.074224,14.431541,seed63414.png
-31.497768,15.034663,seed63415.png
22.310026,0.9296584,seed63416.png
20.56064,9.806839,seed63417.png
36.36097,11.764815,seed63418.png
12.280571,-28.111404,seed63419.png
35.987957,23.28304,seed6342.png
0.078266464,-17.655115,seed63420.png
-23.21706,-14.517956,seed63421.png
0.8395332,-12.553017,seed63422.png
-27.113781,-13.937311,seed63423.png
35.846268,15.205333,seed63424.png
7.0665364,-38.586956,seed63425.png
-22.643229,14.8969345,seed63426.png
31.553108,15.47172,seed63427.png
-22.295723,11.681593,seed63428.png
-32.41274,15.429478,seed63429.png
-30.237772,15.175997,seed6343.png
-33.304073,7.2164545,seed63430.png
19.144405,12.996858,seed63431.png
-20.953503,-4.0886593,seed63432.png
-25.196114,13.92014,seed63433.png
21.281866,-7.2503576,seed63434.png
28.61424,-0.9080331,seed63435.png
-15.9166155,0.8249239,seed63436.png
20.852827,20.846098,seed63437.png
35.89515,5.8718567,seed63438.png
-28.127476,7.2759237,seed63439.png
18.87415,26.753742,seed6344.png
12.469111,15.966542,seed63440.png
5.095195,-33.528965,seed63441.png
-29.373314,-19.68086,seed63442.png
15.457998,-3.843559,seed63443.png
-8.083253,-29.616358,seed63444.png
-3.0091577,-17.601212,seed63445.png
32.107956,19.682777,seed63446.png
33.741165,26.784449,seed63447.png
23.000471,12.911699,seed63448.png
22.868242,15.89101,seed63449.png
-20.899986,-5.001632,seed6345.png
-20.051579,-17.457615,seed63450.png
34.06002,7.2671328,seed63451.png
-5.892839,-15.6604805,seed63452.png
7.866514,-31.282238,seed63453.png
-8.609923,-12.879023,seed63454.png
-18.125353,1.5954262,seed63455.png
0.83785194,-27.946327,seed63456.png
-25.365993,-11.520874,seed63457.png
-9.881256,-21.976389,seed63458.png
12.440451,-32.21402,seed63459.png
-35.99931,26.761293,seed6346.png
14.497246,-39.573124,seed63460.png
4.3048034,21.133293,seed63461.png
-20.82151,-28.2311,seed63462.png
-36.23766,-2.5310571,seed63463.png
-32.759285,2.1985126,seed63464.png
10.4849205,19.857906,seed63465.png
-1.7381774,-15.727957,seed63466.png
12.891822,-28.159595,seed63467.png
-30.37298,-13.138775,seed63468.png
-13.68539,-20.987015,seed63469.png
15.60638,-37.490227,seed6347.png
22.871063,20.277254,seed63470.png
9.037786,-42.337402,seed63471.png
-19.14748,-15.051624,seed63472.png
-13.245879,-22.247944,seed63473.png
24.001282,-0.14087518,seed63474.png
7.75098,4.6970363,seed63475.png
6.6875734,9.3978195,seed63476.png
-15.37605,-6.7816396,seed63477.png
5.3803883,4.3992367,seed63478.png
1.8340033,20.705957,seed63479.png
7.4354887,11.237177,seed6348.png
6.1228757,-23.279667,seed63480.png
24.924341,11.531842,seed63481.png
12.419359,-4.3516393,seed63482.png
16.463387,7.9576173,seed63483.png
-23.841354,-15.822056,seed63484.png
-33.509254,1.6497697,seed63485.png
-5.482985,-11.714781,seed63486.png
-34.71916,27.60834,seed63487.png
-11.474721,-18.19523,seed63488.png
-7.9679594,-9.867307,seed63489.png
11.583799,28.31174,seed6349.png
-21.264194,-21.56919,seed63490.png
18.993402,13.67052,seed63491.png
6.8362436,-27.013632,seed63492.png
-7.2706513,-22.891275,seed63493.png
-24.302492,5.6730585,seed63494.png
-11.361592,-23.263977,seed63495.png
14.331779,-34.190056,seed63496.png
-21.135221,-15.584129,seed63497.png
29.619104,4.903983,seed63498.png
24.836464,21.86452,seed63499.png
23.425905,3.8956568,seed6350.png
9.705937,15.471451,seed63500.png
19.107317,4.265007,seed63501.png
-20.115208,-9.875808,seed63502.png
3.9879525,14.940217,seed63503.png
-26.53529,-22.42481,seed63504.png
-17.747519,0.042777754,seed63505.png
8.642105,-41.60044,seed63506.png
7.8761296,0.5886867,seed63507.png
38.284515,23.603823,seed63508.png
-3.6196046,4.3098383,seed63509.png
15.772357,-7.29049,seed6351.png
-12.686335,-19.720858,seed63510.png
6.7232895,6.145253,seed63511.png
-1.8101304,0.6567493,seed63512.png
17.38043,26.007853,seed63513.png
-22.64449,12.665927,seed63514.png
-35.209133,25.859026,seed63515.png
14.647347,-34.260277,seed63516.png
-27.022606,16.210878,seed63517.png
-4.022644,-17.184364,seed63518.png
-5.027672,-5.5855565,seed63519.png
-7.510826,-25.415377,seed6352.png
23.230026,13.106229,seed63520.png
-17.31987,5.410486,seed63521.png
33.758595,20.79964,seed63522.png
-3.8777604,6.88315,seed63523.png
14.374429,-3.3651788,seed63524.png
-33.97467,22.912361,seed63525.png
0.63850516,-14.936031,seed63526.png
-10.712437,4.163819,seed63527.png
-11.329885,-21.881817,seed63528.png
34.974037,3.556613,seed63529.png
-12.662387,8.111779,seed6353.png
35.01978,5.5575686,seed63530.png
-27.239742,5.963112,seed63531.png
-14.964857,-3.5692434,seed63532.png
-17.363369,-25.404093,seed63533.png
14.644632,16.314041,seed63534.png
21.199097,16.774017,seed63535.png
-9.167007,-1.145584,seed63536.png
5.4505963,5.1835656,seed63537.png
9.84909,-35.655216,seed63538.png
-36.325413,10.361714,seed63539.png
0.4793445,-2.4372067,seed6354.png
4.1064057,19.147583,seed63540.png
13.352134,14.981767,seed63541.png
10.820726,-31.894787,seed63542.png
16.897684,24.524023,seed63543.png
18.79021,11.181702,seed63544.png
-18.311724,-11.407772,seed63545.png
-22.515009,-10.060692,seed63546.png
31.498661,7.5585647,seed63547.png
-22.559206,-9.165493,seed63548.png
27.48893,26.83136,seed63549.png
-20.65845,-24.631659,seed6355.png
-1.23163,24.906723,seed63550.png
-12.828668,-28.001299,seed63551.png
1.8841778,25.333153,seed63552.png
-21.83723,-24.423557,seed63553.png
4.0395985,-7.1501274,seed63554.png
-16.970448,-25.541788,seed63555.png
5.9620934,-35.457,seed63556.png
-1.7998874,-13.615847,seed63557.png
5.5010405,20.209085,seed63558.png
-6.7738442,-6.545829,seed63559.png
13.244831,9.212766,seed6356.png
19.304749,17.324537,seed63560.png
24.595617,15.207677,seed63561.png
37.438908,5.140222,seed63562.png
8.64373,22.107185,seed63563.png
-15.936278,7.277947,seed63564.png
8.57757,-33.007008,seed63565.png
-13.374275,-29.433102,seed63566.png
16.862545,-32.598427,seed63567.png
-33.335224,21.757254,seed63568.png
-21.128105,-18.713833,seed63569.png
38.178978,11.056519,seed6357.png
34.984142,22.969522,seed63570.png
27.280266,16.196865,seed63571.png
21.44686,23.513662,seed63572.png
-2.9926965,8.5435,seed63573.png
3.475159,0.17679644,seed63574.png
-29.043888,-2.881018,seed63575.png
-3.7863505,-24.061012,seed63576.png
-1.0354942,-9.085746,seed63577.png
-18.773163,11.930814,seed63578.png
3.0195348,-13.528438,seed63579.png
-27.082481,-13.969002,seed6358.png
-14.450468,0.9808261,seed63580.png
-32.2452,-7.630956,seed63581.png
32.448463,28.37814,seed63582.png
28.391476,13.118038,seed63583.png
-13.615666,-9.388652,seed63584.png
13.7223215,13.44941,seed63585.png
-21.18122,2.93195,seed63586.png
-21.753912,9.199814,seed63587.png
-22.294174,-22.977036,seed63588.png
-12.770103,-7.263607,seed63589.png
8.004177,-38.07767,seed6359.png
-1.8224244,-20.633572,seed63590.png
-17.765245,-4.8529115,seed63591.png
17.036211,14.795399,seed63592.png
-20.479475,9.0002165,seed63593.png
12.226895,27.585722,seed63594.png
24.120853,15.1121,seed63595.png
36.045902,7.0958123,seed63596.png
10.560942,-33.126137,seed63597.png
-29.636648,2.92209,seed63598.png
-12.865949,-20.435389,seed63599.png
14.771091,2.8135438,seed6360.png
33.48601,21.392748,seed63600.png
9.76561,7.856235,seed63601.png
-36.937157,19.114138,seed63602.png
5.2581787,-4.9966955,seed63603.png
-26.58765,-19.099571,seed63604.png
20.859892,-10.068155,seed63605.png
12.212971,16.274343,seed63606.png
-2.2131784,4.844801,seed63607.png
28.534594,17.876453,seed63608.png
32.59904,21.047604,seed63609.png
2.6646864,-3.195538,seed6361.png
10.356884,-29.018482,seed63610.png
32.471653,10.375484,seed63611.png
-4.198499,2.127118,seed63612.png
38.50445,11.626334,seed63613.png
23.66043,12.061579,seed63614.png
-6.3264546,-21.853022,seed63615.png
-29.532984,-20.503668,seed63616.png
34.317944,5.2115493,seed63617.png
32.04248,13.699851,seed63618.png
-11.30881,-17.605734,seed63619.png
21.692808,7.7519317,seed6362.png
27.011358,12.787566,seed63620.png
-10.959451,-26.241682,seed63621.png
-32.300476,-4.2223544,seed63622.png
-20.732355,-4.693821,seed63623.png
-23.301498,-1.919977,seed63624.png
33.085453,26.67424,seed63625.png
26.53908,21.21117,seed63626.png
-23.244795,-17.290182,seed63627.png
11.344629,-42.246124,seed63628.png
33.28979,22.251528,seed63629.png
11.964137,21.323687,seed6363.png
12.237278,-42.209602,seed63630.png
14.889763,19.209337,seed63631.png
20.29567,26.909172,seed63632.png
24.468872,15.624135,seed63633.png
5.2752037,8.893614,seed63634.png
18.07998,14.708425,seed63635.png
-34.863655,14.930628,seed63636.png
-13.676449,-9.7014475,seed63637.png
-17.971699,-32.985344,seed63638.png
-14.054919,-19.24942,seed63639.png
-22.102112,-18.115488,seed6364.png
10.916285,-0.19723411,seed63640.png
-29.128448,15.09147,seed63641.png
32.54326,27.140732,seed63642.png
-20.69347,18.532742,seed63643.png
-29.532335,16.873678,seed63644.png
-28.92363,20.787838,seed63645.png
-17.84422,-14.898047,seed63646.png
-32.492065,24.73173,seed63647.png
30.29271,28.85008,seed63648.png
13.118676,-32.90547,seed63649.png
-23.451672,-24.112568,seed6365.png
10.208326,25.14905,seed63650.png
38.012615,20.270803,seed63651.png
10.785054,-30.008114,seed63652.png
-33.605618,-0.93094105,seed63653.png
-24.761961,-17.38468,seed63654.png
-36.928753,-6.108917,seed63655.png
-15.557218,5.1237326,seed63656.png
27.651459,14.942811,seed63657.png
2.0581582,14.873339,seed63658.png
-17.608604,4.108846,seed63659.png
-6.88449,9.815557,seed6366.png
20.722763,-1.3576901,seed63660.png
-15.628779,7.742706,seed63661.png
4.4930754,23.67909,seed63662.png
-11.26041,-23.140337,seed63663.png
11.95099,-25.263626,seed63664.png
-1.8859652,20.369234,seed63665.png
6.1516547,17.737911,seed63666.png
-23.784678,7.7288322,seed63667.png
-15.187379,1.0384847,seed63668.png
34.98419,11.4377,seed63669.png
-20.842703,-8.466625,seed6367.png
-20.547392,1.0131817,seed63670.png
3.6226683,18.350935,seed63671.png
12.727503,-38.222878,seed63672.png
27.405598,10.851366,seed63673.png
-17.735,-9.15985,seed63674.png
37.819733,12.544371,seed63675.png
12.955361,27.827204,seed63676.png
30.555666,27.896416,seed63677.png
34.295773,7.156176,seed63678.png
-11.0596695,-26.523726,seed63679.png
-12.980648,-13.7331505,seed6368.png
31.109982,9.98717,seed63680.png
-35.17483,-6.542237,seed63681.png
7.4308605,-24.971512,seed63682.png
-14.880041,-28.009005,seed63683.png
13.745123,-31.419891,seed63684.png
5.3781185,20.436142,seed63685.png
-20.464777,-29.328337,seed63686.png
-34.947655,11.595253,seed63687.png
-17.214613,-15.316231,seed63688.png
6.5876307,-42.266064,seed63689.png
32.645393,8.258935,seed6369.png
17.137768,-2.9915044,seed63690.png
-31.85731,17.499474,seed63691.png
2.4753916,16.256697,seed63692.png
0.54316473,21.635862,seed63693.png
28.906967,27.7245,seed63694.png
-10.604383,-10.218004,seed63695.png
8.22475,-32.16228,seed63696.png
21.155844,14.928407,seed63697.png
-20.058222,-8.827084,seed63698.png
2.8535552,-32.674084,seed63699.png
-34.100616,16.879974,seed6370.png
-18.410372,-10.3168745,seed63700.png
-24.131777,-12.457267,seed63701.png
-11.42974,-18.750793,seed63702.png
12.903427,25.125032,seed63703.png
-8.713835,-1.4767997,seed63704.png
-31.436865,22.680723,seed63705.png
-20.009548,6.5084043,seed63706.png
21.698397,4.5180287,seed63707.png
-8.541657,-23.989056,seed63708.png
39.986557,14.052183,seed63709.png
-18.059364,-1.0418003,seed6371.png
24.048168,2.6771083,seed63710.png
35.844925,15.7235985,seed63711.png
-31.969011,1.0590801,seed63712.png
-14.1345825,-6.3184533,seed63713.png
-25.612902,-19.30295,seed63714.png
-24.560392,-0.21895868,seed63715.png
-8.75012,-14.631046,seed63716.png
-18.85039,-25.159645,seed63717.png
14.138662,-7.8887253,seed63718.png
-35.629795,26.0475,seed63719.png
32.038013,3.4177454,seed6372.png
-27.41017,9.440916,seed63720.png
41.77073,16.649534,seed63721.png
-9.818054,-12.210339,seed63722.png
34.887787,15.474274,seed63723.png
21.134201,13.745831,seed63724.png
19.9462,6.219473,seed63725.png
21.960726,21.766443,seed63726.png
-39.03853,18.923267,seed63727.png
13.813286,-4.716774,seed63728.png
7.017847,-28.084518,seed63729.png
-30.806452,17.285206,seed6373.png
40.27746,23.09753,seed63730.png
12.764008,-27.116236,seed63731.png
-26.248636,0.6918261,seed63732.png
21.409357,24.210188,seed63733.png
3.0544105,-22.217667,seed63734.png
11.351805,-38.768456,seed63735.png
-9.600262,-5.0749416,seed63736.png
25.997314,8.218112,seed63737.png
-4.4522862,-15.798147,seed63738.png
-32.514725,-1.169676,seed63739.png
-20.893301,-6.954031,seed6374.png
-34.742744,27.309866,seed63740.png
-19.32947,-11.990757,seed63741.png
14.769227,-31.379831,seed63742.png
-22.576366,10.605858,seed63743.png
21.997541,7.2076693,seed63744.png
-22.033045,-14.363734,seed63745.png
-36.136536,3.0774941,seed63746.png
8.9357815,-3.9669325,seed63747.png
-26.92771,8.602363,seed63748.png
4.079742,-0.0811366,seed63749.png
4.30615,-7.650474,seed6375.png
-17.352974,-16.660671,seed63750.png
-26.016745,-3.6536589,seed63751.png
-14.451104,-11.850513,seed63752.png
-15.608293,4.3507237,seed63753.png
1.8932667,21.396933,seed63754.png
-12.847368,3.3757906,seed63755.png
4.1831193,23.29318,seed63756.png
5.1501527,1.2038177,seed63757.png
-17.762396,-31.144535,seed63758.png
-14.70546,-1.736774,seed63759.png
-21.734434,-24.580126,seed6376.png
2.7224994,16.120237,seed63760.png
35.378574,21.637966,seed63761.png
-19.819962,1.3380378,seed63762.png
31.448107,14.724722,seed63763.png
21.106165,-0.44767866,seed63764.png
-0.32909903,-12.36532,seed63765.png
34.68058,23.842548,seed63766.png
-15.243778,-28.740463,seed63767.png
20.64678,-1.7482375,seed63768.png
-14.955001,-29.405695,seed63769.png
-18.307972,-28.192675,seed6377.png
29.568329,3.7387288,seed63770.png
-21.061157,-0.62089986,seed63771.png
-32.90928,0.016944567,seed63772.png
-26.004784,11.184955,seed63773.png
-18.418745,-28.712114,seed63774.png
-30.77469,15.376326,seed63775.png
-17.355997,-24.650776,seed63776.png
-25.39812,-20.752901,seed63777.png
25.10709,5.3245597,seed63778.png
4.370621,16.295483,seed63779.png
19.40004,-8.788276,seed6378.png
2.4251437,17.739079,seed63780.png
34.90706,21.701492,seed63781.png
11.500987,7.2227507,seed63782.png
22.14788,-3.2769842,seed63783.png
-27.942942,17.861431,seed63784.png
11.421215,-5.4369836,seed63785.png
-31.274647,16.0892,seed63786.png
-26.289007,-0.87599534,seed63787.png
3.1303065,3.8953912,seed63788.png
-37.77852,9.130671,seed63789.png
-20.927715,-29.4817,seed6379.png
12.123426,-1.7614386,seed63790.png
-23.849466,-2.5539606,seed63791.png
7.9258714,21.968542,seed63792.png
14.86827,25.822113,seed63793.png
13.817099,-35.443237,seed63794.png
-28.94613,12.616888,seed63795.png
-27.04698,6.3907866,seed63796.png
-31.070461,21.375715,seed63797.png
24.615776,19.125835,seed63798.png
-3.479002,2.555911,seed63799.png
-26.28084,-17.66056,seed6380.png
-32.074593,25.48822,seed63800.png
23.768463,1.7954477,seed63801.png
-14.002576,-11.246636,seed63802.png
-21.252073,-2.3027837,seed63803.png
-18.685783,-15.963559,seed63804.png
3.2862837,20.122972,seed63805.png
8.517545,-36.653778,seed63806.png
30.01823,10.562599,seed63807.png
-32.43674,23.86552,seed63808.png
-30.207056,13.648303,seed63809.png
-18.695196,14.001926,seed6381.png
-21.683268,-16.47096,seed63810.png
21.008116,4.926308,seed63811.png
31.826912,12.337655,seed63812.png
-0.14497976,15.412089,seed63813.png
-26.932623,-5.4574685,seed63814.png
10.442961,28.69535,seed63815.png
12.082543,-41.015774,seed63816.png
26.563826,7.2489724,seed63817.png
16.296995,19.770576,seed63818.png
39.23902,16.800201,seed63819.png
6.6773047,-42.00091,seed6382.png
-11.374565,-20.227621,seed63820.png
-8.700024,-6.1077166,seed63821.png
24.98836,7.096844,seed63822.png
-34.972492,23.647942,seed63823.png
10.690987,1.2329818,seed63824.png
24.088924,12.312817,seed63825.png
0.23974577,-1.0482167,seed63826.png
5.9210753,10.971222,seed63827.png
-14.164809,-23.906527,seed63828.png
-31.642162,2.2679882,seed63829.png
-30.221497,-3.3659606,seed6383.png
-11.929338,7.1530805,seed63830.png
-28.19794,6.394053,seed63831.png
16.104462,-30.216646,seed63832.png
-25.206429,-22.369776,seed63833.png
-22.727444,-15.776043,seed63834.png
-24.832743,-6.6142325,seed63835.png
-29.14173,17.890863,seed63836.png
9.615698,-29.517403,seed63837.png
15.392011,-33.989853,seed63838.png
-21.279728,-2.9867125,seed63839.png
4.7316074,-5.2531576,seed6384.png
-34.198124,23.114077,seed63840.png
2.2376716,-11.531691,seed63841.png
13.024358,-0.67389244,seed63842.png
-9.204907,-25.64047,seed63843.png
-7.5185614,-27.830147,seed63844.png
23.247955,23.282104,seed63845.png
14.511368,8.973027,seed63846.png
-0.32863194,5.0936894,seed63847.png
16.577415,0.07142828,seed63848.png
7.4327097,-27.812864,seed63849.png
-29.211357,-15.403389,seed6385.png
-10.683303,-27.797367,seed63850.png
-32.33951,10.247364,seed63851.png
5.693502,-38.54386,seed63852.png
4.185045,14.573818,seed63853.png
13.856991,-28.867418,seed63854.png
13.394877,-0.37994388,seed63855.png
4.148334,3.9582562,seed63856.png
29.137886,26.688602,seed63857.png
31.552809,17.520634,seed63858.png
10.716936,-41.83916,seed63859.png
-28.269663,-14.881603,seed6386.png
15.505606,-1.1841577,seed63860.png
-0.9472408,24.782125,seed63861.png
-8.059517,-5.8813567,seed63862.png
25.249523,-5.0437074,seed63863.png
-14.635722,-10.898402,seed63864.png
-8.946535,-21.142788,seed63865.png
-17.543116,6.7399974,seed63866.png
31.189611,7.8085375,seed63867.png
36.35535,20.876476,seed63868.png
10.387469,-1.6248332,seed63869.png
-29.188005,18.843353,seed6387.png
-29.648968,19.352386,seed63870.png
-13.14559,-21.227299,seed63871.png
-32.458984,2.3751636,seed63872.png
-21.17926,-25.73422,seed63873.png
-15.1899395,-11.2590065,seed63874.png
10.361037,-28.739117,seed63875.png
9.03509,3.246519,seed63876.png
-21.53719,-3.714665,seed63877.png
13.858757,-40.46214,seed63878.png
12.032917,-36.800365,seed63879.png
-18.657988,-7.6168203,seed6388.png
14.65786,-33.19002,seed63880.png
1.7041625,1.3582544,seed63881.png
-10.651655,-9.956909,seed63882.png
23.138302,10.551514,seed63883.png
20.961472,-4.5358067,seed63884.png
31.069464,29.251556,seed63885.png
-16.436125,2.0610945,seed63886.png
12.64127,3.7772844,seed63887.png
-18.362692,-8.302116,seed63888.png
-23.459475,10.673781,seed63889.png
12.037649,-3.4993145,seed6389.png
-22.413692,-22.744528,seed63890.png
-27.9163,-14.847462,seed63891.png
-13.047861,-1.0054779,seed63892.png
22.226671,7.334399,seed63893.png
13.290461,-38.955967,seed63894.png
21.19385,18.097914,seed63895.png
13.887927,-0.59793645,seed63896.png
25.854195,6.764731,seed63897.png
-2.2220292,13.862806,seed63898.png
12.063794,-15.987995,seed63899.png
-22.024094,0.95268875,seed6390.png
20.24855,-5.27437,seed63900.png
-22.015936,-18.245663,seed63901.png
-34.752792,-2.3314579,seed63902.png
-32.11202,19.881212,seed63903.png
-14.493154,-15.01138,seed63904.png
10.495213,-28.659897,seed63905.png
-19.636105,3.4516199,seed63906.png
-21.555624,20.254429,seed63907.png
-1.6125454,25.382778,seed63908.png
39.583054,16.19999,seed63909.png
10.329789,28.510271,seed6391.png
14.786901,23.055704,seed63910.png
0.6162159,-18.364836,seed63911.png
6.7177424,11.580949,seed63912.png
-22.791609,-21.27178,seed63913.png
-23.977875,-11.716773,seed63914.png
-15.289627,-21.871695,seed63915.png
-22.214764,7.6526837,seed63916.png
8.501144,-40.804028,seed63917.png
32.458202,24.959375,seed63918.png
18.669792,13.686268,seed63919.png
-28.204659,16.311245,seed6392.png
-14.424878,-23.852573,seed63920.png
31.141802,12.672972,seed63921.png
-31.528618,19.599148,seed63922.png
35.932907,14.234121,seed63923.png
17.54823,17.737724,seed63924.png
-25.081558,19.537426,seed63925.png
12.101256,22.768179,seed63926.png
38.471443,19.042217,seed63927.png
37.885296,5.0708423,seed63928.png
-24.103432,8.779029,seed63929.png
31.290005,23.633476,seed6393.png
-18.690031,-29.857769,seed63930.png
31.484621,10.310142,seed63931.png
-32.766155,22.630922,seed63932.png
33.673088,7.8230586,seed63933.png
-10.185287,-9.221657,seed63934.png
-18.043242,-21.143324,seed63935.png
-35.454277,16.204996,seed63936.png
-26.727512,13.804789,seed63937.png
-34.09537,-5.5973773,seed63938.png
8.094372,12.1073675,seed63939.png
-11.742619,-16.79735,seed6394.png
17.62785,-0.18883903,seed63940.png
2.710591,13.131072,seed63941.png
13.754466,5.2366066,seed63942.png
35.638393,25.921684,seed63943.png
6.1469398,6.8338804,seed63944.png
-22.426954,18.89194,seed63945.png
-32.676407,24.843328,seed63946.png
15.45909,-4.6528873,seed63947.png
13.484341,-32.82926,seed63948.png
-25.43945,0.34638926,seed63949.png
13.362032,-34.821877,seed6395.png
-23.692163,-4.987386,seed63950.png
-12.173442,-9.307266,seed63951.png
6.998187,8.893313,seed63952.png
10.274755,0.4739642,seed63953.png
6.9884815,19.259512,seed63954.png
-26.080004,-1.9356116,seed63955.png
-14.046147,-5.9563007,seed63956.png
17.117378,4.2969375,seed63957.png
-21.500078,1.2852334,seed63958.png
-30.981356,11.135361,seed63959.png
13.1738405,16.622274,seed6396.png
4.731508,12.517729,seed63960.png
29.028265,10.993873,seed63961.png
26.917936,15.923432,seed63962.png
39.345573,17.155449,seed63963.png
-26.566364,14.637977,seed63964.png
13.573825,12.314664,seed63965.png
9.51701,4.761503,seed63966.png
5.4217086,-27.034433,seed63967.png
8.296939,22.752878,seed63968.png
-34.370655,24.157576,seed63969.png
-31.475943,19.584738,seed6397.png
10.011384,26.468344,seed63970.png
-3.6929235,-16.294552,seed63971.png
-2.4337578,-15.996498,seed63972.png
9.4538765,-9.305455,seed63973.png
20.80998,-2.1131349,seed63974.png
-24.134478,-1.4416245,seed63975.png
-33.039528,-8.357184,seed63976.png
-14.245579,9.183925,seed63977.png
15.609174,-34.305107,seed63978.png
38.0639,15.910976,seed63979.png
24.891396,10.153404,seed6398.png
-19.453815,-28.734747,seed63980.png
-26.132395,-0.108334206,seed63981.png
27.372522,25.755392,seed63982.png
25.994905,16.636671,seed63983.png
7.876057,-27.785524,seed63984.png
13.00241,8.9849615,seed63985.png
19.820229,9.456324,seed63986.png
30.50379,27.783636,seed63987.png
6.8303833,-8.828029,seed63988.png
21.13994,17.756685,seed63989.png
26.210625,23.278088,seed6399.png
-18.850075,6.5669,seed63990.png
3.879849,-33.558167,seed63991.png
9.842007,8.166007,seed63992.png
25.157537,0.8671972,seed63993.png
17.781681,23.373377,seed63994.png
-15.5229225,-13.835818,seed63995.png
24.980574,-4.487049,seed63996.png
16.096182,25.913591,seed63997.png
-20.603254,-8.525199,seed63998.png
13.812244,-31.713379,seed63999.png
-14.59932,10.740825,seed6400.png
-32.614155,21.54452,seed64000.png
13.572754,24.984776,seed64001.png
-9.06884,-17.201862,seed64002.png
28.966272,15.427728,seed64003.png
-33.631428,22.33356,seed64004.png
31.51086,21.681242,seed64005.png
14.548819,18.631042,seed64006.png
30.35501,12.094524,seed64007.png
-12.944151,4.656129,seed64008.png
-4.717255,-1.7570294,seed64009.png
29.38916,28.713116,seed6401.png
15.119659,19.661364,seed64010.png
-20.272133,8.450507,seed64011.png
-31.871346,-5.947641,seed64012.png
-34.125607,-4.8972926,seed64013.png
12.814501,0.15064381,seed64014.png
1.8561186,13.099239,seed64015.png
-29.134708,-0.68410414,seed64016.png
-4.8485274,-12.853276,seed64017.png
11.07909,-29.554415,seed64018.png
-6.311919,20.467829,seed64019.png
7.4332914,17.81273,seed6402.png
35.663887,16.069416,seed64020.png
4.7762794,-36.7523,seed64021.png
-25.470282,15.160842,seed64022.png
13.153037,-40.627872,seed64023.png
-10.898067,-17.558926,seed64024.png
10.796743,-2.8848894,seed64025.png
-34.241024,26.607344,seed64026.png
-2.6993089,2.8606617,seed64027.png
-7.024635,-25.756172,seed64028.png
-24.698217,-11.415093,seed64029.png
13.109596,-8.13495,seed6403.png
6.163221,-26.632633,seed64030.png
-1.4204186,-12.351199,seed64031.png
-14.94247,-21.24004,seed64032.png
12.985717,0.8067412,seed64033.png
-30.790245,7.8699675,seed64034.png
38.81728,17.077858,seed64035.png
2.2355833,-0.70138735,seed64036.png
-28.945557,11.840128,seed64037.png
6.8643575,6.001471,seed64038.png
5.5463266,-1.6488318,seed64039.png
-33.745102,14.9221525,seed6404.png
-32.008583,9.65142,seed64040.png
40.0072,17.286228,seed64041.png
17.627985,12.644581,seed64042.png
-34.182682,0.038362823,seed64043.png
4.1533427,24.693068,seed64044.png
-25.65837,-2.5772972,seed64045.png
11.1397,-41.44,seed64046.png
1.4010106,-9.808798,seed64047.png
-34.525143,24.932152,seed64048.png
-16.97228,11.018584,seed64049.png
9.503084,-28.943312,seed6405.png
32.751144,24.03384,seed64050.png
-8.527347,-4.4284725,seed64051.png
4.3366575,-26.686567,seed64052.png
19.3709,-0.42921978,seed64053.png
-10.426892,-22.739508,seed64054.png
2.9297807,-0.9172859,seed64055.png
-20.693407,8.773041,seed64056.png
14.371849,-39.573513,seed64057.png
-31.664944,22.783463,seed64058.png
25.943241,0.6676441,seed64059.png
7.991081,-3.613547,seed6406.png
-19.322725,-18.954464,seed64060.png
11.776316,16.12771,seed64061.png
-14.195365,-5.554984,seed64062.png
-12.881713,-10.761408,seed64063.png
24.95427,17.36493,seed64064.png
-9.126311,-2.8617828,seed64065.png
-21.701366,-27.932512,seed64066.png
37.58843,17.702587,seed64067.png
15.336166,-36.035275,seed64068.png
4.1501083,17.542202,seed64069.png
7.5970345,7.8362117,seed6407.png
-26.930304,3.9052317,seed64070.png
25.456778,4.118187,seed64071.png
-1.211355,-16.23079,seed64072.png
-18.06463,-17.832697,seed64073.png
18.898417,-2.135322,seed64074.png
10.38248,1.9539009,seed64075.png
-28.116129,2.5078788,seed64076.png
-37.180283,22.837854,seed64077.png
-21.027834,16.95249,seed64078.png
-19.240644,4.327404,seed64079.png
11.491383,-42.974697,seed6408.png
-31.725948,22.114357,seed64080.png
-4.912557,-4.0634003,seed64081.png
35.081703,18.116888,seed64082.png
12.034701,18.0135,seed64083.png
-6.085731,-23.973349,seed64084.png
3.812187,23.493153,seed64085.png
34.454018,3.9432938,seed64086.png
-15.431329,-30.5862,seed64087.png
21.884499,21.739265,seed64088.png
-35.303974,14.6485615,seed64089.png
-11.466696,-28.53118,seed6409.png
31.32351,7.857677,seed64090.png
19.309498,21.678452,seed64091.png
4.7040486,23.83279,seed64092.png
-1.7278848,-9.526091,seed64093.png
-1.3339698,-12.168945,seed64094.png
-19.943007,11.48474,seed64095.png
-21.624386,-1.639455,seed64096.png
-21.894192,-6.7788057,seed64097.png
-5.438324,13.78982,seed64098.png
36.579556,11.260017,seed64099.png
17.5508,25.94558,seed6410.png
13.21244,-28.24765,seed64100.png
10.883369,-43.553574,seed64101.png
16.55012,-8.100318,seed64102.png
14.262469,-33.0207,seed64103.png
21.247541,-4.6755314,seed64104.png
9.253265,20.904444,seed64105.png
16.416796,24.867449,seed64106.png
-20.169086,2.7899423,seed64107.png
-30.385244,11.941544,seed64108.png
-18.274336,-5.2856975,seed64109.png
-32.670284,15.383717,seed6411.png
-16.10395,-15.52885,seed64110.png
6.4905787,-29.088503,seed64111.png
7.6736503,-39.901714,seed64112.png
-23.190414,16.948767,seed64113.png
-18.337343,1.9918022,seed64114.png
10.578672,14.778259,seed64115.png
11.479139,-3.1584637,seed64116.png
-15.704429,-17.528143,seed64117.png
-19.519644,-5.2549086,seed64118.png
10.786043,10.979373,seed64119.png
-2.092874,-9.883112,seed6412.png
-19.534382,10.864119,seed64120.png
-33.14092,-10.90304,seed64121.png
21.587076,-1.1088126,seed64122.png
-21.101727,4.4462433,seed64123.png
4.3752823,-28.0987,seed64124.png
34.606236,6.999881,seed64125.png
18.240572,4.3661485,seed64126.png
-22.208506,1.0434127,seed64127.png
2.2381701,20.184164,seed64128.png
12.695418,-5.7240653,seed64129.png
-1.8719565,-12.01988,seed6413.png
-17.556393,5.208289,seed64130.png
-27.068977,13.763783,seed64131.png
-12.819228,-29.794493,seed64132.png
-18.899567,-26.30632,seed64133.png
-34.089443,8.250765,seed64134.png
-19.803324,7.867646,seed64135.png
16.686085,-36.65873,seed64136.png
-18.249685,-27.06355,seed64137.png
-32.78298,18.45948,seed64138.png
5.3765407,5.52284,seed64139.png
-2.5312111,-16.712746,seed6414.png
-18.795536,1.8293593,seed64140.png
6.6301746,12.713577,seed64141.png
22.946148,3.2779408,seed64142.png
-20.630278,1.4030248,seed64143.png
26.830465,10.678436,seed64144.png
-0.14043042,-15.41163,seed64145.png
22.715689,4.700628,seed64146.png
21.724518,13.115327,seed64147.png
6.839782,10.437778,seed64148.png
-14.59964,-27.385588,seed64149.png
4.4519157,13.3983345,seed6415.png
-33.96462,27.007154,seed64150.png
22.629095,14.064096,seed64151.png
-16.208258,-25.912674,seed64152.png
14.051056,9.2282,seed64153.png
26.832617,18.613659,seed64154.png
14.115388,6.0637283,seed64155.png
1.8905663,20.887339,seed64156.png
-30.100935,9.7736,seed64157.png
-8.806872,-6.780651,seed64158.png
29.628628,22.41386,seed64159.png
-28.082232,-12.941682,seed6416.png
-30.807737,20.62266,seed64160.png
-2.975685,1.7452828,seed64161.png
23.845749,20.257656,seed64162.png
-19.856922,-7.31715,seed64163.png
13.158452,28.079592,seed64164.png
-13.536265,11.711888,seed64165.png
17.469666,-10.706741,seed64166.png
-32.42557,23.229034,seed64167.png
-34.26587,20.519287,seed64168.png
-33.77821,10.160188,seed64169.png
4.845001,5.7881613,seed6417.png
21.614393,22.356432,seed64170.png
-15.614297,-4.709534,seed64171.png
-1.5704412,-14.6639185,seed64172.png
-20.03847,15.770135,seed64173.png
26.907166,5.311223,seed64174.png
-25.348642,-0.2517116,seed64175.png
27.321175,7.508578,seed64176.png
-34.009224,24.484995,seed64177.png
-19.346231,-14.151613,seed64178.png
10.453846,-39.05026,seed64179.png
24.303062,1.4222215,seed6418.png
-26.941164,-4.143904,seed64180.png
22.423374,26.073963,seed64181.png
27.381052,19.48591,seed64182.png
24.492403,14.211716,seed64183.png
-16.254322,9.673609,seed64184.png
-21.25058,9.231469,seed64185.png
28.496698,5.368051,seed64186.png
-8.142475,-13.132858,seed64187.png
8.884386,-35.66393,seed64188.png
-20.315845,-29.908867,seed64189.png
21.586916,-0.25098297,seed6419.png
-12.906875,-24.262356,seed64190.png
-17.860023,-22.70627,seed64191.png
12.990207,21.395359,seed64192.png
-22.609148,-20.367304,seed64193.png
22.288559,18.890463,seed64194.png
2.645664,14.242022,seed64195.png
-35.046627,7.5839305,seed64196.png
8.202896,-31.400122,seed64197.png
0.60398036,9.675788,seed64198.png
-24.26748,6.040361,seed64199.png
24.345558,-5.095554,seed6420.png
4.66607,14.295618,seed64200.png
-31.638332,24.652939,seed64201.png
4.3384776,17.96634,seed64202.png
-31.710691,25.760347,seed64203.png
-13.49719,-24.25661,seed64204.png
3.6286957,-25.881252,seed64205.png
2.4155905,19.880203,seed64206.png
35.14852,9.929983,seed64207.png
-16.16952,-27.415201,seed64208.png
-27.290394,5.339302,seed64209.png
1.2229058,23.160938,seed6421.png
-9.750708,-8.368856,seed64210.png
-38.002068,22.41327,seed64211.png
-7.5524607,10.565185,seed64212.png
13.454337,-31.86076,seed64213.png
-13.101864,-24.949678,seed64214.png
-23.96367,-1.1040424,seed64215.png
19.455534,7.571979,seed64216.png
13.478794,-38.196297,seed64217.png
13.872653,-2.0892372,seed64218.png
10.651003,2.5609875,seed64219.png
37.892075,10.862613,seed6422.png
-13.383009,7.4843407,seed64220.png
-33.12494,23.61898,seed64221.png
-19.117237,-11.518698,seed64222.png
24.025324,24.011457,seed64223.png
-34.01001,25.67915,seed64224.png
21.434711,22.119184,seed64225.png
13.446244,8.085161,seed64226.png
14.303502,-2.69531,seed64227.png
-0.06692288,20.584694,seed64228.png
-17.903795,6.1176686,seed64229.png
4.726251,11.730679,seed6423.png
14.285193,-3.84277,seed64230.png
-10.376933,-10.488897,seed64231.png
32.994923,12.178452,seed64232.png
30.617985,9.395501,seed64233.png
-18.989365,-11.767413,seed64234.png
29.744076,12.878897,seed64235.png
9.990081,-43.55662,seed64236.png
-15.340338,-1.3879297,seed64237.png
6.334388,3.6409953,seed64238.png
31.656418,16.79892,seed64239.png
-26.078112,-7.8366857,seed6424.png
3.8103733,11.446068,seed64240.png
-23.083117,-18.051434,seed64241.png
22.848486,20.501095,seed64242.png
12.412157,17.109644,seed64243.png
18.077946,10.499415,seed64244.png
10.88014,-34.88183,seed64245.png
14.959055,-2.9643803,seed64246.png
-33.736427,-9.286441,seed64247.png
-28.478914,2.1222928,seed64248.png
-20.135353,-3.8100734,seed64249.png
-37.183006,22.68955,seed6425.png
9.244581,24.189957,seed64250.png
24.865316,-5.0819755,seed64251.png
34.119984,17.731276,seed64252.png
-11.767766,-30.287516,seed64253.png
11.254788,-34.755848,seed64254.png
-19.322716,-31.185228,seed64255.png
23.6167,18.099648,seed64256.png
1.5708694,-28.92817,seed64257.png
21.49132,4.6903315,seed64258.png
18.7157,-6.9733777,seed64259.png
-7.691041,-27.209854,seed6426.png
-31.18848,24.065765,seed64260.png
-17.85953,-0.1263551,seed64261.png
20.560587,11.638719,seed64262.png
21.890432,8.047243,seed64263.png
30.053234,12.361142,seed64264.png
-8.499505,-16.62238,seed64265.png
5.836418,8.910074,seed64266.png
-24.128744,-15.536043,seed64267.png
26.294313,11.334117,seed64268.png
-4.1990314,-13.093695,seed64269.png
4.305935,-34.176872,seed6427.png
-21.737175,6.1657643,seed64270.png
25.6603,8.801315,seed64271.png
-15.560927,-28.305967,seed64272.png
15.66777,2.4710283,seed64273.png
12.061328,-41.412872,seed64274.png
21.440899,9.042355,seed64275.png
30.18838,12.635302,seed64276.png
31.326569,3.1038277,seed64277.png
7.632603,-2.5703783,seed64278.png
-26.801222,-4.54862,seed64279.png
-7.612358,-23.814398,seed6428.png
13.668574,17.573147,seed64280.png
-22.134153,6.7106347,seed64281.png
11.381123,22.252333,seed64282.png
20.104795,-4.4573298,seed64283.png
12.237239,-0.6885751,seed64284.png
-19.435953,-6.453723,seed64285.png
-31.747604,8.6248045,seed64286.png
-3.4473343,15.110826,seed64287.png
-11.051932,1.134842,seed64288.png
7.1734586,4.875981,seed64289.png
35.67526,10.995959,seed6429.png
-15.196704,-30.54635,seed64290.png
-34.102215,14.83877,seed64291.png
22.306892,21.394573,seed64292.png
-29.312668,-4.014328,seed64293.png
-21.308884,-29.477346,seed64294.png
22.752771,19.799555,seed64295.png
34.49838,12.090172,seed64296.png
-20.340511,-3.119146,seed64297.png
10.111936,-3.738199,seed64298.png
36.361477,15.199709,seed64299.png
-10.060477,-14.275475,seed6430.png
41.486427,23.019068,seed64300.png
22.1975,23.538881,seed64301.png
-31.913872,-5.991216,seed64302.png
-38.45385,15.433958,seed64303.png
-1.9544319,4.3436937,seed64304.png
38.76646,23.489647,seed64305.png
22.66998,20.722786,seed64306.png
-15.143018,-5.3283114,seed64307.png
-13.669995,-10.639915,seed64308.png
-22.486965,-19.780542,seed64309.png
14.268584,10.115618,seed6431.png
-7.5098095,-21.049768,seed64310.png
-18.091005,13.869076,seed64311.png
11.547331,2.6387892,seed64312.png
24.986471,16.915209,seed64313.png
-12.48961,-24.408194,seed64314.png
-16.153368,-19.034224,seed64315.png
-15.886451,-29.420683,seed64316.png
3.1087055,0.27239218,seed64317.png
-24.222094,-16.925707,seed64318.png
15.266923,-7.2097025,seed64319.png
14.977,-21.51494,seed6432.png
-37.822742,14.648777,seed64320.png
36.968773,19.628824,seed64321.png
13.62812,-24.278736,seed64322.png
-32.51146,20.538704,seed64323.png
8.468018,-1.5264665,seed64324.png
-15.546559,-7.570514,seed64325.png
-1.2232187,24.920149,seed64326.png
-27.279127,-5.841859,seed64327.png
10.162689,-2.1533837,seed64328.png
36.946423,21.207203,seed64329.png
5.756838,-29.489906,seed6433.png
36.479206,22.07808,seed64330.png
16.169634,-2.4116714,seed64331.png
-6.1587467,-13.008539,seed64332.png
38.916042,21.95029,seed64333.png
-31.517536,-12.44678,seed64334.png
4.465849,4.3175116,seed64335.png
21.996231,-1.1277814,seed64336.png
27.67357,21.913532,seed64337.png
29.305784,18.567225,seed64338.png
-23.860392,-2.957299,seed64339.png
-22.550383,-5.0685544,seed6434.png
-12.735784,-10.626327,seed64340.png
22.067114,17.470577,seed64341.png
-31.191391,-3.3259804,seed64342.png
15.433915,14.140576,seed64343.png
3.466635,14.856322,seed64344.png
-34.021656,5.650049,seed64345.png
-20.163946,4.3611717,seed64346.png
29.462336,23.029226,seed64347.png
-22.174173,1.6682408,seed64348.png
22.066639,11.516445,seed64349.png
-21.76789,11.5100765,seed6435.png
20.445107,24.427591,seed64350.png
5.4129777,-31.97004,seed64351.png
31.266037,0.26800728,seed64352.png
-26.21177,6.519589,seed64353.png
2.6180217,-20.375463,seed64354.png
-11.371375,-4.1336913,seed64355.png
-29.334549,9.059205,seed64356.png
24.679947,-2.736341,seed64357.png
15.782254,-6.812955,seed64358.png
-29.804081,1.6377133,seed64359.png
27.087683,14.394198,seed6436.png
20.480927,9.93303,seed64360.png
6.76528,-7.4875674,seed64361.png
34.978565,24.84704,seed64362.png
4.9617343,-14.014242,seed64363.png
7.0485644,-6.208931,seed64364.png
19.546902,25.091747,seed64365.png
17.053755,-36.119823,seed64366.png
7.9614224,22.986895,seed64367.png
-5.1292334,-10.934746,seed64368.png
22.343777,15.6088505,seed64369.png
-36.876247,8.732236,seed6437.png
-17.483833,-18.180998,seed64370.png
-7.7642727,-9.247284,seed64371.png
12.689146,17.927526,seed64372.png
34.677208,4.181608,seed64373.png
4.616358,-29.901411,seed64374.png
18.85585,-0.0111214295,seed64375.png
-31.219357,-9.253796,seed64376.png
-22.938133,-0.6964518,seed64377.png
26.833065,15.568841,seed64378.png
-22.381216,-28.2619,seed64379.png
29.00235,10.106962,seed6438.png
-32.291508,-6.2849054,seed64380.png
-25.03148,-21.190725,seed64381.png
-27.233307,-17.631878,seed64382.png
-32.132557,16.903566,seed64383.png
14.032924,-34.076492,seed64384.png
25.018013,0.50382507,seed64385.png
27.18804,4.557325,seed64386.png
-10.740585,-24.325022,seed64387.png
4.20955,-31.035849,seed64388.png
-12.212385,-27.1413,seed64389.png
27.331749,4.3994737,seed6439.png
6.7258573,14.813392,seed64390.png
-23.257118,3.4285815,seed64391.png
-28.000963,8.417045,seed64392.png
-8.779835,-6.277849,seed64393.png
33.080376,16.07323,seed64394.png
11.7017765,-33.744793,seed64395.png
23.592014,5.3336954,seed64396.png
-26.676666,1.6116796,seed64397.png
-19.596619,1.3818905,seed64398.png
11.919859,-35.672592,seed64399.png
16.993204,14.122043,seed6440.png
36.09786,18.606049,seed64400.png
1.2513298,-26.165209,seed64401.png
22.56057,17.60289,seed64402.png
-17.313324,15.358347,seed64403.png
31.17967,4.379533,seed64404.png
-16.098957,-30.24713,seed64405.png
2.2256508,15.41213,seed64406.png
12.546695,-3.026519,seed64407.png
12.177392,-41.845516,seed64408.png
14.401713,17.308083,seed64409.png
15.473919,7.732399,seed6441.png
-21.48232,18.956663,seed64410.png
9.16045,-28.598263,seed64411.png
-10.899424,-1.5638642,seed64412.png
13.045779,-5.823809,seed64413.png
17.723434,11.985876,seed64414.png
16.175371,-35.17775,seed64415.png
20.799364,5.1626096,seed64416.png
28.698454,6.1100144,seed64417.png
-19.817709,6.044045,seed64418.png
-4.304612,-19.058966,seed64419.png
12.149039,14.990973,seed6442.png
11.707787,7.0083246,seed64420.png
-33.41451,-4.558529,seed64421.png
-31.80455,17.00836,seed64422.png
11.335928,2.590956,seed64423.png
28.86943,7.9808855,seed64424.png
6.3691707,-22.539024,seed64425.png
-10.078792,-21.754904,seed64426.png
-29.76685,2.388026,seed64427.png
-18.238016,15.67975,seed64428.png
7.3692613,0.4225202,seed64429.png
4.6772847,-15.706092,seed6443.png
-18.300692,8.60154,seed64430.png
33.286636,11.755905,seed64431.png
13.032456,7.556098,seed64432.png
-24.121197,-15.022901,seed64433.png
-11.222249,-19.475124,seed64434.png
-14.81293,5.1342735,seed64435.png
-11.581139,-9.234699,seed64436.png
-2.638674,-12.316286,seed64437.png
-11.5200205,-17.640257,seed64438.png
-18.795252,10.379349,seed64439.png
-21.309044,4.065766,seed6444.png
-34.53098,19.993792,seed64440.png
28.280672,10.607324,seed64441.png
-19.091793,-25.056206,seed64442.png
20.09297,1.8759983,seed64443.png
29.61056,24.525814,seed64444.png
26.778326,26.553423,seed64445.png
27.25623,20.998894,seed64446.png
-31.19608,14.655794,seed64447.png
27.675766,5.212847,seed64448.png
15.456071,-33.02877,seed64449.png
26.73239,6.5483403,seed6445.png
-19.902107,-15.418665,seed64450.png
-15.432758,4.6912084,seed64451.png
30.401894,11.849517,seed64452.png
-31.980259,23.834862,seed64453.png
-2.6535716,-9.648792,seed64454.png
-10.891749,-7.9268503,seed64455.png
8.935102,-39.030685,seed64456.png
29.419128,17.470684,seed64457.png
-29.261148,-16.244864,seed64458.png
-26.456425,-19.96433,seed64459.png
12.763617,-34.58642,seed6446.png
-19.320639,-29.639246,seed64460.png
-34.454437,-7.6649737,seed64461.png
12.401838,28.037745,seed64462.png
-29.74276,15.8595915,seed64463.png
-0.6178063,2.599487,seed64464.png
32.33877,2.5868177,seed64465.png
-21.342484,0.5096174,seed64466.png
2.0312507,17.215328,seed64467.png
18.77395,-6.4634285,seed64468.png
-23.764666,18.390434,seed64469.png
-15.282705,-25.938574,seed6447.png
17.586891,21.001667,seed64470.png
26.197065,2.2630353,seed64471.png
-13.933578,-20.837898,seed64472.png
14.895176,21.252466,seed64473.png
-27.306364,10.785518,seed64474.png
36.78279,23.567991,seed64475.png
7.7427154,-39.830215,seed64476.png
12.551185,28.390772,seed64477.png
30.942606,10.16708,seed64478.png
-20.125542,-22.904524,seed64479.png
20.441492,0.3522983,seed6448.png
7.0711503,5.7681665,seed64480.png
14.62591,12.384615,seed64481.png
-12.945301,-26.254164,seed64482.png
8.407581,-28.445831,seed64483.png
8.471875,24.920076,seed64484.png
29.491274,2.4857533,seed64485.png
-24.884766,-26.026968,seed64486.png
-24.78395,-0.2726892,seed64487.png
-20.292112,-30.133224,seed64488.png
18.564333,-6.1832623,seed64489.png
-26.09378,-1.3225243,seed6449.png
17.023706,-4.5315785,seed64490.png
11.647221,-3.3769414,seed64491.png
32.1692,12.004964,seed64492.png
-7.390895,6.274128,seed64493.png
19.976328,10.219511,seed64494.png
7.5033636,3.4942207,seed64495.png
10.653741,15.502091,seed64496.png
-18.11035,2.1239786,seed64497.png
9.499622,-35.75833,seed64498.png
-26.810255,-2.5786579,seed64499.png
5.098635,-29.533676,seed6450.png
7.2090707,4.7535615,seed64500.png
-23.093458,6.796025,seed64501.png
-25.605,-8.855989,seed64502.png
-30.379969,2.5279546,seed64503.png
-17.984747,-26.47593,seed64504.png
9.853833,-0.58988535,seed64505.png
11.194663,-31.133018,seed64506.png
17.49,25.367855,seed64507.png
26.470072,4.22764,seed64508.png
13.0794115,-42.509647,seed64509.png
17.25373,-3.7051394,seed6451.png
-14.830429,9.137095,seed64510.png
8.07134,-32.131626,seed64511.png
-17.569656,5.7829804,seed64512.png
7.7843695,-14.475161,seed64513.png
14.639538,0.4655075,seed64514.png
14.040722,-0.30531067,seed64515.png
32.591923,21.848322,seed64516.png
13.585328,3.5812848,seed64517.png
-6.3533516,-23.014294,seed64518.png
18.031094,3.6546996,seed64519.png
-29.115671,12.238554,seed6452.png
18.74386,25.497335,seed64520.png
-34.280445,11.166615,seed64521.png
-20.439161,16.860008,seed64522.png
12.783392,-37.96096,seed64523.png
-20.201542,-28.413065,seed64524.png
30.729153,18.345114,seed64525.png
-13.757334,-31.353348,seed64526.png
13.052594,-30.224215,seed64527.png
-0.61546254,20.97608,seed64528.png
14.899812,-33.82699,seed64529.png
38.677013,22.023148,seed6453.png
38.460903,18.131405,seed64530.png
11.041077,-32.8394,seed64531.png
-18.198263,-21.72824,seed64532.png
9.223386,-4.9235344,seed64533.png
3.318348,9.606028,seed64534.png
-28.193031,2.0926068,seed64535.png
-27.082298,-10.8071165,seed64536.png
-33.105743,20.057884,seed64537.png
-11.830758,-18.628458,seed64538.png
-14.130672,-19.744213,seed64539.png
6.1353264,-37.70188,seed6454.png
7.792407,-41.96636,seed64540.png
10.955371,13.312541,seed64541.png
2.8781033,6.4061084,seed64542.png
-25.889215,8.366388,seed64543.png
-29.379585,-17.474834,seed64544.png
0.34412682,-0.9019793,seed64545.png
-24.003416,-14.959051,seed64546.png
39.819374,12.44411,seed64547.png
-30.15132,-18.990423,seed64548.png
26.448061,2.4814072,seed64549.png
7.697562,-41.320877,seed6455.png
-24.700134,19.765509,seed64550.png
-22.71416,20.701012,seed64551.png
19.322521,16.690905,seed64552.png
20.918383,23.803608,seed64553.png
-12.385024,-15.43097,seed64554.png
-16.180393,3.983826,seed64555.png
-23.722486,5.9447923,seed64556.png
-14.198669,-28.374424,seed64557.png
-33.00742,15.078719,seed64558.png
14.45596,-3.561571,seed64559.png
18.14724,25.052937,seed6456.png
-11.099536,7.9149976,seed64560.png
13.663743,8.625812,seed64561.png
-29.665958,12.068211,seed64562.png
12.327974,19.65119,seed64563.png
-33.25055,11.700075,seed64564.png
-20.839708,7.4189057,seed64565.png
5.8137236,-24.132215,seed64566.png
15.709165,-3.3886516,seed64567.png
35.170494,7.100867,seed64568.png
0.037720777,5.205489,seed64569.png
-12.330563,-27.659122,seed6457.png
-24.728857,-12.629326,seed64570.png
-14.011384,-6.2518787,seed64571.png
5.950847,-37.982723,seed64572.png
9.844401,15.400303,seed64573.png
-7.494535,-5.4366994,seed64574.png
-10.714096,-21.010683,seed64575.png
12.998642,15.777054,seed64576.png
13.141275,15.442134,seed64577.png
-31.268585,12.964548,seed64578.png
-31.83759,25.930573,seed64579.png
34.24064,12.046513,seed6458.png
34.919678,10.364421,seed64580.png
0.12440023,-14.173872,seed64581.png
11.948447,-30.218643,seed64582.png
9.816533,12.1890135,seed64583.png
-21.799417,-16.009357,seed64584.png
38.623585,15.896075,seed64585.png
-17.250889,-23.132208,seed64586.png
14.39724,14.367083,seed64587.png
-2.2360892,-15.887939,seed64588.png
-18.927938,4.9509425,seed64589.png
-14.316586,-30.600626,seed6459.png
35.823982,13.538636,seed64590.png
14.0009365,8.623046,seed64591.png
17.20648,17.418776,seed64592.png
1.6425604,11.970921,seed64593.png
-9.658212,-11.403691,seed64594.png
-32.531406,-2.3999362,seed64595.png
36.16015,17.067493,seed64596.png
-7.150453,-1.3439181,seed64597.png
16.377815,-1.3153838,seed64598.png
-16.655361,-17.63354,seed64599.png
8.478377,-37.759567,seed6460.png
7.5580754,29.45485,seed64600.png
-13.435376,-25.951687,seed64601.png
-22.614574,15.642046,seed64602.png
10.74133,-10.455919,seed64603.png
-25.049288,11.901997,seed64604.png
7.7998624,-28.410547,seed64605.png
21.956015,20.69721,seed64606.png
-21.269018,5.2877297,seed64607.png
36.12327,22.34224,seed64608.png
21.15276,8.517088,seed64609.png
0.80501664,-1.6268866,seed6461.png
40.410896,20.311314,seed64610.png
12.944993,-29.405685,seed64611.png
27.806364,5.896572,seed64612.png
30.270742,24.153423,seed64613.png
-21.47703,-7.5864806,seed64614.png
-0.035396695,22.831505,seed64615.png
1.276797,-15.109578,seed64616.png
8.06371,-1.4222487,seed64617.png
9.806954,17.328243,seed64618.png
30.22548,22.923998,seed64619.png
-35.425236,21.872454,seed6462.png
-29.617964,12.198566,seed64620.png
19.97675,9.813448,seed64621.png
7.3730674,-29.971594,seed64622.png
-5.3842216,-1.7177937,seed64623.png
-9.749039,-20.379227,seed64624.png
-0.64201725,22.595728,seed64625.png
-24.24184,-5.846331,seed64626.png
-3.73968,15.621131,seed64627.png
39.342632,16.79954,seed64628.png
36.88474,12.756225,seed64629.png
22.566782,15.2688675,seed6463.png
4.2958765,10.564215,seed64630.png
-1.1307813,20.749613,seed64631.png
-31.06902,-0.95605046,seed64632.png
13.635822,19.77159,seed64633.png
28.752209,10.777224,seed64634.png
-8.090079,-15.341901,seed64635.png
25.722862,20.517567,seed64636.png
14.496435,-30.016449,seed64637.png
-22.716452,8.154143,seed64638.png
-25.431795,12.992867,seed64639.png
-35.759373,22.492817,seed6464.png
24.864265,7.503233,seed64640.png
8.405194,-37.16852,seed64641.png
6.464733,9.24562,seed64642.png
-32.10512,25.77488,seed64643.png
-17.936483,-28.685429,seed64644.png
-10.821931,-23.728926,seed64645.png
-15.509315,-5.2910404,seed64646.png
-1.0222489,-18.401587,seed64647.png
11.171521,-41.165825,seed64648.png
-12.734126,10.296667,seed64649.png
31.019882,10.862859,seed6465.png
4.631564,17.76824,seed64650.png
39.85019,13.593508,seed64651.png
13.221858,-32.453663,seed64652.png
7.7940545,3.0148358,seed64653.png
17.725046,18.890461,seed64654.png
14.86847,-8.165663,seed64655.png
-18.893026,-29.493391,seed64656.png
35.810253,11.290849,seed64657.png
10.965571,19.718342,seed64658.png
-21.743591,-6.0236454,seed64659.png
18.131935,25.511665,seed6466.png
-23.99479,6.4678464,seed64660.png
-27.736593,2.835587,seed64661.png
-22.503626,-12.028322,seed64662.png
15.636846,-37.212395,seed64663.png
-5.1726427,-14.6206665,seed64664.png
-1.8933662,-12.470221,seed64665.png
-15.906044,-3.8846805,seed64666.png
12.912488,-35.72447,seed64667.png
3.4063582,-27.990234,seed64668.png
7.3099194,8.365102,seed64669.png
-2.4340897,9.368354,seed6467.png
18.439293,-0.15138178,seed64670.png
18.540367,-5.949215,seed64671.png
-23.873747,-13.374164,seed64672.png
23.079641,19.772137,seed64673.png
31.77347,27.821762,seed64674.png
-15.5681305,-29.16737,seed64675.png
-38.95358,13.912101,seed64676.png
14.386658,1.2982664,seed64677.png
29.831812,4.9843073,seed64678.png
-20.385067,-31.539438,seed64679.png
-12.619253,-27.36986,seed6468.png
9.532912,-41.31897,seed64680.png
-0.054039918,14.301057,seed64681.png
-31.548351,24.13576,seed64682.png
23.186958,3.2387514,seed64683.png
27.250181,7.857876,seed64684.png
-34.859333,15.676759,seed64685.png
10.928168,0.9795408,seed64686.png
6.047231,22.650053,seed64687.png
-13.593452,-27.93506,seed64688.png
24.128883,25.826982,seed64689.png
-30.412888,-7.4150686,seed6469.png
-28.008175,3.311364,seed64690.png
5.6985726,9.689427,seed64691.png
8.208809,1.7427384,seed64692.png
12.360505,-1.1820519,seed64693.png
-16.596022,-22.512161,seed64694.png
26.017176,18.47963,seed64695.png
-2.5569518,19.298534,seed64696.png
-18.882433,-29.085024,seed64697.png
-7.6226454,-1.7249182,seed64698.png
-23.46277,-23.376278,seed64699.png
-21.792786,15.7388935,seed6470.png
-26.890053,-15.886995,seed64700.png
-30.465012,14.37991,seed64701.png
-20.152857,2.2856348,seed64702.png
4.1794925,-32.766846,seed64703.png
-21.153353,8.249073,seed64704.png
-28.364656,-4.3672585,seed64705.png
9.101216,-26.01259,seed64706.png
-12.08555,8.2939,seed64707.png
-28.793291,18.33958,seed64708.png
-35.4505,7.1623383,seed64709.png
-24.294231,16.359428,seed6471.png
3.7270086,-7.8324413,seed64710.png
1.48402,20.126215,seed64711.png
39.350235,22.130518,seed64712.png
-7.827571,-15.525719,seed64713.png
19.668352,21.853508,seed64714.png
-24.100725,4.8643637,seed64715.png
-24.398182,-19.62378,seed64716.png
-25.260796,-25.74247,seed64717.png
18.286793,17.950249,seed64718.png
1.5564216,21.031109,seed64719.png
-16.388264,-26.61792,seed6472.png
8.098483,-3.2574594,seed64720.png
-8.106444,-27.398636,seed64721.png
37.470222,6.1789675,seed64722.png
24.60901,0.8607723,seed64723.png
-2.8942885,18.275581,seed64724.png
-10.721957,-26.810083,seed64725.png
-2.511557,-14.858462,seed64726.png
13.608527,-35.447292,seed64727.png
22.437239,10.909705,seed64728.png
-33.811493,15.05459,seed64729.png
9.3200245,-34.498634,seed6473.png
3.6171992,15.798341,seed64730.png
-18.954788,-27.795433,seed64731.png
-13.143202,0.79409784,seed64732.png
-11.284696,-16.862509,seed64733.png
-20.03106,-30.566689,seed64734.png
38.0762,11.716455,seed64735.png
9.139198,23.47685,seed64736.png
-18.940943,-9.757744,seed64737.png
-4.177857,3.2331963,seed64738.png
-21.276989,-23.663904,seed64739.png
22.042784,-6.475205,seed6474.png
40.345814,15.794627,seed64740.png
-22.403566,-7.129853,seed64741.png
-29.704876,13.180404,seed64742.png
-14.727575,-2.7284324,seed64743.png
8.067958,-30.11536,seed64744.png
-10.529259,-23.00634,seed64745.png
-24.779928,-18.53477,seed64746.png
-14.658063,-16.925272,seed64747.png
5.079692,12.624033,seed64748.png
-25.883268,8.417925,seed64749.png
-0.091206335,-17.593994,seed6475.png
32.04861,7.6461053,seed64750.png
3.1063159,14.191286,seed64751.png
11.362597,-34.276733,seed64752.png
28.793697,12.774259,seed64753.png
40.895615,20.852053,seed64754.png
40.255173,15.392874,seed64755.png
-8.263986,-26.649899,seed64756.png
-24.517334,-29.12566,seed64757.png
-23.872362,-12.297775,seed64758.png
-0.9933262,-14.844445,seed64759.png
-19.87686,-3.2090206,seed6476.png
-1.1662904,-12.613329,seed64760.png
12.511073,-27.001736,seed64761.png
17.644445,10.689017,seed64762.png
-16.407812,-17.942354,seed64763.png
26.470827,5.5938635,seed64764.png
-3.3582888,-11.114219,seed64765.png
-0.5736768,24.033499,seed64766.png
-20.284594,-29.587563,seed64767.png
11.581969,-32.649967,seed64768.png
4.4102573,-30.058386,seed64769.png
-19.271711,2.8275528,seed6477.png
-33.33228,10.37741,seed64770.png
17.926105,0.94251734,seed64771.png
15.98321,23.589985,seed64772.png
14.721308,24.426714,seed64773.png
23.885876,19.337023,seed64774.png
37.57425,5.4351377,seed64775.png
-31.40697,11.392288,seed64776.png
-5.4098997,0.40508747,seed64777.png
-17.331379,-15.527597,seed64778.png
14.607564,-37.111565,seed64779.png
8.495827,11.191782,seed6478.png
6.678882,-4.486884,seed64780.png
11.381304,13.549448,seed64781.png
8.727828,-37.611755,seed64782.png
-21.122467,-12.403116,seed64783.png
-15.94856,-4.4827824,seed64784.png
24.235731,16.628878,seed64785.png
-29.706072,1.7378544,seed64786.png
22.59049,24.670696,seed64787.png
19.847422,9.499188,seed64788.png
7.0982366,10.192601,seed64789.png
20.664377,21.130507,seed6479.png
-22.546228,13.309694,seed64790.png
14.731746,20.359058,seed64791.png
-18.645517,-29.107191,seed64792.png
-23.841911,-10.952755,seed64793.png
-11.238699,-0.6988617,seed64794.png
30.936867,10.745323,seed64795.png
32.085304,7.6886907,seed64796.png
-31.514038,11.52774,seed64797.png
-8.380428,0.92616194,seed64798.png
6.648842,15.952348,seed64799.png
-19.060324,7.6764617,seed6480.png
-13.433369,-10.860527,seed64800.png
37.902126,16.47255,seed64801.png
13.18183,-40.433422,seed64802.png
-21.708271,-15.38277,seed64803.png
7.2271895,-9.44232,seed64804.png
11.81593,15.802955,seed64805.png
-11.16589,-14.193854,seed64806.png
3.43658,16.892185,seed64807.png
-17.825241,-3.7758937,seed64808.png
6.3368,15.241158,seed64809.png
16.25667,21.058628,seed6481.png
29.621408,10.483396,seed64810.png
-17.530558,-29.775253,seed64811.png
-33.50846,-1.4557248,seed64812.png
-17.002413,3.7795994,seed64813.png
14.455053,-6.363773,seed64814.png
30.858885,28.701883,seed64815.png
-22.366238,-4.395509,seed64816.png
-31.690134,13.056425,seed64817.png
-6.6428237,1.2344242,seed64818.png
22.08477,5.8036137,seed64819.png
16.8954,14.877996,seed6482.png
14.842327,-37.856182,seed64820.png
11.716243,-33.025547,seed64821.png
-23.56086,-23.77613,seed64822.png
13.013727,14.559993,seed64823.png
39.455273,14.427542,seed64824.png
-10.304786,-17.019985,seed64825.png
-13.310077,-26.817717,seed64826.png
36.505604,26.78812,seed64827.png
15.032055,15.824352,seed64828.png
3.2369654,13.85205,seed64829.png
9.778554,-33.68415,seed6483.png
-8.23641,-6.0461383,seed64830.png
-26.628477,4.408475,seed64831.png
10.027267,-41.94592,seed64832.png
10.377854,-6.2106996,seed64833.png
7.013917,-7.0501485,seed64834.png
-21.788498,15.027884,seed64835.png
-28.249178,-7.2425814,seed64836.png
18.591433,6.0168867,seed64837.png
-22.089819,-26.95553,seed64838.png
-8.404142,-2.508902,seed64839.png
-1.2650893,-11.499299,seed6484.png
36.395206,5.019413,seed64840.png
1.78648,5.236275,seed64841.png
37.519447,14.585133,seed64842.png
14.842161,-5.489049,seed64843.png
7.082326,-38.9125,seed64844.png
-29.607359,18.77227,seed64845.png
2.1701021,-14.959009,seed64846.png
9.030929,-25.05201,seed64847.png
-34.185368,3.1351335,seed64848.png
-19.40144,-10.778248,seed64849.png
-20.618324,6.8703084,seed6485.png
37.267258,16.107023,seed64850.png
11.797637,21.636354,seed64851.png
9.066072,0.16367187,seed64852.png
9.388304,29.47151,seed64853.png
-21.809143,-11.783494,seed64854.png
9.76399,-27.598526,seed64855.png
33.56434,18.629766,seed64856.png
-32.97113,4.6440554,seed64857.png
10.807226,-39.816906,seed64858.png
-29.266151,1.751018,seed64859.png
-18.304955,-16.84195,seed6486.png
-13.891072,1.6106608,seed64860.png
15.030096,3.211944,seed64861.png
-16.774065,0.47200683,seed64862.png
22.413885,-0.0350309,seed64863.png
-25.077597,14.510643,seed64864.png
26.856304,3.7942922,seed64865.png
-30.705576,15.188065,seed64866.png
5.1480255,9.333342,seed64867.png
26.049385,20.780952,seed64868.png
4.497194,-25.389816,seed64869.png
-29.791853,10.862766,seed6487.png
17.411446,-1.3957694,seed64870.png
-16.003616,5.9767146,seed64871.png
17.45856,-1.4668552,seed64872.png
12.716137,7.964313,seed64873.png
-25.855743,-0.01519075,seed64874.png
11.56291,-41.14763,seed64875.png
19.361252,-6.5463123,seed64876.png
17.463697,14.4969225,seed64877.png
-21.28806,-12.473472,seed64878.png
-21.30131,19.499441,seed64879.png
17.423426,-2.4962053,seed6488.png
12.602882,-36.86062,seed64880.png
11.948517,-37.83454,seed64881.png
-17.2708,-30.308338,seed64882.png
-37.809734,15.826287,seed64883.png
-23.573124,-21.404911,seed64884.png
-18.935295,-22.446291,seed64885.png
-13.019954,-30.085917,seed64886.png
19.020573,21.14003,seed64887.png
-30.963318,3.4887304,seed64888.png
7.7882643,0.6151768,seed64889.png
-14.017397,-7.7492113,seed6489.png
13.493261,-31.50561,seed64890.png
15.05284,-39.99769,seed64891.png
-20.951746,-21.75851,seed64892.png
19.49586,21.53748,seed64893.png
9.419969,12.5178585,seed64894.png
-28.776224,5.326676,seed64895.png
-18.19641,-27.359922,seed64896.png
22.579336,7.142015,seed64897.png
12.634023,6.373883,seed64898.png
30.34754,8.212691,seed64899.png
19.707449,10.1838,seed6490.png
-33.384388,-10.566454,seed64900.png
-30.086853,13.905837,seed64901.png
-14.854933,-19.095865,seed64902.png
42.24013,22.887907,seed64903.png
33.112537,5.412617,seed64904.png
-11.72049,-20.068188,seed64905.png
30.157372,8.158332,seed64906.png
-26.255573,2.4450715,seed64907.png
-1.0967925,-11.032994,seed64908.png
-31.417837,6.5404305,seed64909.png
3.8442752,15.983058,seed6491.png
13.115536,-29.445364,seed64910.png
-35.222042,27.316391,seed64911.png
-32.65526,19.498993,seed64912.png
11.770195,-42.502396,seed64913.png
-19.436464,16.66345,seed64914.png
-18.15824,-29.983671,seed64915.png
-6.2930837,-15.035509,seed64916.png
12.488558,-4.2135425,seed64917.png
17.043377,-9.514222,seed64918.png
23.022078,15.530348,seed64919.png
24.127457,22.098684,seed6492.png
12.563627,26.6758,seed64920.png
27.789293,15.654465,seed64921.png
-18.221773,6.42209,seed64922.png
-28.291368,2.2556825,seed64923.png
15.487209,-31.080662,seed64924.png
4.1297603,12.457628,seed64925.png
-18.556316,9.267373,seed64926.png
-16.312288,-5.616402,seed64927.png
29.5717,3.768288,seed64928.png
29.71675,28.23379,seed64929.png
5.486232,-5.017797,seed6493.png
-20.022081,8.633071,seed64930.png
-8.382048,-25.240187,seed64931.png
14.551213,11.05349,seed64932.png
-25.169857,11.059669,seed64933.png
-16.351036,-31.822443,seed64934.png
-26.88644,10.260189,seed64935.png
-20.008144,-9.588752,seed64936.png
-31.36692,-5.4079185,seed64937.png
23.955647,-2.8013487,seed64938.png
-31.933594,21.79596,seed64939.png
-22.426884,-15.046653,seed6494.png
10.803731,3.8591306,seed64940.png
36.895714,21.47267,seed64941.png
-14.943122,-21.502169,seed64942.png
-21.714851,20.52085,seed64943.png
24.129808,7.0400763,seed64944.png
12.358876,-36.796,seed64945.png
28.701431,15.752026,seed64946.png
-15.641549,0.80331796,seed64947.png
-17.36119,-26.396772,seed64948.png
13.184884,-40.848312,seed64949.png
-33.127174,14.998992,seed6495.png
16.013636,9.37241,seed64950.png
19.083237,11.4888115,seed64951.png
27.766035,1.3552303,seed64952.png
-30.745703,6.4516873,seed64953.png
-25.989182,-13.43643,seed64954.png
10.718927,-29.218977,seed64955.png
-34.253647,-4.86915,seed64956.png
10.035885,11.099641,seed64957.png
14.3083935,0.9535905,seed64958.png
-5.1518216,-23.905901,seed64959.png
19.370184,27.076296,seed6496.png
6.309983,-0.21532494,seed64960.png
8.727889,-32.98216,seed64961.png
9.674664,25.18975,seed64962.png
11.375759,-29.148155,seed64963.png
20.130613,18.545637,seed64964.png
-8.092035,-15.919427,seed64965.png
-24.427197,5.855059,seed64966.png
32.35948,12.182764,seed64967.png
15.88997,19.997196,seed64968.png
16.230423,-2.8169117,seed64969.png
-26.095564,0.20074978,seed6497.png
14.624998,-2.0727444,seed64970.png
-18.640358,-18.855547,seed64971.png
22.054695,9.226151,seed64972.png
20.217276,20.23334,seed64973.png
-0.78020465,22.80502,seed64974.png
-21.251255,13.72005,seed64975.png
-19.767246,2.5241127,seed64976.png
15.509727,22.712564,seed64977.png
-18.724857,-23.836145,seed64978.png
9.2233925,-27.308128,seed64979.png
-22.960865,-22.330732,seed6498.png
-2.9341319,12.153066,seed64980.png
30.293037,13.0571785,seed64981.png
-27.728333,1.0796887,seed64982.png
20.46995,11.771172,seed64983.png
-20.929302,-20.858454,seed64984.png
-20.265245,-13.634896,seed64985.png
-29.97765,-2.419307,seed64986.png
28.664743,19.843754,seed64987.png
-17.79314,-15.043787,seed64988.png
-14.826429,-6.164915,seed64989.png
-22.35302,-10.118483,seed6499.png
11.649583,10.169789,seed64990.png
-34.654594,18.84518,seed64991.png
-8.305234,-0.0452565,seed64992.png
-11.801315,-16.932,seed64993.png
26.787365,19.755539,seed64994.png
13.631538,8.508616,seed64995.png
-3.8022814,-4.228278,seed64996.png
-20.562893,-13.3840475,seed64997.png
34.286457,13.676075,seed64998.png
-28.596992,17.273817,seed64999.png
-14.8509035,-26.727476,seed6500.png
-22.306475,-21.39227,seed65000.png
-18.744524,17.148617,seed65001.png
2.5581105,13.253586,seed65002.png
3.9437757,24.734842,seed65003.png
-31.51992,13.937243,seed65004.png
-11.967999,1.709544,seed65005.png
-25.702757,1.2624185,seed65006.png
-10.120011,11.307213,seed65007.png
2.6396759,5.2878075,seed65008.png
-31.049845,12.912595,seed65009.png
8.199191,-33.17213,seed6501.png
-14.196421,-17.862177,seed65010.png
39.8812,24.0492,seed65011.png
-3.293324,-11.606787,seed65012.png
38.070812,7.558306,seed65013.png
-19.416178,-22.20069,seed65014.png
-8.081317,-6.9082932,seed65015.png
-24.176826,-15.598069,seed65016.png
-25.611437,8.3029,seed65017.png
-18.86643,-17.743372,seed65018.png
-31.56618,21.486317,seed65019.png
-22.323244,-6.3953967,seed6502.png
-32.91057,21.489769,seed65020.png
2.5365553,-6.201369,seed65021.png
20.30784,-6.9723735,seed65022.png
-19.741215,-12.4590025,seed65023.png
11.588788,-38.583153,seed65024.png
16.093664,-10.388286,seed65025.png
7.1526732,6.734057,seed65026.png
-9.830841,-11.842836,seed65027.png
13.73365,-31.550903,seed65028.png
-34.903877,-1.6427984,seed65029.png
-1.7647126,24.558947,seed6503.png
-4.307736,-12.367743,seed65030.png
2.9866557,20.768959,seed65031.png
-24.803955,-17.48752,seed65032.png
14.078976,17.496708,seed65033.png
4.00575,-4.25878,seed65034.png
-22.360046,-20.845976,seed65035.png
-24.858961,-1.3435075,seed65036.png
-21.028875,-23.707743,seed65037.png
-29.37627,-1.1683104,seed65038.png
-17.8428,-10.995251,seed65039.png
7.845667,-40.86353,seed6504.png
-0.58174396,22.836842,seed65040.png
-12.90258,-16.877594,seed65041.png
27.752657,16.06929,seed65042.png
15.71978,26.878698,seed65043.png
-3.9149137,18.404875,seed65044.png
-8.750063,12.268918,seed65045.png
-8.213622,-4.122588,seed65046.png
6.1155915,15.146589,seed65047.png
36.947166,17.387358,seed65048.png
12.457148,-32.301495,seed65049.png
28.39454,27.187706,seed6505.png
-17.496365,-3.5947242,seed65050.png
10.592262,21.950039,seed65051.png
-21.603481,-28.683706,seed65052.png
27.820549,8.935867,seed65053.png
22.087843,15.270261,seed65054.png
-25.792732,-15.9835205,seed65055.png
10.3524885,6.797456,seed65056.png
5.867428,-6.077607,seed65057.png
-16.152784,-21.487602,seed65058.png
40.141556,15.878699,seed65059.png
6.402507,25.052986,seed6506.png
-5.5439487,-15.414777,seed65060.png
-12.200262,-3.4587896,seed65061.png
16.615683,8.856757,seed65062.png
-21.199827,12.476607,seed65063.png
-10.734464,-3.998993,seed65064.png
-20.564423,-24.851604,seed65065.png
-33.219467,22.907717,seed65066.png
-22.175327,-2.1885195,seed65067.png
12.818824,-0.74725586,seed65068.png
29.103249,18.079607,seed65069.png
34.46672,23.414469,seed6507.png
0.14964072,22.431986,seed65070.png
-8.811896,-6.4509425,seed65071.png
14.418362,26.302948,seed65072.png
-0.8488246,-14.739399,seed65073.png
-15.605102,-0.69480497,seed65074.png
11.700272,18.416248,seed65075.png
-28.80602,14.278184,seed65076.png
-14.167806,-10.818339,seed65077.png
-32.40775,-1.0760025,seed65078.png
-5.313408,-23.035456,seed65079.png
10.363091,14.784449,seed6508.png
-16.314264,-19.703165,seed65080.png
-12.037429,-22.33792,seed65081.png
-16.911385,-16.406523,seed65082.png
18.308596,17.720125,seed65083.png
-15.449526,-6.4474406,seed65084.png
-12.5690155,-21.571625,seed65085.png
-7.429916,-15.58355,seed65086.png
31.212814,7.221474,seed65087.png
7.7585855,19.662703,seed65088.png
1.7340331,-18.726559,seed65089.png
3.2569351,13.138021,seed6509.png
-28.959454,3.4549577,seed65090.png
8.817876,-1.267024,seed65091.png
25.62873,6.8101807,seed65092.png
-31.73449,24.985607,seed65093.png
18.289835,6.2595987,seed65094.png
10.407115,-33.05872,seed65095.png
29.435522,18.62579,seed65096.png
30.157106,-2.2720885,seed65097.png
7.343035,14.345305,seed65098.png
25.52777,-3.066943,seed65099.png
19.002197,1.1885123,seed6510.png
-27.210663,-13.482227,seed65100.png
33.160835,24.113205,seed65101.png
36.44958,12.203647,seed65102.png
6.591825,11.615237,seed65103.png
19.35156,10.179914,seed65104.png
-19.53872,17.85707,seed65105.png
0.65350676,23.268423,seed65106.png
26.070177,11.855736,seed65107.png
29.842634,22.952599,seed65108.png
7.785893,-40.188866,seed65109.png
3.8599894,17.351093,seed6511.png
18.540403,-0.86489606,seed65110.png
-30.060934,-1.4265611,seed65111.png
-19.233166,-4.488383,seed65112.png
20.199432,6.3187065,seed65113.png
17.75878,11.426582,seed65114.png
11.195607,-36.083138,seed65115.png
-33.22696,11.939252,seed65116.png
-22.571402,-17.031158,seed65117.png
-22.956175,15.859341,seed65118.png
-16.95268,2.4796555,seed65119.png
31.641138,17.33204,seed6512.png
3.8067782,-1.7194365,seed65120.png
-23.267244,-16.413794,seed65121.png
19.974339,15.739651,seed65122.png
9.002035,-5.769381,seed65123.png
-5.473309,-9.134898,seed65124.png
11.468548,-41.928757,seed65125.png
22.903008,18.688055,seed65126.png
18.4089,-6.7376065,seed65127.png
-11.958718,-9.46796,seed65128.png
30.430191,25.719515,seed65129.png
23.16712,-3.8935745,seed6513.png
30.607826,11.327952,seed65130.png
38.898148,18.400583,seed65131.png
-15.599458,-3.1247916,seed65132.png
-4.676784,-22.408722,seed65133.png
12.998592,-40.076103,seed65134.png
34.806923,26.259394,seed65135.png
28.428701,9.936033,seed65136.png
29.370834,19.41831,seed65137.png
-24.097334,-3.1549659,seed65138.png
-17.944775,-17.840649,seed65139.png
8.588942,17.67455,seed6514.png
-1.4876384,22.204826,seed65140.png
5.309545,-12.7880125,seed65141.png
-26.95307,12.245398,seed65142.png
24.029272,20.026947,seed65143.png
28.40236,7.021406,seed65144.png
-8.14495,-15.566279,seed65145.png
0.84409946,21.042604,seed65146.png
12.496981,-37.71462,seed65147.png
-21.101145,-20.395763,seed65148.png
-32.001858,5.492841,seed65149.png
10.722491,18.597359,seed6515.png
12.082158,-42.785816,seed65150.png
16.35809,9.835467,seed65151.png
3.377196,0.9447781,seed65152.png
-29.284422,17.636784,seed65153.png
12.227129,-28.9834,seed65154.png
-31.627983,-4.663495,seed65155.png
-3.5493321,12.484009,seed65156.png
-26.816145,-4.5414443,seed65157.png
7.0390625,-1.7636833,seed65158.png
-23.820864,14.40713,seed65159.png
2.0591185,23.622952,seed6516.png
16.373764,-36.21729,seed65160.png
-18.60246,-25.11897,seed65161.png
42.360973,20.478184,seed65162.png
26.956905,-0.45824173,seed65163.png
-3.4445941,11.418389,seed65164.png
11.716537,-33.981686,seed65165.png
6.859378,-37.847427,seed65166.png
-18.404707,-23.271273,seed65167.png
18.316013,25.635439,seed65168.png
6.947083,7.846279,seed65169.png
11.186271,-29.438421,seed6517.png
-26.65882,9.660369,seed65170.png
-20.45445,17.932579,seed65171.png
-36.447052,13.149296,seed65172.png
37.52739,22.719322,seed65173.png
-16.572361,-30.081184,seed65174.png
38.270844,18.118872,seed65175.png
7.6196194,-7.871172,seed65176.png
-28.821323,-14.694244,seed65177.png
9.74734,-4.753678,seed65178.png
-8.287816,-7.1059227,seed65179.png
8.017802,-38.337406,seed6518.png
-10.928442,-15.4476795,seed65180.png
0.6983005,14.318359,seed65181.png
15.807315,23.769175,seed65182.png
-19.181787,-10.008598,seed65183.png
-0.23690817,23.575583,seed65184.png
-15.978025,-12.121449,seed65185.png
20.408745,18.97725,seed65186.png
-0.23175916,20.932716,seed65187.png
-16.133324,-17.552681,seed65188.png
-9.68819,-12.105438,seed65189.png
34.13695,15.92569,seed6519.png
-3.8330908,-11.689838,seed65190.png
16.356962,-4.4370418,seed65191.png
15.399515,-12.738067,seed65192.png
8.992542,-3.5579162,seed65193.png
-30.598677,15.068984,seed65194.png
-33.8374,16.409523,seed65195.png
4.211415,-11.624106,seed65196.png
5.965887,-28.016954,seed65197.png
27.544214,6.473988,seed65198.png
13.821132,1.4822979,seed65199.png
13.02972,-39.317257,seed6520.png
34.572906,4.475933,seed65200.png
10.68023,-40.616695,seed65201.png
32.774353,17.80778,seed65203.png
30.543083,1.6298285,seed65204.png
4.1935506,10.654686,seed65205.png
14.309756,6.418666,seed65206.png
-12.359489,-22.995125,seed65207.png
-6.988939,-25.953068,seed65208.png
9.364943,-31.331717,seed65209.png
12.677509,15.123457,seed6521.png
5.2701344,1.4432292,seed65210.png
-15.398234,7.3133593,seed65211.png
36.58636,9.617505,seed65212.png
9.280147,-40.99601,seed65213.png
-2.037464,-3.2230442,seed65214.png
-0.52737856,-27.20196,seed65215.png
-34.701725,21.276747,seed65216.png
9.160115,-28.793566,seed65217.png
-19.944283,-27.028933,seed65218.png
20.0492,24.851925,seed65219.png
42.155075,20.884785,seed6522.png
-21.741722,13.446461,seed65220.png
10.492912,-41.12745,seed65221.png
3.041323,8.577693,seed65222.png
12.475247,24.567968,seed65223.png
21.993668,21.779528,seed65224.png
-23.489197,-7.17652,seed65225.png
15.076246,-9.187769,seed65226.png
-20.567234,-18.787863,seed65227.png
-23.729626,-14.310141,seed65228.png
8.180551,-34.13111,seed65229.png
4.0184345,17.13941,seed6523.png
-13.972812,-15.161705,seed65230.png
-19.395304,-14.665387,seed65231.png
-14.767348,-20.633076,seed65232.png
-23.557577,0.70757025,seed65233.png
-19.147478,5.0739956,seed65234.png
-33.230774,26.461714,seed65235.png
-14.830377,-18.816322,seed65236.png
-0.31739616,-2.0396378,seed65237.png
30.762438,8.560707,seed65238.png
-28.58906,-6.3265805,seed65239.png
13.869189,19.514761,seed6524.png
23.153313,15.259144,seed65240.png
-14.781228,5.1558146,seed65241.png
-8.7342205,-2.7993124,seed65242.png
-0.36828488,20.839914,seed65243.png
-32.08038,22.46448,seed65244.png
-11.380732,-15.132755,seed65245.png
9.9404955,-31.051538,seed65246.png
5.1773915,4.1197033,seed65247.png
-23.34609,5.958241,seed65248.png
-9.102939,-15.985935,seed65249.png
8.796877,21.745459,seed6525.png
10.735239,27.823126,seed65250.png
12.851247,-22.084139,seed65251.png
-7.906133,-6.0839777,seed65252.png
7.2917213,-5.1240296,seed65253.png
-8.044365,-17.105078,seed65254.png
-28.444033,15.203189,seed65255.png
6.4443693,1.0362339,seed65256.png
-34.77473,-3.3369613,seed65257.png
-30.683624,-12.592745,seed65258.png
37.95772,10.099358,seed65259.png
-26.729893,6.5581,seed6526.png
14.584169,20.567638,seed65260.png
-17.896296,-25.615652,seed65261.png
27.082094,26.18194,seed65262.png
-21.488436,-21.685556,seed65263.png
-20.155619,8.061104,seed65264.png
-32.495613,24.309816,seed65265.png
30.881132,3.7358422,seed65266.png
-34.37184,-2.0567038,seed65267.png
5.315039,10.969714,seed65268.png
13.145457,-23.85592,seed65269.png
3.4486756,17.508825,seed6527.png
-35.978317,10.4490795,seed65270.png
-27.442535,-5.092177,seed65271.png
27.85283,22.058594,seed65272.png
29.718391,16.851969,seed65273.png
35.054424,13.14438,seed65274.png
12.152834,-38.43953,seed65275.png
-21.44119,-20.366774,seed65276.png
8.767604,-2.2818508,seed65277.png
22.526772,20.029078,seed65278.png
-9.7413845,-3.408565,seed65279.png
12.768825,17.618475,seed6528.png
-15.042316,5.1996007,seed65280.png
9.683376,7.081678,seed65281.png
-26.17264,-25.475529,seed65282.png
12.076223,-6.252066,seed65283.png
-27.040056,-9.650239,seed65284.png
38.443615,19.453274,seed65285.png
26.727152,9.918052,seed65286.png
10.386837,2.384469,seed65287.png
23.62853,8.539544,seed65288.png
-11.906481,-3.0465922,seed65289.png
39.550095,6.758848,seed6529.png
-0.7190738,-14.686555,seed65290.png
-24.710283,4.7292614,seed65291.png
27.128578,5.497811,seed65292.png
2.107834,14.2313385,seed65293.png
14.914994,24.192772,seed65294.png
15.265978,-36.58164,seed65295.png
-15.420562,-17.631231,seed65296.png
13.138406,-30.19426,seed65297.png
-31.519949,-19.419044,seed65298.png
-29.812849,22.898172,seed65299.png
-34.694317,6.0780945,seed6530.png
32.974796,18.74166,seed65300.png
35.247875,8.006312,seed65301.png
26.27348,11.977713,seed65302.png
9.393263,22.848396,seed65303.png
6.2858424,13.399108,seed65304.png
2.5799406,18.01417,seed65305.png
-24.082325,-25.272446,seed65306.png
-21.982794,4.9355936,seed65307.png
-32.62572,8.0242,seed65308.png
-28.847372,-7.248254,seed65309.png
0.22569679,3.9975135,seed6531.png
-26.567804,-8.339483,seed65310.png
-36.526886,-1.945037,seed65311.png
11.223832,-41.513115,seed65312.png
-2.770168,20.32897,seed65313.png
27.595095,-1.9531536,seed65314.png
-25.104176,-10.362439,seed65315.png
29.684404,22.702185,seed65316.png
-16.90646,-20.924835,seed65317.png
-15.496136,-3.6096578,seed65318.png
10.801326,-1.7586492,seed65319.png
-14.199601,-11.196199,seed6532.png
7.128017,3.4245837,seed65320.png
-10.698488,-1.2419648,seed65321.png
38.942863,5.866618,seed65322.png
30.464605,17.941402,seed65323.png
33.038605,6.317782,seed65324.png
-30.603128,-3.940125,seed65325.png
-21.75321,19.309566,seed65326.png
11.596326,1.0181499,seed65327.png
12.569518,-41.17148,seed65328.png
-22.539677,13.153767,seed65329.png
-34.464294,19.284254,seed6533.png
-8.8981,-24.510601,seed65330.png
-15.294661,-9.618395,seed65331.png
-22.109146,-12.496163,seed65332.png
10.921477,-37.66881,seed65333.png
-4.1653314,7.6382313,seed65334.png
25.550827,20.000633,seed65335.png
12.587658,-26.522253,seed65336.png
12.333681,19.613087,seed65337.png
39.039764,16.036367,seed65338.png
-18.320118,-19.15978,seed65339.png
-16.28035,-15.050221,seed6534.png
-18.14909,-28.442373,seed65340.png
16.873049,27.63592,seed65341.png
18.943666,21.449034,seed65342.png
8.235091,8.98607,seed65343.png
-12.389219,-22.000006,seed65344.png
14.483296,-0.36199048,seed65345.png
14.381532,-36.94665,seed65346.png
-22.666204,-14.252967,seed65347.png
-20.436182,-5.8611164,seed65348.png
-31.34859,-7.697675,seed65349.png
16.241697,-2.1957197,seed6535.png
9.87765,10.014702,seed65350.png
15.949076,-8.895903,seed65351.png
-20.844517,1.5167888,seed65352.png
35.623745,20.628088,seed65353.png
3.3449354,13.550788,seed65354.png
-19.24299,-12.31697,seed65355.png
-4.335402,0.98983115,seed65356.png
41.13858,18.251781,seed65357.png
18.32089,-0.8744439,seed65358.png
-22.505548,-23.912603,seed65359.png
29.249403,7.447695,seed6536.png
-20.823051,-21.705442,seed65360.png
-18.057405,-28.907038,seed65361.png
-17.140694,3.7213843,seed65362.png
22.191065,12.149455,seed65363.png
24.651686,7.29687,seed65364.png
-16.735401,-33.505688,seed65365.png
-2.352866,-4.518335,seed65366.png
-11.446542,-25.840971,seed65367.png
-8.692175,11.439807,seed65368.png
40.12756,16.651102,seed65369.png
-16.789267,9.344161,seed6537.png
-18.952898,-8.788286,seed65370.png
23.817677,-3.8174257,seed65371.png
12.563064,-40.12054,seed65372.png
14.603799,-39.50955,seed65373.png
-15.255396,-19.251524,seed65374.png
-13.311855,-23.353985,seed65375.png
8.310454,9.891578,seed65376.png
12.185851,18.422604,seed65377.png
-4.4589696,-12.392915,seed65378.png
-24.791162,-18.70381,seed65379.png
-20.573683,-29.886349,seed6538.png
32.89751,17.138218,seed65380.png
-22.536642,18.96762,seed65381.png
-24.454182,9.263796,seed65382.png
3.7329857,16.742014,seed65383.png
27.39747,3.5735388,seed65384.png
13.03363,-31.128294,seed65385.png
-26.481903,2.1577559,seed65386.png
-14.269821,-27.788242,seed65387.png
25.428291,18.829746,seed65388.png
20.77196,5.348231,seed65389.png
10.243399,20.35428,seed6539.png
27.245392,24.188725,seed65390.png
8.146983,-39.83281,seed65391.png
-21.421701,18.537092,seed65392.png
20.691185,-4.4924483,seed65393.png
7.152528,-5.684308,seed65394.png
-28.793827,-16.891083,seed65395.png
26.764574,2.8059509,seed65396.png
-6.3602524,3.5943804,seed65397.png
-23.872616,-14.054906,seed65398.png
12.021168,-40.77582,seed65399.png
-29.369135,-7.5165043,seed6540.png
2.119458,-28.441984,seed65400.png
-5.233305,-13.842326,seed65401.png
16.37088,10.661455,seed65402.png
-22.62296,-14.570773,seed65403.png
22.585346,12.685016,seed65404.png
-21.112906,-0.7784647,seed65405.png
-32.75421,-7.643834,seed65406.png
-19.21235,-10.243811,seed65407.png
5.916334,-29.250105,seed65408.png
8.989802,29.537863,seed65409.png
12.513261,-34.804058,seed6541.png
-11.181139,-16.060047,seed65410.png
-20.670938,1.1323211,seed65411.png
4.2684717,-10.770667,seed65412.png
-2.5812855,17.665483,seed65413.png
32.186085,12.666031,seed65414.png
34.736458,23.822878,seed65415.png
-33.919773,22.19113,seed65416.png
-14.483641,-21.876238,seed65417.png
2.2691195,-11.215314,seed65418.png
20.30492,1.8783892,seed65419.png
-11.904192,-20.007254,seed6542.png
-28.891573,-2.500263,seed65420.png
31.377142,22.76655,seed65421.png
-14.433175,-28.592922,seed65422.png
12.181657,-4.0901847,seed65423.png
38.752155,17.723778,seed65424.png
30.541471,4.526343,seed65425.png
-33.261627,26.763348,seed65426.png
-14.90248,-26.83872,seed65427.png
30.111803,3.2025814,seed65428.png
-29.800272,11.543009,seed65429.png
-19.194613,-15.131719,seed6543.png
9.273443,28.959381,seed65430.png
-10.814818,-28.066267,seed65431.png
37.995537,20.01426,seed65432.png
-24.168348,12.439933,seed65433.png
-13.637512,-11.448897,seed65434.png
-21.820845,-12.683091,seed65435.png
42.402657,21.44814,seed65436.png
0.32722288,18.84774,seed65437.png
25.866722,8.407379,seed65438.png
-23.7914,-5.4719706,seed65439.png
-24.30322,7.63595,seed6544.png
-10.104882,-22.236109,seed65440.png
-15.787001,-32.330227,seed65441.png
-20.00543,-9.116879,seed65442.png
-11.841296,-1.1922244,seed65443.png
-7.678211,-13.4622555,seed65444.png
25.425188,-4.8110385,seed65445.png
11.515854,9.112976,seed65446.png
-29.431808,19.122337,seed65447.png
2.3425643,-28.630363,seed65448.png
21.45477,-1.854279,seed65449.png
4.05772,22.61871,seed6545.png
-28.852684,7.90003,seed65450.png
-32.652924,23.029179,seed65451.png
-22.203024,16.979664,seed65452.png
13.728034,27.67036,seed65453.png
-25.970589,6.8344483,seed65454.png
-31.619553,24.046701,seed65455.png
-26.48669,-16.328009,seed65456.png
6.2924986,-35.43844,seed65457.png
-7.1511645,18.718233,seed65458.png
-3.7387922,-4.428553,seed65459.png
-32.09355,-10.381122,seed6546.png
18.378998,4.6135917,seed65460.png
16.357613,16.06194,seed65461.png
10.332389,24.378971,seed65462.png
-31.675634,16.679077,seed65463.png
3.5210516,9.601018,seed65464.png
12.996293,-2.4535933,seed65465.png
33.618813,25.415407,seed65466.png
7.5684967,-12.590417,seed65467.png
-17.263334,-29.943777,seed65468.png
-19.433115,-7.9465504,seed65469.png
8.656153,4.3719425,seed6547.png
-14.040939,-6.379569,seed65470.png
-14.7743,-30.564247,seed65471.png
10.323256,-28.981533,seed65472.png
-33.630642,-5.0286255,seed65473.png
15.8127,-35.659843,seed65474.png
20.036783,14.658521,seed65475.png
-30.937897,23.47525,seed65476.png
32.3208,23.968077,seed65477.png
-15.993447,-29.775333,seed65478.png
18.295046,10.6608095,seed65479.png
22.452347,23.881674,seed6548.png
-27.458134,-2.500799,seed65480.png
-12.4615,-9.901034,seed65481.png
19.506573,4.597364,seed65482.png
-13.614887,-16.169588,seed65483.png
-14.304289,0.3913784,seed65484.png
21.033062,15.787807,seed65485.png
12.084076,-23.671926,seed65486.png
24.549927,6.8077083,seed65487.png
40.70283,20.718977,seed65488.png
16.294153,9.28789,seed65489.png
8.442268,-29.958858,seed6549.png
-26.978802,8.655633,seed65490.png
-23.60043,-21.26546,seed65491.png
20.583208,-4.0699077,seed65492.png
-19.523317,15.772567,seed65493.png
-21.628021,19.170856,seed65494.png
-30.603476,8.628415,seed65495.png
23.544394,16.868938,seed65496.png
-35.82845,11.599501,seed65497.png
26.206026,13.507363,seed65498.png
19.205162,-4.1275764,seed65499.png
14.925886,3.9312441,seed6550.png
-19.19244,-11.027232,seed65500.png
30.400106,19.6842,seed65501.png
-32.758896,24.250929,seed65502.png
20.165245,13.2543955,seed65503.png
21.886505,20.870323,seed65504.png
-3.2282991,-10.370206,seed65505.png
-15.599957,-23.419071,seed65506.png
30.040182,2.0650795,seed65507.png
35.230824,23.227955,seed65508.png
-27.871172,-12.712224,seed65509.png
13.991381,-12.193882,seed6551.png
11.352751,19.045647,seed65510.png
3.645929,23.718542,seed65511.png
4.4034166,-32.415447,seed65512.png
-34.356728,16.012022,seed65513.png
-18.120346,-26.795809,seed65514.png
0.3363796,-17.989326,seed65515.png
-19.20973,5.0145564,seed65516.png
32.7367,4.263223,seed65517.png
-18.816387,-14.057435,seed65518.png
10.44351,-41.79262,seed65519.png
-16.47666,-23.640072,seed6552.png
31.694002,2.0423381,seed65520.png
12.623889,14.637666,seed65521.png
17.236372,1.7951812,seed65522.png
-32.587063,17.293726,seed65523.png
10.894335,-9.844877,seed65524.png
0.7487253,-15.733106,seed65525.png
-30.036015,5.7233315,seed65526.png
9.0479355,8.19952,seed65527.png
-32.99477,-12.922664,seed65528.png
10.847626,-4.7752295,seed65529.png
14.560941,21.667946,seed6553.png
-18.66632,-16.069485,seed65530.png
7.894528,9.240086,seed65531.png
-29.72093,-12.294858,seed65532.png
11.959735,-24.286715,seed65533.png
-19.694832,-10.1653805,seed65534.png
-11.854135,-25.489067,seed65535.png
15.543997,-34.891327,seed65536.png
11.754853,-3.0545535,seed65537.png
-12.004735,-16.669273,seed65538.png
11.481539,-33.15329,seed65539.png
-13.408603,-11.320205,seed6554.png
22.90258,-2.0698416,seed65540.png
29.988377,27.242403,seed65541.png
-21.587109,17.417078,seed65542.png
16.610899,-35.070423,seed65543.png
-25.36208,1.9949077,seed65544.png
-23.063223,-24.17949,seed65545.png
-21.612715,-21.517342,seed65546.png
32.87262,14.029451,seed65547.png
0.6512812,22.438593,seed65548.png
-24.452213,3.5158935,seed65549.png
-9.911126,-25.882938,seed6555.png
14.894984,17.876076,seed65550.png
28.735863,1.9088445,seed65551.png
-11.873194,-23.002779,seed65552.png
2.9838057,-20.439743,seed65553.png
-33.213367,-3.0814075,seed65554.png
-32.975323,17.456974,seed65555.png
23.462618,5.412014,seed65556.png
41.20957,19.819633,seed65557.png
16.481928,25.389011,seed65558.png
0.45583847,19.099464,seed65559.png
29.998825,27.693008,seed6556.png
16.705372,23.1343,seed65560.png
0.8515928,1.001364,seed65561.png
-21.401037,19.873367,seed65562.png
18.018654,-7.2433414,seed65563.png
-18.5254,-28.980827,seed65564.png
10.265088,19.164732,seed65565.png
-36.564915,23.253927,seed65566.png
-12.207387,-7.265987,seed65567.png
1.5049124,-31.61911,seed65568.png
7.8521414,15.151525,seed65569.png
-25.633099,0.63122624,seed6557.png
-21.20735,-20.615461,seed65570.png
-11.098613,-12.966722,seed65571.png
-18.610914,5.5837445,seed65572.png
32.083828,4.7606244,seed65573.png
-29.281044,-6.5847554,seed65574.png
14.483741,-39.15619,seed65575.png
15.797181,10.557329,seed65576.png
25.74242,27.321863,seed65577.png
-3.880338,14.945672,seed65578.png
11.362012,16.920757,seed65579.png
-9.695751,-24.331247,seed6558.png
7.002327,9.644608,seed65580.png
1.9713826,12.277731,seed65581.png
-9.374122,-8.856303,seed65582.png
12.226233,17.996174,seed65583.png
-33.301086,23.30715,seed65584.png
17.71706,27.304436,seed65585.png
12.130265,11.508728,seed65586.png
8.329029,1.4188349,seed65587.png
15.263787,11.728154,seed65588.png
8.900416,-31.06705,seed65589.png
-36.263042,22.656073,seed6559.png
-18.542633,-6.147761,seed65590.png
-13.760265,0.63408124,seed65591.png
10.530536,-42.476536,seed65592.png
23.929882,1.4298339,seed65593.png
-28.079893,12.903314,seed65594.png
-30.382984,9.604659,seed65595.png
36.96109,17.25428,seed65596.png
6.174688,16.620893,seed65597.png
-32.392906,10.636258,seed65598.png
9.173765,9.664468,seed65599.png
-0.10408979,21.221004,seed6560.png
13.929123,4.3385005,seed65600.png
-26.413286,9.16264,seed65601.png
2.1808665,15.430376,seed65602.png
-25.93292,-17.557255,seed65603.png
7.5122604,9.626747,seed65604.png
24.901392,15.886534,seed65605.png
28.695,7.8063993,seed65606.png
-9.801093,-16.703808,seed65607.png
-14.094539,-27.661238,seed65608.png
15.907242,6.6355796,seed65609.png
3.5261633,10.7550335,seed6561.png
-25.833387,9.074417,seed65610.png
10.834882,5.9908066,seed65611.png
-34.39369,24.742725,seed65612.png
-33.173115,-6.524355,seed65613.png
31.982376,12.442441,seed65614.png
1.658366,15.042616,seed65615.png
8.411298,-29.037844,seed65616.png
-10.1546955,-29.033716,seed65617.png
15.425925,-3.118504,seed65618.png
16.799925,7.028803,seed65619.png
29.631243,2.6193767,seed6562.png
-26.278105,18.58194,seed65620.png
10.993982,-3.2916183,seed65621.png
-21.269918,-6.1225853,seed65622.png
16.863039,1.7995996,seed65623.png
-0.7311947,25.000738,seed65624.png
16.264072,15.80435,seed65625.png
-23.03395,-6.397257,seed65626.png
-23.911793,-20.143208,seed65627.png
38.175636,7.3411403,seed65628.png
-26.608313,-11.809259,seed65629.png
2.1923788,-14.774346,seed6563.png
-0.9544149,-17.571783,seed65630.png
-22.39173,18.902391,seed65631.png
34.41367,24.334646,seed65632.png
9.671031,23.483118,seed65633.png
20.523252,3.6639805,seed65634.png
-6.29016,-26.705585,seed65635.png
-17.349806,12.578011,seed65636.png
-4.8484135,13.255675,seed65637.png
-10.176448,-19.696457,seed65638.png
5.606609,17.569979,seed65639.png
-9.271763,-14.990568,seed6564.png
27.432198,23.829174,seed65640.png
9.597935,28.550613,seed65641.png
27.090225,16.809347,seed65642.png
-17.870758,6.9269433,seed65643.png
-34.396824,8.756862,seed65644.png
-33.71919,11.173819,seed65645.png
27.39487,10.480508,seed65646.png
2.9221478,10.078774,seed65647.png
31.487923,7.5572505,seed65648.png
-35.010197,1.2339653,seed65649.png
37.91556,26.867893,seed6565.png
16.269392,-5.045125,seed65650.png
-22.94678,-18.681652,seed65651.png
14.195141,-2.5783088,seed65652.png
-5.673544,12.5921135,seed65653.png
-7.412261,-12.816162,seed65654.png
11.295942,8.402397,seed65655.png
-10.151254,9.291748,seed65656.png
-14.542326,-16.94915,seed65657.png
33.44428,15.622816,seed65658.png
-12.861289,-31.044527,seed65659.png
-10.532354,6.8474817,seed6566.png
31.959131,4.1215067,seed65660.png
1.2267394,-29.193457,seed65661.png
4.259335,10.26562,seed65662.png
-35.51237,20.37775,seed65663.png
-4.390753,-6.061209,seed65664.png
-5.888529,-21.258163,seed65665.png
13.105812,-6.811292,seed65666.png
15.774374,17.290655,seed65667.png
27.267628,26.17694,seed65668.png
-11.640776,-20.608894,seed65669.png
19.958107,3.4477024,seed6567.png
-16.0142,-0.13249026,seed65670.png
-22.291992,5.793932,seed65671.png
26.432076,-3.1092663,seed65672.png
0.2167135,-3.5280259,seed65673.png
22.623983,12.00639,seed65674.png
-23.12029,1.7088137,seed65675.png
31.507454,3.4961717,seed65676.png
-0.3904723,-4.2091103,seed65677.png
12.427213,-42.77944,seed65678.png
-21.729443,-26.00749,seed65679.png
19.760061,14.074814,seed6568.png
-26.156471,7.465759,seed65680.png
0.07849674,-12.826768,seed65681.png
5.4679804,-2.6517425,seed65682.png
22.725554,-4.867148,seed65683.png
4.592493,-35.748367,seed65684.png
29.60606,12.214657,seed65685.png
32.93528,20.842962,seed65686.png
0.32614076,-14.146816,seed65687.png
35.408325,24.045902,seed65688.png
-18.123472,-12.184443,seed65689.png
-17.48475,-20.886227,seed6569.png
-33.377613,16.38001,seed65690.png
34.45177,11.79419,seed65691.png
18.88013,24.263313,seed65692.png
8.906053,-37.2152,seed65693.png
10.59101,-22.996922,seed65694.png
12.770106,-40.411453,seed65695.png
-20.361177,-17.099188,seed65696.png
-15.547413,-11.687624,seed65697.png
-31.403307,13.856666,seed65698.png
-13.380002,-0.907786,seed65699.png
-21.08526,14.682528,seed6570.png
14.148833,21.961203,seed65700.png
-15.257773,-29.60233,seed65701.png
40.50038,16.3624,seed65702.png
-7.7054033,-21.816906,seed65703.png
21.818838,0.75289935,seed65704.png
-19.012041,4.5332117,seed65705.png
-8.251117,-21.255917,seed65706.png
-8.618209,-15.667915,seed65707.png
11.813657,8.400803,seed65708.png
20.324713,-4.8940773,seed65709.png
13.56291,-30.032671,seed6571.png
-7.0299845,-3.2693384,seed65710.png
10.572869,16.667204,seed65711.png
-30.62456,23.457794,seed65712.png
8.096526,-29.327393,seed65713.png
38.34169,20.56352,seed65714.png
-15.360535,-23.650295,seed65715.png
10.200119,24.019527,seed65716.png
-34.125446,21.785648,seed65717.png
3.2217429,9.936469,seed65718.png
-9.844489,10.050864,seed65719.png
22.692884,-1.7504524,seed6572.png
-30.023531,0.6828764,seed65720.png
-0.29424375,-17.337618,seed65721.png
17.561995,14.298219,seed65722.png
18.62322,-2.6644063,seed65723.png
11.745175,-1.1779263,seed65724.png
37.551758,10.189499,seed65725.png
-25.196058,8.7192955,seed65726.png
-12.7808485,14.052693,seed65727.png
10.231803,-33.070152,seed65728.png
-16.50414,-9.534739,seed65729.png
-23.63227,-23.018288,seed6573.png
-21.299051,-21.829397,seed65730.png
-19.759087,-22.928165,seed65731.png
31.350895,16.581425,seed65732.png
-11.711863,-27.623476,seed65733.png
-8.166175,-10.033099,seed65734.png
5.217579,2.9282062,seed65735.png
-28.345987,3.305495,seed65736.png
8.793451,-31.67079,seed65737.png
16.25931,-38.417522,seed65738.png
-18.147373,-26.488811,seed65739.png
30.018673,5.9711294,seed6574.png
11.879111,-20.991337,seed65740.png
8.7446,18.350952,seed65741.png
15.712179,-34.336742,seed65742.png
-6.103428,11.328607,seed65743.png
14.407438,27.12021,seed65744.png
-0.1325236,-22.428701,seed65745.png
12.097753,-39.137123,seed65746.png
-6.3245926,-25.251528,seed65747.png
-6.6443977,-18.193027,seed65748.png
13.127492,-42.30658,seed65749.png
-17.794271,4.30884,seed6575.png
14.618922,-3.3588133,seed65750.png
19.644032,23.023993,seed65751.png
20.181946,1.475996,seed65752.png
4.062987,-31.341454,seed65753.png
15.97167,22.809992,seed65754.png
-12.02271,-12.718295,seed65755.png
-19.480814,-15.375506,seed65756.png
7.8518043,24.188053,seed65757.png
-3.769902,-9.909063,seed65758.png
-5.1529555,-25.381535,seed65759.png
3.512348,20.245548,seed6576.png
30.068306,14.618267,seed65760.png
35.362602,25.192125,seed65761.png
-29.05504,1.3463626,seed65762.png
14.679762,2.6387725,seed65763.png
27.747787,8.126985,seed65764.png
16.77845,16.482533,seed65765.png
-27.679344,14.096225,seed65766.png
-36.423923,24.11289,seed65767.png
14.352254,-34.351566,seed65768.png
24.940002,10.493347,seed65769.png
-30.275291,-0.9329883,seed6577.png
35.849728,7.186744,seed65770.png
-28.18609,8.646464,seed65771.png
15.261901,21.543333,seed65772.png
-10.483212,-10.221056,seed65773.png
-22.878683,-0.86690074,seed65774.png
10.480353,-42.771725,seed65775.png
7.3338065,-10.084534,seed65776.png
7.6938868,8.259211,seed65777.png
-12.593807,-16.450073,seed65778.png
15.772658,-36.201332,seed65779.png
-19.689234,-28.341568,seed6578.png
25.84793,14.492874,seed65780.png
3.9538438,-33.076794,seed65781.png
11.580292,-11.096521,seed65782.png
19.061121,-9.486607,seed65783.png
-0.15011284,22.507408,seed65784.png
24.19827,13.501102,seed65785.png
28.472687,11.483818,seed65786.png
-14.161282,-17.407133,seed65787.png
-23.971777,-10.101841,seed65788.png
5.475343,10.599877,seed65789.png
19.05876,9.082937,seed6579.png
-18.78614,-23.754827,seed65790.png
5.746278,-1.1677085,seed65791.png
-16.375822,-30.753073,seed65792.png
-21.486212,-15.138295,seed65793.png
-31.635094,19.946987,seed65794.png
-25.242146,2.071801,seed65795.png
9.707735,12.332097,seed65796.png
34.12363,23.815863,seed65797.png
6.6697307,7.3936424,seed65798.png
-28.32161,-20.027308,seed65799.png
11.980405,9.827759,seed6580.png
21.623482,20.738132,seed65800.png
-34.73071,-1.1692687,seed65801.png
-1.2854563,24.978563,seed65802.png
-29.83358,11.750032,seed65803.png
11.79453,-42.76134,seed65804.png
-16.22487,2.5745327,seed65805.png
10.733741,-42.856457,seed65806.png
-16.953688,-4.910313,seed65807.png
35.152206,27.032488,seed65808.png
16.050148,-33.001434,seed65809.png
9.203073,-0.5213887,seed6581.png
4.476237,13.268555,seed65810.png
14.691017,8.551681,seed65811.png
-24.609005,-17.05617,seed65812.png
-7.6135206,-19.63146,seed65813.png
18.320755,-1.4599298,seed65814.png
10.771082,-35.15962,seed65815.png
-8.95961,-10.176147,seed65816.png
21.998434,3.557992,seed65817.png
-22.371962,-2.6180904,seed65818.png
-8.068465,-11.1311455,seed65819.png
9.9035425,-7.1511827,seed6582.png
-36.30125,21.055115,seed65820.png
12.30042,21.95347,seed65821.png
-17.142826,4.422997,seed65822.png
25.182829,14.459136,seed65823.png
-20.440702,4.086607,seed65824.png
-22.776083,15.046685,seed65825.png
39.075344,22.188114,seed65826.png
-1.7232466,-6.936321,seed65827.png
-24.580399,-19.647827,seed65828.png
1.293311,-1.2777528,seed65829.png
-13.902254,-19.2652,seed6583.png
-4.3681283,15.60869,seed65830.png
18.362705,3.4905832,seed65831.png
8.207138,10.194216,seed65832.png
29.506931,9.708717,seed65833.png
-12.198506,-18.345451,seed65834.png
6.5963354,-36.198288,seed65835.png
-10.145329,-12.747839,seed65836.png
-32.120754,19.984823,seed65837.png
22.96727,22.535984,seed65838.png
-17.34716,-29.144762,seed65839.png
-5.172724,6.5490456,seed6584.png
-26.358671,5.39329,seed65840.png
-20.399601,-5.118293,seed65841.png
15.158552,-34.065037,seed65842.png
-13.787274,-25.340149,seed65843.png
11.195009,1.7431891,seed65844.png
-16.251951,-31.534058,seed65845.png
16.464104,23.862658,seed65846.png
41.62506,21.411293,seed65847.png
10.391733,6.03213,seed65848.png
-18.478605,-17.467716,seed65849.png
13.959094,10.765628,seed6585.png
30.231878,28.140615,seed65850.png
36.647213,21.31153,seed65851.png
31.542065,6.8091755,seed65852.png
27.636856,11.177988,seed65853.png
-33.410294,-8.255053,seed65854.png
-1.3077569,24.456724,seed65855.png
6.2672133,-34.55504,seed65856.png
-10.727111,-14.412367,seed65857.png
10.399745,15.634435,seed65858.png
-14.094542,-12.438106,seed65859.png
10.571708,-23.75173,seed6586.png
-20.671743,3.1957676,seed65860.png
-30.531631,-17.756176,seed65861.png
17.967411,2.3333166,seed65862.png
-35.039547,13.760856,seed65863.png
7.536197,-5.329985,seed65864.png
35.18466,14.279579,seed65865.png
-26.420088,-10.11429,seed65866.png
1.9689907,4.36175,seed65867.png
-24.983316,17.859316,seed65868.png
16.612602,24.920908,seed65869.png
-13.387553,-27.081556,seed6587.png
-28.40213,15.57186,seed65870.png
11.622305,-3.5910127,seed65871.png
9.055867,-41.842533,seed65872.png
15.710209,-39.144524,seed65873.png
-1.2328268,2.7683463,seed65874.png
-33.000767,26.157078,seed65875.png
-31.046095,19.926363,seed65876.png
6.150184,24.796503,seed65877.png
-7.8579803,10.472516,seed65878.png
22.86664,21.26518,seed65879.png
8.520576,-39.29427,seed6588.png
-25.847076,-6.228618,seed65880.png
15.175763,22.66306,seed65881.png
22.06397,6.456247,seed65882.png
11.790955,-2.733646,seed65883.png
32.274788,13.5784235,seed65884.png
-18.28529,-24.57621,seed65885.png
37.361458,24.540531,seed65886.png
14.796287,-33.67849,seed65887.png
1.8266821,17.394945,seed65888.png
-17.510576,0.829647,seed65889.png
26.89411,12.002782,seed6589.png
14.270604,26.040733,seed65890.png
-0.12135423,-10.6668825,seed65891.png
-32.618893,10.795699,seed65892.png
-10.723093,-16.054998,seed65893.png
39.422077,22.079609,seed65894.png
-2.9699697,-16.700624,seed65895.png
3.0390422,16.71089,seed65896.png
-17.37485,2.723621,seed65897.png
18.871977,-1.2971786,seed65898.png
9.7119055,19.135368,seed65899.png
19.819954,21.70213,seed6590.png
-26.701292,-3.6441772,seed65900.png
17.410526,3.229178,seed65901.png
7.8969855,-37.091667,seed65902.png
-19.68803,-28.646437,seed65903.png
-11.32075,-30.81526,seed65904.png
34.339737,15.71979,seed65905.png
-9.972074,-22.268795,seed65906.png
-18.735466,-9.85967,seed65907.png
5.991692,4.5020633,seed65908.png
3.1126592,0.92353135,seed65909.png
39.282425,14.152493,seed6591.png
27.612232,15.9155655,seed65910.png
3.4682307,-29.91635,seed65911.png
14.192024,-36.053474,seed65912.png
10.188168,2.6590006,seed65913.png
-22.72414,2.2763886,seed65914.png
3.384941,-26.587032,seed65915.png
-15.011394,-10.3967905,seed65916.png
8.797464,-27.289795,seed65917.png
26.116274,17.509636,seed65918.png
2.7451682,-2.5042875,seed65919.png
-7.387329,-23.738821,seed6592.png
-20.632504,-16.442734,seed65920.png
-7.907826,-8.447194,seed65921.png
7.4507737,-5.9176445,seed65922.png
3.8197072,21.905094,seed65923.png
0.9044944,18.693798,seed65924.png
-20.209908,-6.176547,seed65925.png
23.508099,19.281631,seed65926.png
9.8171,-26.025566,seed65927.png
-32.908447,24.117565,seed65928.png
35.77908,18.074032,seed65929.png
-21.554886,-19.620798,seed6593.png
7.974038,2.4748616,seed65930.png
6.72513,-29.523659,seed65931.png
33.633427,25.096794,seed65932.png
-11.869444,-30.759626,seed65933.png
-14.952479,-18.651304,seed65934.png
28.85916,10.876636,seed65935.png
22.808178,22.541641,seed65936.png
-24.15169,-10.271097,seed65937.png
-28.198147,-8.8376665,seed65938.png
-38.178883,21.254349,seed65939.png
20.74513,18.943596,seed6594.png
-17.895988,-25.938679,seed65940.png
12.6358595,17.58074,seed65941.png
17.248535,7.756589,seed65942.png
-9.712014,-3.2915506,seed65943.png
35.80421,27.477392,seed65944.png
19.308056,-4.859651,seed65945.png
-8.762889,-22.460152,seed65946.png
4.694706,-0.04745558,seed65947.png
9.4947195,-1.839804,seed65948.png
13.306484,27.757801,seed65949.png
22.526438,10.824514,seed6595.png
-19.846317,-5.8667216,seed65950.png
-8.440996,13.688169,seed65951.png
-9.175241,-5.398067,seed65952.png
-20.182394,1.8254664,seed65953.png
10.1288,3.3667626,seed65954.png
39.952557,16.483273,seed65955.png
34.04756,27.445364,seed65956.png
-28.41745,9.874755,seed65957.png
-33.219543,-9.563824,seed65958.png
34.552647,9.786941,seed65959.png
-11.240579,-26.012987,seed6596.png
22.114637,18.824148,seed65960.png
-23.849575,-16.71218,seed65961.png
-30.256645,-5.0645022,seed65962.png
32.57602,3.4750698,seed65963.png
-25.510042,14.325626,seed65964.png
-12.507905,2.268199,seed65965.png
28.592829,13.269552,seed65966.png
34.955093,25.26031,seed65967.png
-26.629164,11.422972,seed65968.png
-25.024885,-7.2520247,seed65969.png
20.92877,26.405489,seed6597.png
-2.9381807,11.96394,seed65970.png
-33.61972,22.25373,seed65971.png
-26.851362,14.486349,seed65972.png
-35.818886,4.6601596,seed65973.png
-15.355631,-4.0316443,seed65974.png
-27.48397,-16.646015,seed65975.png
38.199677,20.589008,seed65976.png
27.396143,5.900838,seed65977.png
-24.690344,6.482555,seed65978.png
-12.431836,-1.3243228,seed65979.png
0.10150524,12.538877,seed6598.png
-21.715689,-5.6381097,seed65980.png
-20.519678,-27.872213,seed65981.png
-30.49233,18.689306,seed65982.png
-2.9976265,-17.119709,seed65983.png
-12.059914,6.8091955,seed65984.png
3.4715176,-12.584925,seed65985.png
-7.2554717,-11.218129,seed65986.png
-24.213863,20.130386,seed65987.png
37.488544,12.563865,seed65988.png
9.930103,11.896201,seed65989.png
-10.149479,-27.64463,seed6599.png
-14.9074335,-30.48991,seed65990.png
-7.8307467,-28.73885,seed65991.png
-18.203966,-22.822659,seed65992.png
-17.256382,-25.897018,seed65993.png
-24.329473,15.828076,seed65994.png
14.166875,15.89637,seed65995.png
-14.607485,-9.991969,seed65996.png
19.462032,12.577018,seed65997.png
-15.593084,-12.311704,seed65998.png
-12.519533,-30.662174,seed65999.png
9.189995,29.52488,seed6600.png
0.20517442,19.86347,seed66000.png
-28.60198,-7.4190936,seed66001.png
-25.982155,11.722755,seed66002.png
-33.93352,-10.562392,seed66003.png
-14.652471,0.78817666,seed66004.png
-14.416168,5.7674994,seed66005.png
18.61218,-9.372472,seed66006.png
-33.813004,19.94162,seed66007.png
36.863335,8.069108,seed66008.png
21.260914,-1.2456981,seed66009.png
-9.928446,-19.90631,seed6601.png
3.7192557,18.153244,seed66010.png
4.081446,-31.8272,seed66011.png
16.815899,-1.6380576,seed66012.png
32.19649,6.4892635,seed66013.png
35.509388,8.115044,seed66014.png
0.018146187,20.042732,seed66015.png
23.765223,1.6597,seed66016.png
4.358345,-33.40725,seed66017.png
4.297638,-27.563368,seed66018.png
7.189542,-41.211735,seed66019.png
19.166061,25.448044,seed6602.png
-14.9795885,-7.0485,seed66020.png
-7.425229,-14.675488,seed66021.png
-13.50338,-17.780802,seed66022.png
28.274477,6.6040015,seed66023.png
-25.058186,10.596528,seed66024.png
9.439181,17.319807,seed66025.png
0.92038304,0.3507763,seed66026.png
-29.172033,13.416657,seed66027.png
17.483242,20.136406,seed66028.png
7.018294,-4.2501006,seed66029.png
17.179218,9.275898,seed6603.png
-10.254328,-24.87674,seed66030.png
13.285103,23.131863,seed66031.png
-11.060239,-17.381693,seed66032.png
15.853011,11.47979,seed66033.png
-15.10741,-12.57874,seed66034.png
-20.139734,-24.40098,seed66035.png
18.766714,10.906583,seed66036.png
-23.22934,6.9051104,seed66037.png
-29.49567,-13.638161,seed66038.png
-21.08954,11.709978,seed66039.png
13.431325,-35.479935,seed6604.png
9.987455,-8.515062,seed66040.png
-22.033525,2.1558955,seed66041.png
8.481407,-32.352356,seed66042.png
-15.408581,-19.406374,seed66043.png
19.081686,23.5022,seed66044.png
9.352015,-41.88433,seed66045.png
9.58719,25.161692,seed66046.png
10.840155,6.3876863,seed66047.png
39.996857,19.04614,seed66048.png
29.774725,9.926757,seed66049.png
-10.924783,-10.98257,seed6605.png
4.934888,7.012174,seed66050.png
-30.165602,3.110104,seed66051.png
10.994004,-33.679234,seed66052.png
5.5685506,-37.468903,seed66053.png
-28.30449,-14.58597,seed66054.png
-19.34113,9.128371,seed66055.png
-1.6074753,-0.770711,seed66056.png
-16.567518,0.9253942,seed66057.png
30.517921,5.751837,seed66058.png
-2.5691671,-13.178225,seed66059.png
14.633157,20.984827,seed6606.png
13.51392,-37.474182,seed66060.png
-32.516785,20.797468,seed66061.png
-0.7371306,-16.739437,seed66062.png
16.653229,-33.168667,seed66063.png
14.170944,4.955216,seed66064.png
-21.634777,-29.66687,seed66065.png
8.680179,9.042424,seed66066.png
33.25334,27.56452,seed66067.png
-12.933198,-18.57487,seed66068.png
-14.682979,-23.04669,seed66069.png
1.3958945,-14.568927,seed6607.png
4.7218585,-7.753579,seed66070.png
-17.10844,-23.964006,seed66071.png
-12.9799385,-27.732147,seed66072.png
33.530052,25.324778,seed66073.png
-31.367775,13.362081,seed66074.png
-21.1323,-1.895639,seed66075.png
-12.235537,-5.5904646,seed66076.png
31.063232,10.430346,seed66077.png
3.6045034,9.883524,seed66078.png
-2.6203258,5.4103155,seed66079.png
30.745499,27.591,seed6608.png
34.78901,11.670651,seed66080.png
9.876428,-21.209438,seed66081.png
-28.112846,-13.821935,seed66082.png
27.266336,13.116336,seed66083.png
20.675886,25.580019,seed66084.png
-21.9781,-2.2672355,seed66085.png
-15.6113,6.680619,seed66086.png
-24.10585,6.8376865,seed66087.png
-13.809172,-8.545114,seed66088.png
-16.318773,-2.4891827,seed66089.png
20.299381,9.702894,seed6609.png
0.48471484,20.355917,seed66090.png
-29.333282,6.249825,seed66091.png
-29.400242,13.158523,seed66092.png
16.746998,-1.533354,seed66093.png
-22.757586,-8.904079,seed66094.png
-28.966805,10.530223,seed66095.png
5.067917,11.498333,seed66096.png
27.286703,0.65404904,seed66097.png
-37.726196,14.646361,seed66098.png
31.443897,26.286795,seed66099.png
-4.609981,-22.146772,seed6610.png
13.753162,-30.040333,seed66100.png
-15.377091,5.525679,seed66101.png
11.768803,-17.693436,seed66102.png
20.384762,0.7703124,seed66103.png
-25.842224,-8.346519,seed66104.png
12.298284,-5.067053,seed66105.png
-13.414625,-12.14672,seed66106.png
23.560799,19.366829,seed66107.png
-24.512804,-16.090536,seed66108.png
-21.897581,-7.955377,seed66109.png
38.691887,11.066042,seed6611.png
11.785539,-3.525355,seed66110.png
28.248762,26.429478,seed66111.png
-12.96712,-20.123024,seed66112.png
-20.002113,11.4729185,seed66113.png
-20.994501,11.310414,seed66114.png
12.963387,-30.722641,seed66115.png
-31.841393,18.68136,seed66116.png
-35.575188,18.333258,seed66117.png
-10.514778,-18.411743,seed66118.png
11.063253,-4.85434,seed66119.png
-27.280975,16.261753,seed6612.png
14.885388,14.408404,seed66120.png
-24.922928,-26.415318,seed66121.png
-35.182823,27.00341,seed66122.png
23.508955,-1.2646776,seed66123.png
20.126442,5.366279,seed66124.png
25.196619,4.061177,seed66125.png
22.992132,-2.5449321,seed66126.png
15.197869,-5.512596,seed66127.png
-14.974114,-17.587593,seed66128.png
15.871288,-35.448505,seed66129.png
6.2332196,5.0724864,seed6613.png
-35.63269,19.59324,seed66130.png
-17.476997,-31.159756,seed66131.png
-26.206476,13.627221,seed66132.png
33.025337,9.837491,seed66133.png
10.508836,-3.0099847,seed66134.png
2.3194308,-15.240584,seed66135.png
-32.434555,-4.226796,seed66136.png
24.1817,15.281086,seed66137.png
-25.114002,-0.20132887,seed66138.png
-24.630884,4.719353,seed66139.png
-26.33511,-8.648515,seed6614.png
0.746507,14.6057205,seed66140.png
-0.45281932,14.058958,seed66141.png
-29.8851,1.5967396,seed66142.png
-26.25925,12.796708,seed66143.png
28.964449,12.923159,seed66144.png
12.915705,-22.403458,seed66145.png
24.798777,6.297342,seed66146.png
14.103619,-35.22014,seed66147.png
7.8235927,-21.711966,seed66148.png
13.193591,-3.7321088,seed66149.png
-13.9616375,-4.7780547,seed6615.png
41.1424,19.220732,seed66150.png
-16.861464,4.1755695,seed66151.png
19.548208,11.727504,seed66152.png
23.793293,17.287756,seed66153.png
-14.532847,-15.076826,seed66154.png
-21.703506,7.2695565,seed66155.png
-1.459991,24.705908,seed66156.png
31.954767,26.425215,seed66157.png
16.367601,-36.421688,seed66158.png
34.132107,25.92819,seed66159.png
23.150469,0.588445,seed6616.png
27.803259,17.178455,seed66160.png
33.784145,10.83005,seed66161.png
17.886078,11.195984,seed66162.png
17.517782,-3.7717454,seed66163.png
-20.758463,6.249623,seed66164.png
39.167236,24.436935,seed66165.png
-2.9334593,-2.163973,seed66166.png
-8.187333,-14.435061,seed66167.png
37.361214,11.317887,seed66168.png
13.397077,0.21807158,seed66169.png
16.8528,-35.106567,seed6617.png
-22.715622,-1.6434444,seed66170.png
-30.492565,5.3135433,seed66171.png
11.346672,-36.25695,seed66172.png
-3.7325225,-6.413435,seed66173.png
36.059986,10.520322,seed66174.png
11.311168,-35.269012,seed66175.png
-26.845865,-7.442905,seed66176.png
-22.569956,-15.447735,seed66177.png
-23.33991,-0.28260154,seed66178.png
-19.338898,15.567346,seed66179.png
6.5442405,14.946284,seed6618.png
-31.61658,18.113619,seed66180.png
21.612843,2.836114,seed66181.png
41.483925,18.635315,seed66182.png
0.80953425,8.892497,seed66183.png
-32.49841,-14.18944,seed66184.png
6.797897,-25.615074,seed66185.png
-34.622387,20.768345,seed66186.png
27.0801,24.794811,seed66187.png
30.22929,9.648141,seed66188.png
-33.201992,-4.096392,seed66189.png
11.818266,-36.925304,seed6619.png
-30.680405,16.267836,seed66190.png
5.5025806,18.764235,seed66191.png
-31.768892,16.14043,seed66192.png
6.6320143,6.6584353,seed66193.png
-32.308655,20.27021,seed66194.png
25.461868,18.474619,seed66195.png
-20.746717,-15.001531,seed66196.png
24.549898,18.89854,seed66197.png
16.542454,12.086154,seed66198.png
-26.74429,-16.082634,seed66199.png
35.786293,11.028436,seed6620.png
26.417122,6.959301,seed66200.png
-25.242949,-19.393835,seed66201.png
14.15122,13.355965,seed66202.png
23.363647,2.84522,seed66203.png
8.443009,5.189763,seed66204.png
34.904907,8.6165285,seed66205.png
0.29025277,-5.421336,seed66206.png
17.01599,22.870409,seed66207.png
5.4877214,-28.834131,seed66208.png
-31.24045,0.7396014,seed66209.png
13.173923,21.836935,seed6621.png
-14.663338,-15.6041155,seed66210.png
24.724579,12.255693,seed66211.png
7.741133,4.5081606,seed66212.png
8.301817,-39.037952,seed66213.png
0.8105057,-1.5718025,seed66214.png
12.651205,-11.921249,seed66215.png
39.38572,20.024904,seed66216.png
-2.2154264,23.58132,seed66217.png
35.289864,21.567001,seed66218.png
19.88054,10.897579,seed66219.png
-20.709845,-29.114485,seed6622.png
5.1833844,11.746429,seed66220.png
1.6107028,20.523046,seed66221.png
17.301151,25.095423,seed66222.png
-25.827137,8.384005,seed66223.png
-18.758972,7.753652,seed66224.png
23.422602,12.437962,seed66225.png
-37.933064,13.445922,seed66226.png
7.228879,-1.638345,seed66227.png
16.252186,19.815641,seed66228.png
14.38243,-10.823268,seed66229.png
20.559416,13.706066,seed6623.png
25.40211,24.49621,seed66230.png
-16.885706,-5.823187,seed66231.png
29.097185,29.060186,seed66232.png
-23.756683,0.96248,seed66233.png
-5.1177926,15.714441,seed66234.png
-34.393154,2.3631604,seed66235.png
38.46941,20.765572,seed66236.png
9.979465,-0.58532524,seed66237.png
29.699326,-0.62711215,seed66238.png
25.569176,12.244071,seed66239.png
-18.288578,-17.34688,seed6624.png
-24.65268,-20.261812,seed66240.png
31.866367,13.471934,seed66241.png
15.732731,-3.5208662,seed66242.png
13.691232,-34.467857,seed66243.png
8.0022135,16.555166,seed66244.png
-38.59021,15.971146,seed66245.png
-37.520428,11.193453,seed66246.png
22.91909,23.293198,seed66247.png
-15.207363,-7.395399,seed66248.png
-15.106178,-18.441586,seed66249.png
-31.001123,7.567349,seed6625.png
-30.929993,-16.604313,seed66250.png
-25.216785,14.715743,seed66251.png
23.313023,14.051895,seed66252.png
-17.695627,-27.364338,seed66253.png
-13.017246,-6.290906,seed66254.png
18.391323,10.77007,seed66255.png
-29.890673,16.631853,seed66256.png
-16.971895,-17.350502,seed66257.png
-18.674944,-22.972021,seed66258.png
8.179543,-22.473755,seed66259.png
-22.261587,-4.8170238,seed6626.png
-28.184828,11.00065,seed66260.png
-8.083639,-11.631703,seed66261.png
25.40568,-2.5610356,seed66262.png
11.007898,-28.929396,seed66263.png
35.681103,7.951909,seed66264.png
18.894274,11.388882,seed66265.png
-21.079731,2.1586144,seed66266.png
21.55355,2.6197062,seed66267.png
4.579176,-7.745744,seed66268.png
2.1273043,18.632828,seed66269.png
6.895468,-7.5131474,seed6627.png
21.07568,-7.3506193,seed66270.png
1.1607561,8.086601,seed66271.png
-12.952502,-23.844849,seed66272.png
-34.743187,27.633253,seed66273.png
34.010902,6.1498046,seed66274.png
7.6789293,-32.519897,seed66275.png
-25.556997,9.873685,seed66276.png
-23.921915,-10.003836,seed66277.png
-13.361307,3.3482556,seed66278.png
9.025365,-3.8733656,seed66279.png
1.3350891,-33.443943,seed6628.png
-5.3316803,-1.86208,seed66280.png
6.9744673,-26.256222,seed66281.png
14.908011,18.82144,seed66282.png
25.698631,7.823034,seed66283.png
-19.073387,-5.9565787,seed66284.png
-30.737106,-13.928476,seed66285.png
-24.25964,5.334161,seed66286.png
-23.24156,-2.7268705,seed66287.png
-32.211002,19.870552,seed66288.png
41.351345,22.362411,seed66289.png
-16.238197,-24.509455,seed6629.png
12.142185,-0.81883144,seed66290.png
19.310675,-8.057205,seed66291.png
14.48019,5.316248,seed66292.png
11.238118,-35.99111,seed66293.png
32.445793,0.4526064,seed66294.png
35.50183,19.141132,seed66295.png
3.4161398,-29.670565,seed66296.png
36.277397,23.838072,seed66297.png
2.1657279,-17.686602,seed66298.png
-12.766179,-32.163887,seed66299.png
-20.150503,-17.408356,seed6630.png
6.0758705,12.994855,seed66300.png
-21.890404,-4.087101,seed66301.png
-4.7882,10.175304,seed66302.png
-22.284649,4.028316,seed66303.png
33.618828,15.865003,seed66304.png
23.199364,15.317312,seed66305.png
-6.907065,-5.3462787,seed66306.png
34.51962,23.652346,seed66307.png
5.382248,12.191428,seed66308.png
24.089117,7.73299,seed66309.png
-19.743565,-3.1256626,seed6631.png
-15.786165,-5.2071395,seed66310.png
-20.020998,13.766922,seed66311.png
16.71178,12.385352,seed66312.png
14.312057,0.142181,seed66313.png
1.0276085,13.833858,seed66314.png
-13.608169,0.2795615,seed66315.png
18.266283,3.8772366,seed66316.png
5.8327107,10.698241,seed66317.png
14.785483,12.213901,seed66318.png
2.0905707,-28.833532,seed66319.png
-24.696995,-0.28171748,seed6632.png
37.76804,21.036732,seed66320.png
-23.256233,3.123979,seed66321.png
26.51368,10.784183,seed66322.png
-33.57218,-4.9775004,seed66323.png
-29.118938,13.286643,seed66324.png
-34.123577,-3.3028305,seed66325.png
12.690034,-30.467947,seed66326.png
18.241323,-6.612462,seed66327.png
21.383453,11.39693,seed66328.png
-14.656759,-21.428617,seed66329.png
6.314833,22.429033,seed6633.png
14.020654,15.490646,seed66330.png
38.586708,20.932318,seed66331.png
-33.349007,22.475355,seed66332.png
7.610762,0.8649026,seed66333.png
-15.133272,-32.158398,seed66334.png
-27.88199,0.6637238,seed66335.png
6.6399126,-29.130754,seed66336.png
33.949165,19.151493,seed66337.png
-20.63142,-26.576298,seed66338.png
-18.113337,-23.993023,seed66339.png
-13.738202,-22.59129,seed6634.png
-12.345414,-8.026094,seed66340.png
-32.56072,8.52105,seed66341.png
-1.5023767,-13.703481,seed66342.png
-31.235384,16.187971,seed66343.png
13.538366,-28.336058,seed66344.png
-21.148298,-29.541073,seed66345.png
-10.790261,-18.04423,seed66346.png
18.198116,20.44969,seed66347.png
-22.666687,-15.650898,seed66348.png
20.817713,3.2989693,seed66349.png
8.207388,-32.492535,seed6635.png
30.010147,27.329586,seed66350.png
-23.56109,-27.79652,seed66351.png
-0.017028904,-16.53693,seed66352.png
26.909296,4.719691,seed66353.png
-22.247631,6.8532043,seed66354.png
23.516556,20.548393,seed66355.png
-9.039985,-18.961449,seed66356.png
-37.568127,20.51923,seed66357.png
16.623335,-35.500328,seed66358.png
-11.112751,-29.080858,seed66359.png
-11.656803,-12.371264,seed6636.png
-31.40775,-7.3832374,seed66360.png
-34.303043,7.037815,seed66361.png
5.569706,12.018459,seed66362.png
30.169111,8.668769,seed66363.png
-0.51399684,-1.3383428,seed66364.png
-11.600362,-20.533041,seed66365.png
-10.431233,11.408926,seed66366.png
-20.37353,-13.210427,seed66367.png
2.3268743,17.758335,seed66368.png
37.689423,23.852503,seed66369.png
2.3649056,22.742306,seed6637.png
21.97133,18.985758,seed66370.png
-25.486486,3.689239,seed66371.png
-28.347385,15.385485,seed66372.png
-13.936765,8.240562,seed66373.png
-15.384714,1.3006319,seed66374.png
-21.3814,14.096167,seed66375.png
23.603512,26.802916,seed66376.png
27.193924,6.6519623,seed66377.png
-27.293661,7.1429677,seed66378.png
8.240079,-9.390032,seed66379.png
-17.282206,-3.0699735,seed6638.png
5.2158923,-10.255259,seed66380.png
-24.175222,-17.287647,seed66381.png
4.3131795,12.324378,seed66382.png
-23.564106,-2.9587893,seed66383.png
-29.58391,3.2837174,seed66384.png
-24.031868,9.888322,seed66385.png
24.944418,-4.3612676,seed66386.png
15.787217,14.821521,seed66387.png
0.31425142,-19.569965,seed66388.png
-12.263517,-29.87568,seed66389.png
-23.913048,5.097038,seed6639.png
29.78719,3.9024951,seed66390.png
30.237782,7.0592403,seed66391.png
-24.977097,-18.045147,seed66392.png
-19.16603,-11.013696,seed66393.png
-32.13527,6.815266,seed66394.png
12.206283,21.041002,seed66395.png
0.70557046,10.810557,seed66396.png
10.146207,-24.184223,seed66397.png
21.58369,14.835911,seed66398.png
-33.546,4.2567215,seed66399.png
-26.586134,7.8913746,seed6640.png
-33.715477,15.969189,seed66400.png
-22.771622,16.508701,seed66401.png
-14.534408,-16.631914,seed66402.png
16.159384,7.775337,seed66403.png
8.896888,-24.433989,seed66404.png
-29.417088,13.424627,seed66405.png
-15.2766075,-6.2648816,seed66406.png
34.414917,21.396961,seed66407.png
-29.284143,-20.986372,seed66408.png
-32.275475,3.1238894,seed66409.png
-22.00621,-12.680901,seed6641.png
36.9692,7.4916816,seed66410.png
-21.716015,17.494884,seed66411.png
24.116652,7.7029414,seed66412.png
-26.773365,-17.676344,seed66413.png
15.720707,-0.07345543,seed66414.png
7.2344494,-29.597124,seed66415.png
4.141922,-33.106773,seed66416.png
5.507616,-30.643208,seed66417.png
10.880615,27.0087,seed66418.png
-30.506092,-10.347261,seed66419.png
-22.640966,-23.921741,seed6642.png
12.192328,-42.842773,seed66420.png
15.310187,-1.3611305,seed66421.png
1.8867205,12.25515,seed66422.png
-22.560577,-2.1204913,seed66423.png
32.188652,10.611678,seed66424.png
-1.879229,-16.16909,seed66425.png
14.843045,21.203869,seed66426.png
3.615532,16.13166,seed66427.png
-11.498314,-21.088583,seed66428.png
9.901467,-34.811634,seed66429.png
-10.498748,-6.2822084,seed6643.png
-11.865274,-24.529825,seed66430.png
-32.498005,25.518538,seed66431.png
-28.883501,16.532562,seed66432.png
-29.214815,9.460322,seed66433.png
8.464531,-27.603392,seed66434.png
9.197882,-36.061497,seed66435.png
-12.133712,1.5794024,seed66436.png
-31.129553,-13.14903,seed66437.png
6.66238,-27.14334,seed66438.png
17.052004,10.54255,seed66439.png
-36.971943,20.569502,seed6644.png
-12.48682,-25.466738,seed66440.png
-19.738972,-20.066172,seed66441.png
-30.548815,-8.094847,seed66442.png
-23.728487,12.364381,seed66443.png
-0.65436286,10.373159,seed66444.png
18.353563,18.096842,seed66445.png
-10.58651,-2.34048,seed66446.png
-12.96669,-1.0876164,seed66447.png
18.478489,-6.3069954,seed66448.png
-3.711289,-16.993782,seed66449.png
18.726244,-4.219314,seed6645.png
-17.670883,-10.481706,seed66450.png
-10.231817,-10.29768,seed66451.png
24.627722,6.7663465,seed66452.png
-34.614017,22.34199,seed66453.png
13.709544,24.297003,seed66454.png
5.337272,16.43162,seed66455.png
20.313612,-5.211087,seed66456.png
-20.239035,-0.8688946,seed66457.png
10.374071,-41.541733,seed66458.png
-14.951223,-9.5526085,seed66459.png
30.532553,28.02221,seed6646.png
37.24515,21.347103,seed66460.png
28.574654,14.086896,seed66461.png
-33.07187,20.850306,seed66462.png
-15.734188,-0.564519,seed66463.png
-13.830935,-31.502623,seed66464.png
9.583237,15.384664,seed66465.png
11.762469,-1.7151138,seed66466.png
-27.340467,-4.3270674,seed66467.png
14.065278,-32.698425,seed66468.png
-13.057358,-23.334831,seed66469.png
-17.829756,2.5805752,seed6647.png
-1.4440607,-9.804519,seed66470.png
-20.406576,-17.635975,seed66471.png
24.325836,16.797415,seed66472.png
-24.678822,-1.9598149,seed66473.png
15.552657,-32.203484,seed66474.png
-28.443989,7.908007,seed66475.png
20.786053,11.68626,seed66476.png
30.853579,25.405315,seed66477.png
-19.209139,-1.7078645,seed66478.png
6.4417534,24.188065,seed66479.png
8.379328,-29.719145,seed6648.png
14.917469,22.929369,seed66480.png
16.667154,-6.838901,seed66481.png
1.7199618,-11.240614,seed66482.png
-29.589306,-13.0647955,seed66483.png
-12.009851,-4.958045,seed66484.png
-28.994644,-12.587012,seed66485.png
-21.917297,2.491818,seed66486.png
31.16618,27.099695,seed66487.png
11.464869,-0.39909723,seed66488.png
-13.011783,-19.17072,seed66489.png
10.442288,-29.342096,seed6649.png
27.881128,1.8314137,seed66490.png
-18.995632,6.642387,seed66491.png
20.782164,24.722166,seed66492.png
-28.827284,3.390581,seed66493.png
17.39738,-34.33322,seed66494.png
23.538757,19.17964,seed66495.png
-13.769352,-29.98404,seed66496.png
-33.834145,1.4649713,seed66497.png
27.458261,20.819748,seed66498.png
-26.309341,-16.516296,seed66499.png
-18.232847,-22.15961,seed6650.png
16.611086,11.120777,seed66500.png
-1.956113,22.779106,seed66501.png
25.754965,19.881426,seed66502.png
8.568843,-30.683285,seed66503.png
23.3418,9.152464,seed66504.png
-21.930508,-16.543655,seed66505.png
-31.381762,-17.476288,seed66506.png
9.955602,5.8102674,seed66507.png
10.320312,3.2310681,seed66508.png
-18.2185,-17.556185,seed66509.png
16.19297,-8.85926,seed6651.png
13.429163,-35.117615,seed66510.png
-16.959896,-11.092671,seed66511.png
16.621742,-36.803688,seed66512.png
23.045538,9.161529,seed66513.png
-28.557846,12.649074,seed66514.png
29.372663,2.8308797,seed66515.png
9.282118,-39.451992,seed66516.png
30.986397,15.298053,seed66517.png
15.664892,-36.708893,seed66518.png
17.880053,17.213652,seed66519.png
-20.665617,-27.816607,seed6652.png
29.55526,27.756186,seed66520.png
14.689251,-3.6946726,seed66521.png
14.377941,9.785472,seed66522.png
1.1065624,11.874687,seed66523.png
29.351316,10.834676,seed66524.png
-4.447482,12.865391,seed66525.png
11.039592,22.225357,seed66526.png
-20.608608,-17.636147,seed66527.png
-9.432479,0.39552864,seed66528.png
-22.584152,-24.30657,seed66529.png
26.360083,4.397482,seed6653.png
5.3476205,-29.540487,seed66530.png
17.272154,19.968967,seed66531.png
3.2693582,-23.084433,seed66532.png
6.3129506,19.47673,seed66533.png
19.337912,24.837967,seed66534.png
0.049940392,19.245794,seed66535.png
30.13373,12.156369,seed66536.png
-22.17146,-19.128021,seed66537.png
9.304259,-11.417869,seed66538.png
13.588243,8.7889595,seed66539.png
28.068563,3.6831,seed6654.png
13.6697035,12.759552,seed66540.png
6.366176,-32.469917,seed66541.png
12.791706,5.5252223,seed66542.png
29.276575,22.349743,seed66543.png
41.2078,19.131023,seed66544.png
18.349232,11.429086,seed66545.png
-18.441319,-24.295475,seed66546.png
-14.801827,-19.154501,seed66547.png
22.013153,23.333961,seed66548.png
14.273213,-12.792966,seed66549.png
11.606824,-23.461664,seed6655.png
-24.560322,-5.0620403,seed66550.png
-22.055183,1.3099408,seed66551.png
-21.010859,2.5416229,seed66552.png
19.082262,13.732411,seed66553.png
-11.45676,-11.816182,seed66554.png
-10.22534,-6.340776,seed66555.png
-23.247133,-15.820457,seed66556.png
24.074259,-3.0889242,seed66557.png
29.118513,4.164077,seed66558.png
5.7806487,-26.468424,seed66559.png
-24.583937,-9.8289795,seed6656.png
12.88025,19.571735,seed66560.png
-21.962095,-22.591038,seed66561.png
27.388391,8.468681,seed66562.png
7.801464,6.558763,seed66563.png
-35.526474,27.04157,seed66564.png
16.063194,22.86207,seed66565.png
2.2514226,-26.405136,seed66566.png
27.884773,0.69900817,seed66567.png
1.366224,-5.518478,seed66568.png
17.26107,21.768936,seed66569.png
10.696318,-24.93878,seed6657.png
15.193105,14.809087,seed66570.png
-0.9935063,14.699212,seed66571.png
-23.713493,-20.72344,seed66572.png
-12.386821,1.4090183,seed66573.png
-10.123669,2.6466324,seed66574.png
17.646612,-1.3501577,seed66575.png
-13.372575,-12.363844,seed66576.png
-27.09853,-11.703971,seed66577.png
-25.482256,-6.562784,seed66578.png
1.2944835,24.366222,seed66579.png
20.365364,10.63346,seed6658.png
-33.011196,0.7840635,seed66580.png
26.11436,14.690769,seed66581.png
7.992007,-6.460663,seed66582.png
-30.66382,-11.924962,seed66583.png
-28.589548,8.545025,seed66584.png
-24.896732,-13.452418,seed66585.png
16.70019,-0.8704609,seed66586.png
-20.910233,-25.684824,seed66587.png
3.9774575,-26.359978,seed66588.png
0.12844618,17.662434,seed66589.png
16.176403,1.4678013,seed6659.png
-9.410084,-9.913997,seed66590.png
-9.786133,-10.0009985,seed66591.png
-5.484107,-15.670794,seed66592.png
10.84301,-33.19391,seed66593.png
-21.15421,-20.966455,seed66594.png
13.37848,-6.8441925,seed66595.png
18.763031,-0.29508728,seed66596.png
-5.251318,11.92236,seed66597.png
-31.924168,-4.9985886,seed66598.png
-20.026855,-14.308783,seed66599.png
-5.5988946,-5.768311,seed6660.png
39.237537,23.626945,seed66600.png
-21.651333,10.4638815,seed66601.png
13.933868,-32.45128,seed66602.png
-21.24045,-25.256975,seed66603.png
24.107882,-2.7971957,seed66604.png
15.986979,-31.35076,seed66605.png
33.871117,24.427969,seed66606.png
8.728546,-3.4561403,seed66607.png
-32.684917,-2.7549763,seed66608.png
9.140811,6.3437223,seed66609.png
2.373403,8.954985,seed6661.png
4.1712103,-35.70371,seed66610.png
30.451838,5.704089,seed66611.png
14.177682,16.02106,seed66612.png
-7.3711033,-2.0161788,seed66613.png
31.62368,2.0258462,seed66614.png
12.027509,-24.611773,seed66615.png
14.131607,11.551743,seed66616.png
11.768646,-14.107121,seed66617.png
12.705189,-26.742744,seed66618.png
13.014589,5.1746416,seed66619.png
28.161907,12.437808,seed6662.png
-16.5252,-15.252611,seed66620.png
9.378215,-4.0577054,seed66621.png
3.7920434,-0.07370853,seed66622.png
-11.5024395,-8.657524,seed66623.png
-16.692198,-6.9500966,seed66624.png
-16.583044,-20.14541,seed66625.png
17.525066,1.992286,seed66626.png
-31.222124,-8.247577,seed66627.png
-29.76491,16.89067,seed66628.png
18.094198,-3.8275301,seed66629.png
13.092754,-39.518032,seed6663.png
-27.352957,-5.4643917,seed66630.png
4.903307,3.1975548,seed66631.png
14.709273,4.6068826,seed66632.png
10.424152,8.221355,seed66633.png
-12.081706,-1.4805453,seed66634.png
26.088554,7.089377,seed66635.png
-1.7802618,23.444447,seed66636.png
38.93979,5.890585,seed66637.png
30.125162,7.5657935,seed66638.png
-24.373428,-17.361355,seed66639.png
13.231777,-37.35709,seed6664.png
16.880655,1.7578747,seed66640.png
-29.286484,12.127755,seed66641.png
-15.49911,-22.61414,seed66642.png
20.518528,15.264374,seed66643.png
-34.59884,11.614205,seed66644.png
-29.493753,8.805522,seed66645.png
-13.878843,-12.765668,seed66646.png
-27.446377,-4.856056,seed66647.png
-13.511914,-13.3019905,seed66648.png
21.519768,19.084711,seed66649.png
-32.37245,19.83127,seed6665.png
-34.816093,8.054977,seed66650.png
19.525513,-5.569993,seed66651.png
27.543673,10.817409,seed66652.png
-8.954728,-5.1121063,seed66653.png
-29.807253,4.3976717,seed66654.png
-8.324355,-8.107678,seed66655.png
8.501534,-26.430227,seed66656.png
-20.541689,-7.591151,seed66657.png
-10.964223,-5.9909296,seed66658.png
31.688633,15.472931,seed66659.png
-31.199774,-0.5191187,seed6666.png
14.042294,1.7693119,seed66660.png
-27.38611,-1.4675441,seed66661.png
7.3634977,18.466944,seed66662.png
-2.6500175,0.8612994,seed66663.png
-36.586132,23.927832,seed66664.png
-18.986788,-6.3830132,seed66665.png
-29.554676,-17.231712,seed66666.png
16.722713,16.734068,seed66667.png
-30.601736,0.10067048,seed66668.png
-13.129447,-3.7481475,seed66669.png
22.04711,18.512857,seed6667.png
-23.718975,-13.5895,seed66670.png
1.5405777,16.293163,seed66671.png
13.30513,-35.417244,seed66672.png
0.78295314,-23.428734,seed66673.png
-13.58989,-21.219276,seed66674.png
16.874762,25.755121,seed66675.png
5.9362593,22.175371,seed66676.png
-13.8789425,-17.260479,seed66677.png
15.087911,26.074785,seed66678.png
31.757616,20.384722,seed66679.png
-35.99506,24.33925,seed6668.png
-4.2259045,-5.3023634,seed66680.png
-19.76014,-27.096773,seed66681.png
24.81061,10.109237,seed66682.png
20.956373,-4.8916445,seed66683.png
-11.386036,-30.787941,seed66684.png
10.595072,-2.168572,seed66685.png
-24.207073,-22.403074,seed66686.png
37.452698,5.106183,seed66687.png
30.449232,13.1477165,seed66688.png
-4.956071,23.814308,seed66689.png
-0.15658732,18.07123,seed6669.png
13.541964,17.850534,seed66690.png
-19.615099,-27.451286,seed66691.png
24.988533,8.425686,seed66692.png
13.597832,22.203455,seed66693.png
-20.567863,-22.59736,seed66694.png
-23.292604,-1.1997683,seed66695.png
12.52835,-23.877705,seed66696.png
25.742966,11.876546,seed66697.png
-19.612978,-10.935992,seed66698.png
29.847916,28.14209,seed66699.png
-16.47626,-30.010643,seed6670.png
-18.131298,-14.985524,seed66700.png
5.39661,5.4966145,seed66701.png
-1.734928,-19.470436,seed66702.png
18.035498,26.034393,seed66703.png
-20.434755,10.288612,seed66704.png
-33.21617,23.620186,seed66705.png
-11.13191,-14.310427,seed66706.png
29.839315,11.536269,seed66707.png
4.4060254,-35.09859,seed66708.png
-0.23967871,18.179234,seed66709.png
-24.037449,-24.048262,seed6671.png
-33.988804,13.407973,seed66710.png
-18.39166,2.6184516,seed66711.png
-33.210316,-8.305979,seed66712.png
11.594015,-41.444378,seed66713.png
0.6731771,-17.936863,seed66714.png
19.778364,23.86733,seed66715.png
5.9335365,-33.836796,seed66716.png
35.07823,26.877064,seed66717.png
24.623526,15.932881,seed66718.png
-18.500483,-28.55468,seed66719.png
-33.837593,27.042814,seed6672.png
-0.1598913,-30.496965,seed66720.png
14.705179,25.15151,seed66721.png
7.976816,-2.4790387,seed66722.png
14.58832,15.879834,seed66723.png
-0.54811084,-19.80714,seed66724.png
18.237143,28.550243,seed66725.png
24.77145,26.048626,seed66726.png
-21.765604,-6.7539268,seed66727.png
-32.518356,6.084269,seed66728.png
17.875683,27.104301,seed66729.png
8.892646,5.9162436,seed6673.png
-31.295053,22.247675,seed66730.png
18.757647,21.01644,seed66731.png
-12.570895,-5.689603,seed66732.png
-24.832432,13.703819,seed66733.png
10.13947,13.4755945,seed66734.png
30.621733,16.590052,seed66735.png
-32.23514,10.375864,seed66736.png
-21.53017,17.735397,seed66737.png
-30.538618,1.3187934,seed66738.png
-30.38663,-11.352845,seed66739.png
11.092095,-27.002398,seed6674.png
-26.799677,-16.8426,seed66740.png
-1.2237396,20.569584,seed66741.png
30.79596,0.9490217,seed66742.png
-15.333428,-9.402981,seed66743.png
-10.789956,-2.570881,seed66744.png
11.635546,26.539536,seed66745.png
-9.998241,0.82772386,seed66746.png
2.8147671,-4.146261,seed66747.png
-21.23994,-6.101171,seed66748.png
-20.44946,-28.848558,seed66749.png
-23.911423,16.479895,seed6675.png
-37.331657,8.323775,seed66750.png
-12.001746,-23.530964,seed66751.png
-24.517426,-10.226686,seed66752.png
6.039449,-6.420814,seed66753.png
15.435812,9.100994,seed66754.png
6.2088556,25.137575,seed66755.png
-16.695805,-3.8712811,seed66756.png
19.525959,14.834358,seed66757.png
5.1832967,17.895617,seed66758.png
-18.630806,-10.767458,seed66759.png
-18.95812,-20.326258,seed6676.png
-32.53115,25.827215,seed66760.png
19.17421,27.754564,seed66761.png
-0.08868942,-18.368933,seed66762.png
-27.241081,-6.5761075,seed66763.png
26.344234,22.88788,seed66764.png
13.528705,-1.5507326,seed66765.png
-27.012047,19.510813,seed66766.png
4.779397,-33.336567,seed66767.png
17.588003,22.577251,seed66768.png
18.467922,24.730726,seed66769.png
4.4640574,23.76452,seed6677.png
-13.152629,-7.905159,seed66770.png
15.420581,-35.806015,seed66771.png
-19.550535,-14.5457115,seed66772.png
-0.7880471,16.850592,seed66773.png
6.567494,-38.15285,seed66774.png
1.5149052,22.48273,seed66775.png
6.0856595,23.213316,seed66776.png
-23.76305,-19.206995,seed66777.png
8.877255,-1.1981976,seed66778.png
27.824955,8.4792,seed66779.png
-31.521103,8.711204,seed6678.png
24.014505,3.2088242,seed66780.png
-20.44525,18.911648,seed66781.png
-31.534277,22.704351,seed66782.png
10.067954,-35.22846,seed66783.png
5.983195,-39.39209,seed66784.png
12.0796795,-0.939416,seed66785.png
-16.146908,-19.220436,seed66786.png
13.744919,-34.861794,seed66787.png
1.8863897,6.396204,seed66788.png
-22.301853,7.280944,seed66789.png
-31.536089,24.851597,seed6679.png
30.8683,28.103146,seed66790.png
-9.08703,-17.115644,seed66791.png
-8.062478,-4.910217,seed66792.png
12.9678755,-33.89404,seed66793.png
-24.68437,2.0486412,seed66794.png
-35.359104,13.624001,seed66795.png
5.4863086,11.737502,seed66796.png
19.051926,26.665941,seed66797.png
7.4402857,-5.027799,seed66798.png
-25.51988,-8.843392,seed66799.png
27.978745,0.3422623,seed6680.png
-1.5662005,24.910192,seed66800.png
-2.6176724,17.142769,seed66801.png
-7.994699,-24.908276,seed66802.png
-11.303805,-4.6818323,seed66803.png
12.251448,-5.536641,seed66804.png
-10.6630745,-16.674782,seed66805.png
-22.627186,13.663184,seed66806.png
-18.573606,-13.300627,seed66807.png
-29.82979,-8.214508,seed66808.png
11.865465,2.383568,seed66809.png
-7.423956,-3.1678388,seed6681.png
12.537493,-27.52875,seed66810.png
-18.965284,5.734033,seed66811.png
29.283188,25.704144,seed66812.png
8.25574,-33.90219,seed66813.png
6.466889,6.9988775,seed66814.png
-18.462536,-12.442481,seed66815.png
12.363437,-27.628485,seed66816.png
-14.80973,-15.404264,seed66817.png
8.210648,-31.992542,seed66818.png
20.816565,-1.4630884,seed66819.png
4.3935294,-35.746284,seed6682.png
-19.738092,-6.376905,seed66820.png
-31.215128,15.216066,seed66821.png
-22.813068,-20.210205,seed66822.png
-5.1499963,-16.58698,seed66823.png
-25.18811,17.373493,seed66824.png
15.925638,24.813145,seed66825.png
-18.98084,-11.404674,seed66826.png
4.2150216,-27.303076,seed66827.png
7.707933,8.093879,seed66828.png
17.782608,-3.8051636,seed66829.png
-33.40026,14.043627,seed6683.png
5.4378843,-0.9583615,seed66830.png
12.432272,-25.984446,seed66831.png
24.090418,-3.0858138,seed66832.png
-19.739153,8.750546,seed66833.png
-34.13528,24.690613,seed66834.png
-11.009682,-2.3184726,seed66835.png
27.950191,11.791046,seed66836.png
-0.27739692,-10.325051,seed66837.png
-31.099623,16.849901,seed66838.png
-21.969765,3.228454,seed66839.png
-18.19573,-5.5661674,seed6684.png
28.581839,0.6136213,seed66840.png
-25.895037,-5.771988,seed66841.png
-5.8510814,13.390034,seed66842.png
-4.386993,-27.371414,seed66843.png
6.942933,-37.089798,seed66844.png
8.679167,-31.995417,seed66845.png
-33.647507,22.089104,seed66846.png
-19.700497,-12.815714,seed66847.png
31.717968,15.970527,seed66848.png
25.268139,6.382497,seed66849.png
-11.443322,-11.137773,seed6685.png
40.60372,23.445065,seed66850.png
-15.076224,-20.10697,seed66851.png
18.768713,21.330538,seed66852.png
1.0745844,20.51401,seed66853.png
-32.58728,24.464052,seed66854.png
-23.466078,-10.908665,seed66855.png
15.023511,8.163958,seed66856.png
21.318901,-8.105604,seed66857.png
7.9986153,18.714788,seed66858.png
-19.100163,10.112986,seed66859.png
5.202674,5.7990274,seed6686.png
-25.893131,11.365957,seed66860.png
14.110474,2.7607245,seed66861.png
-6.801037,0.16366193,seed66862.png
-31.54768,12.3731365,seed66863.png
-12.860334,-17.518707,seed66864.png
32.131134,16.181652,seed66865.png
18.763603,-8.134177,seed66866.png
-33.44254,15.714329,seed66867.png
-7.147663,-20.230516,seed66868.png
16.896702,17.936867,seed66869.png
14.037177,-32.6603,seed6687.png
-25.650177,12.695717,seed66870.png
-3.786807,-13.061437,seed66871.png
15.347627,23.675957,seed66872.png
3.7952676,-26.245924,seed66873.png
33.310684,10.811096,seed66874.png
20.868727,18.124655,seed66875.png
5.261516,-26.413557,seed66876.png
-13.185501,-19.038258,seed66877.png
13.723543,-35.313957,seed66878.png
13.559194,-0.9721705,seed66879.png
-7.374033,5.034015,seed6688.png
15.39707,0.46307433,seed66880.png
-18.451471,-22.242228,seed66881.png
20.836952,-0.93569624,seed66882.png
-25.873714,-5.1787124,seed66883.png
-32.49031,23.710333,seed66884.png
10.93607,15.716366,seed66885.png
27.566853,-5.512348,seed66886.png
37.96381,15.224677,seed66887.png
-15.841797,-17.891502,seed66888.png
-12.686061,-28.650578,seed66889.png
17.158007,22.624798,seed6689.png
20.452541,7.4859123,seed66890.png
-33.708828,16.878735,seed66891.png
31.777573,6.356202,seed66892.png
-5.1536283,-0.74520355,seed66893.png
-32.067326,8.952447,seed66894.png
32.147644,23.471664,seed66895.png
-27.987053,1.703979,seed66896.png
-29.752783,-6.9682174,seed66897.png
-37.423363,26.348782,seed66898.png
14.85459,18.53123,seed66899.png
-0.9160684,13.348703,seed6690.png
-11.656598,8.1446085,seed66900.png
30.406446,15.659792,seed66901.png
37.12461,15.263059,seed66902.png
11.822883,-39.221573,seed66903.png
-20.85949,16.115198,seed66904.png
15.11652,1.5239975,seed66905.png
21.47452,18.680008,seed66906.png
7.4535613,-28.120407,seed66907.png
-17.75298,-8.433894,seed66908.png
31.21369,6.165337,seed66909.png
6.7838216,-27.172506,seed6691.png
-29.550455,-5.0982666,seed66910.png
14.204885,18.781239,seed66911.png
36.30794,26.570192,seed66912.png
16.55596,-36.50788,seed66913.png
33.830902,4.5333557,seed66914.png
-24.96647,9.436617,seed66915.png
-17.98982,-20.67041,seed66916.png
34.309753,3.9816437,seed66917.png
7.5807686,-24.687496,seed66918.png
8.267638,-40.27148,seed66919.png
-17.29355,-12.820149,seed6692.png
8.075541,13.023228,seed66920.png
13.716959,-31.53737,seed66921.png
8.596482,-38.59203,seed66922.png
-22.445702,-16.18821,seed66923.png
22.880802,-2.270398,seed66924.png
40.739124,20.785942,seed66925.png
-17.200695,-19.180946,seed66926.png
-33.31912,6.700336,seed66927.png
-30.079872,11.80068,seed66928.png
-25.176064,15.925773,seed66929.png
14.536213,-29.644613,seed6693.png
40.9929,17.798346,seed66930.png
-18.503584,-27.131441,seed66931.png
-21.12473,8.016143,seed66932.png
32.768925,12.036328,seed66933.png
-5.383032,-25.146872,seed66934.png
-29.268553,-10.29895,seed66935.png
15.32503,1.5884384,seed66936.png
23.416138,23.767609,seed66937.png
-1.1096393,-16.648548,seed66938.png
-31.831793,20.697365,seed66939.png
13.583911,-28.893019,seed6694.png
19.697317,19.046162,seed66940.png
-10.059879,-5.746178,seed66941.png
13.589691,-7.8249846,seed66942.png
-25.408892,5.544918,seed66943.png
-18.35391,-15.345674,seed66944.png
-32.321316,2.9222043,seed66945.png
15.385807,-31.551012,seed66946.png
-27.20268,0.48677796,seed66947.png
14.42167,11.614265,seed66948.png
-19.284174,-3.6061976,seed66949.png
-11.387026,-1.7596565,seed6695.png
-2.377765,-8.2535305,seed66950.png
-33.689793,23.548767,seed66951.png
-33.277576,19.24278,seed66952.png
6.826629,-6.0830245,seed66953.png
26.32669,21.110655,seed66954.png
-30.832735,9.655353,seed66955.png
4.465396,13.487684,seed66956.png
16.362207,-37.30602,seed66957.png
20.507324,10.774993,seed66958.png
-29.65777,13.06606,seed66959.png
-36.11599,25.995308,seed6696.png
0.64206374,7.400967,seed66960.png
21.500612,17.38415,seed66961.png
-14.999276,-15.301643,seed66962.png
-16.619728,-29.751852,seed66963.png
12.921663,27.088308,seed66964.png
7.3472276,18.961603,seed66965.png
-33.450317,-8.064111,seed66966.png
22.767063,24.600058,seed66967.png
2.253979,0.19189301,seed66968.png
-30.080326,-21.054005,seed66969.png
14.916138,20.988756,seed6697.png
-33.986275,10.131638,seed66970.png
-31.980133,3.888036,seed66971.png
9.244373,-3.6131876,seed66972.png
-15.615185,-16.780508,seed66973.png
12.907477,-40.73832,seed66974.png
20.740295,24.937387,seed66975.png
-30.690474,21.540138,seed66976.png
19.969276,25.298204,seed66977.png
32.85071,28.001204,seed66978.png
-15.674404,-14.505985,seed66979.png
-28.93428,-6.9942727,seed6698.png
23.39583,20.918764,seed66980.png
9.585345,-37.15985,seed66981.png
-34.46006,26.86993,seed66982.png
-30.549929,-4.3358,seed66983.png
-5.9585657,-20.237968,seed66984.png
0.6759556,17.713419,seed66985.png
11.52067,-32.772903,seed66986.png
12.607369,1.9852564,seed66987.png
-16.749432,-15.695795,seed66988.png
35.20361,4.745234,seed66989.png
10.608101,-33.959152,seed6699.png
-22.845205,-12.035543,seed66990.png
-11.344717,-11.000575,seed66991.png
-16.017113,-24.315083,seed66992.png
13.509888,-34.814674,seed66993.png
19.542374,20.589596,seed66994.png
-18.486889,-28.072062,seed66995.png
-9.95142,-12.799183,seed66996.png
-2.0792902,16.661554,seed66997.png
-37.79593,13.775322,seed66998.png
11.774729,-42.794975,seed66999.png
11.938916,-28.379807,seed6700.png
9.693106,4.293366,seed67000.png
-27.146343,-3.6847537,seed67001.png
-24.39885,-11.120664,seed67002.png
17.584646,-2.7950008,seed67003.png
7.3495936,24.848686,seed67004.png
17.38983,24.147697,seed67005.png
5.801252,11.359335,seed67006.png
-8.463539,-22.637321,seed67007.png
21.13397,-6.5240498,seed67008.png
36.658134,22.941956,seed67009.png
32.50322,20.50823,seed6701.png
-21.528616,-2.0652454,seed67010.png
-23.415241,-10.591733,seed67011.png
5.158467,7.5966096,seed67012.png
-0.7099212,-23.679157,seed67013.png
39.10578,21.553589,seed67014.png
-4.0303884,-1.2699378,seed67015.png
-3.2286756,-12.4267845,seed67016.png
7.939029,15.805606,seed67017.png
4.07692,13.604093,seed67018.png
-24.529346,-9.673354,seed67019.png
-16.332026,-27.412487,seed6702.png
-15.391276,-16.700108,seed67020.png
-7.0691676,-21.951418,seed67021.png
14.666298,-7.969559,seed67022.png
10.186132,-29.59872,seed67023.png
10.896476,-39.57912,seed67024.png
38.5683,10.847847,seed67025.png
-10.982762,3.6247942,seed67026.png
-23.35938,11.082578,seed67027.png
-19.646587,-19.799313,seed67028.png
-10.205764,10.717907,seed67029.png
8.494077,8.006093,seed6703.png
-31.938915,-14.230289,seed67030.png
28.501514,10.414463,seed67031.png
14.233341,-3.125584,seed67032.png
-28.949738,22.179245,seed67033.png
-21.553701,14.241501,seed67034.png
22.719175,6.5634336,seed67035.png
12.874253,-39.36,seed67036.png
12.601066,-28.665596,seed67037.png
-34.28246,-1.2732877,seed67038.png
32.38173,8.175441,seed67039.png
-15.503108,-31.022207,seed6704.png
-23.122921,14.50347,seed67040.png
8.378389,-32.901962,seed67041.png
15.471429,-36.184933,seed67042.png
11.835167,-3.1486835,seed67043.png
22.562048,2.5665886,seed67044.png
30.100332,6.7894154,seed67045.png
-14.152962,-12.9211,seed67046.png
-16.036121,-13.602642,seed67047.png
-32.961666,26.621681,seed67048.png
12.935935,2.0393257,seed67049.png
34.574818,6.377769,seed6705.png
2.305068,16.155693,seed67050.png
9.301109,-20.570814,seed67051.png
39.359688,23.769142,seed67052.png
17.486172,-3.0607605,seed67053.png
-23.741282,-17.66326,seed67054.png
25.780367,-2.5396569,seed67055.png
-31.57815,3.848031,seed67056.png
15.279623,28.564253,seed67057.png
-4.3363314,13.65706,seed67058.png
8.137979,-37.961624,seed67059.png
32.166355,24.8864,seed6706.png
-16.059498,-3.7255244,seed67060.png
-17.465654,-1.2347976,seed67061.png
12.751493,27.388912,seed67062.png
-25.876434,-13.358085,seed67063.png
-19.781538,-28.84454,seed67064.png
-23.737408,-1.8070076,seed67065.png
-1.4133021,-10.950295,seed67066.png
-9.73045,4.31284,seed67067.png
27.835266,8.05233,seed67068.png
-32.73893,-9.262701,seed67069.png
38.067543,25.933708,seed6707.png
-19.466349,6.146544,seed67070.png
10.745444,2.0700758,seed67071.png
19.981926,19.761724,seed67072.png
5.6005144,18.800957,seed67073.png
0.77717906,-17.985662,seed67074.png
13.820305,27.181578,seed67075.png
-20.162907,-21.227985,seed67076.png
12.440522,27.257793,seed67077.png
-15.762971,-27.012983,seed67078.png
3.9370234,22.359705,seed67079.png
-29.295076,6.600411,seed6708.png
10.580156,-6.9573283,seed67080.png
-1.751005,23.264242,seed67081.png
-37.16765,21.922834,seed67082.png
-13.577887,-14.936867,seed67083.png
-15.173936,-28.7763,seed67084.png
19.26679,0.7160351,seed67085.png
-30.942238,17.141987,seed67086.png
1.6785636,24.273926,seed67087.png
11.716424,6.8804126,seed67088.png
-1.6794752,-14.903133,seed67089.png
-28.434052,15.568552,seed6709.png
0.9752028,-3.28664,seed67090.png
25.676123,-8.658159,seed67091.png
28.847073,13.481359,seed67092.png
22.854004,26.283155,seed67093.png
-28.211082,13.728716,seed67094.png
9.044826,-6.458917,seed67095.png
15.669959,-1.8595223,seed67096.png
9.124856,-8.833321,seed67097.png
-22.021948,-25.27448,seed67098.png
5.638702,8.400597,seed67099.png
-38.202385,11.406382,seed6710.png
5.3246326,2.6127033,seed67100.png
29.597445,5.8883557,seed67101.png
7.790104,-28.579432,seed67102.png
37.510727,10.028729,seed67103.png
12.146123,11.72276,seed67104.png
20.2933,20.452528,seed67105.png
-9.665529,2.339971,seed67106.png
20.528555,18.61553,seed67107.png
11.257336,25.461517,seed67108.png
16.4786,-35.599766,seed67109.png
38.503754,15.044325,seed6711.png
34.922886,23.388626,seed67110.png
-9.99338,-16.930204,seed67111.png
8.69407,15.374337,seed67112.png
18.804033,-2.9916322,seed67113.png
15.953188,13.051973,seed67114.png
-26.775263,11.2386,seed67115.png
35.680843,4.5882335,seed67116.png
0.20440319,-12.832905,seed67117.png
-24.858469,-3.4104097,seed67118.png
29.684301,8.910158,seed67119.png
-24.399736,-0.56324965,seed6712.png
33.830368,27.704168,seed67120.png
24.049314,5.9231086,seed67121.png
25.066002,22.93592,seed67122.png
-21.296194,-18.939034,seed67123.png
-0.21837793,-5.0456505,seed67124.png
-32.448517,3.9798243,seed67125.png
-19.011621,9.038412,seed67126.png
-21.788857,-23.105959,seed67127.png
-19.554058,-20.443241,seed67128.png
-5.2829027,-22.21175,seed67129.png
-15.206978,-11.04481,seed6713.png
-33.93788,11.972383,seed67130.png
21.517647,6.4210095,seed67131.png
-5.251334,-23.937017,seed67132.png
34.883266,6.5242653,seed67133.png
-2.431533,-12.7772255,seed67134.png
11.456221,0.15533343,seed67135.png
-5.9126177,-20.32898,seed67136.png
29.935307,6.347757,seed67137.png
32.56523,26.224747,seed67138.png
-2.7748723,-4.1695848,seed67139.png
10.747311,-31.489834,seed6714.png
-4.8886943,-1.8971055,seed67140.png
-14.912231,-31.796179,seed67141.png
-24.667074,-25.855953,seed67142.png
16.413412,-1.7850828,seed67143.png
20.240744,9.177864,seed67144.png
-17.505728,6.835422,seed67145.png
-5.218752,-3.276197,seed67146.png
-32.823006,-7.067085,seed67147.png
-13.050256,-6.609427,seed67148.png
38.037716,23.15711,seed67149.png
-23.017124,10.128923,seed6715.png
11.3265915,-31.090866,seed67150.png
30.184792,11.959991,seed67151.png
10.310672,-5.095107,seed67152.png
-7.096496,12.498686,seed67153.png
2.7343702,16.408356,seed67154.png
-34.875675,24.553015,seed67155.png
9.896815,-7.3154297,seed67156.png
18.985395,-3.2127645,seed67157.png
14.89428,17.30853,seed67158.png
7.9977508,23.92259,seed67159.png
5.1646705,-29.042799,seed6716.png
23.386715,12.699403,seed67160.png
-16.275948,-4.346854,seed67161.png
-1.7919754,-17.39093,seed67162.png
-6.7953267,-26.040342,seed67163.png
11.037406,14.54014,seed67164.png
0.26359686,-14.9876995,seed67165.png
26.620033,-7.341602,seed67166.png
13.582366,-30.37302,seed67167.png
-25.616306,1.3422815,seed67168.png
14.349358,23.186327,seed67169.png
38.38195,24.224424,seed6717.png
13.384602,2.1965368,seed67170.png
-33.35811,20.524305,seed67171.png
-7.993552,4.6953316,seed67172.png
1.8409988,20.308067,seed67173.png
-13.88892,-22.714846,seed67174.png
-16.133722,-28.850546,seed67175.png
-11.474416,5.972804,seed67176.png
-0.8194229,23.744297,seed67177.png
3.571862,5.9031024,seed67178.png
-21.854284,-25.952923,seed67179.png
-1.4200839,15.136722,seed6718.png
-7.3083353,-27.59396,seed67180.png
-16.738588,-1.5857698,seed67181.png
-25.389362,-11.958343,seed67182.png
11.494034,-25.892136,seed67183.png
27.267643,17.675426,seed67184.png
11.9072,-42.519062,seed67185.png
19.427372,14.592567,seed67186.png
12.152968,11.007028,seed67187.png
-21.879381,13.190771,seed67188.png
0.54336965,-18.978655,seed67189.png
-12.885777,-16.38881,seed6719.png
9.772418,20.865427,seed67190.png
-34.101383,-0.27886847,seed67191.png
-24.391092,-1.2174608,seed67192.png
-10.078248,-9.857118,seed67193.png
30.277416,1.3811358,seed67194.png
37.441116,17.38105,seed67195.png
-22.06216,7.2391934,seed67196.png
-30.069721,24.057224,seed67197.png
26.582462,22.656412,seed67198.png
8.522089,16.9505,seed67199.png
-22.697514,-13.58635,seed6720.png
0.62987506,-4.871225,seed67200.png
18.080877,-5.1718802,seed67201.png
27.921177,12.856712,seed67202.png
34.48204,14.69384,seed67203.png
-30.19953,-4.75289,seed67204.png
-12.450089,-29.202278,seed67205.png
-18.335102,-25.262552,seed67206.png
-27.982313,-4.2388525,seed67207.png
34.197063,13.23889,seed67208.png
34.669647,25.721556,seed67209.png
-12.190877,-20.002028,seed6721.png
12.047035,-35.16509,seed67210.png
6.7020392,-27.644724,seed67211.png
-11.930899,-2.4586265,seed67212.png
-26.987926,-18.973366,seed67213.png
32.070366,6.537307,seed67214.png
-33.005714,9.093422,seed67215.png
15.163067,-33.674076,seed67216.png
17.520452,-2.130075,seed67217.png
-18.78621,-17.036644,seed67218.png
16.824629,23.276579,seed67219.png
-21.242586,-18.935799,seed6722.png
22.94152,12.900024,seed67220.png
18.559881,18.989517,seed67221.png
-36.61736,27.617931,seed67222.png
24.858364,14.199447,seed67223.png
-26.942915,5.986461,seed67224.png
-18.123343,-21.546206,seed67225.png
9.243458,21.112923,seed67226.png
-32.947323,21.420666,seed67227.png
9.929046,25.056503,seed67228.png
-4.070833,-10.646824,seed67229.png
10.477555,24.833815,seed6723.png
-2.703053,8.255698,seed67230.png
35.381886,6.3891773,seed67231.png
27.82547,25.61904,seed67232.png
19.876837,21.251564,seed67233.png
32.105217,25.024181,seed67234.png
28.951475,-0.45083007,seed67235.png
30.918022,28.805681,seed67236.png
-14.146234,-20.344725,seed67237.png
-25.055359,-7.947813,seed67238.png
28.527027,15.30834,seed67239.png
5.91404,-38.080128,seed6724.png
-14.86797,-23.892756,seed67240.png
-36.058167,12.415261,seed67241.png
-26.277924,10.586209,seed67242.png
24.853823,16.794033,seed67243.png
6.810101,-35.62506,seed67244.png
17.2974,-0.31907153,seed67245.png
22.117062,-9.46984,seed67246.png
36.212105,15.949217,seed67247.png
-28.68507,9.857979,seed67248.png
18.540304,-4.2074356,seed67249.png
9.631031,9.302936,seed6725.png
-16.54637,-7.487113,seed67250.png
-26.389019,16.943033,seed67251.png
17.05503,2.0201097,seed67252.png
3.685503,8.32435,seed67253.png
-26.9358,7.508585,seed67254.png
-33.904514,-0.5890038,seed67255.png
-30.96922,1.2568177,seed67256.png
-10.757136,-2.8456905,seed67257.png
-29.36953,-19.454351,seed67258.png
6.9874663,-5.6116505,seed67259.png
6.9760075,7.9799337,seed6726.png
30.46879,9.898947,seed67260.png
-31.850258,7.201937,seed67261.png
20.954796,18.875498,seed67262.png
-18.627058,-7.882045,seed67263.png
8.604448,-0.97500193,seed67264.png
25.698795,4.2195625,seed67265.png
-5.1702714,-18.058456,seed67266.png
-17.86402,-10.639036,seed67267.png
33.511345,4.0533695,seed67268.png
27.908155,20.727545,seed67269.png
-17.445013,11.767719,seed6727.png
-19.84221,-6.862806,seed67270.png
18.473467,5.3072577,seed67271.png
0.3806299,17.52523,seed67272.png
11.0225315,-9.623019,seed67273.png
6.533448,-31.635529,seed67274.png
-4.1398106,-16.253271,seed67275.png
36.26421,14.950705,seed67276.png
-31.41429,-8.136049,seed67277.png
34.471214,20.299442,seed67278.png
-25.918999,-9.266949,seed67279.png
-16.083353,-14.236564,seed6728.png
13.538424,16.304508,seed67280.png
-27.218925,4.620991,seed67281.png
-32.8731,9.437056,seed67282.png
11.77641,-41.451443,seed67283.png
16.833542,23.670952,seed67284.png
4.2998924,25.096693,seed67285.png
-21.813087,16.641426,seed67286.png
-18.51015,12.770932,seed67287.png
-14.770358,-25.57952,seed67288.png
-21.746103,16.827652,seed67289.png
38.28747,17.24434,seed6729.png
14.857545,22.490395,seed67290.png
36.184444,23.952866,seed67291.png
-7.2045984,12.375767,seed67292.png
-0.9772143,16.669773,seed67293.png
-17.566296,12.170009,seed67294.png
16.855385,25.579643,seed67295.png
-32.51542,1.901795,seed67296.png
9.989773,-34.004337,seed67297.png
27.835285,7.4269705,seed67298.png
12.601189,16.944155,seed67299.png
6.453234,-36.360382,seed6730.png
-16.354044,-8.7966175,seed67300.png
-16.245846,-22.307997,seed67301.png
20.345222,6.4887614,seed67302.png
37.59977,12.262276,seed67303.png
7.450775,-3.2238717,seed67304.png
5.5721188,22.850788,seed67305.png
26.683207,10.150646,seed67306.png
-17.444065,-22.493792,seed67307.png
-20.530287,10.2894125,seed67308.png
-7.503172,0.91668916,seed67309.png
21.269428,-8.999633,seed6731.png
10.559115,29.51757,seed67310.png
3.4027448,16.627848,seed67311.png
31.458208,5.8094807,seed67312.png
-20.664608,12.125012,seed67313.png
-6.9991293,-6.9700294,seed67314.png
26.03449,0.63482267,seed67315.png
-23.97076,-17.066061,seed67316.png
23.24142,17.004942,seed67317.png
-10.637857,-28.57528,seed67318.png
-34.100014,-11.180928,seed67319.png
15.80165,10.869887,seed6732.png
-20.750978,13.039425,seed67320.png
20.144278,24.281479,seed67321.png
-33.202484,13.662752,seed67322.png
16.77274,-4.43588,seed67323.png
27.044373,1.4745874,seed67324.png
7.0035458,14.052576,seed67325.png
9.347912,-39.04634,seed67326.png
-28.690674,-1.5804924,seed67327.png
13.281504,1.0850236,seed67328.png
24.99651,11.550294,seed67329.png
39.287476,16.624117,seed6733.png
-32.2517,-5.4235573,seed67330.png
26.386587,12.521722,seed67331.png
-14.580809,-27.75564,seed67332.png
31.367743,27.758678,seed67333.png
-25.083433,-2.907227,seed67334.png
-20.182594,13.984012,seed67335.png
-13.20196,-26.230255,seed67336.png
-19.424301,-13.572959,seed67337.png
-14.91203,3.0818927,seed67338.png
-17.654282,5.7613387,seed67339.png
-17.031012,-4.07279,seed6734.png
36.863613,5.0077243,seed67340.png
40.170692,23.684587,seed67341.png
-31.41662,14.357045,seed67342.png
0.011241429,-11.385726,seed67343.png
-34.407104,23.804888,seed67344.png
14.824821,-37.25513,seed67345.png
-12.488953,-28.407902,seed67346.png
-9.73058,-30.97236,seed67347.png
-18.896032,-14.311331,seed67348.png
-22.095047,-19.761847,seed67349.png
8.220245,-27.743807,seed6735.png
-33.42252,0.03164668,seed67350.png
-8.85911,-27.024662,seed67351.png
-18.921753,-24.048918,seed67352.png
32.848663,8.457024,seed67353.png
22.920135,-0.100272596,seed67354.png
-18.395138,9.432094,seed67355.png
-31.808716,-8.794449,seed67356.png
-25.146982,1.5435021,seed67357.png
-20.992628,-11.450058,seed67358.png
14.294851,16.63625,seed67359.png
23.701342,0.6701955,seed6736.png
-8.61358,-26.962696,seed67360.png
35.03943,19.766886,seed67361.png
37.732906,12.028775,seed67362.png
-25.020504,-14.7124,seed67363.png
-1.3084018,25.09545,seed67364.png
-16.458767,-7.892395,seed67365.png
6.361951,-0.5697574,seed67366.png
8.665477,25.801151,seed67367.png
37.48107,18.994196,seed67368.png
-6.397029,-12.086401,seed67369.png
36.5283,7.8280663,seed6737.png
-17.349651,-24.188345,seed67370.png
3.097455,-30.227983,seed67371.png
6.6863637,13.359663,seed67372.png
-20.067577,-20.334259,seed67373.png
-5.2310567,-13.144636,seed67374.png
-22.387371,13.690042,seed67375.png
-0.01626375,-17.593721,seed67376.png
28.680359,26.974155,seed67377.png
11.730473,6.600471,seed67378.png
-14.412211,-11.552962,seed67379.png
25.275215,9.928418,seed6738.png
1.1296127,-14.306301,seed67380.png
2.1384735,-1.563813,seed67381.png
-16.509045,-10.286108,seed67382.png
16.969406,-34.173717,seed67383.png
-12.914644,-22.187233,seed67384.png
21.948528,21.926027,seed67385.png
-27.608814,-14.513945,seed67386.png
10.584796,-24.149109,seed67387.png
14.169202,-6.1417274,seed67388.png
-26.3035,15.312114,seed67389.png
-6.867029,10.171811,seed6739.png
15.821419,27.610828,seed67390.png
-20.095068,0.097116,seed67391.png
31.806368,11.295801,seed67392.png
-30.64,3.2512221,seed67393.png
18.285036,2.9951982,seed67394.png
-16.615656,-13.528993,seed67395.png
18.77528,16.973032,seed67396.png
3.9284258,-4.2885547,seed67397.png
-21.035103,6.9587855,seed67398.png
-30.460585,4.8972616,seed67399.png
-15.217751,-30.126532,seed6740.png
-35.281418,11.98259,seed67400.png
-23.636654,-1.5538442,seed67401.png
2.0341,-21.380638,seed67402.png
31.00389,15.708672,seed67403.png
-0.69570434,-13.332545,seed67404.png
13.033907,-36.485535,seed67405.png
38.353775,15.766291,seed67406.png
39.63993,18.797674,seed67407.png
-18.684383,6.551664,seed67408.png
-11.331441,-28.291937,seed67409.png
-6.626479,-19.812477,seed6741.png
-0.5945438,24.669641,seed67410.png
-26.903233,16.971977,seed67411.png
-17.163103,8.265365,seed67412.png
23.047094,19.747482,seed67413.png
-17.117216,3.3376837,seed67414.png
24.76777,24.727554,seed67415.png
13.548219,-6.5741086,seed67416.png
37.66116,21.667536,seed67417.png
29.91472,25.445797,seed67418.png
-25.054663,-9.631096,seed67419.png
-27.828403,-19.161667,seed6742.png
20.104153,4.157082,seed67420.png
32.488026,28.540436,seed67421.png
-34.36544,23.275846,seed67422.png
-23.907396,16.280449,seed67423.png
30.77183,23.204037,seed67424.png
32.276108,17.838268,seed67425.png
-24.657782,-15.012225,seed67426.png
-13.49352,-23.47313,seed67427.png
-12.281672,-8.046111,seed67428.png
22.992092,15.831798,seed67429.png
9.242282,-31.921898,seed6743.png
-18.819366,12.104135,seed67430.png
4.3288226,-34.92123,seed67431.png
26.062435,9.920067,seed67432.png
15.940609,2.20604,seed67433.png
-30.887716,2.7185106,seed67434.png
-15.107656,-13.325161,seed67435.png
-17.020256,-9.925586,seed67436.png
31.256517,13.820279,seed67437.png
15.306549,-34.00924,seed67438.png
-23.56064,-26.703354,seed67439.png
0.56730103,-17.209812,seed6744.png
-1.9064142,-24.57128,seed67440.png
4.7862234,-31.413435,seed67441.png
26.831673,15.57436,seed67442.png
20.62232,11.760589,seed67443.png
8.0328665,-35.072155,seed67444.png
11.398207,-42.28594,seed67445.png
31.993551,20.072859,seed67446.png
-28.32859,-9.1481,seed67447.png
25.156158,12.842471,seed67448.png
10.22841,22.081463,seed67449.png
-16.012108,-23.715223,seed6745.png
40.675335,14.850238,seed67450.png
30.229645,13.025244,seed67451.png
-7.945938,-15.447621,seed67452.png
8.576805,-37.04965,seed67453.png
23.65358,21.94356,seed67454.png
-26.709297,5.177867,seed67455.png
-6.920262,-18.31599,seed67456.png
33.93831,5.159561,seed67457.png
20.123384,-5.3165197,seed67458.png
19.388988,-5.927042,seed67459.png
-14.245429,-25.16743,seed6746.png
-20.41116,-3.9196684,seed67460.png
32.505013,15.647085,seed67461.png
5.692887,5.043147,seed67462.png
39.694275,16.921555,seed67463.png
-26.108839,-11.446363,seed67464.png
39.651985,13.648283,seed67465.png
17.077263,-11.084143,seed67466.png
32.415707,9.0091,seed67467.png
-15.2887945,-20.342173,seed67468.png
19.187426,3.588698,seed67469.png
-22.131824,-25.446968,seed6747.png
7.6944456,-39.983887,seed67470.png
24.006042,-1.7090303,seed67471.png
-31.335672,-14.734994,seed67472.png
40.200787,15.015294,seed67473.png
-12.876794,-14.088204,seed67474.png
-7.180503,-9.583883,seed67475.png
-8.933411,-22.513922,seed67476.png
12.995776,-33.710476,seed67477.png
26.089266,4.1461544,seed67478.png
34.650215,2.650494,seed67479.png
-36.833298,24.750586,seed6748.png
-27.669493,-0.0082025435,seed67480.png
-0.88895214,21.099413,seed67481.png
16.38287,7.352125,seed67482.png
-25.709045,-2.9831636,seed67483.png
-9.109797,-21.751457,seed67484.png
-1.9434038,-16.870129,seed67485.png
-26.05877,11.369949,seed67486.png
-37.750175,7.772312,seed67487.png
-0.48113763,-14.320501,seed67488.png
-5.860731,7.5143404,seed67489.png
-18.17358,6.658216,seed6749.png
-25.631603,1.4970362,seed67490.png
-26.444332,5.213588,seed67491.png
20.221811,-1.6163715,seed67492.png
-20.06147,-26.311176,seed67493.png
26.561357,11.948854,seed67494.png
21.913664,-5.5187383,seed67495.png
-28.51326,11.281386,seed67496.png
7.204162,5.7945967,seed67497.png
-6.9212103,9.675052,seed67498.png
2.1828868,7.4693236,seed67499.png
-19.76139,9.821522,seed6750.png
2.6339984,-16.609213,seed67500.png
11.960188,-30.199003,seed67501.png
-22.311178,-22.09139,seed67502.png
9.470938,-2.54304,seed67503.png
10.345928,11.490177,seed67504.png
37.976093,12.694985,seed67505.png
-17.24581,-20.283941,seed67506.png
-1.2055616,-13.924146,seed67507.png
17.00055,-4.80415,seed67508.png
26.77602,12.297561,seed67509.png
5.305096,7.8486905,seed6751.png
-17.407938,-15.3853445,seed67510.png
-15.891873,-6.7645135,seed67511.png
14.191419,28.576296,seed67512.png
-20.827448,-17.884508,seed67513.png
-24.622822,-20.87012,seed67514.png
-15.906619,-17.607986,seed67515.png
-3.9068987,18.979239,seed67516.png
27.10814,-1.0789499,seed67517.png
12.215548,-22.894583,seed67518.png
8.856182,-4.5258894,seed67519.png
-1.9240963,-19.532856,seed6752.png
-27.074036,-1.975445,seed67520.png
-26.09631,-0.7205838,seed67521.png
3.4646769,-4.768678,seed67522.png
0.5451464,5.0463514,seed67523.png
0.014633146,-10.792602,seed67524.png
0.8160349,-0.90614706,seed67525.png
-1.3053633,17.157953,seed67526.png
2.7333488,7.5104527,seed67527.png
-32.20078,25.885736,seed67528.png
-36.369274,8.256405,seed67529.png
29.06096,13.699362,seed6753.png
12.820075,23.420336,seed67530.png
-19.0585,15.285796,seed67531.png
28.940496,24.071611,seed67532.png
-19.506647,-27.54477,seed67533.png
11.257854,10.659792,seed67534.png
-10.335644,-30.472368,seed67535.png
3.2669833,5.405101,seed67536.png
35.828182,5.3178353,seed67537.png
-18.544195,-24.545914,seed67538.png
-17.059856,-22.448986,seed67539.png
12.520298,-23.322811,seed6754.png
26.97908,12.610722,seed67540.png
-1.3514433,21.913427,seed67541.png
11.740108,-35.696796,seed67542.png
1.4759221,-0.22221674,seed67543.png
6.871232,0.14996246,seed67544.png
-25.497091,-7.170058,seed67545.png
-28.503187,5.3658433,seed67546.png
-12.497413,-9.474404,seed67547.png
-20.376328,2.3441532,seed67548.png
4.858633,23.90357,seed67549.png
31.141663,22.073437,seed6755.png
-34.314716,15.282948,seed67550.png
-22.787731,18.172306,seed67551.png
17.2229,-3.4057622,seed67552.png
19.817259,27.019712,seed67553.png
-16.196209,-24.23797,seed67554.png
9.395227,-34.10129,seed67555.png
14.315587,-34.560215,seed67556.png
-20.160713,6.1711936,seed67557.png
2.1962032,14.082669,seed67558.png
26.01422,4.255308,seed67559.png
-29.083996,9.537878,seed6756.png
-4.21834,-20.038713,seed67560.png
-24.739536,8.607965,seed67561.png
-16.831333,-15.257994,seed67562.png
14.840732,15.8176775,seed67563.png
-18.94465,-26.964344,seed67564.png
5.7888556,-32.43628,seed67565.png
29.151192,24.776892,seed67566.png
11.152966,4.6475277,seed67567.png
-14.139861,0.72407866,seed67568.png
10.69961,-37.19617,seed67569.png
4.6064105,-35.988365,seed6757.png
-31.42053,6.761476,seed67570.png
-17.791304,-18.85872,seed67571.png
-14.392269,1.6545709,seed67572.png
16.364416,6.9781528,seed67573.png
38.58681,6.280942,seed67574.png
-25.049862,16.238033,seed67575.png
0.6653515,23.631296,seed67576.png
-32.949684,-5.2721386,seed67577.png
36.853783,17.891378,seed67578.png
-24.269718,-21.948374,seed67579.png
31.72317,5.9747148,seed6758.png
-11.829751,-5.3130183,seed67580.png
-23.528019,-25.815512,seed67581.png
-26.059628,16.281387,seed67582.png
-14.784101,6.9810414,seed67583.png
-23.386889,-4.41146,seed67584.png
-12.03892,-2.7361467,seed67585.png
-32.447674,-3.8909066,seed67586.png
6.773249,-15.096647,seed67587.png
-8.403749,-22.263247,seed67588.png
-25.94665,5.8940606,seed67589.png
2.9228296,-35.707413,seed6759.png
11.924424,12.012798,seed67590.png
-18.218271,-17.187567,seed67591.png
-25.0101,1.0219424,seed67592.png
-19.969423,-9.981131,seed67593.png
13.209032,-41.14592,seed67594.png
-34.341953,26.671251,seed67595.png
-24.829477,1.4364123,seed67596.png
11.44601,3.3401072,seed67597.png
-33.370068,-2.3157604,seed67598.png
-28.037271,-11.866648,seed67599.png
-14.017614,-7.427733,seed6760.png
-21.386612,4.59676,seed67600.png
-37.26455,17.443775,seed67601.png
-14.897355,-29.056486,seed67602.png
8.2570095,25.3318,seed67603.png
-29.895731,-5.762841,seed67604.png
16.467403,-38.658703,seed67605.png
14.176829,-38.94359,seed67606.png
-24.238422,-2.2336257,seed67607.png
19.734995,-2.3214362,seed67608.png
26.031378,19.461792,seed67609.png
-8.338446,-13.317835,seed6761.png
17.89499,27.51224,seed67610.png
8.805954,-36.75687,seed67611.png
11.237948,-0.59129727,seed67612.png
-1.6484427,25.317097,seed67613.png
-2.7721753,-2.1506722,seed67614.png
27.075773,12.468713,seed67615.png
-7.393277,-25.245178,seed67616.png
-11.824002,-14.710947,seed67617.png
-26.775475,2.624613,seed67618.png
-12.265631,-9.65372,seed67619.png
27.706282,14.952447,seed6762.png
23.628876,-3.704277,seed67620.png
14.190833,4.0159545,seed67621.png
18.20332,-5.350933,seed67622.png
-27.31479,8.943383,seed67623.png
27.756046,15.738118,seed67624.png
-24.601467,-18.66405,seed67625.png
34.349854,15.503628,seed67626.png
32.344246,17.4644,seed67627.png
-6.427426,1.5603706,seed67628.png
11.398716,-39.308228,seed67629.png
21.444996,16.696545,seed6763.png
-31.249943,0.8764165,seed67630.png
-30.75935,-2.0627408,seed67631.png
-33.32681,0.87755966,seed67632.png
-24.718706,-7.7104535,seed67633.png
0.6635629,19.915,seed67634.png
-30.756546,17.020512,seed67635.png
14.092656,-34.445847,seed67636.png
28.27904,17.26225,seed67637.png
12.317044,5.359543,seed67638.png
-18.16952,-15.091234,seed67639.png
-35.595455,10.387028,seed6764.png
-26.999975,-8.059215,seed67640.png
27.30908,12.054204,seed67641.png
1.5564914,24.41405,seed67642.png
13.98415,-13.749495,seed67643.png
16.748762,-4.4544744,seed67644.png
-15.697667,-14.241088,seed67645.png
12.286747,15.96238,seed67646.png
-14.531574,-2.1637685,seed67647.png
-3.7954047,-10.666644,seed67648.png
-1.2100863,6.8889303,seed67649.png
41.52479,16.825691,seed6765.png
-25.223076,-0.19957472,seed67650.png
-24.124928,-4.158111,seed67651.png
16.34649,21.246408,seed67652.png
21.43858,4.6646376,seed67653.png
14.133264,-13.440633,seed67654.png
-36.36726,15.232442,seed67655.png
-28.854713,-17.078459,seed67656.png
-23.373096,-19.141912,seed67657.png
30.361013,6.692211,seed67658.png
10.247493,-24.325226,seed67659.png
24.459543,11.005945,seed6766.png
12.836377,4.4431486,seed67660.png
10.236061,-27.08132,seed67661.png
-31.39224,1.4362701,seed67662.png
5.5749555,-3.6227095,seed67663.png
-34.875298,-6.4197855,seed67664.png
-26.935009,5.9948773,seed67665.png
-9.363157,-10.8490095,seed67666.png
21.493603,21.543547,seed67667.png
21.777681,23.820072,seed67668.png
30.165405,15.3291025,seed67669.png
11.704921,15.061558,seed6767.png
39.31398,6.88507,seed67670.png
-21.342545,-12.378248,seed67671.png
36.500416,5.010754,seed67672.png
-2.5516803,-17.836296,seed67673.png
20.044828,23.074347,seed67674.png
-16.14703,-12.138712,seed67675.png
-20.057055,-20.316645,seed67676.png
-19.394693,-19.996624,seed67677.png
-3.2794294,-0.17201711,seed67678.png
13.071873,-9.808253,seed67679.png
-18.611975,-9.2256,seed6768.png
-15.718553,-13.027964,seed67680.png
-12.115717,-6.5661507,seed67681.png
27.459885,3.043273,seed67682.png
-29.72399,3.2875445,seed67683.png
31.110973,10.490532,seed67684.png
8.548237,18.8698,seed67685.png
27.142973,2.7279882,seed67686.png
2.6593678,19.996529,seed67687.png
14.389904,-39.96465,seed67688.png
9.830996,22.04465,seed67689.png
31.735996,15.814503,seed6769.png
-7.2621775,-1.5266573,seed67690.png
5.6366606,-4.6446667,seed67691.png
-4.016227,12.24894,seed67692.png
-37.83742,17.993895,seed67693.png
10.895273,-4.6490827,seed67694.png
38.40752,22.799156,seed67695.png
1.9009558,19.166891,seed67696.png
-12.245154,-8.466826,seed67697.png
-31.879578,21.841393,seed67698.png
-15.75733,-25.545069,seed67699.png
-34.80825,27.536062,seed6770.png
-22.782106,-22.135033,seed67700.png
28.84816,23.96301,seed67701.png
5.586562,-9.11326,seed67702.png
-15.468858,-7.6425514,seed67703.png
28.033531,10.0008135,seed67704.png
-26.208567,4.4196672,seed67705.png
-31.44917,14.397554,seed67706.png
-2.43282,-1.8809193,seed67707.png
-21.721699,-19.72423,seed67708.png
0.75920063,23.44478,seed67709.png
-24.341656,4.835138,seed6771.png
8.496119,13.102881,seed67710.png
-27.810745,-6.0282116,seed67711.png
-27.858095,-7.631417,seed67712.png
-23.844519,-14.669725,seed67713.png
2.5328953,10.7533865,seed67714.png
-12.1626425,-12.250762,seed67715.png
-31.975027,11.190007,seed67716.png
0.10623704,20.637732,seed67717.png
-33.551785,6.240819,seed67718.png
15.994721,3.375368,seed67719.png
37.615463,10.145394,seed6772.png
22.203482,6.0577397,seed67720.png
-29.471895,-8.080464,seed67721.png
-0.014293164,19.823801,seed67722.png
-32.278393,11.825319,seed67723.png
21.419456,16.08045,seed67724.png
30.22226,28.400282,seed67725.png
25.350111,20.112406,seed67726.png
-21.02851,-12.1605625,seed67727.png
27.43017,3.9278471,seed67728.png
0.64352304,22.90802,seed67729.png
-16.08084,-20.108234,seed6773.png
-11.247056,-21.763046,seed67730.png
29.424772,1.2664083,seed67731.png
28.221212,22.732115,seed67732.png
4.5719285,24.975657,seed67733.png
5.607541,-13.763534,seed67734.png
25.34309,5.0872755,seed67735.png
-12.323095,-9.29189,seed67736.png
10.82051,-33.55808,seed67737.png
8.585503,1.8957485,seed67738.png
19.61339,-0.7372619,seed67739.png
26.433823,20.596148,seed6774.png
17.295633,-8.300206,seed67740.png
-7.931829,-11.573884,seed67741.png
-2.6577437,12.237591,seed67742.png
14.0594015,1.047663,seed67743.png
-24.459942,9.776927,seed67744.png
-23.238344,-0.04099058,seed67745.png
14.481509,-12.330859,seed67746.png
-12.851444,-5.929156,seed67747.png
-14.077522,-7.439696,seed67748.png
1.2464488,-30.373941,seed67749.png
-3.0142453,13.136141,seed6775.png
-13.004257,-15.698362,seed67750.png
-23.676704,14.511341,seed67751.png
-33.456528,25.955309,seed67752.png
10.89146,-35.407978,seed67753.png
22.211803,-7.1206055,seed67754.png
-30.058779,-1.1906825,seed67755.png
16.263414,7.8219986,seed67756.png
-24.87355,-11.256787,seed67757.png
-24.98982,13.16511,seed67758.png
3.459605,21.633556,seed67759.png
-20.565098,14.226839,seed6776.png
19.322018,22.530699,seed67760.png
30.915226,1.142335,seed67761.png
37.034336,7.444636,seed67762.png
12.928676,-34.21937,seed67763.png
29.122347,29.21638,seed67764.png
19.570656,25.934326,seed67765.png
3.6233182,-30.351019,seed67766.png
-19.96997,-27.090843,seed67767.png
-19.51554,-17.108736,seed67768.png
13.258255,-34.825306,seed67769.png
15.44243,-35.458824,seed6777.png
-17.964342,-13.205418,seed67770.png
7.3082013,-7.7521663,seed67771.png
32.03421,2.6275847,seed67772.png
9.4816475,5.1676874,seed67773.png
9.212238,18.12564,seed67774.png
-0.14557996,15.059229,seed67775.png
1.5070555,-28.20219,seed67776.png
11.123788,5.67252,seed67777.png
31.529444,27.647707,seed67778.png
-24.72383,6.4476094,seed67779.png
-20.726488,-28.133308,seed6778.png
-19.65756,-10.339231,seed67780.png
9.205841,28.607168,seed67781.png
16.635271,21.377098,seed67782.png
16.403107,8.198225,seed67783.png
-34.83667,20.27879,seed67784.png
-11.009673,-7.161928,seed67785.png
35.241802,17.699654,seed67786.png
10.353629,-23.450378,seed67787.png
-21.529688,-16.200567,seed67788.png
41.51501,21.607801,seed67789.png
16.225523,-7.135071,seed6779.png
11.705768,19.55157,seed67790.png
-22.466171,-23.180853,seed67791.png
22.371016,-8.184317,seed67792.png
17.679398,20.95855,seed67793.png
-24.555487,-5.1280775,seed67794.png
32.160164,9.410653,seed67795.png
11.562677,-13.157606,seed67796.png
6.014836,3.3943427,seed67797.png
-26.868458,6.564062,seed67798.png
-32.63518,7.3082643,seed67799.png
11.90209,-8.842007,seed6780.png
3.2088473,-28.728878,seed67800.png
10.676381,19.457174,seed67801.png
-29.71288,-0.89963526,seed67802.png
11.411887,8.859681,seed67803.png
-31.737864,9.175914,seed67804.png
-21.304173,-6.9253225,seed67805.png
4.48739,22.839083,seed67806.png
-0.109888375,-24.644093,seed67807.png
-35.68097,18.849918,seed67808.png
21.75859,13.337993,seed67809.png
-33.01046,-8.7684145,seed6781.png
17.682955,-1.7144068,seed67810.png
22.385473,0.30733567,seed67811.png
-12.138714,-1.4634609,seed67812.png
31.68334,28.163813,seed67813.png
16.84267,13.692524,seed67814.png
7.8295865,-34.12306,seed67815.png
-30.364073,-7.2839785,seed67816.png
-4.9400897,-6.141645,seed67817.png
-27.438196,-22.951452,seed67818.png
15.452211,-35.781265,seed67819.png
-33.15645,22.221087,seed6782.png
22.61286,4.215829,seed67820.png
37.1066,11.012816,seed67821.png
19.801645,22.293346,seed67822.png
39.709396,15.60449,seed67823.png
27.94898,1.1144551,seed67824.png
6.33671,-1.6923002,seed67825.png
18.956022,2.3198519,seed67826.png
12.599536,-35.50433,seed67827.png
14.300176,-7.7012043,seed67828.png
-5.2472115,2.265438,seed67829.png
1.6531397,20.690186,seed6783.png
8.352405,0.42768446,seed67830.png
-9.723117,-0.42407575,seed67831.png
-4.0980134,15.530801,seed67832.png
-19.741602,-7.726222,seed67833.png
-13.152263,-19.500324,seed67834.png
-0.1488498,-25.763716,seed67835.png
30.67954,6.2178335,seed67836.png
-37.73037,14.204162,seed67837.png
27.030127,19.882772,seed67838.png
-11.839302,-16.881826,seed67839.png
-19.067076,1.3990967,seed6784.png
-12.999736,-21.714947,seed67840.png
-22.98225,-26.446384,seed67841.png
-29.370424,-17.535416,seed67842.png
36.799168,26.749722,seed67843.png
2.0946565,17.299677,seed67844.png
-34.046963,-8.20681,seed67845.png
27.964804,10.34952,seed67846.png
1.8281355,23.827415,seed67847.png
35.5088,24.996458,seed67848.png
17.304163,27.136198,seed67849.png
1.5814159,-17.891716,seed6785.png
17.987198,25.319887,seed67850.png
-22.423862,-23.701056,seed67851.png
15.946189,13.318729,seed67852.png
31.3288,3.1077864,seed67853.png
12.530857,-41.35366,seed67854.png
28.613426,17.48771,seed67855.png
-18.849014,10.518755,seed67856.png
-10.08988,-23.366285,seed67857.png
36.07418,19.600473,seed67858.png
15.676532,7.860126,seed67859.png
-30.772387,23.595875,seed6786.png
5.6995845,-27.030056,seed67860.png
-17.919132,-3.93301,seed67861.png
17.324516,-3.9076083,seed67862.png
32.562687,18.99022,seed67863.png
14.347315,-4.012009,seed67864.png
-25.281397,5.520077,seed67865.png
35.31213,13.681597,seed67866.png
16.478949,-7.851949,seed67867.png
20.860455,13.908065,seed67868.png
-12.398692,3.8622708,seed67869.png
-7.504486,11.522601,seed6787.png
-29.709526,2.7140512,seed67870.png
-22.629677,-13.657402,seed67871.png
-8.864927,-21.187311,seed67872.png
-33.42487,6.48395,seed67873.png
1.9551941,16.319489,seed67874.png
4.0401154,19.415134,seed67875.png
15.496662,-36.82241,seed67876.png
13.585062,-36.522476,seed67877.png
-10.363411,-4.6529,seed67878.png
33.989635,14.035479,seed67879.png
17.842585,8.009448,seed6788.png
12.797282,-34.02166,seed67880.png
-18.233854,-19.968672,seed67881.png
-21.078293,-18.773098,seed67882.png
-21.67934,-10.856359,seed67883.png
-21.052687,1.0153166,seed67884.png
18.54376,-2.4599679,seed67885.png
18.512283,-5.112579,seed67886.png
36.270973,4.73284,seed67887.png
-3.1475997,4.6209755,seed67888.png
-16.789396,-13.335536,seed67889.png
13.490962,0.5679929,seed6789.png
19.17151,24.646723,seed67890.png
18.977999,25.192673,seed67891.png
27.338823,-2.6109278,seed67892.png
21.127924,10.388789,seed67893.png
-8.293716,-18.15311,seed67894.png
15.58301,3.1681266,seed67895.png
-11.311177,-19.628647,seed67896.png
4.5120335,24.40494,seed67897.png
24.563585,4.656648,seed67898.png
40.300465,19.808708,seed67899.png
-31.980453,-3.937604,seed6790.png
17.487959,-0.8411075,seed67900.png
-10.607176,-4.497854,seed67901.png
4.035208,-6.6651936,seed67902.png
11.261136,25.59667,seed67903.png
-4.5728374,-13.570576,seed67904.png
-28.544842,5.6054206,seed67905.png
2.366585,21.614704,seed67906.png
1.7400913,15.293224,seed67907.png
-29.065376,-21.252457,seed67908.png
14.059447,-5.3093486,seed67909.png
14.098988,-39.77864,seed6791.png
-13.175726,1.9877347,seed67910.png
20.353567,21.738714,seed67911.png
8.840672,-37.312035,seed67912.png
-8.726587,-10.859564,seed67913.png
22.191246,13.527044,seed67914.png
17.334625,18.373558,seed67915.png
17.241627,16.327175,seed67916.png
24.44014,25.195765,seed67917.png
-16.245722,-29.30676,seed67918.png
-35.263924,26.660257,seed67919.png
6.7722416,-22.601997,seed6792.png
-29.249054,1.6955464,seed67920.png
-25.693724,2.5917943,seed67921.png
-37.758625,14.639779,seed67922.png
20.953463,23.1788,seed67923.png
-30.200745,-3.5183058,seed67924.png
-36.36964,22.489029,seed67925.png
-20.527697,8.318827,seed67926.png
-29.50903,9.9589,seed67927.png
-16.10687,-9.234716,seed67928.png
-33.30955,-1.0106319,seed67929.png
12.541557,22.268105,seed6793.png
6.671355,-27.894138,seed67930.png
27.841806,27.869585,seed67931.png
17.110718,22.250965,seed67932.png
-30.403664,15.690519,seed67933.png
3.0172791,-24.968033,seed67934.png
-2.1755552,1.5341748,seed67935.png
-22.620947,14.376842,seed67936.png
35.46335,26.620508,seed67937.png
-13.381252,-7.9296455,seed67938.png
-32.073917,19.311024,seed67939.png
9.90527,29.868364,seed6794.png
-10.713964,-28.96272,seed67940.png
5.4869413,11.440221,seed67941.png
-11.785895,9.84804,seed67942.png
-19.061565,-2.3642101,seed67943.png
39.638172,17.50882,seed67944.png
-9.719636,-14.219638,seed67945.png
7.122331,-26.640888,seed67946.png
-34.707325,27.282146,seed67947.png
-20.795134,15.480688,seed67948.png
-13.2651415,-19.603361,seed67949.png
4.8480625,6.8762307,seed6795.png
35.92455,24.324078,seed67950.png
3.570306,-7.6681147,seed67951.png
25.450415,5.211655,seed67952.png
16.159523,16.496878,seed67953.png
-32.805515,-0.96978575,seed67954.png
-29.592993,17.865017,seed67955.png
5.829018,25.24354,seed67956.png
8.17953,-7.790964,seed67957.png
11.854346,-22.134684,seed67958.png
-16.420328,-27.725315,seed67959.png
12.537329,23.550293,seed6796.png
22.737223,20.842834,seed67960.png
20.398626,1.3903174,seed67961.png
25.243765,12.97481,seed67962.png
-20.055542,-13.2849,seed67963.png
34.93123,23.141867,seed67964.png
23.69153,2.1834407,seed67965.png
15.943011,-33.0985,seed67966.png
20.970963,5.9502783,seed67967.png
-21.854258,15.863783,seed67968.png
20.377268,24.026026,seed67969.png
30.427462,28.37595,seed6797.png
-12.359728,-19.625189,seed67970.png
-23.515224,-18.83523,seed67971.png
-12.208365,-27.878122,seed67972.png
33.48827,12.082603,seed67973.png
-30.21073,21.16877,seed67974.png
12.757073,14.718827,seed67975.png
28.484087,6.5740523,seed67976.png
-33.114388,8.074833,seed67977.png
-18.85022,-9.38025,seed67978.png
-28.972475,13.181363,seed67979.png
-29.58806,17.131151,seed6798.png
-8.80041,-0.8150877,seed67980.png
16.714891,24.005846,seed67981.png
13.105145,-42.305027,seed67982.png
3.4410949,13.226552,seed67983.png
35.147705,22.683132,seed67984.png
33.488136,25.114317,seed67985.png
-8.012464,-19.903345,seed67986.png
-20.582993,3.6270103,seed67987.png
18.73211,26.21025,seed67988.png
-1.3419636,6.779888,seed67989.png
29.696402,23.580772,seed6799.png
8.713953,-5.170777,seed67990.png
-10.219919,-1.767414,seed67991.png
24.706932,9.981162,seed67992.png
5.4450297,16.254662,seed67993.png
-13.420199,5.8532577,seed67994.png
-24.180853,10.772911,seed67995.png
22.172766,1.2470406,seed67996.png
34.051704,17.210001,seed67997.png
-5.0930724,-16.170115,seed67998.png
-32.330803,24.804237,seed67999.png
-1.1897563,-16.911276,seed6800.png
-19.339476,11.2454815,seed68000.png
32.759075,12.510937,seed68001.png
38.210064,20.65094,seed68002.png
-7.364047,-15.219179,seed68003.png
8.853693,-30.005674,seed68004.png
-18.40582,13.784354,seed68005.png
-23.121359,2.2297454,seed68006.png
-12.882156,-20.479815,seed68007.png
0.23398001,1.129276,seed68008.png
8.120318,-8.224014,seed68009.png
-17.140358,-10.339817,seed6801.png
15.620627,21.68233,seed68010.png
-22.281023,-11.627969,seed68011.png
-14.013719,-10.74357,seed68012.png
-18.641376,-9.524744,seed68013.png
25.564127,8.8057,seed68014.png
-28.174307,1.7531016,seed68015.png
17.594727,-4.468131,seed68016.png
37.01693,24.917803,seed68017.png
-21.529638,-0.40031382,seed68018.png
40.006172,19.30729,seed68019.png
22.400158,-0.0558343,seed6802.png
13.348134,-6.6096582,seed68020.png
31.451784,7.564421,seed68021.png
17.901892,26.843418,seed68022.png
-24.484081,5.569593,seed68023.png
14.287918,3.3401372,seed68024.png
24.834982,19.19392,seed68025.png
11.72135,-40.30985,seed68026.png
11.764782,17.93269,seed68027.png
33.837574,28.90694,seed68028.png
-9.94845,-14.179024,seed68029.png
6.308203,-27.766466,seed6803.png
-35.3339,-3.029555,seed68030.png
23.703688,19.171413,seed68031.png
-19.93495,8.456902,seed68032.png
-16.294634,1.1975517,seed68033.png
13.886243,16.931728,seed68034.png
11.245525,4.309369,seed68035.png
-27.681534,10.769274,seed68036.png
-7.3877034,-9.428536,seed68037.png
-28.769234,-1.3973005,seed68038.png
19.210087,20.985119,seed68039.png
-3.553076,-13.5664015,seed6804.png
-17.979092,-24.390806,seed68040.png
14.792651,24.116467,seed68041.png
29.26575,21.811533,seed68042.png
-20.335907,-18.074442,seed68043.png
-1.721731,-13.084837,seed68044.png
6.489928,22.241661,seed68045.png
-16.932451,9.448812,seed68046.png
17.61806,-3.345424,seed68047.png
-30.09296,23.746769,seed68048.png
11.628397,-4.689822,seed68049.png
-34.05388,24.821585,seed6805.png
-18.68693,-25.546383,seed68050.png
33.789852,26.187035,seed68051.png
7.513687,-34.612324,seed68052.png
-21.07333,-17.124968,seed68053.png
-17.746084,-7.4963255,seed68054.png
-23.358727,-11.563555,seed68055.png
-33.209435,12.651408,seed68056.png
13.974019,9.7710495,seed68057.png
15.307488,25.431763,seed68058.png
11.844129,-37.660393,seed68059.png
3.6577735,8.0911875,seed6806.png
-13.07015,-10.236464,seed68060.png
-21.767586,-16.692968,seed68061.png
19.368551,3.4528365,seed68062.png
1.6676893,21.83543,seed68063.png
29.974539,8.023481,seed68064.png
34.259533,10.144509,seed68065.png
-16.834013,-13.699582,seed68066.png
37.031975,9.246875,seed68067.png
-1.3013225,-13.691231,seed68068.png
17.15731,-8.649957,seed68069.png
-17.718056,-30.62581,seed6807.png
7.637502,2.8740215,seed68070.png
11.271197,-8.720762,seed68071.png
31.567528,2.2313652,seed68072.png
31.012705,25.665714,seed68073.png
24.424654,14.927421,seed68074.png
13.709359,-5.7805753,seed68075.png
-27.266222,10.1909275,seed68076.png
-17.251167,-15.541153,seed68077.png
-27.231777,-9.802039,seed68078.png
-23.939789,-14.587839,seed68079.png
-18.413195,-9.885679,seed6808.png
8.081584,-21.529789,seed68080.png
-3.5439658,-9.776503,seed68081.png
-15.052818,-16.915316,seed68082.png
1.1524633,-8.679486,seed68083.png
12.85147,-37.27158,seed68084.png
19.496265,15.731021,seed68085.png
13.075415,-41.694393,seed68086.png
-13.618396,-21.120323,seed68087.png
34.20905,19.730082,seed68088.png
-22.962194,15.567646,seed68089.png
32.069874,5.325022,seed6809.png
-14.230998,1.6428794,seed68090.png
-16.518654,-10.970342,seed68091.png
11.367188,-27.080564,seed68092.png
16.616083,1.9600087,seed68093.png
11.672092,22.736933,seed68094.png
13.714954,11.161663,seed68095.png
-1.4642992,-16.0176,seed68096.png
29.114244,25.664116,seed68097.png
9.676258,14.819621,seed68098.png
39.6886,12.031701,seed68099.png
31.344404,25.290953,seed6810.png
14.823517,24.20426,seed68100.png
-17.556639,-27.572176,seed68101.png
-30.911432,15.60916,seed68102.png
37.04731,27.11466,seed68103.png
16.338928,1.401843,seed68104.png
31.263748,-0.7364054,seed68105.png
9.420577,-39.243225,seed68106.png
17.543863,-8.3127985,seed68107.png
36.524345,12.843526,seed68108.png
37.41258,4.368054,seed68109.png
14.571029,-37.85428,seed6811.png
-30.03184,21.424726,seed68110.png
-14.319628,-24.79546,seed68111.png
31.63408,27.581337,seed68112.png
-24.475264,10.169506,seed68113.png
15.438369,23.39742,seed68114.png
-14.536159,-24.540607,seed68115.png
-15.386529,-30.315561,seed68116.png
-25.48141,13.133348,seed68117.png
-24.474234,-9.698588,seed68118.png
-22.632137,-3.019175,seed68119.png
27.577492,12.707632,seed6812.png
12.20807,-36.888832,seed68120.png
-6.544563,13.459766,seed68121.png
-26.59636,10.117992,seed68122.png
-7.1850743,-9.200654,seed68123.png
0.110460095,-18.731398,seed68124.png
-31.008787,4.293942,seed68125.png
-22.723734,3.2839158,seed68126.png
15.28476,-37.93238,seed68127.png
20.787464,-4.0765195,seed68128.png
19.587965,-6.1420293,seed68129.png
3.0738015,19.744022,seed6813.png
15.426275,16.896881,seed68130.png
40.517826,13.61347,seed68131.png
15.996228,12.421419,seed68132.png
-27.546524,-19.832247,seed68133.png
-24.072548,-18.521263,seed68134.png
13.17508,-37.93315,seed68135.png
12.728618,-23.323895,seed68136.png
21.879953,15.132263,seed68137.png
0.3718805,-28.558626,seed68138.png
14.756088,-31.220781,seed68139.png
-29.227425,8.659915,seed6814.png
11.577938,-43.300537,seed68140.png
-22.247274,-3.345783,seed68141.png
-26.8811,20.57633,seed68142.png
19.326864,12.0234995,seed68143.png
1.5739208,4.258906,seed68144.png
-36.704468,18.778618,seed68145.png
7.6473875,13.867653,seed68146.png
-19.792603,9.991674,seed68147.png
-0.065566495,20.240885,seed68148.png
-1.4553703,-16.083517,seed68149.png
6.076429,1.4821137,seed6815.png
7.5859737,9.96247,seed68150.png
-25.259369,7.9693723,seed68151.png
9.615634,-29.315287,seed68152.png
-8.026497,-0.32338345,seed68153.png
-27.07922,-10.761395,seed68154.png
-9.308941,0.25661442,seed68155.png
30.84401,-0.8760525,seed68156.png
-20.03536,-4.9316053,seed68157.png
-12.506963,-3.949207,seed68158.png
3.9054375,24.82487,seed68159.png
-14.851605,-28.526386,seed6816.png
8.926255,-37.932167,seed68160.png
33.332348,9.768256,seed68161.png
-3.2761374,-11.941498,seed68162.png
34.574757,18.822319,seed68163.png
32.39185,25.015102,seed68164.png
-38.56013,16.045643,seed68165.png
-18.033562,-2.0542393,seed68166.png
-17.374872,-20.882608,seed68167.png
33.345226,16.644575,seed68168.png
5.909529,12.203931,seed68169.png
38.06057,11.390594,seed6817.png
-17.325945,1.3773026,seed68170.png
-8.61959,6.9892645,seed68171.png
15.731507,-34.088284,seed68172.png
12.310581,-39.157387,seed68173.png
-29.655268,3.0421576,seed68174.png
22.413996,25.399673,seed68175.png
8.588946,24.114897,seed68176.png
22.005527,23.04791,seed68177.png
-19.19182,-9.208124,seed68178.png
-31.463123,19.003511,seed68179.png
-18.38058,-7.7893825,seed6818.png
-6.6573267,-18.25972,seed68180.png
9.134851,-26.477,seed68181.png
-32.004547,25.183832,seed68182.png
-16.228497,-27.556849,seed68183.png
40.044827,18.935184,seed68184.png
-24.331886,-12.286365,seed68185.png
-4.621503,-16.23757,seed68186.png
38.2063,10.993475,seed68187.png
-25.210403,14.334711,seed68188.png
-28.664785,8.694524,seed68189.png
20.352785,-7.588873,seed6819.png
15.197558,-40.41514,seed68190.png
27.657843,21.706362,seed68191.png
-22.964733,2.4469075,seed68192.png
1.5868208,-11.485837,seed68193.png
-24.256508,14.883628,seed68194.png
22.269392,13.481852,seed68195.png
-20.915188,-20.374514,seed68196.png
-34.26635,10.597642,seed68197.png
-30.342358,-0.24903588,seed68198.png
-25.501625,-15.412089,seed68199.png
18.111984,-6.1199803,seed6820.png
-27.465424,15.104871,seed68200.png
-22.878483,16.644928,seed68201.png
15.530261,-36.73435,seed68202.png
-10.35265,-18.885975,seed68203.png
-14.634379,-20.326696,seed68204.png
-25.021505,15.150023,seed68205.png
-19.894712,-20.382633,seed68206.png
-8.786113,-3.297719,seed68207.png
7.248521,-26.933004,seed68208.png
32.82766,16.083065,seed68209.png
5.963021,-36.76305,seed6821.png
7.5018134,25.35238,seed68210.png
-23.428223,-14.403661,seed68211.png
17.285967,21.130707,seed68212.png
4.2611265,-2.4494224,seed68213.png
-37.249294,21.271032,seed68214.png
-6.050858,13.1408615,seed68215.png
34.343884,22.682592,seed68216.png
-6.9509497,9.0184,seed68217.png
4.0543637,11.353576,seed68218.png
-26.871286,-19.449526,seed68219.png
-27.510458,5.9907384,seed6822.png
-19.093065,6.330002,seed68220.png
19.172098,-5.9733953,seed68221.png
-1.6629554,20.120214,seed68222.png
35.038876,12.153465,seed68223.png
34.117737,2.4363754,seed68224.png
15.326805,-10.117354,seed68225.png
-1.3721608,22.144556,seed68226.png
-22.018528,14.790527,seed68227.png
-22.779455,-1.9855909,seed68228.png
8.641507,16.999315,seed68229.png
26.643333,8.181267,seed6823.png
-22.802832,-16.34383,seed68230.png
-32.83876,22.3769,seed68231.png
14.628579,-33.12543,seed68232.png
13.515136,-33.448154,seed68233.png
3.962147,9.605206,seed68234.png
-27.218086,1.3636527,seed68235.png
-19.793211,-23.125427,seed68236.png
27.28161,6.5870047,seed68237.png
6.4134073,-24.985914,seed68238.png
-17.55147,-6.1390853,seed68239.png
-27.040394,5.531436,seed6824.png
-12.354877,-17.007757,seed68240.png
7.615938,3.662526,seed68241.png
16.48154,-34.784225,seed68242.png
9.185244,8.119495,seed68243.png
-34.07723,18.002756,seed68244.png
-27.032125,-7.4937396,seed68245.png
-21.50482,-3.9888706,seed68246.png
-20.234016,-4.234893,seed68247.png
23.480051,16.25848,seed68248.png
0.57432544,6.2538257,seed68249.png
-12.741179,3.96556,seed6825.png
-9.671398,1.2595936,seed68250.png
-12.02238,-10.573179,seed68251.png
11.682912,-38.105366,seed68252.png
15.711843,-37.043694,seed68253.png
32.668686,24.708471,seed68254.png
-11.040794,-13.779876,seed68255.png
3.7951508,18.064564,seed68256.png
2.2086713,7.496186,seed68257.png
-24.510366,13.562939,seed68258.png
15.604272,14.62086,seed68259.png
29.143375,22.945393,seed6826.png
-33.391285,22.744453,seed68260.png
33.91399,18.359652,seed68261.png
-21.363123,11.72232,seed68262.png
-30.416187,23.272675,seed68263.png
10.009566,-2.7620614,seed68264.png
38.96465,20.611723,seed68265.png
-14.513682,-24.8259,seed68266.png
-16.53354,-28.625834,seed68267.png
15.442026,16.634907,seed68268.png
16.874624,6.9696674,seed68269.png
37.67612,24.216475,seed6827.png
31.409637,10.2038355,seed68270.png
-34.469574,-10.860371,seed68271.png
18.988764,2.4037516,seed68272.png
-11.595675,-4.7765846,seed68273.png
13.969979,27.010885,seed68274.png
-1.8607477,-12.607687,seed68275.png
-35.516373,26.775454,seed68276.png
-15.803703,13.81002,seed68277.png
-29.108313,1.9301897,seed68278.png
39.683987,16.673208,seed68279.png
-34.19825,-3.3747106,seed6828.png
-27.549086,9.575827,seed68280.png
-19.851019,-21.921848,seed68281.png
-28.940166,8.969342,seed68282.png
7.493784,21.851662,seed68283.png
38.905056,9.426332,seed68284.png
-9.523089,-15.013686,seed68285.png
16.453604,23.188051,seed68286.png
-20.221209,-28.08265,seed68287.png
14.565521,-27.8394,seed68288.png
8.646232,1.8232052,seed68289.png
-14.082717,-15.989414,seed6829.png
-2.621608,-24.22881,seed68290.png
18.844816,-10.844965,seed68291.png
-10.051098,-3.0506496,seed68292.png
-33.95792,-7.802642,seed68293.png
-26.618073,-7.648188,seed68294.png
-19.141846,-27.666882,seed68295.png
-33.34512,5.592685,seed68296.png
1.8858311,19.78565,seed68297.png
34.08343,10.133477,seed68298.png
8.335396,-2.5687735,seed68299.png
28.347534,4.6971507,seed6830.png
-13.703518,-2.7948968,seed68300.png
5.8953676,-12.394211,seed68301.png
-2.3654857,22.123102,seed68302.png
25.113907,15.532758,seed68303.png
4.800198,-30.778093,seed68304.png
-11.583649,-10.648145,seed68305.png
32.157215,27.40448,seed68306.png
-1.2182562,-13.271307,seed68307.png
-24.02355,-15.386707,seed68308.png
-20.251392,-10.924151,seed68309.png
37.236584,23.033566,seed6831.png
37.627617,6.8284254,seed68310.png
16.248718,3.7534802,seed68311.png
15.39514,11.005742,seed68312.png
-1.5073775,-14.28955,seed68313.png
25.183512,14.037233,seed68314.png
14.370121,-31.059458,seed68315.png
10.064088,-9.263763,seed68316.png
16.00106,-37.472973,seed68317.png
-4.6831517,-8.826577,seed68318.png
25.833765,4.1762395,seed68319.png
-20.78085,13.806252,seed6832.png
-34.738007,19.65135,seed68320.png
30.809912,25.849768,seed68321.png
19.494144,1.5784247,seed68322.png
-3.4716206,-20.435028,seed68323.png
11.0716915,-1.3155524,seed68324.png
33.202087,8.874907,seed68325.png
30.412489,17.390215,seed68326.png
21.22319,25.185333,seed68327.png
-24.750687,-0.15989399,seed68328.png
-33.74225,2.82247,seed68329.png
-27.386227,-0.38203293,seed6833.png
-10.320273,-17.81761,seed68330.png
0.011529596,-15.244826,seed68331.png
30.004671,15.972241,seed68332.png
-32.30179,17.346691,seed68333.png
-13.290424,-7.661576,seed68334.png
18.72057,15.624947,seed68335.png
40.53874,21.224026,seed68336.png
32.145016,5.6794424,seed68337.png
21.610167,-0.73273927,seed68338.png
3.0398521,9.19462,seed68339.png
6.07922,-21.560282,seed6834.png
-19.867767,-12.583283,seed68340.png
12.920869,17.538443,seed68341.png
-12.285066,-21.125042,seed68342.png
36.101692,8.163,seed68343.png
8.158816,13.973235,seed68344.png
18.65046,21.673937,seed68345.png
2.9614928,-31.070805,seed68346.png
25.347214,23.705471,seed68347.png
15.198912,0.10962025,seed68348.png
10.35634,-34.42555,seed68349.png
31.768845,18.908278,seed6835.png
20.870415,15.154307,seed68350.png
23.88764,9.488533,seed68351.png
-35.127308,21.3604,seed68352.png
24.051256,26.894392,seed68353.png
35.28051,16.173515,seed68354.png
-32.71573,24.262838,seed68355.png
8.754739,-27.105011,seed68356.png
30.075006,8.8163595,seed68357.png
42.12761,20.958115,seed68358.png
-32.44344,2.5201933,seed68359.png
-15.375137,-21.953478,seed6836.png
3.7202976,-22.478437,seed68360.png
30.499657,18.204292,seed68361.png
-22.692564,19.638144,seed68362.png
8.733145,1.2551823,seed68363.png
-31.436172,-11.609738,seed68364.png
-12.881159,-30.32507,seed68365.png
-16.240099,-9.933568,seed68366.png
14.64932,-35.249557,seed68367.png
7.045169,10.223649,seed68368.png
8.624871,-26.600525,seed68369.png
21.99271,22.961018,seed6837.png
-36.251755,22.51651,seed68370.png
-3.8003902,13.372648,seed68371.png
12.778339,-8.269179,seed68372.png
-34.491184,27.322794,seed68373.png
12.414056,-8.593956,seed68374.png
34.00018,19.686258,seed68375.png
5.443191,20.474367,seed68376.png
24.440979,9.411976,seed68377.png
15.2765255,1.3156596,seed68378.png
-14.181752,-28.66963,seed68379.png
-33.480095,22.816372,seed6838.png
-15.128915,-11.457612,seed68380.png
-25.612545,3.5235002,seed68381.png
-33.283566,22.739216,seed68382.png
-15.6952095,-18.789587,seed68383.png
-17.028517,-23.234612,seed68384.png
19.580376,19.437796,seed68385.png
15.71445,-36.905468,seed68386.png
30.395264,8.017077,seed68387.png
15.218315,26.54231,seed68388.png
24.647621,19.424013,seed68389.png
8.106685,-35.599506,seed6839.png
-25.732489,-26.885805,seed68390.png
2.95111,-12.583552,seed68391.png
23.486303,22.382877,seed68392.png
-25.67026,-10.032454,seed68393.png
9.264745,-2.4512439,seed68394.png
30.960516,26.138535,seed68395.png
30.594555,16.22435,seed68396.png
-11.141098,-10.784894,seed68397.png
-16.935022,-24.510952,seed68398.png
27.297684,8.473642,seed68399.png
-29.521029,8.858305,seed6840.png
13.500135,-39.10334,seed68400.png
37.951454,5.4515777,seed68401.png
-27.969404,3.0207992,seed68402.png
28.20447,28.039717,seed68403.png
-13.934716,-3.2019515,seed68404.png
-25.08041,11.29112,seed68405.png
-18.175158,-15.645014,seed68406.png
27.978325,4.549298,seed68407.png
-23.972029,11.60916,seed68408.png
11.055376,-24.250914,seed68409.png
21.122896,27.1449,seed6841.png
34.43235,14.434475,seed68410.png
4.2641625,-37.02084,seed68411.png
-23.613262,2.9195256,seed68412.png
16.543333,25.821123,seed68413.png
-1.251682,5.1105647,seed68414.png
-10.317438,-27.147133,seed68415.png
-34.64519,-5.8360543,seed68416.png
-21.891394,20.387335,seed68417.png
35.383274,3.5929978,seed68418.png
11.260985,19.172817,seed68419.png
8.883544,-8.144345,seed6842.png
12.28,-35.354996,seed68420.png
18.096357,21.68845,seed68421.png
14.154924,18.348372,seed68422.png
34.828625,6.805977,seed68423.png
1.7765851,9.807469,seed68424.png
13.06128,-12.834094,seed68425.png
30.760078,7.010373,seed68426.png
25.66059,-3.6480324,seed68427.png
25.540792,9.564726,seed68428.png
-24.400743,14.559526,seed68429.png
6.6619945,4.2057843,seed6843.png
30.182943,15.261665,seed68430.png
-14.089096,1.8332734,seed68431.png
2.9719186,-26.931034,seed68432.png
-20.010735,-23.855412,seed68433.png
33.855675,28.150133,seed68434.png
-25.777664,7.374111,seed68435.png
-30.282846,15.910186,seed68436.png
-11.705885,-7.9328465,seed68437.png
10.165987,-37.342285,seed68438.png
-19.925682,-4.9900107,seed68439.png
-21.14051,16.977617,seed6844.png
-18.065016,-29.45414,seed68440.png
-23.868862,0.8305342,seed68441.png
-30.993855,11.052191,seed68442.png
28.285652,-5.1657057,seed68443.png
18.98251,26.36193,seed68444.png
4.726616,-36.281334,seed68445.png
-17.611462,-24.45568,seed68446.png
-6.3146048,-10.8361025,seed68447.png
3.163411,5.336537,seed68448.png
26.799673,9.603788,seed68449.png
-10.919152,-26.854649,seed6845.png
-36.32941,18.610704,seed68450.png
27.751701,18.207066,seed68451.png
-27.678488,10.115951,seed68452.png
-35.10521,16.234211,seed68453.png
27.946127,24.072384,seed68454.png
24.057018,4.210091,seed68455.png
39.461918,15.089313,seed68456.png
-2.308974,2.54883,seed68457.png
-8.292972,5.230273,seed68458.png
-17.660439,-14.075117,seed68459.png
4.734622,-32.827522,seed6846.png
16.290422,-0.5920212,seed68460.png
-11.65027,-13.601247,seed68461.png
-20.773344,6.152308,seed68462.png
16.471949,5.371053,seed68463.png
-7.0377727,13.644925,seed68464.png
30.207664,19.749582,seed68465.png
8.101123,13.968438,seed68466.png
25.894602,26.426176,seed68467.png
29.946857,3.871852,seed68468.png
-11.01341,8.860217,seed68469.png
-15.321269,0.24807909,seed6847.png
-26.391623,14.583649,seed68470.png
6.6221023,2.7152915,seed68471.png
-19.269386,7.7317367,seed68472.png
33.936386,24.137028,seed68473.png
-26.51572,-14.533976,seed68474.png
4.9050035,-29.64661,seed68475.png
-19.800394,-25.74599,seed68476.png
16.391405,-5.2726083,seed68477.png
-3.7987225,-5.8086553,seed68478.png
29.92303,11.11363,seed68479.png
17.664637,9.097371,seed6848.png
-23.744492,-7.8862877,seed68480.png
26.481617,9.532616,seed68481.png
12.654164,-22.268866,seed68482.png
-29.996368,6.7153487,seed68483.png
-18.68201,-18.232971,seed68484.png
7.7800364,-30.41437,seed68485.png
-26.262072,10.255588,seed68486.png
-13.638969,-11.918792,seed68487.png
-26.191126,-0.26731113,seed68488.png
5.0720906,14.130178,seed68489.png
-3.8608134,11.657935,seed6849.png
15.44232,-33.367,seed68490.png
18.26135,1.218726,seed68491.png
17.493761,21.059212,seed68492.png
34.659092,9.196552,seed68493.png
-14.789465,-28.92717,seed68494.png
-37.542862,16.184145,seed68495.png
-24.610512,-4.0434275,seed68496.png
34.565056,25.823381,seed68497.png
26.088501,7.072275,seed68498.png
-35.389717,17.527962,seed68499.png
41.36347,22.763615,seed6850.png
-28.010849,0.639123,seed68500.png
-9.856268,1.6318727,seed68501.png
14.036234,-28.556835,seed68502.png
24.51946,22.400204,seed68503.png
-0.6273328,-11.68125,seed68504.png
-36.555233,9.256324,seed68505.png
-11.260326,-25.62051,seed68506.png
-26.04813,-8.665713,seed68507.png
11.758415,-33.138702,seed68508.png
1.6437043,24.331778,seed68509.png
-29.882483,4.961872,seed6851.png
7.769481,-4.531011,seed68510.png
10.359048,18.536634,seed68511.png
-21.893517,-19.303656,seed68512.png
8.533449,25.038239,seed68513.png
26.842747,17.882904,seed68514.png
3.4317553,-30.16593,seed68515.png
-8.667503,-24.28388,seed68516.png
-26.400925,9.059817,seed68517.png
-15.236552,-15.763338,seed68518.png
7.572417,-4.9862885,seed68519.png
3.556349,10.291235,seed6852.png
18.531727,24.48177,seed68520.png
24.416351,1.9660997,seed68521.png
-12.60986,-10.560391,seed68522.png
31.669487,7.604651,seed68523.png
-20.243343,-6.9436626,seed68524.png
31.932451,15.164713,seed68525.png
-18.285324,-23.428427,seed68526.png
16.089937,23.7061,seed68527.png
-11.627477,-20.897026,seed68528.png
-22.055412,-4.240541,seed68529.png
-21.26059,13.803313,seed6853.png
-19.388115,-2.4600286,seed68530.png
34.48623,25.502012,seed68531.png
24.74267,-5.4019737,seed68532.png
-25.5694,-0.83083427,seed68533.png
3.76352,-36.360252,seed68534.png
12.893308,-35.218254,seed68535.png
6.5180936,-8.857304,seed68536.png
28.148653,15.683024,seed68537.png
-21.462345,8.838092,seed68538.png
-34.22065,18.006237,seed68539.png
6.6361885,-1.6790723,seed6854.png
-26.468904,5.108523,seed68540.png
10.561515,10.671057,seed68541.png
-22.070759,12.269458,seed68542.png
8.798468,21.248737,seed68543.png
-8.866161,-11.131239,seed68544.png
-3.2316213,-11.560601,seed68545.png
22.923174,-7.5085783,seed68546.png
27.673826,8.275699,seed68547.png
-24.940012,9.205316,seed68548.png
-24.129879,10.418051,seed68549.png
-7.696721,-14.7396145,seed6855.png
6.0713844,24.198772,seed68550.png
10.572308,9.948939,seed68551.png
36.6461,7.8964777,seed68552.png
-24.56956,13.087642,seed68553.png
-29.84311,-14.974989,seed68554.png
19.83559,20.44328,seed68555.png
-14.135291,-11.268255,seed68556.png
-26.484379,1.7858808,seed68557.png
36.26595,22.385624,seed68558.png
-29.8008,-0.7638754,seed68559.png
-9.997847,-5.530529,seed6856.png
15.937373,24.477365,seed68560.png
19.823675,28.19568,seed68561.png
33.857555,7.8203855,seed68562.png
14.08397,-30.427595,seed68563.png
14.321176,-38.739544,seed68564.png
-3.3225582,-9.798031,seed68565.png
11.561818,6.241742,seed68566.png
15.357925,-0.8629212,seed68567.png
27.604155,9.252848,seed68568.png
-24.662148,-13.405955,seed68569.png
11.106667,-3.1459627,seed6857.png
-15.043028,4.135369,seed68570.png
-2.2809038,-15.119795,seed68571.png
-3.5574343,12.008172,seed68572.png
20.465965,13.320567,seed68573.png
35.505707,16.629581,seed68574.png
38.296814,8.356291,seed68575.png
16.42249,-6.739036,seed68576.png
-19.069626,-26.482658,seed68577.png
-36.859108,10.980184,seed68578.png
31.550896,5.2445297,seed68579.png
9.520992,22.10437,seed6858.png
14.348803,-34.68488,seed68580.png
37.46065,16.564053,seed68581.png
14.66894,22.275267,seed68582.png
-13.424565,-16.147396,seed68583.png
32.733925,10.316567,seed68584.png
2.315321,10.550998,seed68585.png
26.424717,1.4079214,seed68586.png
18.074812,12.497617,seed68587.png
10.927737,-11.852915,seed68588.png
-12.78781,-6.676896,seed68589.png
-10.489566,-11.827838,seed6859.png
-19.94079,-13.9490595,seed68590.png
22.125776,24.21509,seed68591.png
30.810328,4.5297213,seed68592.png
-17.418472,-8.444727,seed68593.png
-23.581059,-6.279865,seed68594.png
-23.478247,-0.29385632,seed68595.png
18.6427,1.3569698,seed68596.png
6.1656036,-29.007238,seed68597.png
-34.687157,14.917106,seed68598.png
-27.996218,15.562718,seed68599.png
-19.311207,-20.185518,seed6860.png
8.239225,11.1532,seed68600.png
19.600685,-5.1370354,seed68601.png
13.608582,-12.013115,seed68602.png
20.704958,-4.469748,seed68603.png
-33.094303,15.449557,seed68604.png
-32.34201,21.375874,seed68605.png
-32.040775,16.630009,seed68606.png
-27.96009,-2.591479,seed68607.png
32.08,8.276297,seed68608.png
38.45229,24.43304,seed68609.png
-3.869186,8.920924,seed6861.png
-35.986748,9.019351,seed68610.png
-33.450073,-8.109745,seed68611.png
14.138336,19.093933,seed68612.png
24.1945,-2.1512642,seed68613.png
2.47472,-13.950398,seed68614.png
-3.703373,-17.968607,seed68615.png
32.43623,21.629503,seed68616.png
13.960122,23.785122,seed68617.png
-21.283844,-29.661234,seed68618.png
6.2894063,1.2201182,seed68619.png
9.286081,-7.8382864,seed6862.png
30.414106,28.385744,seed68620.png
20.438526,-3.2909284,seed68621.png
8.629672,-32.259026,seed68622.png
-32.079624,19.268103,seed68623.png
-4.473518,-3.5527303,seed68624.png
16.164957,27.312979,seed68625.png
-13.122105,-17.862616,seed68626.png
26.57552,15.169004,seed68627.png
9.893488,11.838974,seed68628.png
16.294691,13.700793,seed68629.png
15.619891,7.6260715,seed6863.png
-33.287495,10.646923,seed68630.png
-28.458363,16.038061,seed68631.png
-4.821241,-15.428869,seed68632.png
0.24960573,5.6340284,seed68633.png
-35.07621,-3.7773113,seed68634.png
13.114581,-31.867725,seed68635.png
-22.367031,-7.7696996,seed68636.png
21.86543,14.076155,seed68637.png
-12.379666,-25.019058,seed68638.png
-23.696404,-4.53829,seed68639.png
-4.940818,9.970756,seed6864.png
17.062542,-32.399265,seed68640.png
-19.958595,-22.438772,seed68641.png
3.4874592,9.033085,seed68642.png
-16.91516,-25.180386,seed68643.png
-12.913117,-8.741283,seed68644.png
32.950966,26.948933,seed68645.png
13.127358,22.263775,seed68646.png
13.425565,22.704056,seed68647.png
-17.643211,-23.91262,seed68648.png
6.978458,-36.816105,seed68649.png
10.709734,-11.28613,seed6865.png
-10.342382,4.005043,seed68650.png
1.0868161,-4.5004635,seed68651.png
-16.949484,-2.0895674,seed68652.png
0.96955943,11.426025,seed68653.png
-4.1161585,8.343871,seed68654.png
-12.166446,-11.476162,seed68655.png
30.919765,4.236498,seed68656.png
29.67049,23.42553,seed68657.png
-14.026404,-31.182102,seed68658.png
39.462948,17.939747,seed68659.png
27.375607,1.7264163,seed6866.png
-13.955446,-3.1859782,seed68660.png
4.364432,-4.9655027,seed68661.png
11.750079,-43.11345,seed68662.png
21.705233,-7.407527,seed68663.png
0.76330745,-22.105349,seed68664.png
-28.15763,23.098116,seed68665.png
0.5540345,4.4718046,seed68666.png
8.06417,11.243468,seed68667.png
12.003883,-21.904057,seed68668.png
-32.547325,-3.8264003,seed68669.png
-9.755229,-13.522036,seed6867.png
27.35236,1.5237144,seed68670.png
-22.054274,6.851199,seed68671.png
-15.291952,-5.2413573,seed68672.png
11.32451,-25.388987,seed68673.png
10.993867,2.971406,seed68674.png
10.915131,0.26423416,seed68675.png
-22.541243,-0.347126,seed68676.png
16.404058,-34.586834,seed68677.png
4.2199235,23.102713,seed68678.png
17.022888,12.63027,seed68679.png
16.83897,7.052784,seed6868.png
-3.0415084,-17.01657,seed68680.png
-25.939236,16.147295,seed68681.png
-14.948161,-31.717813,seed68682.png
-11.787289,-18.919716,seed68683.png
18.267172,-2.9879456,seed68684.png
34.94543,26.7618,seed68685.png
21.30025,12.908982,seed68686.png
28.071012,-1.0765326,seed68687.png
-19.528772,-19.054903,seed68688.png
-18.862204,14.54652,seed68689.png
-7.7445807,3.6514602,seed6869.png
-31.725552,-2.9450505,seed68690.png
39.375305,13.169643,seed68691.png
-20.001173,1.3013003,seed68692.png
36.70496,11.05683,seed68693.png
22.126095,9.615407,seed68694.png
32.882843,15.396318,seed68695.png
-32.69361,12.47385,seed68696.png
-25.555063,7.3430967,seed68697.png
-29.037428,5.1443677,seed68698.png
-29.45052,-9.698692,seed68699.png
-14.275264,-21.08097,seed6870.png
14.300026,15.060659,seed68700.png
-21.383825,19.538094,seed68701.png
5.689183,-34.293064,seed68702.png
20.755602,6.555071,seed68703.png
-33.45402,22.358868,seed68704.png
8.686522,-41.909546,seed68705.png
-1.9774442,4.316569,seed68706.png
-9.840483,-16.055416,seed68707.png
31.158049,3.307132,seed68708.png
-18.73212,-12.918117,seed68709.png
5.2445345,7.9234576,seed6871.png
-12.953789,1.637654,seed68710.png
14.96903,-30.78187,seed68711.png
0.43789154,21.414898,seed68712.png
3.6376247,2.4812896,seed68713.png
10.358521,-38.625984,seed68714.png
16.488213,1.7878636,seed68715.png
-16.874102,7.011183,seed68716.png
6.2007337,-9.809189,seed68717.png
12.089057,7.6265535,seed68718.png
-32.139965,23.30771,seed68719.png
9.56335,26.275415,seed6872.png
7.8992176,17.823162,seed68720.png
-24.416378,-26.215006,seed68721.png
10.613642,-0.52705365,seed68722.png
-14.496311,-15.600031,seed68723.png
15.922412,-35.794453,seed68724.png
-22.49539,-14.403639,seed68725.png
39.152534,14.629957,seed68726.png
9.124566,-34.268543,seed68727.png
16.126797,-5.165002,seed68728.png
32.00088,22.459398,seed68729.png
-34.48526,-5.9947495,seed6873.png
27.714357,5.932783,seed68730.png
-25.320953,-15.496807,seed68731.png
30.85157,29.374588,seed68732.png
19.002823,3.4635396,seed68733.png
8.561704,9.999812,seed68734.png
1.1699934,23.338217,seed68735.png
5.8572655,22.067465,seed68736.png
16.242552,-6.8180413,seed68737.png
-14.637879,-8.546461,seed68738.png
-9.699681,-27.210236,seed68739.png
18.128807,-1.1004586,seed6874.png
-6.4899073,3.981762,seed68740.png
-27.09895,-5.1179423,seed68741.png
34.943012,7.9102764,seed68742.png
26.77766,8.774954,seed68743.png
1.1922119,-26.535894,seed68744.png
20.346169,-0.7011615,seed68745.png
4.8700447,-1.4371562,seed68746.png
28.079062,16.735043,seed68747.png
-4.0874906,-15.003409,seed68748.png
-13.247864,-12.215824,seed68749.png
29.156134,5.1017265,seed6875.png
-21.43605,20.079802,seed68750.png
36.687405,15.573096,seed68751.png
-17.9961,1.9502473,seed68752.png
-27.314198,10.211209,seed68753.png
36.009605,19.077393,seed68754.png
20.672606,11.18794,seed68755.png
-23.27685,3.1163373,seed68756.png
15.968524,14.478741,seed68757.png
-16.230799,-23.47352,seed68758.png
-24.203047,-10.050517,seed68759.png
35.799458,19.661507,seed6876.png
40.52107,24.511583,seed68760.png
-4.0105844,-22.936993,seed68761.png
-13.987513,-19.896727,seed68762.png
33.840336,9.515169,seed68763.png
32.411617,13.277166,seed68764.png
16.107986,25.451553,seed68765.png
7.2448997,-40.673656,seed68766.png
-19.760323,5.2434325,seed68767.png
-18.990396,2.9128008,seed68768.png
-32.5007,25.065742,seed68769.png
13.581024,1.7558883,seed6877.png
-16.27553,-13.87473,seed68770.png
0.6038099,24.901876,seed68771.png
-9.979983,-22.563803,seed68772.png
-26.78927,-16.770117,seed68773.png
-3.3072076,-18.021511,seed68774.png
-12.674655,-19.65853,seed68775.png
-34.164265,-7.617716,seed68776.png
19.87012,5.3159194,seed68777.png
38.750946,14.1466875,seed68778.png
-21.778624,15.722239,seed68779.png
-6.924765,-26.549635,seed6878.png
-23.724457,19.976269,seed68780.png
20.262196,8.33606,seed68781.png
18.841063,-3.9269853,seed68782.png
38.953247,17.615248,seed68783.png
-29.237442,2.1780868,seed68784.png
13.121218,-38.465225,seed68785.png
8.8366375,1.1785548,seed68786.png
14.200873,-40.353622,seed68787.png
11.534397,-37.05605,seed68788.png
-0.5006828,2.3457046,seed68789.png
-13.734927,5.133195,seed6879.png
22.866905,12.378225,seed68790.png
8.993271,20.406425,seed68791.png
2.9965746,17.023588,seed68792.png
-17.26104,4.00109,seed68793.png
32.656834,30.27519,seed68794.png
15.085922,-5.5470924,seed68795.png
24.896643,10.084407,seed68796.png
-22.65612,12.627073,seed68797.png
18.045603,-2.4056654,seed68798.png
36.670654,5.1509333,seed68799.png
-29.651253,-6.6582704,seed6880.png
-19.776869,0.050449334,seed68800.png
6.075772,-27.482449,seed68801.png
-37.985867,15.717959,seed68802.png
22.486258,13.695175,seed68803.png
-3.6431432,-3.6564214,seed68804.png
35.583138,17.174656,seed68805.png
-0.38256797,-12.016602,seed68806.png
-20.603193,-13.222327,seed68807.png
-21.240906,2.433256,seed68808.png
1.2448915,21.979723,seed68809.png
-11.421207,-4.7444243,seed6881.png
28.34219,3.7879703,seed68810.png
-0.22441559,-11.532225,seed68811.png
16.17453,-36.05118,seed68812.png
10.279161,25.701607,seed68813.png
34.23107,8.200531,seed68814.png
11.519562,-39.04366,seed68815.png
-14.912499,-20.739378,seed68816.png
-6.7947507,-8.7374,seed68817.png
13.558922,-35.234715,seed68818.png
-21.94994,-21.800842,seed68819.png
-18.826181,-1.9700744,seed6882.png
12.871187,-3.2082007,seed68820.png
-30.088125,18.465172,seed68821.png
10.606778,1.186057,seed68822.png
-14.059147,-20.806034,seed68823.png
-35.60656,9.439329,seed68824.png
-19.583065,-15.779605,seed68825.png
34.517677,5.683399,seed68826.png
-14.254313,-25.388725,seed68827.png
-36.701572,25.603436,seed68828.png
-4.136494,19.644821,seed68829.png
-19.133715,-22.95851,seed6883.png
-23.092009,-17.06846,seed68830.png
35.712803,16.073565,seed68831.png
-33.388,-6.1181517,seed68832.png
-26.450544,-10.473864,seed68833.png
13.963814,28.311308,seed68834.png
21.891737,24.094717,seed68835.png
14.408096,-38.983177,seed68836.png
1.4608586,24.977764,seed68837.png
-31.211372,25.754976,seed68838.png
29.62363,-2.6614664,seed68839.png
34.724014,4.217422,seed6884.png
-30.037931,7.5986905,seed68840.png
22.75344,3.9503481,seed68841.png
6.7886357,-4.18881,seed68842.png
17.738348,21.270992,seed68843.png
-35.801643,1.532403,seed68844.png
-24.957489,-17.474688,seed68845.png
27.554369,9.273975,seed68846.png
23.22106,-3.0351036,seed68847.png
25.946678,16.792404,seed68848.png
1.8889661,-32.71987,seed68849.png
37.533413,10.5647545,seed6885.png
29.902714,26.169294,seed68850.png
34.2603,9.743063,seed68851.png
-0.47017938,23.426765,seed68852.png
-36.777233,23.504257,seed68853.png
5.350351,-1.521233,seed68854.png
9.649981,5.0177507,seed68855.png
-29.783619,-11.834328,seed68856.png
-9.654287,-23.083996,seed68857.png
-33.454838,11.275035,seed68858.png
7.6592174,25.78195,seed68859.png
31.010921,-1.3074325,seed6886.png
16.933056,16.30015,seed68860.png
8.616977,-2.7232878,seed68861.png
26.73297,5.509873,seed68862.png
-9.77548,-24.09437,seed68863.png
-19.712227,-16.273535,seed68864.png
-13.179719,-14.435845,seed68865.png
12.105072,1.6578008,seed68866.png
-13.489146,-7.8784156,seed68867.png
12.401216,3.6900935,seed68868.png
6.946169,19.466232,seed68869.png
-19.388107,-1.1473118,seed6887.png
18.277927,6.3765593,seed68870.png
-38.067863,13.394175,seed68871.png
8.778518,-36.26217,seed68872.png
14.046531,-37.661247,seed68873.png
13.314985,-32.746254,seed68874.png
19.26966,16.623537,seed68875.png
40.76203,14.92538,seed68876.png
-18.456789,-24.926044,seed68877.png
25.577183,9.501901,seed68878.png
4.673009,-0.170915,seed68879.png
-21.054338,0.29487282,seed6888.png
-16.222103,-19.783146,seed68880.png
15.021276,-2.9998264,seed68881.png
16.160131,26.56563,seed68882.png
3.0263646,24.560814,seed68883.png
-23.286648,-19.79014,seed68884.png
-11.616477,-9.616271,seed68885.png
-9.4840975,6.4492607,seed68886.png
15.631986,-31.473433,seed68887.png
-20.791279,-24.683624,seed68888.png
-27.83538,-20.458828,seed68889.png
14.266645,28.23192,seed6889.png
-15.359695,4.339809,seed68890.png
-28.997602,0.19880535,seed68891.png
0.7412876,-6.9958487,seed68892.png
-20.90269,6.4642053,seed68893.png
15.268851,-35.837738,seed68894.png
-27.686207,1.3261334,seed68895.png
-12.894003,-30.73021,seed68896.png
8.638129,2.992855,seed68897.png
10.248201,-28.284595,seed68898.png
32.93406,4.6267023,seed68899.png
9.459552,14.461419,seed6890.png
-17.76748,-9.0463,seed68900.png
-20.252172,-4.986909,seed68901.png
-34.046642,26.141361,seed68902.png
26.421255,10.491683,seed68903.png
12.8081455,15.271793,seed68904.png
-18.14635,-22.376024,seed68905.png
22.547644,6.4945936,seed68906.png
30.73421,20.821302,seed68907.png
10.660427,0.050440747,seed68908.png
15.705726,16.740253,seed68909.png
27.464989,28.257257,seed6891.png
-19.253754,-29.645216,seed68910.png
41.1308,19.067736,seed68911.png
-24.363436,-15.189605,seed68912.png
-30.426897,-6.335971,seed68913.png
-27.918526,13.985121,seed68914.png
-19.397215,-30.975368,seed68915.png
-30.247456,7.8701415,seed68916.png
19.909737,13.714843,seed68917.png
5.92899,-33.835346,seed68918.png
-2.2087774,-10.725128,seed68919.png
-27.738037,11.449861,seed6892.png
10.676947,-3.3471975,seed68920.png
9.080075,29.841953,seed68921.png
-0.52623636,-16.15993,seed68922.png
37.177544,14.970811,seed68923.png
-30.641016,18.283825,seed68924.png
4.0535593,23.405682,seed68925.png
19.592361,13.786332,seed68926.png
13.531178,-34.603325,seed68927.png
9.560065,28.622314,seed68928.png
-30.277485,7.7154875,seed68929.png
36.48608,25.148882,seed6893.png
-5.124134,24.201223,seed68930.png
8.969282,-23.383257,seed68931.png
31.13593,-0.19279474,seed68932.png
-24.753511,-15.766588,seed68933.png
-14.320844,6.283524,seed68934.png
22.53116,14.834936,seed68935.png
31.286736,24.896868,seed68936.png
-10.325787,-16.334831,seed68937.png
19.173113,20.790487,seed68938.png
4.1010847,-7.044772,seed68939.png
-24.01206,7.3594904,seed6894.png
-16.511972,-26.788681,seed68940.png
23.233492,16.184002,seed68941.png
-19.79596,-26.441381,seed68942.png
-31.377298,3.874554,seed68943.png
-25.659641,-2.2047398,seed68944.png
-18.781666,-11.182411,seed68945.png
18.772663,23.211779,seed68946.png
-15.464901,-31.245415,seed68947.png
-6.6856284,-0.8186696,seed68948.png
35.045807,23.758902,seed68949.png
-25.587824,12.165783,seed6895.png
-20.506971,-27.32755,seed68950.png
-0.9872388,24.134148,seed68951.png
-12.202182,-13.368332,seed68952.png
8.854893,-23.899242,seed68953.png
13.343047,8.676494,seed68954.png
6.7460246,16.945337,seed68955.png
-18.336948,-30.595127,seed68956.png
28.19672,21.598045,seed68957.png
-16.91705,2.3043065,seed68958.png
28.014652,18.28526,seed68959.png
28.474342,27.962345,seed6896.png
-2.3949387,18.693516,seed68960.png
3.1670022,-10.968007,seed68961.png
29.028053,25.953001,seed68962.png
-29.806873,-1.2396134,seed68963.png
4.415524,-30.849104,seed68964.png
-0.041815467,-15.0900545,seed68965.png
-30.682837,17.868181,seed68966.png
27.114109,6.206607,seed68967.png
-20.961027,-26.227945,seed68968.png
11.528462,-42.25281,seed68969.png
29.551813,12.9305725,seed6897.png
-31.49764,17.68697,seed68970.png
16.320452,-0.28907195,seed68971.png
20.960932,5.4178686,seed68972.png
8.243088,6.9083147,seed68973.png
-35.317307,26.63282,seed68974.png
36.1243,22.500225,seed68975.png
-24.308607,3.7384126,seed68976.png
10.151383,-43.014633,seed68977.png
-28.062689,-3.6006875,seed68978.png
10.467685,12.28508,seed68979.png
23.170618,20.693586,seed6898.png
-34.869328,14.751295,seed68980.png
1.3332224,0.84429693,seed68981.png
37.175438,9.858273,seed68982.png
-21.613565,19.964571,seed68983.png
12.49103,-37.908047,seed68984.png
20.65191,24.361217,seed68985.png
-29.821003,-14.785897,seed68986.png
2.350924,-15.377869,seed68987.png
-30.292294,6.042733,seed68988.png
29.760872,23.385265,seed68989.png
15.359498,7.49174,seed6899.png
-9.12158,-7.521454,seed68990.png
4.547613,14.96643,seed68991.png
-24.732344,8.824195,seed68992.png
-7.5781226,-4.6079726,seed68993.png
-0.61730003,-18.522066,seed68994.png
9.357652,2.9279573,seed68995.png
33.212288,26.325405,seed68996.png
19.517208,20.368208,seed68997.png
32.181633,17.750504,seed68998.png
35.794636,22.502504,seed68999.png
16.756918,19.13709,seed6900.png
-20.395742,-16.953999,seed69000.png
25.386194,9.937352,seed69001.png
12.82303,0.8817866,seed69002.png
16.909256,8.241497,seed69003.png
2.9529543,-35.58012,seed69004.png
-17.597893,-13.897185,seed69005.png
20.111263,15.672441,seed69006.png
19.882177,16.711014,seed69007.png
-1.6967572,-16.853365,seed69008.png
30.771736,17.194124,seed69009.png
-10.0715475,1.9156553,seed6901.png
-32.836693,20.588915,seed69010.png
-35.58759,-1.7590319,seed69011.png
-23.825586,-1.8195785,seed69012.png
-11.377836,-7.418701,seed69013.png
-33.88716,19.120314,seed69014.png
15.767373,-6.271308,seed69015.png
-15.160653,0.6353536,seed69016.png
-10.361166,-8.881165,seed69017.png
-28.082788,9.1622,seed69018.png
4.2432942,10.156145,seed69019.png
8.720039,-4.448799,seed6902.png
25.132034,-3.1081967,seed69020.png
-12.760566,-20.034145,seed69021.png
-25.845377,18.005606,seed69022.png
-14.938992,-26.493298,seed69023.png
4.5149007,-36.37009,seed69024.png
-29.46818,11.523971,seed69025.png
-11.835864,-12.549065,seed69026.png
-10.173074,-10.948278,seed69027.png
-27.337397,-5.213137,seed69028.png
-4.4930778,-3.3427126,seed69029.png
33.56805,17.471685,seed6903.png
21.377693,0.16098355,seed69030.png
22.360392,-1.2922753,seed69031.png
12.179068,19.136488,seed69032.png
19.818106,4.3963647,seed69033.png
-30.984451,15.291354,seed69034.png
27.663427,-0.41904718,seed69035.png
-4.022667,-14.365545,seed69036.png
35.383636,21.91001,seed69037.png
21.10581,26.43832,seed69038.png
2.945915,-25.924744,seed69039.png
-11.015417,-21.676428,seed6904.png
-22.50484,-18.351292,seed69040.png
-0.74127287,21.876331,seed69041.png
13.617466,26.049196,seed69042.png
-18.845024,-5.389853,seed69043.png
-16.975414,-15.889655,seed69044.png
7.76245,-6.626366,seed69045.png
5.3560634,4.62593,seed69046.png
8.22735,-27.748924,seed69047.png
-24.730906,-0.39207438,seed69048.png
-4.1306787,17.356411,seed69049.png
-10.921822,-23.047224,seed6905.png
5.2650414,-29.676352,seed69050.png
1.4825133,24.329632,seed69051.png
16.45171,14.04724,seed69052.png
20.217543,8.774562,seed69053.png
24.348848,14.684711,seed69054.png
19.904549,22.70128,seed69055.png
-22.087433,17.810505,seed69056.png
21.179163,-7.820913,seed69057.png
-6.3165107,-8.317662,seed69058.png
-25.691763,-6.570826,seed69059.png
-0.64587176,-15.995854,seed6906.png
8.563109,-29.224968,seed69060.png
15.096548,-3.8643763,seed69061.png
7.3481383,-27.350386,seed69062.png
-9.037799,-19.263144,seed69063.png
25.668701,10.658344,seed69064.png
-17.383383,-22.129503,seed69065.png
-24.979963,-6.227743,seed69066.png
-16.776497,4.397312,seed69067.png
11.929393,4.0750337,seed69068.png
-30.077082,-19.63963,seed69069.png
14.954481,25.825573,seed6907.png
18.747015,-7.995054,seed69070.png
16.2611,-33.53922,seed69071.png
-21.357376,16.596958,seed69072.png
19.730633,-1.0866454,seed69073.png
-31.518372,26.338009,seed69074.png
-21.939724,-25.438936,seed69075.png
-31.68498,22.061256,seed69076.png
17.836811,0.16519909,seed69077.png
-16.733448,-14.263678,seed69078.png
4.789497,10.404368,seed69079.png
33.95506,19.015001,seed6908.png
37.433846,27.581263,seed69080.png
10.480345,7.52972,seed69081.png
-12.495742,-21.337856,seed69082.png
-10.970804,-24.922657,seed69083.png
17.338556,2.5933707,seed69084.png
-28.237976,-10.465806,seed69085.png
9.048351,-30.786892,seed69086.png
-17.58097,-31.415253,seed69087.png
17.812962,28.455484,seed69088.png
-27.588211,-13.04436,seed69089.png
12.816616,-2.428529,seed6909.png
15.845326,12.946245,seed69090.png
-12.215635,-16.722824,seed69091.png
-12.37384,-29.022566,seed69092.png
30.749228,4.011673,seed69093.png
-30.652958,8.136434,seed69094.png
15.948303,-33.012806,seed69095.png
14.948992,-37.6062,seed69096.png
9.269658,-28.894188,seed69097.png
-27.175304,-18.081217,seed69098.png
16.88027,-10.052171,seed69099.png
13.96843,-9.188067,seed6910.png
-33.898476,27.046452,seed69100.png
-30.903347,-11.569497,seed69101.png
-36.828785,6.8750887,seed69102.png
29.60622,24.267076,seed69103.png
9.648025,-30.838497,seed69104.png
-7.543128,-5.6368446,seed69105.png
23.08852,-2.097255,seed69106.png
-14.092938,2.8120697,seed69107.png
25.500607,11.629476,seed69108.png
-29.45048,-9.851306,seed69109.png
18.43589,8.3252325,seed6911.png
15.310171,-35.801388,seed69110.png
-17.131037,-6.41614,seed69111.png
32.022354,5.339698,seed69112.png
-19.362946,3.6033614,seed69113.png
3.4452615,6.75764,seed69114.png
-19.611406,-28.66289,seed69115.png
17.142353,6.6127167,seed69116.png
8.346717,-31.510735,seed69117.png
30.253704,2.2362936,seed69118.png
15.78345,16.439232,seed69119.png
21.078676,-3.0666676,seed6912.png
15.08978,-30.006914,seed69120.png
-0.83163095,-12.662397,seed69121.png
27.070948,12.000893,seed69122.png
14.449261,-37.209187,seed69123.png
23.89941,12.558299,seed69124.png
5.5274615,18.380804,seed69125.png
31.399088,6.283317,seed69126.png
12.617214,-34.044792,seed69127.png
28.655268,1.9365677,seed69128.png
-6.2169857,-1.245908,seed69129.png
31.383848,3.1452277,seed6913.png
-22.351398,-13.812592,seed69130.png
-2.9579098,-13.990301,seed69131.png
10.322047,-24.861712,seed69132.png
8.670468,19.568626,seed69133.png
15.642721,4.3462224,seed69134.png
-33.00657,9.580291,seed69135.png
-10.496376,-11.406428,seed69136.png
34.524197,7.787521,seed69137.png
-30.159359,-10.606879,seed69138.png
8.611265,22.814796,seed69139.png
3.3709617,26.003384,seed6914.png
14.16563,-39.20083,seed69140.png
-20.16678,-7.936878,seed69141.png
10.340776,-7.3323984,seed69142.png
32.443886,1.0455067,seed69143.png
13.510449,-32.16063,seed69144.png
-27.759388,-2.4639766,seed69145.png
3.053216,-4.975771,seed69146.png
-18.58449,-15.627888,seed69147.png
18.082438,1.6484154,seed69148.png
7.779548,10.954578,seed69149.png
-30.823696,10.87128,seed6915.png
1.4811202,18.4029,seed69150.png
26.313326,-1.8553312,seed69151.png
-21.891527,-28.834259,seed69152.png
18.550682,-1.6370373,seed69153.png
-5.0013366,-4.332064,seed69154.png
38.427406,21.698605,seed69155.png
-14.635765,-19.192398,seed69156.png
1.8266374,0.600721,seed69157.png
27.366438,15.660716,seed69158.png
1.0758647,21.133339,seed69159.png
17.048195,-34.755768,seed6916.png
-9.448719,-14.200018,seed69160.png
-22.71441,6.089654,seed69161.png
-31.211449,11.178808,seed69162.png
-24.041552,-25.209843,seed69163.png
-23.7075,0.38916036,seed69164.png
-30.79383,17.938644,seed69165.png
28.957533,17.817102,seed69166.png
31.544239,11.855426,seed69167.png
3.7794774,17.207315,seed69168.png
37.317368,11.949544,seed69169.png
-22.465929,-22.95454,seed6917.png
-0.99865764,21.225702,seed69170.png
-22.321842,-23.784515,seed69171.png
-31.28747,19.7964,seed69172.png
20.142775,25.293264,seed69173.png
-36.814415,24.6713,seed69174.png
-1.4959643,20.421883,seed69175.png
29.62628,17.945137,seed69176.png
-24.122473,-7.3079886,seed69177.png
15.7491,13.7993965,seed69178.png
-29.193468,-0.9123337,seed69179.png
-21.354618,-16.677975,seed6918.png
7.300763,2.9277947,seed69180.png
24.73119,12.041831,seed69181.png
17.047834,4.1227217,seed69182.png
6.1702976,5.305254,seed69183.png
-31.53951,6.982506,seed69184.png
3.8818405,20.319551,seed69185.png
-23.740444,-18.580982,seed69186.png
-25.88765,3.219344,seed69187.png
-18.256151,-25.01667,seed69188.png
-16.796047,-26.56045,seed69189.png
35.03049,12.086885,seed6919.png
4.7058682,-34.56304,seed69190.png
5.7694573,-37.013733,seed69191.png
21.407934,6.237441,seed69192.png
11.568202,28.452301,seed69193.png
12.068698,22.102272,seed69194.png
36.369274,21.801685,seed69195.png
-14.521112,-21.490934,seed69196.png
-12.8382435,-7.627476,seed69197.png
20.678768,4.958361,seed69198.png
8.378407,-9.121398,seed69199.png
14.42993,-32.592144,seed6920.png
34.2803,6.6270466,seed69200.png
-33.110725,20.575758,seed69201.png
-26.480267,-6.266227,seed69202.png
-11.569075,-10.033087,seed69203.png
26.113743,7.3042455,seed69204.png
-32.771835,16.966091,seed69205.png
-20.852646,-18.849499,seed69206.png
-21.56115,-0.41038245,seed69207.png
27.239365,11.606142,seed69208.png
-16.590475,-21.476685,seed69209.png
-22.26267,5.2251706,seed6921.png
-8.824528,-26.097952,seed69210.png
28.517387,4.8061,seed69211.png
4.3714,3.5987031,seed69212.png
10.017834,-8.298677,seed69213.png
4.2936087,23.460451,seed69214.png
7.2125196,9.077136,seed69215.png
14.013963,5.138957,seed69216.png
-1.1123618,-14.4735155,seed69217.png
11.5534315,26.016535,seed69218.png
-3.3625317,-11.576462,seed69219.png
-11.239475,-2.022236,seed6922.png
-23.911596,-21.480062,seed69220.png
8.919366,-8.3753805,seed69221.png
17.312307,17.819586,seed69222.png
-12.227412,-17.765005,seed69223.png
-13.899724,-7.58459,seed69224.png
19.621387,22.430382,seed69225.png
-31.53393,2.689553,seed69226.png
25.947887,22.889584,seed69227.png
-23.06582,11.93644,seed69228.png
-22.713705,9.218079,seed69229.png
-27.35645,10.060099,seed6923.png
-23.389828,2.3083768,seed69230.png
32.258133,9.371759,seed69231.png
13.600787,-34.037327,seed69232.png
-13.586282,-19.286934,seed69233.png
12.316702,-41.90303,seed69234.png
11.20102,-36.392513,seed69235.png
13.020877,-41.518826,seed69236.png
-18.585283,-12.54131,seed69237.png
8.669456,-40.88992,seed69238.png
14.203288,-1.6332525,seed69239.png
-34.91205,-1.2499908,seed6924.png
9.854014,9.407673,seed69240.png
2.567239,-1.8275388,seed69241.png
14.359526,-32.760944,seed69242.png
29.180307,7.665563,seed69243.png
-34.367577,-5.382345,seed69244.png
22.993269,7.442133,seed69245.png
-33.505272,23.520327,seed69246.png
16.643179,21.158966,seed69247.png
-23.57317,-20.25955,seed69248.png
19.795393,-6.041965,seed69249.png
10.326102,-34.95574,seed6925.png
8.9592495,17.228762,seed69250.png
-21.502207,16.181234,seed69251.png
31.078442,19.876347,seed69252.png
1.4580151,-26.946857,seed69253.png
-4.2000966,-16.534431,seed69254.png
27.217735,15.497962,seed69255.png
4.822958,5.9883313,seed69256.png
4.117419,9.180445,seed69257.png
-31.25423,-4.7792826,seed69258.png
17.791018,0.78896886,seed69259.png
1.1052388,8.0086155,seed6926.png
-1.9501158,-5.620191,seed69260.png
21.532923,11.003227,seed69261.png
28.322887,9.697181,seed69262.png
-21.061325,-11.671382,seed69263.png
-1.5137284,1.7332135,seed69264.png
-15.767958,-11.566712,seed69265.png
-12.954672,1.3909185,seed69266.png
-17.442085,6.1010356,seed69267.png
-26.982565,-9.442153,seed69268.png
-12.827558,-24.139467,seed69269.png
10.643946,6.631154,seed6927.png
-14.308578,-28.595247,seed69270.png
20.01914,-4.1658173,seed69271.png
-5.2158766,-0.16083673,seed69272.png
-34.24671,-4.877346,seed69273.png
-15.149935,-1.4485174,seed69274.png
32.249176,16.728783,seed69275.png
8.307072,-4.14627,seed69276.png
-11.005587,-14.989333,seed69277.png
-22.689478,-20.934227,seed69278.png
25.583311,22.565527,seed69279.png
13.207862,16.766878,seed6928.png
-7.770222,-26.78997,seed69280.png
42.74036,20.827154,seed69281.png
11.696572,-2.5692368,seed69282.png
-20.182795,10.968386,seed69283.png
-25.79796,-3.2548604,seed69284.png
-25.385523,-3.2066865,seed69285.png
-33.889908,12.285213,seed69286.png
32.68391,17.018715,seed69287.png
-26.1813,0.6122032,seed69288.png
-4.3292704,-4.4482183,seed69289.png
-1.2629657,22.845064,seed6929.png
-12.749528,-19.284485,seed69290.png
24.437647,0.2232322,seed69291.png
-10.427763,-12.085898,seed69292.png
22.781902,25.443588,seed69293.png
20.928215,12.382411,seed69294.png
19.513979,14.847715,seed69295.png
28.143745,2.0767055,seed69296.png
20.992052,24.493315,seed69297.png
-29.583998,7.9772916,seed69298.png
20.645954,-3.7909355,seed69299.png
21.112848,-7.7335906,seed6930.png
-19.738184,13.612554,seed69300.png
-21.388044,5.424259,seed69301.png
-11.701097,-21.859854,seed69302.png
32.651257,17.614244,seed69303.png
28.26135,8.522029,seed69304.png
-26.85084,0.30797535,seed69305.png
-20.990837,3.5073106,seed69306.png
4.361834,-28.750605,seed69307.png
-11.700773,4.390318,seed69308.png
4.712198,-34.061638,seed69309.png
1.4432988,-17.70628,seed6931.png
-27.480257,9.81493,seed69310.png
-34.23444,-9.30825,seed69311.png
23.461477,20.438328,seed69312.png
-15.309832,-16.16403,seed69313.png
38.490505,23.201283,seed69314.png
28.32637,18.972588,seed69315.png
8.741154,23.552834,seed69316.png
-0.9295995,17.78849,seed69317.png
3.2503717,-9.080716,seed69318.png
-10.533228,-1.5540706,seed69319.png
2.7577608,21.471212,seed6932.png
-2.4019487,-15.156529,seed69320.png
-27.187052,-5.9554977,seed69321.png
-21.69132,19.83752,seed69322.png
-29.639723,15.22219,seed69323.png
-28.873138,4.39953,seed69324.png
6.5141196,15.643957,seed69325.png
-24.559877,10.9318,seed69326.png
33.670414,8.062346,seed69327.png
-22.657795,7.165577,seed69328.png
0.8633416,-22.669619,seed69329.png
2.4120903,12.690877,seed6933.png
16.082918,-36.559017,seed69330.png
30.662079,19.284042,seed69331.png
14.138227,-37.64571,seed69332.png
9.747742,-39.75578,seed69333.png
-3.068187,13.091955,seed69334.png
-26.201164,-12.812586,seed69335.png
-12.318523,-11.397824,seed69336.png
-18.62216,-25.664404,seed69337.png
13.548772,11.137887,seed69338.png
-30.135225,22.700958,seed69339.png
-23.858934,8.477258,seed6934.png
1.0423713,23.347137,seed69340.png
-12.096814,-19.424404,seed69341.png
26.66677,14.007017,seed69342.png
-23.336706,14.363558,seed69343.png
11.81596,-14.76288,seed69344.png
28.924976,4.153112,seed69345.png
17.997107,18.355635,seed69346.png
-3.9267566,-14.679851,seed69347.png
-3.2671218,23.582167,seed69348.png
-20.714617,-23.09806,seed69349.png
-31.518042,-12.215774,seed6935.png
1.1059396,20.017471,seed69350.png
-2.3772671,16.272053,seed69351.png
-14.508141,-1.8399647,seed69352.png
-6.3382707,-2.4518192,seed69353.png
26.678183,4.332394,seed69354.png
-34.239838,11.898631,seed69355.png
-11.203594,-23.14707,seed69356.png
-14.347608,-28.953028,seed69357.png
-33.832226,2.1227045,seed69358.png
-28.02991,-13.104519,seed69359.png
11.011225,-27.62289,seed6936.png
13.359138,-2.6168873,seed69360.png
4.7343383,9.376075,seed69361.png
-35.087154,8.707125,seed69362.png
22.582956,22.473455,seed69363.png
-34.10002,-3.9418395,seed69364.png
26.965954,12.519062,seed69365.png
-25.57332,-18.537317,seed69366.png
29.795427,30.09496,seed69367.png
7.636568,11.769192,seed69368.png
10.404029,22.739822,seed69369.png
-15.503531,-1.5124427,seed6937.png
31.617134,11.521023,seed69370.png
-13.99871,-23.884912,seed69371.png
24.453472,10.900357,seed69372.png
-15.388353,-16.589815,seed69373.png
-23.141777,4.4187455,seed69374.png
-25.111246,1.8259931,seed69375.png
-29.044695,16.432161,seed69376.png
-16.369156,-18.508799,seed69377.png
-23.887363,14.256876,seed69378.png
-35.080074,20.033115,seed69379.png
7.1119747,4.5340104,seed6938.png
-30.577091,-2.1610932,seed69380.png
18.142181,13.719064,seed69381.png
18.889627,21.251642,seed69382.png
31.916481,22.159237,seed69383.png
14.1332245,28.322748,seed69384.png
24.924,14.029574,seed69385.png
-10.691436,-9.115504,seed69386.png
2.0620458,-30.42358,seed69387.png
40.930946,22.295559,seed69388.png
-25.74378,11.690437,seed69389.png
9.920145,-5.1416693,seed6939.png
19.538496,-8.946068,seed69390.png
-11.435292,-24.466225,seed69391.png
35.369057,15.635304,seed69392.png
-15.347201,-18.59057,seed69393.png
-30.850845,20.247417,seed69394.png
-19.735542,-22.924227,seed69395.png
-18.250292,9.031156,seed69396.png
30.012672,21.83391,seed69397.png
39.23977,17.241465,seed69398.png
-17.62179,13.432135,seed69399.png
-2.7488263,22.638178,seed6940.png
-19.551424,-1.6219509,seed69400.png
-21.514345,15.674304,seed69401.png
-22.107983,-19.438469,seed69402.png
-33.644684,27.43317,seed69403.png
-21.626648,-28.49212,seed69404.png
-10.602522,8.984369,seed69405.png
14.824061,-12.480081,seed69406.png
28.985065,15.343586,seed69407.png
38.696354,11.859376,seed69408.png
-24.914993,-17.623571,seed69409.png
-21.018,-28.104069,seed6941.png
24.108753,3.051005,seed69410.png
38.986847,16.67282,seed69411.png
-17.023169,-8.353316,seed69412.png
-15.621258,9.444288,seed69413.png
13.128684,14.451686,seed69414.png
14.606304,-38.518196,seed69415.png
-28.91065,-6.5720015,seed69416.png
-21.351612,-19.2635,seed69417.png
-27.319607,12.230774,seed69418.png
-23.031206,-16.010067,seed69419.png
-0.4303953,-16.115984,seed6942.png
-24.25841,-13.080615,seed69420.png
-14.9289,-0.025488524,seed69421.png
39.297775,16.286537,seed69422.png
-18.600742,-10.7447405,seed69423.png
9.2666235,29.163126,seed69424.png
9.952049,-29.13615,seed69425.png
-32.355637,23.209795,seed69426.png
10.680805,-40.876297,seed69427.png
35.8666,1.9507893,seed69428.png
36.36324,6.839056,seed69429.png
-30.4949,0.83566165,seed6943.png
23.493128,24.281658,seed69430.png
31.24572,16.547972,seed69431.png
0.28220296,-14.109864,seed69432.png
-7.689628,5.002991,seed69433.png
-18.411785,-22.875378,seed69434.png
38.477734,24.774498,seed69435.png
6.3162894,-29.617678,seed69436.png
35.993378,26.630016,seed69437.png
25.552874,1.4157677,seed69438.png
8.121478,-4.2925277,seed69439.png
12.68285,-30.137003,seed6944.png
19.583206,21.027771,seed69440.png
4.430725,-34.729176,seed69441.png
-23.318428,10.508547,seed69442.png
-23.933521,-13.666687,seed69443.png
22.197979,21.637424,seed69444.png
3.6354022,17.953243,seed69445.png
-9.284146,-16.229248,seed69446.png
19.129208,-0.19833212,seed69447.png
17.722826,6.402802,seed69448.png
16.92129,17.632805,seed69449.png
-17.888851,-24.326113,seed6945.png
9.295554,1.8382982,seed69450.png
-11.3925495,-28.649225,seed69451.png
35.573296,15.93674,seed69452.png
18.866756,25.858585,seed69453.png
-34.36059,25.627571,seed69454.png
13.797779,-31.901377,seed69455.png
14.726517,-37.933094,seed69456.png
-20.096508,10.938591,seed69457.png
-23.755743,-14.7949,seed69458.png
-17.627792,-18.58853,seed69459.png
35.695934,17.093048,seed6946.png
-35.35608,10.003583,seed69460.png
12.838481,24.134598,seed69461.png
9.585488,-1.8815627,seed69462.png
1.789647,9.4018135,seed69463.png
-32.05303,-16.355276,seed69464.png
-17.446907,0.29863802,seed69465.png
-21.208282,-2.3443053,seed69466.png
5.4648204,-0.599318,seed69467.png
37.032654,19.767752,seed69468.png
13.672585,-4.9931617,seed69469.png
-18.33257,-15.248692,seed6947.png
9.693334,11.203189,seed69470.png
-4.397743,-2.9850922,seed69471.png
-21.790304,11.718001,seed69472.png
38.620964,17.170849,seed69473.png
-25.62372,1.2869942,seed69474.png
32.947636,25.190506,seed69475.png
-21.396622,-7.9223127,seed69476.png
-32.42122,7.7062016,seed69477.png
13.10227,4.499911,seed69478.png
15.007076,-8.933595,seed69479.png
-1.0907364,-24.17363,seed6948.png
14.322644,1.747422,seed69480.png
-21.719418,18.144026,seed69481.png
-13.028637,-30.030634,seed69482.png
-28.497293,-15.2570915,seed69483.png
27.14386,12.810863,seed69484.png
18.75641,24.00854,seed69485.png
10.259746,-30.826117,seed69486.png
7.2420053,16.667282,seed69487.png
-15.427994,-4.2944746,seed69488.png
5.1337123,-38.406464,seed69489.png
-31.33323,3.8813539,seed6949.png
-13.4686165,-17.788515,seed69490.png
-22.124733,-24.535934,seed69491.png
29.093239,9.477184,seed69492.png
30.853497,14.329557,seed69493.png
13.296117,0.035413347,seed69494.png
-7.4812627,-2.2212107,seed69495.png
-35.76816,-5.277343,seed69496.png
-22.155027,-3.9160347,seed69497.png
15.716451,-5.8937783,seed69498.png
-10.589393,-26.511713,seed69499.png
13.443035,9.682893,seed6950.png
-28.672462,16.77312,seed69500.png
23.678476,8.863995,seed69501.png
15.843386,10.769157,seed69502.png
24.28568,11.368244,seed69503.png
9.319792,-24.013832,seed69504.png
-25.494724,-25.23019,seed69505.png
-20.614819,-23.142422,seed69506.png
-22.707163,8.270429,seed69507.png
31.616203,9.150356,seed69508.png
-35.381138,26.41007,seed69509.png
9.720091,-1.5565048,seed6951.png
-22.871216,-5.5607104,seed69510.png
-34.42684,24.793993,seed69511.png
-35.84399,11.101641,seed69512.png
28.99824,18.352688,seed69513.png
-15.734366,-24.6349,seed69514.png
8.923173,-8.507922,seed69515.png
-24.037138,1.9626977,seed69516.png
-34.9414,-6.868731,seed69517.png
-23.300493,12.919032,seed69518.png
22.439993,-6.978249,seed69519.png
-2.0711367,-17.373537,seed6952.png
11.272506,-30.710497,seed69520.png
-23.428715,-8.984538,seed69521.png
-37.353355,16.04798,seed69522.png
-3.6712518,-13.104117,seed69523.png
-19.316141,-27.617924,seed69524.png
18.139444,-4.518378,seed69525.png
14.533031,-5.4586983,seed69526.png
-0.7625206,-11.462716,seed69527.png
-21.395485,-20.71841,seed69528.png
17.541218,7.5461626,seed69529.png
-0.709321,20.196037,seed6953.png
21.38677,2.5494373,seed69530.png
-19.12928,-27.345032,seed69531.png
19.28151,20.38603,seed69532.png
-18.622402,-9.382536,seed69533.png
20.522133,27.083445,seed69534.png
3.8279734,18.433233,seed69535.png
-14.718614,-27.90956,seed69536.png
-32.06355,-1.8026618,seed69537.png
-15.76949,8.816077,seed69538.png
-11.176148,-5.1955366,seed69539.png
-34.48462,17.812649,seed6954.png
2.194571,-0.3715124,seed69540.png
29.615194,28.305073,seed69541.png
7.5311804,13.536656,seed69542.png
21.224525,9.447852,seed69543.png
-16.618647,-22.580374,seed69544.png
-0.5768062,24.394592,seed69545.png
18.793764,20.242405,seed69546.png
-15.966908,4.8973236,seed69547.png
39.88956,22.681787,seed69548.png
16.591846,-0.7693251,seed69549.png
-20.022491,-4.1149673,seed6955.png
4.5559874,23.406004,seed69550.png
-26.186121,-4.877702,seed69551.png
3.7608933,21.749752,seed69552.png
10.279951,-7.7303843,seed69553.png
36.08571,11.13686,seed69554.png
25.26095,18.84399,seed69555.png
-10.072591,-16.595379,seed69556.png
-23.834677,8.500522,seed69557.png
16.02384,-39.973972,seed69558.png
-0.6081139,-10.049388,seed69559.png
-28.787327,-4.797643,seed6956.png
38.270695,24.485567,seed69560.png
9.921855,-0.5374244,seed69561.png
-21.574984,-29.634481,seed69562.png
-21.317787,-7.428967,seed69563.png
-20.746155,16.859453,seed69564.png
-12.289886,-27.548262,seed69565.png
19.903284,17.256172,seed69566.png
-5.507792,-19.35137,seed69567.png
-10.817045,-20.726152,seed69568.png
16.04014,-34.265347,seed69569.png
17.999897,15.322146,seed6957.png
31.582376,5.785043,seed69570.png
-28.043581,21.68666,seed69571.png
5.565665,12.604794,seed69572.png
38.763504,23.794025,seed69573.png
6.3157344,-35.394737,seed69574.png
-19.511948,-27.369377,seed69575.png
10.741195,-6.807897,seed69576.png
-12.404192,-16.321558,seed69577.png
9.249703,29.730194,seed69578.png
3.124176,-6.8732967,seed69579.png
3.9459105,-6.4919596,seed6958.png
-15.707063,-7.440016,seed69580.png
37.048805,6.132941,seed69581.png
-9.030761,-27.612097,seed69582.png
-23.886057,-15.147433,seed69583.png
35.98348,23.336765,seed69584.png
-27.33168,10.205361,seed69585.png
-31.134075,-4.163026,seed69586.png
9.101047,-0.17691536,seed69587.png
4.964576,-28.446491,seed69588.png
-34.066837,-9.517707,seed69589.png
-20.414389,-17.553047,seed6959.png
-21.657568,19.061445,seed69590.png
-17.850245,-25.338123,seed69591.png
6.443534,-28.157,seed69592.png
18.443485,-1.9311272,seed69593.png
30.135263,19.01051,seed69594.png
11.964971,-22.205532,seed69595.png
-8.418788,9.199161,seed69596.png
-30.697886,16.934391,seed69597.png
-27.702265,15.27404,seed69598.png
15.997189,4.5291243,seed69599.png
25.732536,8.890196,seed6960.png
12.798419,-31.4892,seed69600.png
-22.273598,-20.944921,seed69601.png
29.743727,19.184143,seed69602.png
-17.96889,8.0196705,seed69603.png
-29.04881,1.0832012,seed69604.png
8.809176,-27.464127,seed69605.png
21.322235,-4.6870627,seed69606.png
-19.05865,-15.145564,seed69607.png
22.846565,22.158003,seed69608.png
-15.758671,15.072068,seed69609.png
-8.987408,-6.16196,seed6961.png
17.06332,-35.77512,seed69610.png
28.045364,25.74352,seed69611.png
-10.761896,-17.960789,seed69612.png
25.019197,5.0340796,seed69613.png
4.117739,8.51103,seed69614.png
-23.14864,5.0406165,seed69615.png
19.41694,7.643043,seed69616.png
-33.523846,12.927398,seed69617.png
-18.234833,-7.963272,seed69618.png
24.950289,6.6649237,seed69619.png
14.961233,-4.8969197,seed6962.png
27.11545,15.451371,seed69620.png
35.662365,20.287992,seed69621.png
11.8292265,-24.726337,seed69622.png
16.228634,22.308811,seed69623.png
18.599781,7.3043885,seed69624.png
0.46531442,-11.0871315,seed69625.png
9.893252,-42.632896,seed69626.png
6.5301056,-3.2798417,seed69627.png
-10.128644,-25.445156,seed69628.png
11.338644,-31.197346,seed69629.png
-5.276996,13.166615,seed6963.png
25.531202,11.5653305,seed69630.png
-30.495632,14.814042,seed69631.png
11.57511,-42.61249,seed69632.png
3.2683132,-25.634527,seed69633.png
-11.612886,-14.704547,seed69634.png
11.768555,21.311523,seed69635.png
-2.6474748,-5.747938,seed69636.png
-15.376521,-10.607974,seed69637.png
9.48287,21.676426,seed69638.png
12.656685,-3.768014,seed69639.png
-31.345127,17.708925,seed6964.png
24.163904,12.512232,seed69640.png
-19.75612,-11.162663,seed69641.png
33.914967,13.965404,seed69642.png
-21.803858,17.541582,seed69643.png
37.254826,15.611748,seed69644.png
-19.186941,7.0567074,seed69645.png
-28.17308,3.7163815,seed69646.png
15.412696,20.704203,seed69647.png
-33.34167,23.586964,seed69648.png
8.856085,13.620975,seed69649.png
4.9739485,11.984059,seed6965.png
-28.537094,13.817434,seed69650.png
9.329651,-28.31673,seed69651.png
-13.9522085,-12.120688,seed69652.png
-25.802036,10.523666,seed69653.png
22.69761,0.62302065,seed69654.png
-31.740202,-5.5189714,seed69655.png
-20.247923,-13.357732,seed69656.png
31.550255,22.127457,seed69657.png
-28.499363,20.597605,seed69658.png
35.071457,16.148903,seed69659.png
15.799949,7.837587,seed6966.png
-20.28621,-13.944209,seed69660.png
20.057955,17.241306,seed69661.png
9.201358,11.7678795,seed69662.png
-30.128992,-8.950486,seed69663.png
33.949512,14.441542,seed69664.png
30.625309,-1.4956925,seed69665.png
20.750301,-7.482926,seed69666.png
-12.43536,-25.540634,seed69667.png
-31.828468,-14.734817,seed69668.png
-16.414667,3.3631632,seed69669.png
13.582133,-33.50563,seed6967.png
-12.665569,4.063379,seed69670.png
-15.529295,-28.702606,seed69671.png
14.670598,11.830545,seed69672.png
2.25661,-26.883547,seed69673.png
-36.51794,23.488358,seed69674.png
30.18376,11.4451065,seed69675.png
9.637328,5.612946,seed69676.png
-17.62111,-4.80753,seed69677.png
-20.000992,-2.6184542,seed69678.png
-14.228242,-15.824045,seed69679.png
22.33307,17.664347,seed6968.png
9.528129,-1.1845839,seed69680.png
-15.31876,-9.21244,seed69681.png
31.973417,16.262112,seed69682.png
20.372986,-7.3979173,seed69683.png
-21.251844,-22.297651,seed69684.png
12.631313,6.2843914,seed69685.png
-0.07923229,23.392483,seed69686.png
13.473125,-39.703587,seed69687.png
-10.192206,-22.300762,seed69688.png
30.812662,7.1690917,seed69689.png
32.11118,15.003065,seed6969.png
-28.610075,3.2640405,seed69690.png
14.345988,26.455124,seed69691.png
26.675962,16.00291,seed69692.png
8.020069,-29.256157,seed69693.png
-11.681097,3.5103958,seed69694.png
25.532654,14.074395,seed69695.png
39.118076,19.607437,seed69696.png
-13.773192,-22.22619,seed69697.png
15.014379,1.0969617,seed69698.png
-33.98016,17.19962,seed69699.png
18.8224,19.826267,seed6970.png
-9.941042,-6.801523,seed69700.png
-18.892488,4.998139,seed69701.png
-16.315386,-18.793528,seed69702.png
-14.67794,-27.26266,seed69703.png
-4.8149195,0.89127433,seed69704.png
-9.996287,-16.99604,seed69705.png
7.7319036,2.5738904,seed69706.png
-15.998888,0.6963459,seed69707.png
20.99012,24.039103,seed69708.png
12.722971,-3.5603323,seed69709.png
4.893139,24.826712,seed6971.png
-23.496468,19.533354,seed69710.png
-15.030613,8.976274,seed69711.png
-12.528268,-23.38338,seed69712.png
-35.252426,26.269068,seed69713.png
-26.011265,12.798888,seed69714.png
-1.1641884,17.6756,seed69715.png
-16.324635,0.3523397,seed69716.png
4.020826,-33.696682,seed69717.png
-12.369034,-24.287973,seed69718.png
-34.082417,26.536385,seed69719.png
-8.988788,-27.257605,seed6972.png
28.569489,22.883265,seed69720.png
37.868904,8.143114,seed69721.png
0.4912421,-30.913956,seed69722.png
27.91308,5.3009706,seed69723.png
-13.2245865,-21.87675,seed69724.png
-27.523626,18.413277,seed69725.png
-14.195335,-3.8741114,seed69726.png
-18.013384,-0.05769364,seed69727.png
23.291037,6.5419526,seed69728.png
-0.9913637,2.6640682,seed69729.png
-32.13539,-14.936266,seed6973.png
-21.15885,2.6069224,seed69730.png
-15.660747,1.4584032,seed69731.png
31.098156,25.185387,seed69732.png
5.6812096,-37.446823,seed69733.png
-19.915909,-15.267406,seed69734.png
10.277636,1.9627482,seed69735.png
19.50844,-7.5450654,seed69736.png
-21.132286,-13.795169,seed69737.png
-25.558163,8.069254,seed69738.png
-10.748724,-28.466349,seed69739.png
-11.558132,-10.427421,seed6974.png
-24.817167,-16.328999,seed69740.png
-3.9610624,11.432459,seed69741.png
-29.982399,17.758747,seed69742.png
-25.608744,-7.554149,seed69743.png
13.096273,4.2658,seed69744.png
35.963024,21.333094,seed69745.png
-5.7223196,-22.09994,seed69746.png
16.525686,4.2978206,seed69747.png
-17.398996,-17.202715,seed69748.png
24.049946,5.2138367,seed69749.png
-13.431686,-18.800508,seed6975.png
1.8325104,13.44331,seed69750.png
-21.717587,9.024982,seed69751.png
-29.215178,11.164899,seed69752.png
-18.292936,6.2424784,seed69753.png
-19.756737,-30.10506,seed69754.png
-33.728844,13.95378,seed69755.png
-36.177273,25.994831,seed69756.png
-32.801373,18.85939,seed69757.png
7.3475404,-40.8863,seed69758.png
-10.977159,-27.180092,seed69759.png
-4.287974,-16.905298,seed6976.png
-10.193691,-27.135595,seed69760.png
-16.879408,-7.2216396,seed69761.png
-1.7203915,-16.72247,seed69762.png
-19.500143,-12.0748415,seed69763.png
33.633904,13.944477,seed69764.png
-20.445446,6.6054926,seed69765.png
-29.148684,23.45861,seed69766.png
-33.001804,23.741055,seed69767.png
-25.561802,-23.490973,seed69768.png
15.655921,6.8494177,seed69769.png
35.64743,12.66463,seed6977.png
32.402515,2.1181548,seed69770.png
-10.958619,-29.874378,seed69771.png
-18.543125,-7.9735312,seed69772.png
-31.975426,-9.761093,seed69773.png
31.98219,2.9924812,seed69774.png
-31.295578,-0.1389401,seed69775.png
29.052788,14.319986,seed69776.png
3.7327943,-27.725777,seed69777.png
-1.3595637,-17.81129,seed69778.png
-25.300795,-11.513613,seed69779.png
28.590063,24.892424,seed6978.png
-30.000853,5.9685817,seed69780.png
8.93552,-38.884262,seed69781.png
7.6259346,-42.50354,seed69782.png
24.19402,17.88607,seed69783.png
10.982071,7.5108094,seed69784.png
-21.550829,19.66889,seed69785.png
-17.81593,-28.137512,seed69786.png
8.971881,5.448223,seed69787.png
6.2125525,-40.388508,seed69788.png
-29.898586,11.525674,seed69789.png
11.41559,3.5885415,seed6979.png
32.801823,5.989374,seed69790.png
-34.129566,-4.919372,seed69791.png
11.877396,6.206079,seed69792.png
-24.54124,4.2607317,seed69793.png
14.863495,6.6428857,seed69794.png
2.0922825,16.778032,seed69795.png
-32.972946,2.5453942,seed69796.png
14.596383,24.836973,seed69797.png
-35.837513,6.8982077,seed69798.png
32.542126,12.148293,seed69799.png
29.955154,19.781523,seed6980.png
6.680384,-37.228622,seed69800.png
-26.638538,-20.29766,seed69801.png
-16.221966,6.7984014,seed69802.png
-12.111561,-20.256498,seed69803.png
-28.20391,2.093477,seed69804.png
-30.373615,-19.04661,seed69805.png
-13.130647,-9.914685,seed69806.png
3.6633852,-29.664814,seed69807.png
1.9418252,0.8732446,seed69808.png
1.6966249,3.9978998,seed69809.png
33.37538,14.439776,seed6981.png
12.960383,23.812168,seed69810.png
-23.693544,-17.242735,seed69811.png
-25.70032,-19.478857,seed69812.png
19.697813,10.197832,seed69813.png
-33.864094,4.7245436,seed69814.png
34.390553,1.4376245,seed69815.png
21.215483,23.943209,seed69816.png
-32.463825,7.6706424,seed69817.png
-28.813957,19.131985,seed69818.png
33.79257,17.342161,seed69819.png
-2.8219454,-14.683015,seed6982.png
-17.564861,-3.4256,seed69820.png
32.187473,15.45419,seed69821.png
-36.051346,9.632158,seed69822.png
-23.50738,-16.83441,seed69823.png
-7.315704,11.742084,seed69824.png
5.5266585,-32.5967,seed69825.png
25.79641,-6.5453687,seed69826.png
-31.00794,-0.32017034,seed69827.png
3.4112236,-29.496891,seed69828.png
5.149685,18.427116,seed69829.png
-24.665882,10.604777,seed6983.png
-17.25896,-7.8080897,seed69830.png
10.511105,-24.434816,seed69831.png
1.2642449,22.469969,seed69832.png
21.582468,1.6661357,seed69833.png
7.281099,-23.3483,seed69834.png
7.1984973,8.825435,seed69835.png
-10.303211,-29.060017,seed69836.png
15.6830435,-1.6138684,seed69837.png
24.50654,0.5092228,seed69838.png
13.925655,26.997427,seed69839.png
34.01101,6.5378623,seed6984.png
-21.060776,17.270914,seed69840.png
-32.1856,3.261619,seed69841.png
17.117247,0.18158674,seed69842.png
-5.9532633,-7.5423026,seed69843.png
1.0827212,-6.0609417,seed69844.png
34.569416,10.117243,seed69845.png
22.668106,9.846475,seed69846.png
-8.554482,-13.421011,seed69847.png
-28.600483,-5.745991,seed69848.png
29.48066,5.949758,seed69849.png
29.990671,28.564365,seed6985.png
-20.357689,15.816311,seed69850.png
-14.788089,-26.733994,seed69851.png
2.2410421,-7.791831,seed69852.png
7.081065,-29.295395,seed69853.png
28.428152,20.856453,seed69854.png
-25.578548,-21.343012,seed69855.png
-11.08961,3.1995602,seed69856.png
32.898994,25.667345,seed69857.png
6.7663565,-35.669086,seed69858.png
6.216965,21.11656,seed69859.png
-31.975464,17.859467,seed6986.png
29.34971,8.417844,seed69860.png
34.657265,6.623027,seed69861.png
-27.738028,-5.5964108,seed69862.png
-30.801172,-6.2774353,seed69863.png
-37.540344,10.081072,seed69864.png
-15.067024,-19.229702,seed69865.png
-21.561676,7.193593,seed69866.png
-22.52267,-4.926138,seed69867.png
-18.38863,-19.966093,seed69868.png
-14.095054,-22.464558,seed69869.png
17.385561,-2.4733148,seed6987.png
12.128805,26.966972,seed69870.png
35.798065,18.990911,seed69871.png
22.696709,13.937166,seed69872.png
-21.295135,5.6590395,seed69873.png
16.723349,-35.926136,seed69874.png
-28.685741,13.351542,seed69875.png
-14.57255,-10.531978,seed69876.png
-14.118367,1.5081841,seed69877.png
-30.049637,19.798529,seed69878.png
32.166386,3.414725,seed69879.png
-6.5886755,-17.182308,seed6988.png
23.056025,15.590929,seed69880.png
30.15524,3.676159,seed69881.png
-25.66769,-9.676637,seed69882.png
-2.7905724,-3.3393114,seed69883.png
-22.750677,-8.161005,seed69884.png
11.741217,-27.607306,seed69885.png
6.940974,-24.808525,seed69886.png
17.712559,0.27469036,seed69887.png
5.3185973,-22.211037,seed69888.png
18.365995,3.202663,seed69889.png
2.4838514,-14.223423,seed6989.png
-16.773886,-25.503119,seed69890.png
-19.148655,10.4356985,seed69891.png
9.145521,-35.007195,seed69892.png
20.024042,9.018424,seed69893.png
6.2159524,12.488992,seed69894.png
29.013178,2.1506007,seed69895.png
18.901373,-2.5313184,seed69896.png
-18.857687,-22.567236,seed69897.png
33.65439,11.313946,seed69898.png
-13.397353,-28.752363,seed69899.png
35.746334,9.617923,seed6990.png
-25.44507,-17.730421,seed69900.png
-18.374775,-2.1498978,seed69901.png
-0.96350294,-14.534648,seed69902.png
-4.1806803,-12.087295,seed69903.png
15.083848,5.541422,seed69904.png
12.0364065,28.11986,seed69905.png
18.58144,13.2809515,seed69906.png
-34.85395,14.4114685,seed69907.png
11.408768,-12.139501,seed69908.png
15.428876,-4.1698875,seed69909.png
35.09969,9.097806,seed6991.png
0.14600942,24.299858,seed69910.png
-12.35555,1.7242066,seed69911.png
9.029023,-6.0356455,seed69912.png
26.411337,8.716987,seed69913.png
18.815002,15.363144,seed69914.png
-22.940006,-23.85167,seed69915.png
-30.779018,23.886354,seed69916.png
8.001058,-3.8048124,seed69917.png
-19.122965,11.001634,seed69918.png
0.9579355,11.875212,seed69919.png
34.789543,10.48071,seed6992.png
30.494543,28.480593,seed69920.png
-19.281614,3.663107,seed69921.png
1.04119,-16.004904,seed69922.png
-17.802774,-14.817587,seed69923.png
-10.38482,-14.609777,seed69924.png
9.453798,16.407063,seed69925.png
-12.547771,9.573011,seed69926.png
14.173762,21.079689,seed69927.png
31.823408,19.145334,seed69928.png
4.934013,15.944727,seed69929.png
-14.546592,-15.3768015,seed6993.png
28.44013,17.284061,seed69930.png
23.933521,25.419237,seed69931.png
8.491552,6.576468,seed69932.png
37.440723,18.208546,seed69933.png
-31.963373,18.949831,seed69934.png
25.997675,6.434113,seed69935.png
-15.706298,12.32874,seed69936.png
24.760012,6.4984493,seed69937.png
-33.99186,11.940709,seed69938.png
4.986256,14.517591,seed69939.png
21.728794,26.108158,seed6994.png
-8.558642,-17.394287,seed69940.png
-19.669054,-23.963936,seed69941.png
-28.365908,-15.506991,seed69942.png
-3.8421519,-11.854838,seed69943.png
31.352352,2.4310086,seed69944.png
-14.724335,-22.29426,seed69945.png
-0.6040576,-16.722675,seed69946.png
8.802136,-41.147655,seed69947.png
15.09148,-34.40229,seed69948.png
-26.320974,11.928047,seed69949.png
-17.696442,14.480058,seed6995.png
1.1399901,4.585434,seed69950.png
17.99591,12.195951,seed69951.png
-14.910576,-11.133944,seed69952.png
8.489845,20.112665,seed69953.png
8.022697,8.066226,seed69954.png
20.401506,23.482925,seed69955.png
-29.161425,14.805372,seed69956.png
15.220221,-2.644064,seed69957.png
-35.23644,5.398398,seed69958.png
-14.645503,-14.343077,seed69959.png
-16.07594,11.300232,seed6996.png
16.037067,12.30843,seed69960.png
-30.837648,-3.641849,seed69961.png
15.094155,-5.61825,seed69962.png
-14.364996,-21.320154,seed69963.png
16.644766,-32.90746,seed69964.png
-25.349606,-6.319702,seed69965.png
29.724281,19.467258,seed69966.png
-27.85358,14.965565,seed69967.png
-31.886478,11.210865,seed69968.png
-2.4824042,22.880697,seed69969.png
3.590381,17.29929,seed6997.png
-11.2726965,3.8519075,seed69970.png
11.669649,-42.890247,seed69971.png
-10.523737,-22.812756,seed69972.png
-13.274274,-26.713818,seed69973.png
11.751262,-34.99336,seed69974.png
-30.254816,10.849828,seed69975.png
-29.079113,-11.970225,seed69976.png
-16.997395,-18.699152,seed69977.png
14.237299,-37.72899,seed69978.png
-34.89223,14.52433,seed69979.png
12.580211,-23.07942,seed6998.png
15.655684,3.5551634,seed69980.png
13.027999,16.439003,seed69981.png
38.237667,15.7184515,seed69982.png
-25.151224,-3.8341067,seed69983.png
-13.829989,-10.802653,seed69984.png
19.767672,23.557295,seed69985.png
13.024939,17.949078,seed69986.png
-21.173174,0.5453232,seed69987.png
16.461664,2.0249732,seed69988.png
-24.148603,5.819891,seed69989.png
15.434133,25.484901,seed6999.png
-4.613646,-19.001253,seed69990.png
37.68824,16.368563,seed69991.png
-13.659919,-7.507461,seed69992.png
3.7130837,7.1418805,seed69993.png
-32.502956,-2.0545905,seed69994.png
14.8760605,-33.827744,seed69995.png
31.115913,7.3363867,seed69996.png
-11.668562,4.6563005,seed69997.png
-25.308697,-8.979448,seed69998.png
-29.48669,-6.050956,seed69999.png
6.152612,-39.549194,seed7000.png
23.063366,19.130188,seed70000.png
-25.9141,10.458547,seed70001.png
-4.9767003,-20.23193,seed70002.png
-34.426678,-1.7677855,seed70003.png
-34.5576,10.232961,seed70004.png
10.536316,-29.450106,seed70005.png
-19.179605,-11.104591,seed70006.png
19.811918,-2.641945,seed70007.png
31.974726,11.92403,seed70008.png
6.965979,-31.644947,seed70009.png
-12.872108,-26.40409,seed7001.png
19.549234,23.038107,seed70010.png
-3.5051136,-12.643698,seed70011.png
3.210222,7.8246055,seed70012.png
20.8367,-2.8700833,seed70013.png
-6.855089,4.8330154,seed70014.png
31.58016,22.597609,seed70015.png
-0.064783014,-29.851051,seed70016.png
35.25378,2.6675048,seed70017.png
-17.126778,-6.0607166,seed70018.png
-32.35759,18.579086,seed70019.png
15.4426155,19.800022,seed7002.png
-4.4118485,-5.1083455,seed70020.png
-4.63597,-16.580904,seed70021.png
-0.74102896,-14.711207,seed70022.png
-6.8444514,10.718499,seed70023.png
-35.78424,27.202675,seed70024.png
-38.31558,9.241151,seed70025.png
-2.3852036,-10.642887,seed70026.png
32.69043,11.125816,seed70027.png
-15.312046,-31.017757,seed70028.png
-13.655861,-12.265689,seed70029.png
23.274788,23.591095,seed7003.png
23.50237,4.0587196,seed70030.png
-1.0452296,23.426384,seed70031.png
-16.603973,-31.828314,seed70032.png
26.216875,9.850513,seed70033.png
-14.026651,-10.340708,seed70034.png
-20.415216,-25.298037,seed70035.png
-10.183106,-28.711105,seed70036.png
13.051611,1.4472109,seed70037.png
2.9209359,12.065627,seed70038.png
12.040861,-39.47091,seed70039.png
0.91788703,-13.94135,seed7004.png
-17.393534,-17.970055,seed70040.png
-18.982527,8.692868,seed70041.png
18.503798,8.614802,seed70042.png
12.247153,7.1248016,seed70043.png
9.489952,4.1912107,seed70044.png
6.174561,9.080643,seed70045.png
-17.476006,-7.4822555,seed70046.png
-34.88658,-6.0030794,seed70047.png
-33.674015,20.041,seed70048.png
-17.17107,-3.6732962,seed70049.png
3.277861,15.985947,seed7005.png
10.245436,2.8265443,seed70050.png
-20.330338,-14.871336,seed70051.png
39.258392,17.019222,seed70052.png
10.879532,-6.9738812,seed70053.png
-17.639593,-22.9347,seed70054.png
14.272357,22.747168,seed70055.png
8.923088,5.196281,seed70056.png
-16.310303,3.276935,seed70057.png
-17.747108,-11.472548,seed70058.png
-28.726467,-6.7549205,seed70059.png
4.1116533,-4.1703033,seed7006.png
-2.3254538,17.641258,seed70060.png
-30.580967,-12.861067,seed70061.png
-17.435041,-13.933605,seed70062.png
27.561317,14.898051,seed70063.png
-12.844188,-23.863955,seed70064.png
32.216206,24.968569,seed70065.png
4.192684,11.682499,seed70066.png
3.6071968,14.7673435,seed70067.png
-3.674508,13.802029,seed70068.png
-1.3747098,-18.556538,seed70069.png
9.096036,28.563131,seed7007.png
-23.173214,0.51216424,seed70070.png
25.125908,24.831364,seed70071.png
18.731579,22.126015,seed70072.png
-30.062607,21.86823,seed70073.png
-3.6057017,2.1457222,seed70074.png
-3.2221143,-3.3603315,seed70075.png
11.937004,21.588285,seed70076.png
23.93309,1.3728815,seed70077.png
-25.918457,18.192127,seed70078.png
-28.590464,2.1381664,seed70079.png
-16.75506,-21.919867,seed7008.png
-6.5295734,-2.2150202,seed70080.png
11.2099285,-40.59068,seed70081.png
27.660633,6.205384,seed70082.png
-31.801376,24.195093,seed70083.png
-17.889011,-25.568375,seed70084.png
28.51201,4.3762536,seed70085.png
7.155495,17.015728,seed70086.png
-18.367977,-11.508768,seed70087.png
-16.780022,-20.593094,seed70088.png
-31.779991,-4.962223,seed70089.png
-19.92696,11.418252,seed7009.png
13.848449,-40.09067,seed70090.png
-30.084408,2.322967,seed70091.png
14.775865,1.8661741,seed70092.png
20.37607,3.4747036,seed70093.png
-22.759987,1.909058,seed70094.png
6.0689273,-10.277165,seed70095.png
0.4340528,-13.182787,seed70096.png
23.084541,-3.0455244,seed70097.png
8.281739,1.891669,seed70098.png
17.71016,0.4816851,seed70099.png
7.507235,-35.91884,seed7010.png
-18.12508,-19.216446,seed70100.png
7.0693536,-28.549109,seed70101.png
-35.005077,25.348892,seed70102.png
23.225082,18.495052,seed70103.png
-10.952605,4.4419193,seed70104.png
-11.190573,-15.789046,seed70105.png
-14.271048,-9.283765,seed70106.png
-34.582523,-7.72206,seed70107.png
-5.453777,1.5409834,seed70108.png
-1.4095771,24.38702,seed70109.png
-3.5834959,15.825265,seed7011.png
3.0560884,16.630371,seed70110.png
-20.9069,-12.440466,seed70111.png
-23.703772,-21.932535,seed70112.png
7.73623,-34.765644,seed70113.png
38.23369,16.208418,seed70114.png
-16.872425,0.9529171,seed70115.png
30.5581,18.326014,seed70116.png
-29.899012,-2.7868726,seed70117.png
0.91660595,23.70633,seed70118.png
16.005766,26.09486,seed70119.png
-26.51064,1.138446,seed7012.png
-28.640848,-12.848828,seed70120.png
-18.240316,-12.095035,seed70121.png
-19.37829,5.605698,seed70122.png
4.4662957,8.29586,seed70123.png
25.655428,19.151196,seed70124.png
35.992672,4.389815,seed70125.png
14.618397,18.588812,seed70126.png
10.884309,-22.323322,seed70127.png
14.517961,17.758963,seed70128.png
-9.22186,-20.04435,seed70129.png
-9.899967,-22.697262,seed7013.png
30.831596,4.3229046,seed70130.png
-18.671967,-26.375076,seed70131.png
-23.881416,-23.018167,seed70132.png
-27.223625,-4.710988,seed70133.png
-35.824356,25.783993,seed70134.png
11.688029,5.324886,seed70135.png
-19.502625,-16.131023,seed70136.png
27.951422,8.148157,seed70137.png
-22.813232,-16.600727,seed70138.png
-13.727801,-8.144221,seed70139.png
-27.783773,-22.917988,seed7014.png
-4.9240575,13.255736,seed70140.png
-27.17979,-14.382951,seed70141.png
31.436693,2.4372623,seed70142.png
35.588184,19.711597,seed70143.png
-2.8586552,-12.854014,seed70144.png
4.764459,0.43895364,seed70145.png
8.678281,-39.476578,seed70146.png
-29.646116,-16.81419,seed70147.png
9.559224,16.991102,seed70148.png
16.709995,5.3657203,seed70149.png
12.229474,-35.073227,seed7015.png
-36.206863,24.051632,seed70150.png
-22.817953,-5.617799,seed70151.png
32.673336,10.977019,seed70152.png
-23.855305,-11.781264,seed70153.png
-17.672445,-12.381024,seed70154.png
9.636762,-33.63779,seed70155.png
0.83105296,9.912991,seed70156.png
-25.07908,16.38152,seed70157.png
-24.513857,8.418369,seed70158.png
2.2615485,-13.961881,seed70159.png
8.521282,-2.527934,seed7016.png
36.99334,20.394787,seed70160.png
12.011507,-23.522675,seed70161.png
-33.006107,19.308182,seed70162.png
-32.833584,-10.270553,seed70163.png
21.49703,18.572763,seed70164.png
10.259765,-28.520845,seed70165.png
13.719522,-6.921285,seed70166.png
-18.596199,-25.550564,seed70167.png
0.70557624,21.841724,seed70168.png
10.482716,-21.8606,seed70169.png
-0.10393025,24.933134,seed7017.png
14.473206,-2.2081575,seed70170.png
-17.828066,-2.5044508,seed70171.png
-22.84114,18.886047,seed70172.png
-30.82201,1.463137,seed70173.png
6.0368595,-28.475159,seed70174.png
15.342625,22.921923,seed70175.png
-7.7789884,2.720369,seed70176.png
17.494347,-9.542781,seed70177.png
13.45098,24.234539,seed70178.png
-26.367887,8.355371,seed70179.png
23.2608,25.472889,seed7018.png
7.3134665,8.8709135,seed70180.png
1.8927912,23.720934,seed70181.png
26.399612,14.2502985,seed70182.png
-12.2996645,-10.594688,seed70183.png
23.675121,14.102475,seed70184.png
-33.3484,12.249613,seed70185.png
26.232635,7.3743076,seed70186.png
17.805065,-2.1715732,seed70187.png
-10.072417,-26.808435,seed70188.png
15.978814,-32.146008,seed70189.png
-10.48958,-27.765522,seed7019.png
11.699024,-24.8441,seed70190.png
-24.779594,3.9483345,seed70191.png
8.506796,17.841784,seed70192.png
-15.706797,-0.8710441,seed70193.png
-0.025505131,-17.328098,seed70194.png
12.815982,-33.399403,seed70195.png
-26.635136,-9.2409525,seed70196.png
7.573093,-0.7906698,seed70197.png
14.887521,-34.84522,seed70198.png
29.549118,25.416666,seed70199.png
24.063221,15.279286,seed7020.png
-18.482351,-20.209503,seed70200.png
13.4702015,-34.7488,seed70201.png
10.751841,8.434807,seed70202.png
-12.494957,-23.043882,seed70203.png
4.668217,8.98719,seed70204.png
39.69433,11.431588,seed70205.png
20.383701,-0.23069665,seed70206.png
-34.17843,18.527021,seed70207.png
-2.132919,10.564749,seed70208.png
-18.154001,-4.932679,seed70209.png
-31.596294,22.343876,seed7021.png
-27.793776,7.9932466,seed70210.png
-18.810667,2.4196205,seed70211.png
23.938957,24.526976,seed70212.png
23.633192,-0.7040336,seed70213.png
-30.57059,-10.063071,seed70214.png
-17.58869,1.0073675,seed70215.png
-13.117579,-24.214321,seed70216.png
12.024356,-28.741156,seed70217.png
17.821033,7.080095,seed70218.png
38.863506,21.29871,seed70219.png
24.817905,22.390003,seed7022.png
17.800951,24.087698,seed70220.png
-24.878712,-9.340476,seed70221.png
-31.302393,2.0528574,seed70222.png
-12.968863,-11.020246,seed70223.png
-37.151814,11.02707,seed70224.png
-2.0765693,12.566184,seed70225.png
-22.841965,-11.4674835,seed70226.png
31.889778,24.026243,seed70227.png
-15.246807,-14.03112,seed70228.png
-20.946815,19.451378,seed70229.png
23.438997,14.733811,seed7023.png
-23.130774,-2.8856442,seed70230.png
16.273478,1.1392182,seed70231.png
-33.90179,10.577311,seed70232.png
-22.543203,0.12993176,seed70233.png
-5.5076013,-14.613899,seed70234.png
0.8270999,-25.933195,seed70235.png
4.1515474,-0.42928123,seed70236.png
-13.90348,-8.088221,seed70237.png
-20.777102,-15.338837,seed70238.png
-17.514637,-17.86016,seed70239.png
10.046358,-37.577114,seed7024.png
31.469227,4.1927257,seed70240.png
-18.334957,12.237898,seed70241.png
33.98121,5.5397806,seed70242.png
6.9138155,-36.684277,seed70243.png
-19.677954,4.6421485,seed70244.png
-21.494469,18.26688,seed70245.png
18.727232,8.828824,seed70246.png
14.288486,-36.256966,seed70247.png
31.450413,17.053608,seed70248.png
-25.671637,-13.185395,seed70249.png
28.93544,10.311617,seed7025.png
0.3317678,23.352179,seed70250.png
-6.421555,-8.17061,seed70251.png
29.90517,27.454296,seed70252.png
26.443785,12.468211,seed70253.png
-5.5743413,-5.570101,seed70254.png
38.302673,9.789018,seed70255.png
40.1619,15.092086,seed70256.png
29.944777,9.093122,seed70257.png
8.072738,26.793476,seed70258.png
37.00303,11.215458,seed70259.png
10.0804205,-1.3484446,seed7026.png
9.801706,-20.701078,seed70260.png
11.117046,-42.757317,seed70261.png
19.596252,9.438776,seed70262.png
12.027779,12.392886,seed70263.png
-16.03973,-1.6213491,seed70264.png
22.669754,2.1219707,seed70265.png
-30.278927,10.848758,seed70266.png
-20.96106,2.7169511,seed70267.png
-9.537634,-13.776158,seed70268.png
24.86637,17.496004,seed70269.png
-29.138527,10.662197,seed7027.png
-21.741177,5.4627175,seed70270.png
10.822321,-42.57794,seed70271.png
14.571249,-12.417164,seed70272.png
1.3405921,11.21013,seed70273.png
21.940083,-9.390005,seed70274.png
15.169348,27.826632,seed70275.png
6.727533,-42.630287,seed70276.png
-27.837988,-13.406435,seed70277.png
18.559063,13.515206,seed70278.png
-32.564945,26.12062,seed70279.png
10.475707,12.630062,seed7028.png
32.284275,16.307663,seed70280.png
-34.547813,20.995474,seed70281.png
13.005001,-30.62685,seed70282.png
10.075431,19.292105,seed70283.png
-11.240025,6.868883,seed70284.png
24.713392,14.036742,seed70285.png
11.937508,27.038246,seed70286.png
-19.422918,-12.809114,seed70287.png
3.0996044,-24.009876,seed70288.png
-22.56152,-9.50873,seed70289.png
-36.37452,7.634223,seed7029.png
26.752228,10.562398,seed70290.png
-34.253735,9.969581,seed70291.png
26.893845,15.495735,seed70292.png
20.76075,12.650272,seed70293.png
-21.461164,-26.046503,seed70294.png
-5.838832,14.452398,seed70295.png
-18.988106,-10.27027,seed70296.png
-23.55088,8.784707,seed70297.png
-9.838578,-12.423804,seed70298.png
14.558944,17.984688,seed70299.png
-20.161592,-2.2664006,seed7030.png
-26.740026,10.237414,seed70300.png
-29.710905,-15.429963,seed70301.png
-21.456497,6.5757937,seed70302.png
-27.788523,-13.389282,seed70303.png
7.8291183,-0.6621567,seed70304.png
9.100306,10.176135,seed70305.png
-20.861313,-17.314047,seed70306.png
14.650836,-34.03895,seed70307.png
15.034722,-35.365356,seed70308.png
-26.117151,2.095839,seed70309.png
-32.08041,-13.940105,seed7031.png
-17.571394,2.3850167,seed70310.png
-9.001656,-23.595905,seed70311.png
-6.9648213,13.503241,seed70312.png
-34.03661,-10.096353,seed70313.png
10.319652,-41.585255,seed70314.png
36.05353,23.872833,seed70315.png
27.999662,1.8156371,seed70316.png
-20.368206,13.553102,seed70317.png
-10.361611,-0.7847651,seed70318.png
-11.744905,-26.440004,seed70319.png
1.2987406,-22.642967,seed7032.png
9.066314,23.873777,seed70320.png
8.977702,28.48041,seed70321.png
-35.930336,8.306147,seed70322.png
-23.315212,12.399193,seed70323.png
23.731928,-5.0612516,seed70324.png
-35.260017,-5.104184,seed70325.png
-27.791414,-3.789989,seed70326.png
-35.264023,16.867981,seed70327.png
12.609243,15.505623,seed70328.png
-19.872581,-0.9386231,seed70329.png
5.0005794,12.555567,seed7033.png
-30.861973,-0.23596503,seed70330.png
7.410371,-42.315105,seed70331.png
5.6917925,-2.8276045,seed70332.png
-17.158827,-11.254249,seed70333.png
13.576832,21.454052,seed70334.png
-16.834885,-5.9691534,seed70335.png
-7.2435646,-7.772518,seed70336.png
10.347452,-4.4293103,seed70337.png
-14.722658,-13.82953,seed70338.png
-21.471487,6.6936264,seed70339.png
-27.628511,9.252782,seed7034.png
9.135572,14.870445,seed70340.png
-19.462774,-26.41358,seed70341.png
20.750834,15.603332,seed70342.png
6.4786177,-36.54669,seed70343.png
-15.578519,-13.562435,seed70344.png
12.0479965,-39.378376,seed70345.png
14.520509,21.346882,seed70346.png
25.646511,14.483076,seed70347.png
-5.375075,-6.8115907,seed70348.png
-17.453392,-28.350307,seed70349.png
-21.844704,-22.377037,seed7035.png
10.243335,-4.1419406,seed70350.png
9.189496,-10.511339,seed70351.png
13.531013,-30.92823,seed70352.png
26.347534,16.106134,seed70353.png
-29.766022,18.765461,seed70354.png
7.3585863,8.316473,seed70355.png
-27.478027,10.971719,seed70356.png
3.1616666,-33.920033,seed70357.png
-23.892021,-8.696405,seed70358.png
4.085902,-25.57124,seed70359.png
-22.117104,-11.835479,seed7036.png
-27.794226,-14.132311,seed70360.png
16.183228,10.625939,seed70361.png
-19.894398,-20.803427,seed70362.png
12.71052,-33.194176,seed70363.png
-28.556198,14.546104,seed70364.png
21.05889,13.415858,seed70365.png
37.432938,8.352345,seed70366.png
15.612036,7.703667,seed70367.png
-18.953753,-9.495566,seed70368.png
-34.57853,-0.32296085,seed70369.png
-20.830278,-10.183673,seed7037.png
-30.425095,-20.708426,seed70370.png
-31.20858,15.485049,seed70371.png
19.756151,25.603544,seed70372.png
-23.369965,3.9870312,seed70373.png
-21.784443,17.672144,seed70374.png
1.477081,18.588741,seed70375.png
14.891009,25.54593,seed70376.png
7.375085,21.49631,seed70377.png
-10.971135,-21.531055,seed70378.png
-21.482573,6.5687814,seed70379.png
36.629574,6.2499857,seed7038.png
-22.971802,19.416553,seed70380.png
18.318316,12.247057,seed70381.png
-19.369928,-24.355335,seed70382.png
22.193758,-3.5167627,seed70383.png
-15.465355,-22.611122,seed70384.png
-0.8882906,-11.564293,seed70385.png
-27.86294,17.541962,seed70386.png
-19.925856,-2.9963834,seed70387.png
6.80377,11.4569645,seed70388.png
-6.9119782,4.065807,seed70389.png
14.451919,2.5855129,seed7039.png
-34.742096,18.512589,seed70390.png
21.764801,19.964819,seed70391.png
-29.781742,-15.413602,seed70392.png
5.5059566,-1.6833316,seed70393.png
-5.832158,-23.89775,seed70394.png
22.40145,25.332285,seed70395.png
15.406212,-31.47381,seed70396.png
-23.567621,-20.411903,seed70397.png
6.0327406,-38.471405,seed70398.png
38.485565,19.278095,seed70399.png
-19.601776,13.523495,seed7040.png
-25.279964,-2.145224,seed70400.png
-4.3434014,-19.44547,seed70401.png
-2.94119,-2.1108513,seed70402.png
-18.718477,-7.1963058,seed70403.png
-18.716335,-10.505234,seed70404.png
12.245188,-34.09978,seed70405.png
32.32243,25.43582,seed70406.png
32.332085,15.280334,seed70407.png
12.500513,-11.182117,seed70408.png
-21.680498,-5.3915877,seed70409.png
-11.678398,-21.504148,seed7041.png
15.213565,-37.062458,seed70410.png
15.991555,-31.959728,seed70411.png
38.155018,10.5441475,seed70412.png
13.13954,10.770589,seed70413.png
-12.250652,-15.845891,seed70414.png
20.450476,26.011217,seed70415.png
10.592546,-23.198189,seed70416.png
13.306461,24.322544,seed70417.png
-16.536997,-31.196438,seed70418.png
-23.712904,-10.390193,seed70419.png
-25.19426,12.070982,seed7042.png
32.85481,8.603953,seed70420.png
-27.44654,-9.434624,seed70421.png
16.927126,23.675428,seed70422.png
21.188408,23.174587,seed70423.png
26.035011,22.618937,seed70424.png
-8.415595,-18.083963,seed70425.png
23.526617,0.24610431,seed70426.png
2.6882186,22.633207,seed70427.png
26.659624,4.3746943,seed70428.png
26.7246,3.6603856,seed70429.png
21.93489,9.799724,seed7043.png
41.431362,21.547647,seed70430.png
-18.096659,-12.506953,seed70431.png
23.483849,-2.756223,seed70432.png
33.199875,7.2970705,seed70433.png
-33.777077,26.90807,seed70434.png
-10.47392,-18.101782,seed70435.png
12.650107,25.0904,seed70436.png
8.771226,3.3863232,seed70437.png
-0.8406117,5.580248,seed70438.png
-11.615043,-13.378732,seed70439.png
36.330196,12.986248,seed7044.png
0.6376522,6.0310807,seed70440.png
-34.963802,18.259861,seed70441.png
-15.518599,-6.844566,seed70442.png
2.190407,-30.789026,seed70443.png
22.261488,4.3356075,seed70444.png
3.1799529,9.408275,seed70445.png
-28.309128,-21.018301,seed70446.png
2.0312338,3.241887,seed70447.png
10.730044,22.804222,seed70448.png
39.11262,20.720137,seed70449.png
15.178993,1.0210121,seed7045.png
13.286206,28.417505,seed70450.png
-17.260773,0.35503656,seed70451.png
3.9468617,-30.656973,seed70452.png
-23.196007,8.364884,seed70453.png
25.489542,11.40342,seed70454.png
-26.32366,14.124968,seed70455.png
-28.870829,19.883444,seed70456.png
30.989607,0.5118278,seed70457.png
10.853697,-32.820778,seed70458.png
26.596172,-2.6667807,seed70459.png
6.867481,-1.6531138,seed7046.png
-1.9013608,22.279316,seed70460.png
30.803518,18.52242,seed70461.png
32.718292,1.0916963,seed70462.png
-22.03838,17.633928,seed70463.png
13.738766,-32.90015,seed70464.png
35.93096,14.649656,seed70465.png
16.478899,22.738989,seed70466.png
14.901913,23.425703,seed70467.png
-0.9936653,24.731571,seed70468.png
-31.68017,20.989393,seed70469.png
-31.379753,14.047612,seed7047.png
-20.49981,-27.870045,seed70470.png
-12.882276,-18.339048,seed70471.png
-22.792278,13.176181,seed70472.png
3.7028978,-35.604443,seed70473.png
10.400979,-25.392685,seed70474.png
7.4167995,7.6146894,seed70475.png
14.338026,-5.7534347,seed70476.png
-19.3633,-19.704475,seed70477.png
-31.141895,1.3732723,seed70478.png
18.488918,19.961176,seed70479.png
-35.231133,27.586256,seed7048.png
23.942554,9.781368,seed70480.png
9.653862,-0.62105185,seed70481.png
25.360868,15.1408,seed70482.png
3.514334,7.62,seed70483.png
-11.339627,-20.780676,seed70484.png
-0.3102201,-18.055584,seed70485.png
12.536847,-2.384387,seed70486.png
37.769302,20.50979,seed70487.png
-9.128222,-14.968684,seed70488.png
-9.7613325,-15.639968,seed70489.png
-0.21937683,3.633448,seed7049.png
-11.791295,-21.154335,seed70490.png
13.426346,-20.526608,seed70491.png
-12.808206,-2.3691747,seed70492.png
-20.367598,7.193318,seed70493.png
32.589924,6.981894,seed70494.png
-7.550198,-3.9000926,seed70495.png
0.8901194,-7.2003393,seed70496.png
5.045321,-29.541948,seed70497.png
-30.378119,-5.177884,seed70498.png
-15.163685,-24.145752,seed70499.png
-31.015242,-4.6774473,seed7050.png
31.97559,24.287989,seed70500.png
-30.088272,11.557422,seed70501.png
21.292294,5.0112395,seed70502.png
5.1793513,-37.70682,seed70503.png
21.098269,16.598907,seed70504.png
-16.325212,-21.871418,seed70505.png
16.85102,-36.898975,seed70506.png
16.63325,5.562725,seed70507.png
-13.330561,-26.901117,seed70508.png
-24.09244,-12.657468,seed70509.png
-21.684513,5.129836,seed7051.png
2.3693678,23.883644,seed70510.png
-15.874261,-19.053926,seed70511.png
16.554777,11.203834,seed70512.png
3.6587863,-7.8203588,seed70513.png
-20.814722,-2.1958091,seed70514.png
-24.66992,-13.761607,seed70515.png
6.389224,3.1647203,seed70516.png
24.271122,11.742702,seed70517.png
-1.4665563,21.613379,seed70518.png
-1.1142243,14.3675585,seed70519.png
-20.739225,-24.981583,seed7052.png
13.427568,27.5073,seed70520.png
-31.668049,16.8306,seed70521.png
18.89668,-2.1189103,seed70522.png
33.95622,7.8846836,seed70523.png
-14.466524,-17.566015,seed70524.png
7.031383,0.0784364,seed70525.png
16.126635,-6.087259,seed70526.png
38.909294,13.7847,seed70527.png
6.044106,9.812557,seed70528.png
24.683357,21.250086,seed70529.png
-19.707535,-20.075838,seed7053.png
21.769283,18.172632,seed70530.png
2.696554,16.978546,seed70531.png
22.629673,7.585693,seed70532.png
-1.7425559,21.807947,seed70533.png
-26.987871,7.420066,seed70534.png
27.043018,21.70349,seed70535.png
25.411438,27.623894,seed70536.png
15.912766,7.1445656,seed70537.png
6.373269,-27.74459,seed70538.png
36.900135,6.8490243,seed70539.png
-27.74678,-1.5819086,seed7054.png
11.295621,-40.203148,seed70540.png
-16.928066,-20.51806,seed70541.png
16.910238,8.469488,seed70542.png
8.17467,-39.282722,seed70543.png
-19.156181,-13.5674,seed70544.png
16.169699,22.450613,seed70545.png
-26.575354,0.43884724,seed70546.png
9.8403225,11.207958,seed70547.png
12.530153,20.070955,seed70548.png
15.2783785,-32.282097,seed70549.png
-21.90703,13.364292,seed7055.png
35.284924,20.391483,seed70550.png
12.152138,-30.664896,seed70551.png
-1.0043112,-15.66367,seed70552.png
9.06728,12.903635,seed70553.png
-19.100368,-19.23709,seed70554.png
-7.609408,10.379404,seed70555.png
7.3355827,-34.516064,seed70556.png
-8.143281,-10.293324,seed70557.png
38.11833,23.990444,seed70558.png
37.44029,9.401284,seed70559.png
-34.465736,19.33728,seed7056.png
-16.630386,-12.116318,seed70560.png
-20.991148,-22.020517,seed70561.png
15.25891,-31.054234,seed70562.png
14.919482,17.892105,seed70563.png
-20.526176,4.16435,seed70564.png
15.53662,1.528638,seed70565.png
15.060897,-37.30942,seed70566.png
-12.358674,-4.7073174,seed70567.png
-22.831568,2.011959,seed70568.png
-3.7135375,-4.8602433,seed70569.png
-15.46175,-2.2715652,seed7057.png
33.328026,3.006142,seed70570.png
19.982601,3.0013232,seed70571.png
-2.3550477,22.104473,seed70572.png
15.047435,-2.284151,seed70573.png
10.741255,-2.7150915,seed70574.png
5.432143,-32.236244,seed70575.png
16.104689,14.641732,seed70576.png
-24.013926,-21.41946,seed70577.png
-23.742146,-4.5561967,seed70578.png
-18.979408,9.54251,seed70579.png
37.64604,18.47356,seed7058.png
13.353159,1.5816991,seed70580.png
-7.9496126,11.3337145,seed70581.png
-16.06483,-16.60276,seed70582.png
19.81188,-1.1014711,seed70583.png
13.4001875,-8.623121,seed70584.png
-11.267251,4.9652653,seed70585.png
-34.413574,25.236546,seed70586.png
-21.559284,-3.0783894,seed70587.png
3.1094332,24.042791,seed70588.png
-14.87847,-14.173601,seed70589.png
10.857627,-41.95823,seed7059.png
20.264215,-4.7784047,seed70590.png
-7.404094,1.3208524,seed70591.png
21.706434,2.1711452,seed70592.png
10.07876,-30.170359,seed70593.png
-12.379848,-24.231121,seed70594.png
6.38886,-1.7862345,seed70595.png
20.261631,22.448187,seed70596.png
4.069885,-5.1422477,seed70597.png
30.907297,22.570517,seed70598.png
-25.249098,-4.979655,seed70599.png
11.555037,-28.761978,seed7060.png
-30.431698,-7.6948533,seed70600.png
-18.056181,-0.09427657,seed70601.png
14.5452175,28.49021,seed70602.png
14.773667,-1.405512,seed70603.png
22.202536,2.7049482,seed70604.png
1.9610431,-24.73344,seed70605.png
-26.35352,-10.630782,seed70606.png
-26.533337,10.213816,seed70607.png
-25.714779,-12.444399,seed70608.png
26.68536,13.972405,seed70609.png
11.081768,6.3130803,seed7061.png
-35.59178,-4.043259,seed70610.png
5.177408,-37.631443,seed70611.png
36.152473,19.264841,seed70612.png
27.549864,9.4861355,seed70613.png
25.853119,9.621909,seed70614.png
28.908953,4.354701,seed70615.png
34.226856,25.615002,seed70616.png
-28.892622,-2.8726432,seed70617.png
22.871891,22.928288,seed70618.png
15.112475,-8.015601,seed70619.png
26.552717,0.17296395,seed7062.png
22.049585,-1.099087,seed70620.png
7.7741094,15.988927,seed70621.png
6.829532,-34.18363,seed70622.png
-26.696991,-2.437652,seed70623.png
8.461045,28.82644,seed70624.png
8.87514,4.570927,seed70625.png
-30.05067,-3.0490522,seed70626.png
37.25349,5.503968,seed70627.png
3.707956,-30.23721,seed70628.png
-16.667606,-20.849806,seed70629.png
18.964638,13.6148,seed7063.png
-22.440735,-0.69837785,seed70630.png
-6.6248856,-3.2028089,seed70631.png
-18.212418,-16.740927,seed70632.png
28.22294,17.244919,seed70633.png
13.136994,8.148158,seed70634.png
16.623482,20.516697,seed70635.png
-2.8181975,-15.522408,seed70636.png
-31.205427,6.496743,seed70637.png
12.807798,27.479246,seed70638.png
3.494017,6.181334,seed70639.png
-19.445238,-22.693789,seed7064.png
9.733385,-9.978402,seed70640.png
-18.568638,-9.544457,seed70641.png
24.582752,15.752494,seed70642.png
-19.335794,-20.955101,seed70643.png
35.54511,23.222023,seed70644.png
15.7694025,-37.94726,seed70645.png
2.6495516,5.7565894,seed70646.png
13.356755,-32.32533,seed70647.png
-29.366705,4.132447,seed70648.png
29.026356,7.2383103,seed70649.png
-24.40645,-17.888557,seed7065.png
30.361706,3.477287,seed70650.png
-24.375765,-4.432575,seed70651.png
4.589662,-9.605433,seed70652.png
-7.124478,-6.0979476,seed70653.png
-8.31245,-15.581661,seed70654.png
34.553757,6.131669,seed70655.png
15.884303,23.109144,seed70656.png
-16.062653,-9.372406,seed70657.png
10.365202,-42.27033,seed70658.png
-29.821608,8.903937,seed70659.png
6.7910843,21.873583,seed7066.png
-25.229265,-9.044502,seed70660.png
-25.603354,-0.3773181,seed70661.png
26.615349,20.185307,seed70662.png
22.369965,5.239113,seed70663.png
-16.564358,-1.842796,seed70664.png
25.039803,-0.49699086,seed70665.png
-31.614014,21.585049,seed70666.png
-1.9839127,18.187286,seed70667.png
35.11488,27.599096,seed70668.png
6.699487,-5.55699,seed70669.png
13.367888,-15.062764,seed7067.png
9.851526,7.968773,seed70670.png
-26.068348,-25.013288,seed70671.png
30.883106,13.281856,seed70672.png
25.677238,9.09147,seed70673.png
-1.957693,-12.1255865,seed70674.png
37.77321,12.032832,seed70675.png
11.72511,0.9174403,seed70676.png
14.211089,-22.602064,seed70677.png
13.82975,4.5705523,seed70678.png
-34.216347,2.713275,seed70679.png
-29.686491,14.906129,seed7068.png
10.736298,-39.448418,seed70680.png
-14.046937,-8.978373,seed70681.png
-22.810377,-12.145707,seed70682.png
2.5110147,9.520703,seed70683.png
-10.396448,-21.188883,seed70684.png
-20.934992,9.616388,seed70685.png
18.939657,15.664961,seed70686.png
14.604526,-12.828449,seed70687.png
-26.164026,7.980778,seed70688.png
3.2854512,14.032715,seed70689.png
7.0851517,-29.1799,seed7069.png
9.316666,20.739542,seed70690.png
-28.790169,-8.797574,seed70691.png
-36.809338,23.307924,seed70692.png
-7.554118,-4.3520117,seed70693.png
13.504754,-38.19062,seed70694.png
-9.804607,-13.726486,seed70695.png
-15.0764885,-27.022476,seed70696.png
-5.0409803,-15.507606,seed70697.png
-0.72947496,-12.8954935,seed70698.png
-32.902306,24.876236,seed70699.png
-21.686071,4.8535933,seed7070.png
26.754343,19.48639,seed70700.png
6.880894,-31.82013,seed70701.png
-30.77932,-10.120095,seed70702.png
-35.616844,17.266356,seed70703.png
3.7948937,-4.9432173,seed70704.png
-2.8804584,-16.456621,seed70705.png
-29.030294,18.523283,seed70706.png
-17.141388,-18.37439,seed70707.png
-33.67086,22.475548,seed70708.png
15.943035,-36.87032,seed70709.png
-19.900583,-11.240268,seed7071.png
-20.632195,-26.666002,seed70710.png
12.498124,-1.9661486,seed70711.png
-22.730734,4.4958863,seed70712.png
-4.8624344,-13.620037,seed70713.png
11.875429,-5.9632998,seed70714.png
22.1247,20.987108,seed70715.png
-26.348566,16.09849,seed70716.png
8.39001,-4.145624,seed70717.png
13.51316,-30.941238,seed70718.png
1.8209952,-0.27365154,seed70719.png
25.435684,6.4843535,seed7072.png
-28.959074,0.95004874,seed70720.png
-34.421246,10.478887,seed70721.png
29.829659,13.10296,seed70722.png
-10.577476,-6.4176292,seed70723.png
-16.948586,-26.783419,seed70724.png
-9.92433,6.386548,seed70725.png
15.817601,-31.252481,seed70726.png
-4.045169,-11.948289,seed70727.png
8.263384,-7.6486235,seed70728.png
4.6895256,-29.402462,seed70729.png
1.6588569,-15.430875,seed7073.png
-27.229256,3.7904232,seed70730.png
20.389563,8.171278,seed70731.png
-25.164062,-6.7624044,seed70732.png
-28.885695,14.115867,seed70733.png
-21.501064,10.769648,seed70734.png
-5.2687507,-18.646273,seed70735.png
13.339483,1.9193045,seed70736.png
-1.2701274,24.65217,seed70737.png
6.0651054,-0.43288264,seed70738.png
25.25636,5.7396913,seed70739.png
18.66621,11.044212,seed7074.png
14.776255,16.667402,seed70740.png
10.6105175,9.094597,seed70741.png
-1.2981161,13.008303,seed70742.png
-36.531555,19.818884,seed70743.png
-28.023907,-14.644673,seed70744.png
-7.8935595,-10.887827,seed70745.png
-19.182009,-15.148844,seed70746.png
-3.4420965,-13.145797,seed70747.png
17.585205,13.821322,seed70748.png
-25.011005,-2.433354,seed70749.png
-23.857052,-6.21337,seed7075.png
13.159485,9.684014,seed70750.png
18.430014,0.21703516,seed70751.png
13.569456,-34.253937,seed70752.png
-21.538853,2.518701,seed70753.png
36.54999,8.387074,seed70754.png
-23.571888,-13.547268,seed70755.png
12.401434,-7.1506696,seed70756.png
5.9113164,-31.77158,seed70757.png
19.957766,4.435785,seed70758.png
-21.371029,8.34832,seed70759.png
-25.032927,2.706392,seed7076.png
-6.7626934,10.091126,seed70760.png
-27.522186,-1.616433,seed70761.png
-21.108145,-22.883467,seed70762.png
10.043781,-34.221558,seed70763.png
31.56533,18.04659,seed70764.png
-34.956127,20.77545,seed70765.png
19.942156,-5.7242227,seed70766.png
-19.272114,5.666975,seed70767.png
0.32755187,17.891838,seed70768.png
12.778492,9.974883,seed70769.png
16.51577,-35.87452,seed7077.png
0.16646394,12.853026,seed70770.png
-24.993567,7.530278,seed70771.png
14.783901,-1.1848259,seed70772.png
33.823193,26.205355,seed70773.png
9.372255,5.4166994,seed70774.png
25.370594,8.345915,seed70775.png
8.462143,-28.531687,seed70776.png
-27.052572,-9.546871,seed70777.png
21.497543,20.24399,seed70778.png
36.92863,22.37451,seed70779.png
2.478894,7.1038256,seed7078.png
0.39977556,-17.326256,seed70780.png
-21.261932,-9.178144,seed70781.png
32.230896,22.182173,seed70782.png
15.0908165,-32.246048,seed70783.png
-35.004726,0.5087719,seed70784.png
0.7460931,-16.305403,seed70785.png
-35.720196,10.392994,seed70786.png
9.143588,29.894886,seed70787.png
-0.08590889,23.56937,seed70788.png
7.543517,-34.897106,seed70789.png
33.65074,13.238006,seed7079.png
15.655008,-31.801195,seed70790.png
-16.12913,-18.449478,seed70791.png
20.325865,19.309774,seed70792.png
-26.373165,3.7196946,seed70793.png
-1.2560229,8.314879,seed70794.png
25.00533,-2.8177474,seed70795.png
-21.089016,12.0095215,seed70796.png
20.228943,-5.327274,seed70797.png
16.76571,-4.407201,seed70798.png
-25.14982,-18.605972,seed70799.png
27.809772,15.510773,seed7080.png
14.3489065,27.581825,seed70800.png
8.549722,13.996502,seed70801.png
36.94746,14.092358,seed70802.png
-11.809301,-21.021774,seed70803.png
-16.958626,-10.449619,seed70804.png
36.517918,9.403273,seed70805.png
-10.799006,-21.867695,seed70806.png
-6.0216293,-13.079052,seed70807.png
-28.850304,16.164402,seed70808.png
28.839956,17.126858,seed70809.png
-30.651007,-14.95621,seed7081.png
-4.9134574,-6.0374403,seed70810.png
7.1254153,-31.700214,seed70811.png
26.093742,21.531847,seed70812.png
4.2195225,-24.534424,seed70813.png
-21.380693,-7.078505,seed70814.png
0.46057937,0.041550197,seed70815.png
1.7600694,7.0260415,seed70816.png
-20.907331,14.9366665,seed70817.png
19.09055,-3.4194431,seed70818.png
9.32024,25.811098,seed70819.png
3.3563004,9.031305,seed7082.png
16.258123,3.2372246,seed70820.png
-10.875474,-24.190868,seed70821.png
10.21548,-41.19072,seed70822.png
9.057693,-37.546524,seed70823.png
17.345663,1.3718047,seed70824.png
-22.970173,-9.428729,seed70825.png
16.781313,20.067745,seed70826.png
-22.92873,-17.330221,seed70827.png
-20.150145,-28.335278,seed70828.png
36.309868,4.7981815,seed70829.png
-5.4465966,-14.435155,seed7083.png
-5.131245,-9.59478,seed70830.png
24.743559,18.07579,seed70831.png
34.305347,16.396067,seed70832.png
-16.811466,0.21134582,seed70833.png
-26.25851,15.434745,seed70834.png
18.574932,-5.023038,seed70835.png
26.671614,2.80762,seed70836.png
-21.783218,-25.4589,seed70837.png
6.4181814,-2.710958,seed70838.png
7.3663,-12.050941,seed70839.png
27.07236,14.413101,seed7084.png
16.737907,-36.116276,seed70840.png
-28.148842,-17.235184,seed70841.png
-4.0430617,-10.929868,seed70842.png
24.939291,13.547146,seed70843.png
4.4960217,-36.714172,seed70844.png
-27.004805,-13.398541,seed70845.png
-28.196554,7.4683237,seed70846.png
-20.058578,-12.892885,seed70847.png
22.957981,-4.154945,seed70848.png
38.31927,8.429778,seed70849.png
-23.678043,-8.906456,seed7085.png
32.851757,14.812156,seed70850.png
10.170408,29.500076,seed70851.png
-34.3959,18.655066,seed70852.png
36.096878,16.221823,seed70853.png
-21.780373,-7.673793,seed70854.png
14.317015,-11.8645,seed70855.png
9.634749,9.020993,seed70856.png
-31.522594,5.9372334,seed70857.png
34.169758,22.157282,seed70858.png
10.386296,4.8445573,seed70859.png
1.5242023,25.242735,seed7086.png
9.883633,-30.399494,seed70860.png
8.417541,3.0277557,seed70861.png
-7.4787855,-0.7807555,seed70862.png
-7.1031237,-22.01229,seed70863.png
14.5422325,-40.53402,seed70864.png
-31.456085,24.832518,seed70865.png
-20.54986,1.2477354,seed70866.png
40.944424,19.088827,seed70867.png
6.463425,13.777673,seed70868.png
31.677963,20.114182,seed70869.png
7.9497423,15.977124,seed7087.png
-29.057444,13.200209,seed70870.png
35.891804,26.325201,seed70871.png
21.158604,-6.1697807,seed70872.png
30.751593,4.277275,seed70873.png
18.422703,20.651354,seed70874.png
-15.978003,-5.678264,seed70875.png
-19.164661,-29.91199,seed70876.png
-21.477638,-13.69105,seed70877.png
19.638254,5.964792,seed70878.png
-22.115553,5.046583,seed70879.png
-18.285307,-3.0151577,seed7088.png
30.047934,23.921017,seed70880.png
-12.138774,-15.916758,seed70881.png
-21.384249,19.689173,seed70882.png
-8.785619,2.1045263,seed70883.png
-26.041462,12.964863,seed70884.png
13.714907,-7.385868,seed70885.png
-32.973717,7.8689766,seed70886.png
-5.320058,17.698847,seed70887.png
-23.703224,-4.065144,seed70888.png
-35.851738,2.344464,seed70889.png
-31.333162,8.98811,seed7089.png
29.529694,5.489367,seed70890.png
-34.409725,-4.8343487,seed70891.png
-25.593786,11.504011,seed70892.png
-1.4262513,-2.4880016,seed70893.png
-20.824316,-6.8366175,seed70894.png
-5.432267,17.590012,seed70895.png
-1.7474941,1.4374291,seed70896.png
6.915898,8.944998,seed70897.png
-21.00777,19.035667,seed70898.png
31.039051,18.593544,seed70899.png
20.266672,4.404616,seed7090.png
-10.290991,-27.040976,seed70900.png
-22.49111,15.815034,seed70901.png
15.9307575,-37.78397,seed70902.png
20.087227,28.601982,seed70903.png
-9.334536,-25.231642,seed70904.png
19.486591,0.6179161,seed70905.png
8.9137125,-41.819447,seed70906.png
-15.155907,-20.888361,seed70907.png
-25.972,17.120253,seed70908.png
-30.082335,15.871264,seed70909.png
-25.517193,-12.316752,seed7091.png
13.959344,15.762479,seed70910.png
-16.068573,-22.74823,seed70911.png
28.541527,16.56589,seed70912.png
-20.344606,-23.832747,seed70913.png
23.347197,9.615339,seed70914.png
19.51691,15.806335,seed70915.png
4.730729,2.2546253,seed70916.png
-12.04201,-11.953068,seed70917.png
-35.76789,26.285936,seed70918.png
15.748903,0.3230218,seed70919.png
-17.138155,-25.700083,seed7092.png
12.013709,24.78229,seed70920.png
-9.796441,9.263731,seed70921.png
-15.969097,-19.642992,seed70922.png
20.33637,24.315828,seed70923.png
33.026756,13.131441,seed70924.png
26.855497,19.847473,seed70925.png
-20.272629,-21.775036,seed70926.png
38.549843,8.766502,seed70927.png
-18.670895,-17.82334,seed70928.png
15.008346,-35.896362,seed70929.png
-6.0504055,-14.475941,seed7093.png
-30.604128,-8.111309,seed70930.png
6.861031,11.228272,seed70931.png
-0.44551775,23.520737,seed70932.png
-16.426207,2.0099652,seed70933.png
21.923086,-8.340723,seed70934.png
-25.886364,15.997722,seed70935.png
-11.794999,-23.821724,seed70936.png
-1.5755378,24.990915,seed70937.png
-17.459028,-18.584053,seed70938.png
39.02548,21.419586,seed70939.png
24.955385,13.387344,seed7094.png
18.263025,25.329136,seed70940.png
25.751472,-6.443591,seed70941.png
15.708483,22.811186,seed70942.png
9.960442,-6.560637,seed70943.png
-18.852571,6.5497365,seed70944.png
-14.572471,-16.145357,seed70945.png
-13.43697,-7.044475,seed70946.png
-11.680419,-7.2562814,seed70947.png
-23.53546,14.191188,seed70948.png
-28.721684,-2.5641696,seed70949.png
0.2277059,10.769459,seed7095.png
9.714314,-37.131134,seed70950.png
9.88368,-20.53222,seed70951.png
2.7895284,-30.703833,seed70952.png
31.230034,22.436396,seed70953.png
-32.464912,-8.757363,seed70954.png
-2.3188913,-16.282593,seed70955.png
-1.5268619,18.989626,seed70956.png
-32.084232,15.773697,seed70957.png
-33.196346,12.119571,seed70958.png
-20.118366,-5.665011,seed70959.png
37.837425,17.624031,seed7096.png
12.469149,-43.13467,seed70960.png
-18.394373,14.972405,seed70961.png
-6.7730656,-16.013096,seed70962.png
-7.69447,-14.493336,seed70963.png
16.994831,-36.217243,seed70964.png
3.573647,13.287794,seed70965.png
-13.579948,-9.179076,seed70966.png
-30.261162,6.350047,seed70967.png
9.830683,-36.22682,seed70968.png
-28.031574,-10.558371,seed70969.png
-1.7494415,-15.590814,seed7097.png
23.175278,-1.6321033,seed70970.png
21.069681,-7.065988,seed70971.png
36.173035,16.177038,seed70972.png
29.173256,6.3953924,seed70973.png
-33.05921,1.2242723,seed70974.png
0.16013181,-17.253706,seed70975.png
15.555056,-37.682564,seed70976.png
-21.1325,-4.693799,seed70977.png
-27.26112,-20.636711,seed70978.png
20.726963,-7.9587855,seed70979.png
-32.59808,23.190018,seed7098.png
39.01275,9.1046505,seed70980.png
28.925312,11.156018,seed70981.png
-35.265656,-2.2733674,seed70982.png
-31.797512,-13.935438,seed70983.png
-0.10943173,14.889377,seed70984.png
-28.425644,-16.280823,seed70985.png
31.33113,8.160565,seed70986.png
23.250443,10.492339,seed70987.png
-9.259322,-24.947422,seed70988.png
-33.576107,14.830185,seed70989.png
4.7124877,-1.5481389,seed7099.png
5.147455,13.758702,seed70990.png
16.783663,20.240078,seed70991.png
-29.53248,-9.878013,seed70992.png
-28.41398,3.0279942,seed70993.png
20.38725,25.529537,seed70994.png
13.094721,-35.748993,seed70995.png
-16.045553,-7.894965,seed70996.png
-19.817537,6.3918757,seed70997.png
-0.13148573,18.865631,seed70998.png
-33.21891,6.4240065,seed70999.png
1.9469044,-26.241272,seed7100.png
-26.271814,-15.609196,seed71000.png
-18.133537,-14.633759,seed71001.png
11.223698,-37.82295,seed71002.png
11.948079,19.770685,seed71003.png
-29.760376,10.073548,seed71004.png
8.777914,29.30573,seed71005.png
22.041231,17.731045,seed71006.png
-21.491037,-4.695082,seed71007.png
-14.484852,-27.854897,seed71008.png
-31.763922,1.8401641,seed71009.png
-7.5361323,9.945889,seed7101.png
-3.7787905,5.227097,seed71010.png
33.94721,13.736132,seed71011.png
-10.176571,-14.366568,seed71012.png
10.180245,16.10417,seed71013.png
19.990128,6.716902,seed71014.png
-20.485432,-8.43867,seed71015.png
12.858756,-2.8117785,seed71016.png
-4.925604,18.533968,seed71017.png
29.585646,26.882141,seed71018.png
-18.743496,-21.67105,seed71019.png
-16.936554,5.208587,seed7102.png
7.5255475,-2.112097,seed71020.png
10.257403,-41.63926,seed71021.png
-11.300637,-11.913921,seed71022.png
36.886974,16.337086,seed71023.png
-21.101048,5.9154577,seed71024.png
17.257996,0.007137202,seed71025.png
-30.088034,10.717815,seed71026.png
0.17378278,-16.43551,seed71027.png
8.156318,-33.695766,seed71028.png
-19.060627,-23.536627,seed71029.png
-20.83882,-12.120681,seed7103.png
-34.130325,23.34539,seed71030.png
12.353592,22.286274,seed71031.png
-37.54714,6.4661617,seed71032.png
13.6701975,-1.1611786,seed71033.png
-32.810898,-5.730627,seed71034.png
13.1865,-5.7885256,seed71035.png
12.886071,-26.625435,seed71036.png
-18.692364,-28.197527,seed71037.png
7.9316993,15.983242,seed71038.png
-20.32251,18.178343,seed71039.png
10.018471,17.866043,seed7104.png
12.905464,-1.3646672,seed71040.png
4.6401887,-29.450802,seed71041.png
35.67489,9.283798,seed71042.png
29.38705,13.681417,seed71043.png
-17.926748,-20.931911,seed71044.png
-33.830032,24.401537,seed71045.png
30.16286,25.588926,seed71046.png
12.616818,-13.021912,seed71047.png
14.141156,21.213114,seed71048.png
-15.990299,-13.287989,seed71049.png
19.370245,3.0444832,seed7105.png
32.871044,12.225063,seed71050.png
-23.891172,-6.0084834,seed71051.png
-27.58364,-3.3749547,seed71052.png
15.767534,25.30682,seed71053.png
9.348975,-32.104015,seed71054.png
-7.4634614,6.0165052,seed71055.png
16.92644,-8.668269,seed71056.png
26.874435,7.089401,seed71057.png
31.404871,14.856031,seed71058.png
19.05963,27.020302,seed71059.png
-22.448992,-13.247417,seed7106.png
7.5806656,-30.20526,seed71060.png
-29.35843,-0.7285382,seed71061.png
-28.775372,12.758634,seed71062.png
17.188982,18.162413,seed71063.png
7.409935,-38.047012,seed71064.png
-19.942451,2.7178874,seed71065.png
21.809687,-0.9679964,seed71066.png
35.54737,4.017995,seed71067.png
-14.80216,-12.487861,seed71068.png
-21.482285,16.838728,seed71069.png
32.88116,26.027946,seed7107.png
14.905523,-37.314476,seed71070.png
3.7432117,-34.031475,seed71071.png
7.956329,-27.16319,seed71072.png
21.371107,14.328645,seed71073.png
29.23404,0.6120428,seed71074.png
-17.89313,-22.320868,seed71075.png
-14.238686,-28.78766,seed71076.png
-26.10787,-14.586565,seed71077.png
13.461109,6.754442,seed71078.png
25.661634,-9.21162,seed71079.png
10.227524,-32.299812,seed7108.png
-17.08902,-19.90385,seed71080.png
-16.23624,-20.643274,seed71081.png
-27.21146,-3.9636137,seed71082.png
36.016617,21.81674,seed71083.png
0.58361346,-6.0435805,seed71084.png
5.7110724,-40.52367,seed71085.png
14.043397,-36.390324,seed71086.png
12.9218235,19.226677,seed71087.png
-11.021444,-25.378181,seed71088.png
0.45127916,17.533482,seed71089.png
-19.91614,-0.08430294,seed7109.png
-25.468328,5.0692167,seed71090.png
6.1636786,-30.942068,seed71091.png
19.716938,-5.9456315,seed71092.png
12.444565,5.4517274,seed71093.png
-8.602364,-18.597477,seed71094.png
-11.590423,-18.848825,seed71095.png
-18.204998,-24.955486,seed71096.png
-3.5525935,6.68635,seed71097.png
-34.62476,24.941257,seed71098.png
-25.017876,-4.0952187,seed71099.png
3.657252,7.093542,seed7110.png
15.846115,-6.37458,seed71100.png
4.777268,12.187519,seed71101.png
20.531288,12.869495,seed71102.png
-23.622335,-2.779627,seed71103.png
2.1893775,11.684616,seed71104.png
36.08652,11.721202,seed71105.png
-7.4051695,5.6158032,seed71106.png
12.761149,-38.56266,seed71107.png
20.70246,15.39001,seed71108.png
-12.744311,-14.351448,seed71109.png
-29.776152,8.519862,seed7111.png
3.9577093,21.982203,seed71110.png
1.1974463,20.92661,seed71111.png
-32.066906,15.052986,seed71112.png
28.644342,17.330574,seed71113.png
-14.824061,-22.922903,seed71114.png
27.66469,8.286688,seed71115.png
6.0417295,15.062176,seed71116.png
9.047095,5.671968,seed71117.png
30.92914,22.372663,seed71118.png
18.395882,26.865383,seed71119.png
12.493694,-35.927856,seed7112.png
-30.10784,13.1234665,seed71120.png
-0.60006315,4.734788,seed71121.png
18.099808,4.692109,seed71122.png
-15.387809,-21.892199,seed71123.png
-25.504015,-19.63973,seed71124.png
8.247525,-7.861171,seed71125.png
17.201857,-8.450264,seed71126.png
24.90188,9.461278,seed71127.png
13.390748,-32.16069,seed71128.png
-23.419365,-4.1783543,seed71129.png
11.599772,22.084805,seed7113.png
-10.460683,-27.12385,seed71130.png
6.0992975,17.894484,seed71131.png
-20.123207,-12.479785,seed71132.png
-8.953403,-24.47556,seed71133.png
28.227375,22.962278,seed71134.png
22.725605,4.2062807,seed71135.png
12.070911,12.597537,seed71136.png
9.689666,0.1674755,seed71137.png
3.4552748,-27.32141,seed71138.png
-26.263227,0.017396681,seed71139.png
-31.835506,-13.448929,seed7114.png
8.111418,-4.604914,seed71140.png
1.199472,-4.549918,seed71141.png
15.056528,21.302841,seed71142.png
-25.851614,-7.613643,seed71143.png
-17.931314,-31.911499,seed71144.png
22.916378,8.942729,seed71145.png
42.411144,20.480972,seed71146.png
-1.2265276,-15.666975,seed71147.png
18.937244,-5.5186005,seed71148.png
-24.68746,-5.796167,seed71149.png
23.667398,22.468048,seed7115.png
29.253153,15.368577,seed71150.png
-15.364891,4.396637,seed71151.png
33.81575,13.090242,seed71152.png
13.699913,-31.075676,seed71153.png
-32.234295,19.868452,seed71154.png
-17.852654,-5.815396,seed71155.png
-0.49768347,-6.9904394,seed71156.png
-30.670101,2.8663902,seed71157.png
-15.653306,-7.5048647,seed71158.png
16.005037,22.825006,seed71159.png
2.4048536,10.221157,seed7116.png
11.996752,10.916742,seed71160.png
22.803585,8.590698,seed71161.png
-11.277893,-14.403813,seed71162.png
39.808514,13.077026,seed71163.png
8.447989,-39.493923,seed71164.png
16.338936,-35.83763,seed71165.png
-23.089525,-15.0568285,seed71166.png
37.760147,5.483205,seed71167.png
3.5703866,21.255274,seed71168.png
27.261797,26.484655,seed71169.png
-26.334978,3.297101,seed7117.png
25.463287,20.511322,seed71170.png
7.8922935,20.798655,seed71171.png
14.728271,-35.695942,seed71172.png
25.788507,23.895695,seed71173.png
-18.439936,-8.661111,seed71174.png
-7.8332253,-6.000572,seed71175.png
6.817399,11.059751,seed71176.png
-18.002092,1.0112796,seed71177.png
11.746699,-37.86922,seed71178.png
8.420922,-35.26357,seed71179.png
-14.996643,1.4576298,seed7118.png
-28.18637,-10.672995,seed71180.png
12.037987,2.9083323,seed71181.png
2.072773,2.6007285,seed71182.png
6.8049893,-37.904846,seed71183.png
20.258417,-4.160044,seed71184.png
-19.554022,-29.36458,seed71185.png
-20.029694,-3.3433626,seed71186.png
-21.020792,-26.76283,seed71187.png
-1.0448065,-12.09797,seed71188.png
9.815024,22.242636,seed71189.png
-29.957886,-10.690188,seed7119.png
39.595783,16.198315,seed71190.png
-16.166206,3.5451257,seed71191.png
24.449486,0.26629284,seed71192.png
30.407793,27.1304,seed71193.png
-11.434865,-5.6809974,seed71194.png
26.137154,1.4576799,seed71195.png
-29.783607,-10.441572,seed71196.png
-23.38013,-11.884335,seed71197.png
-24.731134,-17.645103,seed71198.png
-34.174297,15.809315,seed71199.png
-12.600613,-24.256535,seed7120.png
10.307111,-3.4991448,seed71200.png
-16.053848,-30.92368,seed71201.png
31.082447,9.640527,seed71202.png
-21.595104,-26.775145,seed71203.png
25.15271,16.769274,seed71204.png
4.8172045,12.228766,seed71205.png
37.80155,12.287454,seed71206.png
11.542725,-39.947994,seed71207.png
-3.7092423,-22.79202,seed71208.png
3.8394334,-0.603846,seed71209.png
12.22544,-6.8052225,seed7121.png
39.370743,19.242184,seed71210.png
-15.980763,-15.325292,seed71211.png
-14.105855,-20.002342,seed71212.png
-35.711037,20.856997,seed71213.png
-14.821977,-31.574291,seed71214.png
-17.691236,-8.291639,seed71215.png
31.01631,4.818956,seed71216.png
-23.599987,-23.16343,seed71217.png
34.033695,26.052391,seed71218.png
-2.5612044,0.46979487,seed71219.png
-13.821111,3.2529366,seed7122.png
9.050201,-30.196539,seed71220.png
28.368706,3.986622,seed71221.png
22.52636,20.925173,seed71222.png
-32.928013,14.5334835,seed71223.png
18.73465,21.484642,seed71224.png
-1.8075142,-14.702089,seed71225.png
14.113133,-40.124462,seed71226.png
39.49926,23.078405,seed71227.png
34.217297,21.720438,seed71228.png
-22.782696,1.5992575,seed71229.png
34.24993,19.449944,seed7123.png
10.010991,-35.602787,seed71230.png
-28.580582,-10.95124,seed71231.png
-18.049004,2.0440319,seed71232.png
27.4394,26.685524,seed71233.png
-23.24755,-3.148979,seed71234.png
24.223341,9.716648,seed71235.png
-9.643198,-28.406935,seed71236.png
-35.556606,-6.23506,seed71237.png
4.3692975,24.152542,seed71238.png
12.68429,-8.286564,seed71239.png
12.887842,-38.71795,seed7124.png
36.541306,21.591555,seed71240.png
8.768982,-36.019276,seed71241.png
34.42617,15.180617,seed71242.png
-8.9837675,-27.450104,seed71243.png
-8.865495,-20.36407,seed71244.png
-32.040188,-3.5064344,seed71245.png
22.34617,-2.7694046,seed71246.png
2.191744,-0.2947796,seed71247.png
-17.692192,-9.55169,seed71248.png
28.179531,1.2647524,seed71249.png
8.221973,0.33323133,seed7125.png
16.34144,19.594963,seed71250.png
-24.877409,-0.05067738,seed71251.png
35.861706,21.437279,seed71252.png
-26.767607,4.3767524,seed71253.png
33.812344,14.006249,seed71254.png
-19.713036,11.278476,seed71255.png
-9.516994,-0.3012203,seed71256.png
5.354832,-33.94018,seed71257.png
11.013634,-35.958664,seed71258.png
-21.594677,19.832325,seed71259.png
-28.232706,16.282152,seed7126.png
28.125902,27.975468,seed71260.png
30.505417,10.757463,seed71261.png
-9.664872,13.054785,seed71262.png
-20.302439,-9.081799,seed71263.png
-15.987664,-20.310587,seed71264.png
-33.776215,-0.5533742,seed71265.png
9.717163,-40.106262,seed71266.png
10.14825,28.996435,seed71267.png
8.377223,1.3944997,seed71268.png
-10.219329,-20.81778,seed71269.png
6.2093234,-0.79012233,seed7127.png
7.0639043,4.95984,seed71270.png
-18.08549,-11.204277,seed71271.png
-20.992397,-27.636824,seed71272.png
12.658316,-0.4681238,seed71273.png
9.53695,6.672486,seed71274.png
21.21426,-6.1365504,seed71275.png
4.984252,6.032068,seed71276.png
-0.83645535,18.684107,seed71277.png
0.39373797,-1.882728,seed71278.png
-24.845892,7.1220107,seed71279.png
10.003463,-36.218075,seed7128.png
28.573376,26.436506,seed71280.png
-21.306293,-16.609543,seed71281.png
29.305468,2.775628,seed71282.png
-14.594129,-7.353971,seed71283.png
32.51581,5.724997,seed71284.png
11.500193,15.917224,seed71285.png
-7.8539147,-3.653196,seed71286.png
-32.30416,20.597479,seed71287.png
22.888544,5.006854,seed71288.png
-28.096096,10.2296505,seed71289.png
26.456682,18.363686,seed7129.png
19.683868,-0.64772403,seed71290.png
28.956713,0.94608295,seed71291.png
-28.694693,-11.035071,seed71292.png
6.383136,8.092769,seed71293.png
-0.26271874,-16.39242,seed71294.png
-1.0601745,-3.9437356,seed71295.png
-18.200682,2.9435227,seed71296.png
-23.111708,11.685137,seed71297.png
16.229109,14.728927,seed71298.png
-21.582062,-20.72836,seed71299.png
-29.322374,-1.358345,seed7130.png
41.212643,18.329666,seed71300.png
-15.177713,4.1621428,seed71301.png
-20.660282,1.8522112,seed71302.png
-29.26561,18.859482,seed71303.png
-33.325157,5.663683,seed71304.png
-2.4934783,18.982038,seed71305.png
22.694246,2.9304233,seed71306.png
9.24686,-36.194244,seed71307.png
34.42729,22.781832,seed71308.png
19.169672,15.511953,seed71309.png
11.360325,-11.820469,seed7131.png
-37.262234,16.969585,seed71310.png
13.710841,-35.54303,seed71311.png
-10.602896,-23.501644,seed71312.png
-23.85959,-13.248298,seed71313.png
-27.410238,-21.712757,seed71314.png
14.02223,6.597795,seed71315.png
4.855224,8.77785,seed71316.png
23.543743,20.523863,seed71317.png
-15.531312,2.994112,seed71318.png
7.114443,7.1080146,seed71319.png
11.058037,-34.587246,seed7132.png
37.501907,15.659252,seed71320.png
-25.466095,-0.68638605,seed71321.png
-3.3629887,17.18546,seed71322.png
-11.940093,-5.3568974,seed71323.png
3.8110425,25.488422,seed71324.png
-34.416626,15.273824,seed71325.png
4.63737,16.880577,seed71326.png
-14.130747,-20.87049,seed71327.png
-31.232883,10.6197815,seed71328.png
-25.140423,-5.9639635,seed71329.png
40.839466,21.198534,seed7133.png
-25.655008,17.642262,seed71330.png
-19.033344,-3.5890813,seed71331.png
7.3283405,-31.881948,seed71332.png
34.36723,25.71003,seed71333.png
14.598348,-37.691944,seed71334.png
5.496528,-4.934103,seed71335.png
-10.793267,-9.465894,seed71336.png
12.45136,3.630984,seed71337.png
-15.289885,-27.65708,seed71338.png
37.72368,21.18448,seed71339.png
8.302782,14.607162,seed7134.png
26.755548,0.58811086,seed71340.png
9.571095,29.396347,seed71341.png
1.7644829,-13.539318,seed71342.png
33.538864,9.082397,seed71343.png
-2.164654,-19.514488,seed71344.png
9.640241,-37.751087,seed71345.png
-29.014603,-7.4304166,seed71346.png
-5.0185184,11.641116,seed71347.png
-11.974845,6.608104,seed71348.png
-1.1402061,18.005085,seed71349.png
9.332371,28.390625,seed7135.png
16.262072,-7.1637692,seed71350.png
9.218543,4.479925,seed71351.png
4.9220567,-27.564356,seed71352.png
-21.531685,3.7059274,seed71353.png
16.220488,2.557247,seed71354.png
-31.380058,20.932024,seed71355.png
8.963271,-39.476105,seed71356.png
-19.689201,-14.779303,seed71357.png
-23.961369,18.238523,seed71358.png
24.495966,4.2725973,seed71359.png
35.077797,7.126517,seed7136.png
-9.044151,-2.4612317,seed71360.png
-5.0341353,3.193259,seed71361.png
-17.215113,-9.694583,seed71362.png
1.0787138,18.678017,seed71363.png
34.803318,14.4973,seed71364.png
-32.322243,25.288168,seed71365.png
-22.5175,-14.969468,seed71366.png
-8.65574,1.0587528,seed71367.png
-8.341961,-21.11872,seed71368.png
-17.22382,-25.477007,seed71369.png
-2.004272,-15.29383,seed7137.png
-16.809216,-19.996792,seed71370.png
-11.625257,-21.750677,seed71371.png
37.605247,25.493225,seed71372.png
38.237144,22.213522,seed71373.png
-24.839588,-18.061626,seed71374.png
-6.33279,-17.036482,seed71375.png
9.85128,-31.669796,seed71376.png
-5.6632047,15.262556,seed71377.png
13.280486,1.1704605,seed71378.png
-3.4009697,11.803122,seed71379.png
12.171358,6.3858805,seed7138.png
-33.53185,11.44301,seed71380.png
-9.386296,8.927636,seed71381.png
-9.609358,-14.339671,seed71382.png
-31.49134,15.935545,seed71383.png
-24.334877,8.88442,seed71384.png
-17.75005,-8.366887,seed71385.png
40.27611,13.959923,seed71386.png
5.119232,21.959528,seed71387.png
7.1142383,7.9274864,seed71388.png
-21.603691,18.865782,seed71389.png
-25.329294,-12.371229,seed7139.png
11.313053,-33.572178,seed71390.png
-17.447832,-30.549467,seed71391.png
-18.033901,-2.5500784,seed71392.png
13.601596,-32.64762,seed71393.png
-24.95037,-21.262787,seed71394.png
-35.39035,-0.44424388,seed71395.png
7.5386868,-39.849766,seed71396.png
8.205173,-41.611145,seed71397.png
7.4013023,-38.885574,seed71398.png
2.1565027,9.021973,seed71399.png
-13.565567,-21.165545,seed7140.png
-15.450387,-12.103079,seed71400.png
26.41254,24.1262,seed71401.png
5.9424405,-10.2242,seed71402.png
-25.52438,-14.93316,seed71403.png
-19.353981,2.2196846,seed71404.png
26.691584,18.74227,seed71405.png
5.221242,-34.826603,seed71406.png
-9.336981,7.4701705,seed71407.png
-32.373222,-2.9130673,seed71408.png
5.663209,22.379969,seed71409.png
-12.743096,-30.353683,seed7141.png
-21.600222,3.0031536,seed71410.png
25.670597,21.933762,seed71411.png
-2.6548996,-0.28946236,seed71412.png
0.2640387,-25.963358,seed71413.png
14.0942135,-34.10389,seed71414.png
-29.65584,-4.2360024,seed71415.png
4.6193995,-38.927555,seed71416.png
-14.336227,-13.259751,seed71417.png
32.931988,28.137527,seed71418.png
18.973482,8.403915,seed71419.png
18.278711,13.824996,seed7142.png
-20.850103,3.1085477,seed71420.png
-14.548414,-20.422468,seed71421.png
-25.675037,15.211633,seed71422.png
6.6210866,8.383028,seed71423.png
29.005283,15.1963825,seed71424.png
-34.82548,27.591026,seed71425.png
11.049899,-43.19517,seed71426.png
31.747889,27.972395,seed71427.png
-22.853836,-0.16896924,seed71428.png
23.576538,14.596094,seed71429.png
-27.223883,11.95247,seed7143.png
-16.214642,-26.93546,seed71430.png
-33.349945,15.066011,seed71431.png
27.363287,26.47913,seed71432.png
-15.784791,-23.416883,seed71433.png
41.600887,15.678614,seed71434.png
-33.987164,-8.283994,seed71435.png
33.689117,13.110452,seed71436.png
20.97906,-4.9266105,seed71437.png
-26.756956,-4.947321,seed71438.png
37.104813,25.299982,seed71439.png
8.320738,-7.2997723,seed7144.png
11.46173,22.655823,seed71440.png
30.236853,27.415422,seed71441.png
4.106223,-21.79529,seed71442.png
-21.06873,-21.332773,seed71443.png
23.080717,3.3797035,seed71444.png
12.946693,5.5295305,seed71445.png
29.63696,3.397689,seed71446.png
-8.012976,-25.24029,seed71447.png
-4.6354923,16.399763,seed71448.png
-4.8704133,4.679946,seed71449.png
9.796886,-31.747206,seed7145.png
3.246285,8.758786,seed71450.png
-16.154692,-2.0998785,seed71451.png
-18.711985,-3.1907516,seed71452.png
2.433221,-29.06073,seed71453.png
-28.914082,-10.796064,seed71454.png
-17.804865,-30.451359,seed71455.png
-0.34670532,24.372818,seed71456.png
3.018558,-8.153893,seed71457.png
20.756073,1.6028532,seed71458.png
20.3297,-4.159979,seed71459.png
-17.918669,-22.961227,seed7146.png
-23.529484,-16.492603,seed71460.png
10.767441,-35.667137,seed71461.png
-5.0654464,7.953617,seed71462.png
15.613081,-31.508188,seed71463.png
0.4589957,-20.841263,seed71464.png
0.3819517,15.178478,seed71465.png
-11.247143,3.208942,seed71466.png
-15.978284,1.5835637,seed71467.png
-28.586592,-6.667773,seed71468.png
-25.463459,6.1093545,seed71469.png
34.191933,27.40481,seed7147.png
28.771366,-0.2305336,seed71470.png
-16.280575,-13.324951,seed71471.png
9.726439,17.366606,seed71472.png
-35.255444,11.759398,seed71473.png
8.430745,28.784145,seed71474.png
-7.747013,10.066175,seed71475.png
9.94385,19.003733,seed71476.png
2.5426075,6.2936015,seed71477.png
-27.585999,-5.1576843,seed71478.png
-25.291746,4.697707,seed71479.png
-30.134192,5.3876996,seed7148.png
10.726412,21.258255,seed71480.png
-26.93432,-3.538651,seed71481.png
20.08793,-3.9175882,seed71482.png
22.051447,8.554295,seed71483.png
-29.62136,2.0855572,seed71484.png
-10.4576435,-16.542055,seed71485.png
13.256787,1.2409348,seed71486.png
30.717142,1.4114488,seed71487.png
16.579134,2.2314065,seed71488.png
-11.198529,-8.181052,seed71489.png
-24.315615,0.245621,seed7149.png
-9.365456,-20.633965,seed71490.png
-0.5647813,-13.240669,seed71491.png
-24.342407,-8.513416,seed71492.png
-11.816,4.238415,seed71493.png
23.628084,7.5294614,seed71494.png
30.549871,16.673294,seed71495.png
3.671127,-4.9670954,seed71496.png
-3.635077,6.674341,seed71497.png
11.237917,28.358019,seed71498.png
25.489742,4.330461,seed71499.png
22.132042,26.376408,seed7150.png
27.280037,26.930883,seed71500.png
-20.649416,-6.2222486,seed71501.png
-16.487057,-6.3205085,seed71502.png
11.721677,-37.908215,seed71503.png
-25.605452,-9.574256,seed71504.png
14.306721,-6.827109,seed71505.png
15.086631,-39.354656,seed71506.png
14.987813,-33.601913,seed71507.png
-15.338572,-23.964481,seed71508.png
14.301044,-39.558296,seed71509.png
-21.874107,-8.660462,seed7151.png
37.275375,9.200405,seed71510.png
-20.26785,-26.354834,seed71511.png
-19.740631,-22.79091,seed71512.png
23.290958,-3.7165444,seed71513.png
-10.109958,-25.238188,seed71514.png
-23.841623,3.8453507,seed71515.png
24.158054,22.709204,seed71516.png
7.535425,-39.72828,seed71517.png
-18.282091,8.629598,seed71518.png
30.633533,11.033097,seed71519.png
20.733688,-2.1627102,seed7152.png
12.250571,20.37142,seed71520.png
-36.368946,25.721972,seed71521.png
-22.4122,-6.6914973,seed71522.png
-30.112825,9.394959,seed71523.png
17.013987,-3.8159993,seed71524.png
7.263428,14.176468,seed71525.png
16.776314,23.799364,seed71526.png
4.199166,18.036171,seed71527.png
14.160852,-38.35497,seed71528.png
5.1033964,-38.023117,seed71529.png
-13.453826,-13.580639,seed7153.png
24.228687,21.459406,seed71530.png
11.0808935,-41.770344,seed71531.png
20.14227,20.882978,seed71532.png
-18.61726,-20.55258,seed71533.png
38.2717,14.229013,seed71534.png
-32.274036,19.440926,seed71535.png
33.369656,13.102771,seed71536.png
-2.922973,6.7651706,seed71537.png
-18.377836,-31.295689,seed71538.png
23.473108,-6.7285204,seed71539.png
-32.978584,-3.3701432,seed7154.png
-0.26338303,16.709795,seed71540.png
18.0611,21.774588,seed71541.png
-28.18564,-16.182589,seed71542.png
-32.233368,10.392855,seed71543.png
0.9894092,21.749044,seed71544.png
-26.859694,1.3618699,seed71545.png
14.04402,-39.70809,seed71546.png
3.6404374,-25.259947,seed71547.png
-11.634641,-12.49588,seed71548.png
25.51188,-6.81961,seed71549.png
20.30568,11.38544,seed7155.png
-36.572914,22.14308,seed71550.png
10.536472,23.088198,seed71551.png
-24.109377,-1.2193595,seed71552.png
33.368412,14.336422,seed71553.png
-16.928606,-21.474728,seed71554.png
17.12827,24.454517,seed71555.png
35.009388,7.2005744,seed71556.png
-30.919409,14.280781,seed71557.png
1.6165507,17.28549,seed71558.png
32.721943,12.489059,seed71559.png
-15.500703,-30.268627,seed7156.png
38.519398,21.124992,seed71560.png
30.716251,1.6519521,seed71561.png
-32.718754,7.881766,seed71562.png
-19.306597,1.1481601,seed71563.png
35.99093,9.426128,seed71564.png
13.188763,8.722584,seed71565.png
33.896442,24.089657,seed71566.png
-17.393898,-12.172084,seed71567.png
26.121939,18.143227,seed71568.png
-27.659351,-11.865676,seed71569.png
18.477633,0.3294914,seed7157.png
-14.864901,-7.705184,seed71570.png
6.098816,-39.78299,seed71571.png
-1.6578052,-11.773467,seed71572.png
-22.112549,11.736712,seed71573.png
-34.187973,-4.063066,seed71574.png
-28.969254,11.4972105,seed71575.png
19.704292,-5.98197,seed71576.png
10.602928,0.25933897,seed71577.png
10.696194,22.282482,seed71578.png
10.992605,-34.02246,seed71579.png
13.996963,-31.02241,seed7158.png
-3.2091923,21.197533,seed71580.png
-18.409193,-8.815946,seed71581.png
40.001595,17.523352,seed71582.png
22.08506,14.573229,seed71583.png
5.956042,-34.510975,seed71584.png
8.572182,-33.53807,seed71585.png
24.102262,-6.2209463,seed71586.png
-16.798685,-13.81039,seed71587.png
11.292628,-34.48291,seed71588.png
0.21904713,13.441735,seed71589.png
-7.274417,-0.99660015,seed7159.png
-22.579782,-5.791534,seed71590.png
-23.250204,-2.438325,seed71591.png
-19.295275,-25.211767,seed71592.png
-20.316822,-4.343423,seed71593.png
32.5521,16.313152,seed71594.png
-28.010452,-3.6972744,seed71595.png
10.36056,-2.85472,seed71596.png
-20.735044,-29.786406,seed71597.png
-32.570023,23.294071,seed71598.png
-17.574062,-28.03616,seed71599.png
13.553904,-39.727177,seed7160.png
13.971187,26.290775,seed71600.png
-23.817099,-1.8329664,seed71601.png
16.50001,-35.281662,seed71602.png
-38.315342,15.134458,seed71603.png
-28.711124,14.904091,seed71604.png
-27.782927,-6.3475695,seed71605.png
38.355927,6.265889,seed71606.png
28.85042,9.199188,seed71607.png
15.6414995,-4.525045,seed71608.png
16.914108,-36.72999,seed71609.png
-15.687877,-11.4874735,seed7161.png
6.6708245,-28.981081,seed71610.png
18.342936,13.622592,seed71611.png
-23.506468,-11.705391,seed71612.png
36.05587,23.568417,seed71613.png
-12.099669,-7.8555675,seed71614.png
13.186064,-7.7769284,seed71615.png
-33.349216,22.444553,seed71616.png
9.1776705,-38.45639,seed71617.png
-24.545338,1.8206685,seed71618.png
24.369146,-3.5727367,seed71619.png
-18.4269,-28.368082,seed7162.png
-26.562944,-22.525826,seed71620.png
36.864456,23.96627,seed71621.png
3.5649843,19.860825,seed71622.png
0.21324572,-18.280664,seed71623.png
-32.945004,22.166542,seed71624.png
11.334011,10.583383,seed71625.png
18.127787,3.6722445,seed71626.png
-0.97631615,-0.43995216,seed71627.png
-9.42199,3.106188,seed71628.png
25.90815,2.6337104,seed71629.png
-18.19553,-6.3005395,seed7163.png
-30.839716,4.513498,seed71630.png
15.201711,-12.604267,seed71631.png
-25.703445,-19.308296,seed71632.png
-31.061079,-12.543556,seed71633.png
-28.076221,-21.309628,seed71634.png
-25.854029,8.650516,seed71635.png
18.036024,1.3473665,seed71636.png
22.428684,19.369734,seed71637.png
-28.824226,7.977699,seed71638.png
8.926824,17.812801,seed71639.png
-25.139238,1.7461398,seed7164.png
3.4458385,0.48413315,seed71640.png
38.226475,25.671244,seed71641.png
-9.598867,-6.2892356,seed71642.png
-14.743534,-22.161716,seed71643.png
31.078037,8.039848,seed71644.png
-20.15543,-20.452751,seed71645.png
11.018463,-22.542482,seed71646.png
3.723508,11.415586,seed71647.png
17.11296,11.786474,seed71648.png
3.1207447,12.585231,seed71649.png
-31.836428,7.8033004,seed7165.png
11.922934,12.276624,seed71650.png
5.0091805,-25.061232,seed71651.png
0.8373413,4.442234,seed71652.png
23.044891,20.217438,seed71653.png
26.137262,3.145991,seed71654.png
16.138935,6.5689354,seed71655.png
1.5109197,2.3431134,seed71656.png
-4.8300123,2.1019378,seed71657.png
21.579182,14.154738,seed71658.png
22.467865,-1.2154549,seed71659.png
-32.542076,-2.916531,seed7166.png
-20.979021,15.856967,seed71660.png
4.334726,2.0697808,seed71661.png
15.480881,-38.2919,seed71662.png
-18.0951,-24.37572,seed71663.png
-5.3126907,-11.584967,seed71664.png
-9.309628,-26.089558,seed71665.png
-30.169952,1.8615739,seed71666.png
-30.654154,-1.239136,seed71667.png
-27.53219,12.519003,seed71668.png
-1.8604181,-11.306655,seed71669.png
-19.91608,-21.464746,seed7167.png
14.79458,14.685195,seed71670.png
21.524015,0.9580644,seed71671.png
16.92543,26.855042,seed71672.png
-21.744808,-9.684333,seed71673.png
-18.578592,-14.43292,seed71674.png
17.757854,13.630761,seed71675.png
14.596099,-39.795067,seed71676.png
19.548288,24.845974,seed71677.png
40.263035,20.61603,seed71678.png
12.297206,-32.631138,seed71679.png
-28.195639,-1.8060509,seed7168.png
-37.201073,19.83774,seed71680.png
8.925674,-5.403329,seed71681.png
9.833202,20.946095,seed71682.png
-18.343351,-27.9128,seed71683.png
-2.9048543,-9.495923,seed71684.png
-30.59815,15.427082,seed71685.png
-35.356533,14.234386,seed71686.png
-17.616573,-26.014341,seed71687.png
-28.57531,14.648559,seed71688.png
-22.472227,-0.013610374,seed71689.png
-35.884563,-0.94728273,seed7169.png
-33.596607,21.420464,seed71690.png
-22.2555,-24.143341,seed71691.png
25.515049,18.567638,seed71692.png
17.370352,19.568998,seed71693.png
39.50911,20.104652,seed71694.png
-18.408913,-7.0840564,seed71695.png
-33.853176,14.664194,seed71696.png
-6.914491,7.4851637,seed71697.png
-18.68951,-13.013786,seed71698.png
-29.950426,-13.758494,seed71699.png
29.225506,1.7192044,seed7170.png
23.22992,22.517908,seed71700.png
-20.680105,-6.792872,seed71701.png
-21.75924,16.116064,seed71702.png
41.294437,21.210676,seed71703.png
7.0275416,-31.884556,seed71704.png
15.653614,7.665071,seed71705.png
16.525923,-7.4467936,seed71706.png
11.24998,17.211525,seed71707.png
-28.072964,4.8291826,seed71708.png
9.252526,-37.380672,seed71709.png
-30.260134,17.250723,seed7171.png
-21.470543,18.903595,seed71710.png
-24.661272,4.5541205,seed71711.png
6.0340767,18.243301,seed71712.png
-32.53326,13.125511,seed71713.png
-25.058416,-24.788654,seed71714.png
28.03165,28.500187,seed71715.png
-31.977613,25.361824,seed71716.png
-31.393621,1.0472344,seed71717.png
-3.4225616,-17.928547,seed71718.png
18.108551,-2.288606,seed71719.png
19.339123,-0.4739544,seed7172.png
-18.431835,-11.440021,seed71720.png
23.843048,16.364143,seed71721.png
31.583202,16.065475,seed71722.png
31.476732,24.434511,seed71723.png
-22.30439,19.590551,seed71724.png
35.00034,1.6462259,seed71725.png
29.500782,20.090864,seed71726.png
13.934925,-5.0017114,seed71727.png
-2.3597808,-2.134338,seed71728.png
-38.806824,13.534601,seed71729.png
-16.448166,5.9479833,seed7173.png
13.887017,20.99671,seed71730.png
28.234161,2.5392332,seed71731.png
-14.297683,-13.653574,seed71732.png
-0.6084106,22.884789,seed71733.png
7.7814207,-25.992842,seed71734.png
32.145008,6.2978163,seed71735.png
5.6243176,24.370892,seed71736.png
-16.838673,3.3569314,seed71737.png
26.71081,-7.4342785,seed71738.png
-26.339529,7.8135815,seed71739.png
25.785982,19.569853,seed7174.png
-22.187033,-14.33822,seed71740.png
16.838554,3.0261242,seed71741.png
7.5314884,21.633295,seed71742.png
24.630209,23.561375,seed71743.png
-18.684004,-29.682411,seed71744.png
21.0056,21.081795,seed71745.png
27.281216,16.006973,seed71746.png
-13.876775,-18.307104,seed71747.png
-6.2861753,-2.0645764,seed71748.png
-24.588974,-10.401931,seed71749.png
4.8273263,-0.80123186,seed7175.png
-21.590548,-20.122763,seed71750.png
-22.871788,-9.345525,seed71751.png
15.148504,-31.735899,seed71752.png
25.06145,19.571983,seed71753.png
-14.791345,-14.66615,seed71754.png
38.8677,17.54307,seed71755.png
-28.327131,20.968483,seed71756.png
38.662846,15.172011,seed71757.png
-12.126612,2.1099486,seed71758.png
8.321869,14.504241,seed71759.png
36.580063,16.69612,seed7176.png
-7.1600585,-3.680965,seed71760.png
-13.458782,3.9851017,seed71761.png
-19.388393,4.400155,seed71762.png
10.936405,-1.7046661,seed71763.png
2.7010248,7.3686314,seed71764.png
-25.238222,-12.44108,seed71765.png
35.695713,25.53002,seed71766.png
-23.902079,3.4035766,seed71767.png
28.548931,8.20699,seed71768.png
7.45758,26.015451,seed71769.png
-19.744284,-8.360469,seed7177.png
-17.638496,-13.573371,seed71770.png
11.181634,11.021194,seed71771.png
23.708006,12.159632,seed71772.png
10.436564,-9.8446865,seed71773.png
-29.485262,-7.375748,seed71774.png
10.195632,-26.586138,seed71775.png
10.396629,14.877851,seed71776.png
0.99121255,-27.243881,seed71777.png
18.888151,26.40822,seed71778.png
3.8522513,-30.46954,seed71779.png
-31.29446,-9.564032,seed7178.png
8.046697,-6.021915,seed71780.png
26.179874,16.542116,seed71781.png
-18.072573,-19.58052,seed71782.png
-14.820356,4.3665543,seed71783.png
-18.14342,-0.5708757,seed71784.png
6.8991547,12.486465,seed71785.png
-7.9934235,13.471101,seed71786.png
-35.335175,7.3206687,seed71787.png
-11.93214,-12.145568,seed71788.png
16.299719,7.8743834,seed71789.png
7.5024266,-4.3164897,seed7179.png
-18.025873,-19.551506,seed71790.png
-13.0094795,-21.35403,seed71791.png
-24.395773,4.111165,seed71792.png
5.8229,16.852617,seed71793.png
17.173498,1.9130929,seed71794.png
-19.777914,5.978537,seed71795.png
28.246746,17.563087,seed71796.png
-10.716213,-9.799186,seed71797.png
29.919182,12.525997,seed71798.png
28.25618,18.635342,seed71799.png
27.51873,18.331934,seed7180.png
18.469461,-1.8256453,seed71800.png
13.263539,-41.523785,seed71801.png
32.383175,10.625059,seed71802.png
-1.5141883,21.420326,seed71803.png
-12.075732,8.924007,seed71804.png
32.931477,8.077934,seed71805.png
-12.36218,-24.475506,seed71806.png
22.011484,6.3479495,seed71807.png
-10.105351,-21.499846,seed71808.png
-7.8663306,-10.130725,seed71809.png
12.287838,-35.360077,seed7181.png
-13.144134,-29.107695,seed71810.png
-28.952326,-17.613482,seed71811.png
4.5796123,-19.524948,seed71812.png
35.72984,23.059267,seed71813.png
-28.292713,-4.834116,seed71814.png
18.99337,7.707585,seed71815.png
-21.13249,17.8182,seed71816.png
-30.558683,10.88567,seed71817.png
-26.309689,-12.760037,seed71818.png
2.1621675,23.32895,seed71819.png
3.4787498,-30.827633,seed7182.png
-25.314882,14.988877,seed71820.png
13.403703,-30.673773,seed71821.png
-15.892176,-11.287496,seed71822.png
3.5306537,-12.956391,seed71823.png
-5.738865,-23.298151,seed71824.png
29.36641,3.2750223,seed71825.png
-19.95119,-17.519289,seed71826.png
-7.8235097,-21.05118,seed71827.png
-17.491982,-26.933147,seed71828.png
14.154599,-30.952736,seed71829.png
-0.27076694,7.7491717,seed7183.png
21.38052,16.89493,seed71830.png
26.509861,-5.62648,seed71831.png
-18.761724,-19.70229,seed71832.png
23.429117,20.188473,seed71833.png
12.977266,-12.30626,seed71834.png
24.685106,13.205886,seed71835.png
20.399961,-6.3949966,seed71836.png
-30.602661,14.578217,seed71837.png
27.580166,14.844362,seed71838.png
-31.847296,12.365655,seed71839.png
-33.118042,23.766512,seed7184.png
10.310243,-41.508938,seed71840.png
37.8085,8.184745,seed71841.png
-17.6346,-8.5085945,seed71842.png
32.496582,4.686634,seed71843.png
13.78965,-0.048563324,seed71844.png
35.384228,24.7033,seed71845.png
-18.522423,15.539842,seed71846.png
25.610636,-3.9577448,seed71847.png
-21.1383,-4.0280747,seed71848.png
-13.693506,-22.69364,seed71849.png
3.0825794,9.113935,seed7185.png
30.339516,11.251119,seed71850.png
-24.360788,4.589067,seed71851.png
-12.275414,-26.798828,seed71852.png
-11.3218565,-32.859955,seed71853.png
37.68102,12.788651,seed71854.png
34.95439,14.108358,seed71855.png
-9.1218605,-21.919483,seed71856.png
-29.87981,11.557235,seed71857.png
-2.9138813,20.711624,seed71858.png
13.200943,25.490372,seed71859.png
5.93658,-3.6841815,seed7186.png
-3.5214162,-3.9437232,seed71860.png
3.0789409,-27.233452,seed71861.png
8.349985,6.265538,seed71862.png
-28.56363,19.924341,seed71863.png
-25.686098,-9.804773,seed71864.png
17.2787,18.174955,seed71865.png
9.330257,-33.31201,seed71866.png
11.413219,-6.4949403,seed71867.png
-0.5382207,-18.517176,seed71868.png
-32.20235,8.767934,seed71869.png
-31.752699,12.65404,seed7187.png
20.682714,-1.8893378,seed71870.png
-20.463295,-22.682318,seed71871.png
5.7906685,-29.708883,seed71872.png
29.384706,30.325241,seed71873.png
-33.00419,8.687722,seed71874.png
33.962112,19.529264,seed71875.png
4.6216373,7.9801593,seed71876.png
34.363186,14.77216,seed71877.png
-15.334385,-31.352182,seed71878.png
29.322277,26.444199,seed71879.png
6.5336056,-38.771072,seed7188.png
-24.446156,5.2773232,seed71880.png
-6.673115,11.410278,seed71881.png
-34.55064,-4.7546215,seed71882.png
36.17627,7.2286916,seed71883.png
-32.410248,22.371025,seed71884.png
16.03546,14.351727,seed71885.png
-33.876324,-3.0739188,seed71886.png
4.188483,-2.3198683,seed71887.png
-12.493851,-30.746674,seed71888.png
3.6777182,3.3989804,seed71889.png
3.83201,7.5858974,seed7189.png
20.365452,28.603449,seed71890.png
30.8368,12.509908,seed71891.png
-26.96248,17.32228,seed71892.png
18.534756,19.143267,seed71893.png
30.782158,16.84648,seed71894.png
-22.425375,-11.604983,seed71895.png
28.658306,29.963852,seed71896.png
32.036404,12.244749,seed71897.png
-15.955883,-18.223675,seed71898.png
4.8518944,-31.244877,seed71899.png
13.122588,15.330505,seed7190.png
15.271714,28.26329,seed71900.png
-14.450125,-21.796839,seed71901.png
-33.523197,-2.0499916,seed71902.png
11.115506,-23.860012,seed71903.png
8.401505,-35.17308,seed71904.png
1.5482618,12.481459,seed71905.png
14.588073,21.128944,seed71906.png
21.998762,10.798246,seed71907.png
-19.745207,3.0783834,seed71908.png
15.963217,27.456753,seed71909.png
-5.5067763,-8.87482,seed7191.png
39.120922,21.072556,seed71910.png
37.558273,12.88279,seed71911.png
-14.414818,-23.916136,seed71912.png
-26.012482,-3.3166094,seed71913.png
24.832,18.107237,seed71914.png
5.932638,-35.937172,seed71915.png
-27.064287,-14.664988,seed71916.png
6.1786923,14.274545,seed71917.png
21.832226,27.860008,seed71918.png
-23.321009,2.9094844,seed71919.png
-9.037657,-10.074466,seed7192.png
0.14396304,23.968885,seed71920.png
-21.719643,-3.065431,seed71921.png
-24.021694,-21.873579,seed71922.png
11.043369,-6.684363,seed71923.png
-19.822351,17.923332,seed71924.png
15.878656,-3.5825658,seed71925.png
38.21193,19.13892,seed71926.png
4.9990606,-34.541687,seed71927.png
26.257755,2.1231477,seed71928.png
-33.223564,6.5630736,seed71929.png
13.533249,-0.6981591,seed7193.png
7.5241175,-5.593612,seed71930.png
-28.083933,-7.08544,seed71931.png
-22.537611,15.515893,seed71932.png
-19.972456,-30.992514,seed71933.png
40.48367,18.434584,seed71934.png
-27.65167,2.8777602,seed71935.png
13.182438,-6.039594,seed71936.png
-34.101826,22.890728,seed71937.png
-4.804692,5.133766,seed71938.png
-20.733032,-2.579397,seed71939.png
-18.422083,-19.733225,seed7194.png
33.114563,23.810186,seed71940.png
-21.619951,19.361406,seed71941.png
-12.287981,-28.884018,seed71942.png
14.312942,18.154043,seed71943.png
10.621413,11.816689,seed71944.png
41.55277,21.04183,seed71945.png
29.367428,0.4095554,seed71946.png
-36.149704,17.35378,seed71947.png
10.678189,12.079085,seed71948.png
10.758993,-0.74520427,seed71949.png
10.3155,-34.83596,seed7195.png
10.280898,-21.83034,seed71950.png
-2.7766504,-25.277624,seed71951.png
-24.177973,-7.292284,seed71952.png
33.089024,27.673552,seed71953.png
-20.320127,1.6465414,seed71954.png
32.313854,15.544422,seed71955.png
-35.066082,8.955605,seed71956.png
25.01586,17.206545,seed71957.png
-21.422117,8.645247,seed71958.png
-9.401759,9.032746,seed71959.png
35.593216,19.007961,seed7196.png
17.783476,-8.250769,seed71960.png
17.277119,15.702335,seed71961.png
-16.242275,1.0000063,seed71962.png
-2.4126737,12.98429,seed71963.png
9.510889,21.646824,seed71964.png
4.9137793,-5.723684,seed71965.png
-23.422281,7.7407856,seed71966.png
27.719107,0.66405785,seed71967.png
-32.721584,0.6991173,seed71968.png
29.506687,8.662614,seed71969.png
-21.680073,-19.63863,seed7197.png
9.21467,8.676079,seed71970.png
26.297213,5.2056937,seed71971.png
-21.803213,8.087329,seed71972.png
-19.453753,5.0244594,seed71973.png
-18.314028,0.8963802,seed71974.png
16.361076,-33.83445,seed71975.png
-1.4621942,22.117844,seed71976.png
6.922331,13.347241,seed71977.png
-20.735788,3.8897007,seed71978.png
10.383823,28.526192,seed71979.png
11.115957,-24.430794,seed7198.png
-11.550586,-27.248306,seed71980.png
-13.457485,-25.461256,seed71981.png
22.62158,2.6213307,seed71982.png
0.43601006,-13.2908325,seed71983.png
19.583439,-7.1673417,seed71984.png
18.74232,4.1757083,seed71985.png
21.104557,11.5959,seed71986.png
2.783882,-5.308715,seed71987.png
18.90625,17.574581,seed71988.png
-18.840849,-0.6154013,seed71989.png
27.127699,-4.95187,seed7199.png
3.8468797,-16.677185,seed71990.png
-18.610313,13.6447115,seed71991.png
30.692568,24.056684,seed71992.png
-32.28644,-6.3230567,seed71993.png
19.4926,-0.5109524,seed71994.png
9.668176,28.42857,seed71995.png
-4.174782,-1.47474,seed71996.png
11.9793415,25.148067,seed71997.png
-36.668938,21.253576,seed71998.png
12.14581,-4.984461,seed71999.png
4.4161077,8.700994,seed7200.png
-21.068562,-5.738735,seed72000.png
-10.026132,-1.5310763,seed72001.png
-27.406239,-7.977861,seed72002.png
13.497014,-7.2292986,seed72003.png
-20.480295,-1.0465844,seed72004.png
29.552954,14.45447,seed72005.png
-24.169754,4.8479075,seed72006.png
-12.687455,0.5635364,seed72007.png
-7.010567,-10.408556,seed72008.png
-27.35182,-15.758336,seed72009.png
-18.66517,5.826524,seed7201.png
-28.333855,1.8907993,seed72010.png
21.823896,22.133635,seed72011.png
-7.7362785,-22.170456,seed72012.png
4.431991,-34.460136,seed72013.png
30.10757,15.884833,seed72014.png
40.473854,20.040771,seed72015.png
13.842412,9.357876,seed72016.png
11.246383,27.704752,seed72017.png
-12.73681,-3.723675,seed72018.png
13.804957,25.899097,seed72019.png
-6.483273,-0.2522247,seed7202.png
-16.480495,-23.949022,seed72020.png
-32.314556,7.660297,seed72021.png
-10.449323,-8.187368,seed72022.png
-27.032347,9.324834,seed72023.png
6.0648875,-34.56131,seed72024.png
-29.294552,21.269524,seed72025.png
4.777046,-5.6194797,seed72026.png
1.5273751,14.642933,seed72027.png
7.549791,25.0817,seed72028.png
-20.770075,-19.699802,seed72029.png
11.998716,-28.624058,seed7203.png
10.442771,21.027735,seed72030.png
0.26484022,-18.251621,seed72031.png
6.9556146,9.983505,seed72032.png
15.972825,11.529701,seed72033.png
25.101006,18.430613,seed72034.png
-16.419434,0.60261995,seed72035.png
6.664652,14.907301,seed72036.png
-34.561954,12.788477,seed72037.png
-14.76828,4.1245885,seed72038.png
-16.539274,-22.130253,seed72039.png
-16.129498,-2.514461,seed7204.png
30.412756,11.615616,seed72040.png
21.350924,23.407013,seed72041.png
26.751215,3.5478277,seed72042.png
-17.284836,8.225421,seed72043.png
11.158957,-38.11277,seed72044.png
25.597385,26.944838,seed72045.png
10.430844,-9.429096,seed72046.png
-3.184538,23.297297,seed72047.png
16.337662,23.343153,seed72048.png
-25.798843,-18.919846,seed72049.png
-18.978128,-19.054892,seed7205.png
13.107508,-4.750409,seed72050.png
-13.096513,0.28315097,seed72051.png
2.8733842,15.356407,seed72052.png
-14.068888,-2.1796877,seed72053.png
-22.491896,-6.7723646,seed72054.png
-20.421654,-19.508545,seed72055.png
9.752051,0.85943925,seed72056.png
-23.124065,-15.135568,seed72057.png
4.427749,-34.9711,seed72058.png
17.209072,-10.735392,seed72059.png
11.060204,-6.141305,seed7206.png
17.717857,5.540107,seed72060.png
13.163868,-28.330881,seed72061.png
18.540487,4.624459,seed72062.png
12.209859,-32.21508,seed72063.png
9.634873,0.76823336,seed72064.png
23.33143,20.736872,seed72065.png
-9.596481,-8.919862,seed72066.png
23.97872,11.092271,seed72067.png
28.39765,28.140282,seed72068.png
6.7365913,-41.256924,seed72069.png
40.69321,22.313549,seed7207.png
-7.8805017,-15.392162,seed72070.png
9.008218,6.5784826,seed72071.png
22.46878,1.2400575,seed72072.png
0.18336585,-22.24132,seed72073.png
36.57833,17.733576,seed72074.png
9.43703,4.7663426,seed72075.png
31.010471,-0.9443813,seed72076.png
20.540655,8.418162,seed72077.png
-26.349257,14.139796,seed72078.png
-38.115326,25.762589,seed72079.png
4.3852215,-33.28377,seed7208.png
0.22318707,-18.85222,seed72080.png
-1.4339888,-0.9205779,seed72081.png
-1.9574759,24.27607,seed72082.png
-9.722829,-23.589472,seed72083.png
-20.557032,9.863606,seed72084.png
11.215539,1.972995,seed72085.png
25.021677,3.7818382,seed72086.png
-12.556329,-18.698858,seed72087.png
-29.994596,12.1243725,seed72088.png
11.544704,-6.045585,seed72089.png
-10.386914,-28.367579,seed7209.png
-25.869505,14.966993,seed72090.png
5.6864533,-2.3633397,seed72091.png
-20.070204,-24.791792,seed72092.png
37.632175,21.968775,seed72093.png
9.447335,-27.040878,seed72094.png
-26.079166,13.686801,seed72095.png
-19.012829,15.890308,seed72096.png
1.936475,13.309501,seed72097.png
-26.465788,-9.541275,seed72098.png
-8.317749,-14.377679,seed72099.png
14.197939,-6.8642764,seed7210.png
-1.9870229,13.198557,seed72100.png
-5.396797,0.7077511,seed72101.png
-10.504631,1.8092086,seed72102.png
-6.0233364,-24.976986,seed72103.png
-32.332085,26.02505,seed72104.png
-0.26759973,23.876282,seed72105.png
27.389988,22.300484,seed72106.png
14.218521,-35.98364,seed72107.png
4.4109993,6.672335,seed72108.png
-19.849886,-32.56924,seed72109.png
6.36886,2.726652,seed7211.png
-10.979708,-2.8287518,seed72110.png
19.770954,17.576054,seed72111.png
-11.060665,-5.6002283,seed72112.png
33.80677,21.497917,seed72113.png
8.874771,-35.07763,seed72114.png
5.855687,-34.12029,seed72115.png
18.286423,23.186459,seed72116.png
25.23345,23.309278,seed72117.png
12.015311,-33.008095,seed72118.png
28.81972,20.671818,seed72119.png
-34.73229,27.439207,seed7212.png
-23.612892,-26.530487,seed72120.png
-16.929884,-13.530207,seed72121.png
-20.591536,-15.574518,seed72122.png
2.749236,-14.299606,seed72123.png
29.755585,6.907202,seed72124.png
14.213808,-36.435635,seed72125.png
14.73936,-35.153595,seed72126.png
-2.8546267,0.17131457,seed72127.png
-23.200874,7.4526157,seed72128.png
-35.934414,16.33942,seed72129.png
-22.827776,-19.019163,seed7213.png
-25.999228,10.645544,seed72130.png
26.894115,18.82209,seed72131.png
17.120903,-7.7756004,seed72132.png
-37.65831,15.120348,seed72133.png
15.110475,14.738571,seed72134.png
35.66664,6.2101645,seed72135.png
2.8817253,6.9007783,seed72136.png
28.473305,12.781137,seed72137.png
14.876761,-6.221084,seed72138.png
-21.802387,1.0254036,seed72139.png
-18.342962,3.7452161,seed7214.png
-29.398071,-13.306792,seed72140.png
8.13114,-27.153543,seed72141.png
-25.81867,-2.007631,seed72142.png
12.605966,23.859995,seed72143.png
-6.51507,-14.155741,seed72144.png
-17.093834,-9.607217,seed72145.png
-0.3690793,-12.764601,seed72146.png
-30.553213,23.310225,seed72147.png
3.306298,-31.270597,seed72148.png
24.96711,10.723671,seed72149.png
-15.162269,0.8235911,seed7215.png
-34.7864,15.335629,seed72150.png
12.304332,-43.065277,seed72151.png
40.53963,20.50871,seed72152.png
3.2361085,-31.250671,seed72153.png
-34.808117,27.688116,seed72154.png
9.738257,-39.33959,seed72155.png
-12.016063,-29.598562,seed72156.png
4.709688,11.30343,seed72157.png
16.134027,-35.957382,seed72158.png
22.669807,7.2584243,seed72159.png
-32.19079,22.662935,seed7216.png
10.829769,28.599897,seed72160.png
-8.611853,-22.509819,seed72161.png
-33.024868,-1.4468204,seed72162.png
27.601208,4.6452956,seed72163.png
-3.1245453,-17.347857,seed72164.png
-23.945997,2.909053,seed72165.png
-20.97751,-21.836231,seed72166.png
-18.96716,0.1543472,seed72167.png
-17.771296,-17.248486,seed72168.png
-12.80844,1.8091401,seed72169.png
-3.632333,-11.502817,seed7217.png
25.774883,15.011027,seed72170.png
-14.150156,-26.557316,seed72171.png
9.784088,-9.76857,seed72172.png
-23.932993,6.7605376,seed72173.png
10.515363,-1.236033,seed72174.png
16.608498,15.825027,seed72175.png
26.230259,13.585946,seed72176.png
-24.867931,4.0437574,seed72177.png
13.647731,22.600128,seed72178.png
10.105586,-1.9463309,seed72179.png
11.04099,-33.14541,seed7218.png
18.30353,0.48129362,seed72180.png
-30.58282,-12.654509,seed72181.png
-29.833681,1.513779,seed72182.png
-11.519334,-4.4953218,seed72183.png
9.442358,-41.300365,seed72184.png
19.655243,15.187825,seed72185.png
-11.620319,-15.695798,seed72186.png
23.691399,17.026918,seed72187.png
-16.77576,-6.8595905,seed72188.png
31.8087,5.849622,seed72189.png
22.658566,-5.5856013,seed7219.png
25.503756,17.49125,seed72190.png
-22.350712,-27.735577,seed72191.png
14.619934,-32.961018,seed72192.png
-23.912006,-9.899039,seed72193.png
36.385822,23.948591,seed72194.png
9.153415,-5.560114,seed72195.png
8.979035,11.495387,seed72196.png
-10.162299,-4.009523,seed72197.png
-14.351733,-25.905912,seed72198.png
-38.09488,19.725607,seed72199.png
-25.953432,-9.6659565,seed7220.png
18.249544,7.6808786,seed72200.png
37.078526,20.56724,seed72201.png
-27.175287,-12.135084,seed72202.png
0.6178782,23.614897,seed72203.png
7.345929,-0.076763675,seed72204.png
-12.696426,-16.589891,seed72205.png
-7.9017267,11.26254,seed72206.png
3.7571259,8.887444,seed72207.png
-16.10529,-10.901981,seed72208.png
-33.39565,23.51153,seed72209.png
33.231853,22.729477,seed7221.png
11.70588,-35.45674,seed72210.png
-15.968556,-6.3387012,seed72211.png
-18.038605,-4.2157583,seed72212.png
12.127812,17.66211,seed72213.png
-26.353193,5.694581,seed72214.png
21.061653,-3.6178339,seed72215.png
22.556248,23.348377,seed72216.png
33.50835,22.5569,seed72217.png
17.269703,20.884033,seed72218.png
-17.608736,-10.512513,seed72219.png
25.607283,6.469106,seed7222.png
-18.327164,16.885546,seed72220.png
9.93374,-39.6827,seed72221.png
9.451355,26.726322,seed72222.png
11.444848,-27.419529,seed72223.png
-33.130245,2.3870637,seed72224.png
24.27244,26.433372,seed72225.png
-22.779251,-21.171175,seed72226.png
-13.933252,-23.918781,seed72227.png
-23.243406,-7.9625826,seed72228.png
3.8975596,-20.987171,seed72229.png
33.782566,20.873568,seed7223.png
19.39274,4.950477,seed72230.png
12.708968,13.375591,seed72231.png
-19.616213,-1.5595059,seed72232.png
13.310277,-36.312355,seed72233.png
9.755345,-41.735073,seed72234.png
25.138618,10.932152,seed72235.png
6.7715807,5.727576,seed72236.png
-32.967827,-0.21996519,seed72237.png
-35.350273,26.275919,seed72238.png
-13.856751,-29.307787,seed72239.png
15.579944,-36.883144,seed7224.png
-15.59962,-17.592155,seed72240.png
-3.9856348,14.653852,seed72241.png
6.4948387,-9.165181,seed72242.png
1.1676054,24.943527,seed72243.png
-18.791933,-4.8904395,seed72244.png
1.7208833,12.536585,seed72245.png
-13.095447,-13.519565,seed72246.png
-28.06987,-11.924147,seed72247.png
-35.85079,-6.0302806,seed72248.png
33.467545,26.49595,seed72249.png
38.646534,24.155098,seed7225.png
18.642572,3.698038,seed72250.png
-21.272684,-22.906248,seed72251.png
-17.638937,-13.443892,seed72252.png
34.365868,0.5496683,seed72253.png
34.571823,17.749727,seed72254.png
16.661484,-6.5891423,seed72255.png
11.680169,8.482116,seed72256.png
37.541904,16.312292,seed72257.png
10.511084,14.348893,seed72258.png
0.26227412,-0.8733949,seed72259.png
39.714783,24.142424,seed7226.png
-19.68296,-5.0264854,seed72260.png
11.643314,-1.1733148,seed72261.png
-21.33294,9.327562,seed72262.png
4.73339,-8.977937,seed72263.png
14.246426,-1.7915825,seed72264.png
8.201354,-28.694433,seed72265.png
-33.428024,19.3471,seed72266.png
0.6375805,24.79393,seed72267.png
26.269407,15.341265,seed72268.png
-14.5384,-11.624055,seed72269.png
-34.279427,-4.0700693,seed7227.png
20.295626,-1.9182658,seed72270.png
10.75629,-8.907857,seed72271.png
18.487846,0.49752676,seed72272.png
1.4381169,11.158262,seed72273.png
-28.851185,8.409161,seed72274.png
-27.329897,14.017896,seed72275.png
0.06842392,14.86124,seed72276.png
-17.790178,-17.740896,seed72277.png
-35.809494,-2.0481124,seed72278.png
21.42692,14.698363,seed72279.png
-16.168093,10.669143,seed7228.png
-34.585613,27.430014,seed72280.png
12.97044,13.689051,seed72281.png
-1.333118,24.743488,seed72282.png
-27.291897,-2.0474153,seed72283.png
7.2708564,6.246857,seed72284.png
-29.782202,-11.613803,seed72285.png
34.105663,18.235851,seed72286.png
17.421244,-5.2399955,seed72287.png
2.302889,-1.9377115,seed72288.png
-13.855198,-6.747514,seed72289.png
11.347936,-42.28151,seed7229.png
36.47212,23.830061,seed72290.png
-19.054342,-22.90372,seed72291.png
-12.856051,-24.356657,seed72292.png
14.296399,28.15808,seed72293.png
-25.52482,12.176138,seed72294.png
-11.805337,9.78383,seed72295.png
7.871087,13.967246,seed72296.png
-6.218978,-27.095177,seed72297.png
5.455581,21.469305,seed72298.png
5.492688,24.15227,seed72299.png
-31.607353,2.9903917,seed7230.png
27.98572,20.313877,seed72300.png
-12.308823,-3.7774441,seed72301.png
15.288827,-3.0309606,seed72302.png
3.139331,0.7357805,seed72303.png
31.166662,6.7326393,seed72304.png
-6.903824,-24.714607,seed72305.png
35.82743,12.4793,seed72306.png
-15.246205,-15.658628,seed72307.png
15.28197,-5.3183994,seed72308.png
15.4678335,-38.360416,seed72309.png
14.852641,3.602705,seed7231.png
-19.281334,-14.398917,seed72310.png
20.009398,-4.8306727,seed72311.png
7.854375,-36.78554,seed72312.png
38.32764,5.5467267,seed72313.png
23.937061,-1.588679,seed72314.png
-25.62214,0.65552264,seed72315.png
-8.504608,-17.480906,seed72316.png
35.838215,17.976416,seed72317.png
-28.747309,15.684882,seed72318.png
10.750298,-35.29987,seed72319.png
5.37683,3.5971534,seed7232.png
9.334091,-1.4632014,seed72320.png
15.867311,15.730165,seed72321.png
-36.605316,14.225957,seed72322.png
-14.284026,-27.026392,seed72323.png
-27.969538,-8.091791,seed72324.png
-12.725962,-10.7770815,seed72325.png
-28.139744,-6.9329534,seed72326.png
-14.589126,-2.3518322,seed72327.png
-28.327635,5.958262,seed72328.png
4.881995,5.741074,seed72329.png
6.687685,23.347672,seed7233.png
-25.141542,-21.972763,seed72330.png
26.046715,22.635498,seed72331.png
38.53253,17.090277,seed72332.png
-22.511469,-17.069847,seed72333.png
26.537424,16.79043,seed72334.png
14.735363,-32.408047,seed72335.png
27.892473,13.601375,seed72336.png
-22.206535,-16.978075,seed72337.png
37.198807,19.23948,seed72338.png
17.655632,4.7309985,seed72339.png
-26.603544,-20.13048,seed7234.png
-10.876739,-9.318379,seed72340.png
-24.692022,3.7394426,seed72341.png
-18.191706,17.541267,seed72342.png
-29.813087,-10.882069,seed72343.png
22.681528,19.622847,seed72344.png
8.721868,-5.6571136,seed72345.png
-16.319416,-18.051191,seed72346.png
-19.923262,-4.303873,seed72347.png
-10.217285,-2.1078162,seed72348.png
8.359713,-6.584974,seed72349.png
12.312757,-42.78424,seed7235.png
38.39206,21.613537,seed72350.png
32.276657,21.142237,seed72351.png
6.472082,3.5752716,seed72352.png
-28.779768,-18.250029,seed72353.png
-10.410934,3.888812,seed72354.png
14.120445,20.949114,seed72355.png
5.4400463,-38.38103,seed72356.png
-4.7987747,13.630098,seed72357.png
-19.84362,11.259097,seed72358.png
21.026827,22.491962,seed72359.png
4.8935843,-37.22918,seed7236.png
7.0762253,8.101244,seed72360.png
36.829784,7.4870915,seed72361.png
-33.134823,14.516573,seed72362.png
-3.1489742,-17.465672,seed72363.png
30.234089,16.308279,seed72364.png
-4.728356,-22.591341,seed72365.png
34.415794,22.573675,seed72366.png
25.686625,14.717641,seed72367.png
-20.069513,-18.536772,seed72368.png
0.31949377,3.7824388,seed72369.png
34.236034,19.392426,seed7237.png
37.971794,21.077421,seed72370.png
10.416159,-42.411674,seed72371.png
20.187157,24.463537,seed72372.png
21.116913,12.148595,seed72373.png
32.27321,10.35134,seed72374.png
-35.81817,9.32138,seed72375.png
3.7986972,-21.94839,seed72376.png
22.061737,20.493713,seed72377.png
2.3587167,17.284565,seed72378.png
-32.269245,24.705254,seed72379.png
-10.03589,-22.80609,seed7238.png
26.273863,19.627333,seed72380.png
-8.423882,-15.482034,seed72381.png
-23.549334,-27.969757,seed72382.png
-14.028693,3.8420453,seed72383.png
4.7593813,-31.391264,seed72384.png
-0.9233157,18.748837,seed72385.png
-0.77651834,-26.666838,seed72386.png
-30.397888,7.5290723,seed72387.png
8.012585,-0.8530616,seed72388.png
-34.89759,5.1603045,seed72389.png
40.33723,23.620195,seed7239.png
25.81064,2.4418194,seed72390.png
-13.107445,-26.79048,seed72391.png
19.74117,-7.3506284,seed72392.png
15.274639,28.080437,seed72393.png
-13.545515,-18.331833,seed72394.png
-7.798286,10.256443,seed72395.png
38.42314,17.48117,seed72396.png
-22.87059,15.309752,seed72397.png
-12.325657,-22.06435,seed72398.png
-36.25144,10.21436,seed72399.png
12.58231,-33.368706,seed7240.png
4.3832407,-3.344858,seed72400.png
-19.0632,-19.325396,seed72401.png
9.806879,22.71075,seed72402.png
4.146675,5.88307,seed72403.png
36.29946,19.219316,seed72404.png
-17.947468,-22.117823,seed72405.png
-15.857714,-18.17196,seed72406.png
24.314835,13.4949045,seed72407.png
28.614027,19.545433,seed72408.png
-16.365892,2.0268736,seed72409.png
-28.874062,3.953177,seed7241.png
24.00379,22.07015,seed72410.png
-23.80428,-16.50828,seed72411.png
10.5319605,-2.0619473,seed72412.png
-32.643284,23.570135,seed72413.png
11.075321,29.338684,seed72414.png
-32.805862,3.119283,seed72415.png
-22.888731,-6.220504,seed72416.png
10.8432255,-38.09874,seed72417.png
21.217985,1.8364244,seed72418.png
4.9586096,22.708467,seed72419.png
-2.0839047,15.35518,seed7242.png
-11.048762,-16.639214,seed72420.png
20.314533,-4.543248,seed72421.png
13.266409,-12.618459,seed72422.png
10.1564245,-41.596687,seed72423.png
35.365776,16.39863,seed72424.png
18.81366,3.8090944,seed72425.png
-4.7669387,15.853031,seed72426.png
-1.6381295,11.307219,seed72427.png
8.461786,5.430191,seed72428.png
12.046841,3.5312567,seed72429.png
0.1843692,16.159891,seed7243.png
1.3718879,-25.307552,seed72430.png
-1.0222676,-16.864473,seed72431.png
15.584559,19.062704,seed72432.png
-0.7918886,14.1731415,seed72433.png
-31.2254,18.809973,seed72434.png
-21.99082,-7.17377,seed72435.png
-11.759878,-7.1953554,seed72436.png
-32.59537,-8.5912285,seed72437.png
-26.301672,-2.6819513,seed72438.png
-12.80766,-12.552493,seed72439.png
-20.798521,5.400982,seed7244.png
16.811958,-2.839064,seed72440.png
-34.442066,27.176868,seed72441.png
-27.564306,17.668646,seed72442.png
5.5923266,20.781326,seed72443.png
-12.858511,-20.156872,seed72444.png
0.99707365,-3.8733203,seed72445.png
11.399072,-28.450169,seed72446.png
38.310444,19.588078,seed72447.png
27.721651,-3.3714492,seed72448.png
-20.070719,-28.570581,seed72449.png
-26.347298,3.023268,seed7245.png
2.7842567,-14.667387,seed72450.png
-11.948514,8.406803,seed72451.png
-18.734602,-14.541004,seed72452.png
26.79911,-0.6607504,seed72453.png
-20.53245,9.184526,seed72454.png
36.70851,15.266918,seed72455.png
-33.645557,17.012232,seed72456.png
-16.985136,-27.64043,seed72457.png
-5.6243253,-18.723486,seed72458.png
-28.957945,-6.645026,seed72459.png
-17.470129,-13.450301,seed7246.png
31.285082,28.506819,seed72460.png
18.126255,26.892952,seed72461.png
-34.754467,14.018141,seed72462.png
-33.036194,23.79708,seed72463.png
20.22562,2.4982166,seed72464.png
-23.604801,18.908674,seed72465.png
-19.2423,-2.4749498,seed72466.png
32.94209,13.861512,seed72467.png
-0.941767,22.391312,seed72468.png
-1.0480014,-14.421301,seed72469.png
6.2315702,-31.568125,seed7247.png
3.7437947,19.970993,seed72470.png
33.95583,14.974653,seed72471.png
-19.409288,-6.571846,seed72472.png
27.814363,20.585035,seed72473.png
14.011933,14.429799,seed72474.png
5.5809307,21.168453,seed72475.png
13.187644,-1.3954226,seed72476.png
33.532757,8.992575,seed72477.png
-27.918093,10.995776,seed72478.png
31.599966,21.801764,seed72479.png
10.933034,-32.74691,seed7248.png
-14.372995,-2.999876,seed72480.png
-26.111046,17.093246,seed72481.png
-20.057123,14.51079,seed72482.png
27.544577,19.365177,seed72483.png
-27.935944,-0.4700366,seed72484.png
-33.782352,22.371151,seed72485.png
-0.5411832,-18.90673,seed72486.png
-15.276319,2.9744844,seed72487.png
-22.466633,-29.235535,seed72488.png
-34.479202,-2.0592759,seed72489.png
18.810051,27.56363,seed7249.png
38.616264,13.931462,seed72490.png
-13.491342,4.0254436,seed72491.png
-15.402195,-24.06514,seed72492.png
-23.872585,17.343884,seed72493.png
-1.9193422,-13.073841,seed72494.png
-23.832445,9.757735,seed72495.png
13.282973,-42.43637,seed72496.png
37.767498,15.198404,seed72497.png
-29.7613,3.4924662,seed72498.png
12.85846,-29.441093,seed72499.png
16.515667,-34.189,seed7250.png
-21.882807,-7.6574225,seed72500.png
-16.84064,-9.906635,seed72501.png
-6.530037,-7.300609,seed72502.png
-14.440238,-29.78939,seed72503.png
9.33225,-38.657875,seed72504.png
-0.95239663,2.5843046,seed72505.png
-33.933697,15.008709,seed72506.png
19.045815,22.073957,seed72507.png
-8.71176,-12.034486,seed72508.png
11.227546,-37.376232,seed72509.png
13.013815,1.757643,seed7251.png
-29.645567,-11.127876,seed72510.png
-15.976187,-31.080603,seed72511.png
21.626663,-6.292725,seed72512.png
36.9328,9.157704,seed72513.png
17.050953,26.14097,seed72514.png
-32.461533,3.8389142,seed72515.png
24.632553,-2.1129422,seed72516.png
-15.521629,-3.312723,seed72517.png
-14.386303,-10.088599,seed72518.png
-12.748798,6.547399,seed72519.png
12.282039,-41.976105,seed7252.png
35.05426,6.443584,seed72520.png
10.37623,4.4522443,seed72521.png
7.833383,11.327903,seed72522.png
35.991043,12.597941,seed72523.png
40.922794,19.237194,seed72524.png
-20.23791,-16.686842,seed72525.png
23.486795,-1.6706301,seed72526.png
-8.545678,-19.697128,seed72527.png
8.913514,-42.092144,seed72528.png
-31.293863,5.5997634,seed72529.png
0.81792736,-4.5252395,seed7253.png
12.273743,-2.060861,seed72530.png
-15.509706,-6.2977986,seed72531.png
-8.4867115,-4.4335847,seed72532.png
-1.8678881,15.228925,seed72533.png
-16.132795,-28.24965,seed72534.png
-13.713969,-21.386768,seed72535.png
25.842758,2.6553102,seed72536.png
-16.805698,-9.937321,seed72537.png
-23.710318,2.343137,seed72538.png
-12.995244,-9.4979105,seed72539.png
-1.3709954,-12.772654,seed7254.png
27.274559,13.700987,seed72540.png
-35.279644,24.799961,seed72541.png
-25.57437,10.266301,seed72542.png
-25.345617,2.561685,seed72543.png
-18.094099,1.9647993,seed72544.png
37.375526,10.600172,seed72545.png
37.62473,11.457964,seed72546.png
37.027725,16.979887,seed72547.png
2.2800233,1.5444634,seed72548.png
8.8500395,10.615464,seed72549.png
-13.093659,1.3067284,seed7255.png
-24.367811,16.666584,seed72550.png
-21.868717,-7.1002355,seed72551.png
26.265697,-1.167201,seed72552.png
18.43373,0.94592077,seed72553.png
7.80332,-38.893406,seed72554.png
21.005991,18.003838,seed72555.png
10.943275,-0.34599215,seed72556.png
-13.158991,-20.007366,seed72557.png
-33.341347,20.40274,seed72558.png
-24.37312,14.563099,seed72559.png
6.370106,-28.556158,seed7256.png
-23.385687,13.756864,seed72560.png
-33.05095,-3.396009,seed72561.png
1.0408971,19.464958,seed72562.png
-19.652557,-13.037702,seed72563.png
-16.875217,-3.6465533,seed72564.png
-5.0681753,12.72126,seed72565.png
2.1125805,22.968613,seed72566.png
10.715899,19.317673,seed72567.png
18.914917,0.59162694,seed72568.png
4.729357,-26.862928,seed72569.png
14.188696,2.4834425,seed7257.png
-7.9730377,-12.13722,seed72570.png
7.066174,-4.0826464,seed72571.png
-7.115501,15.801097,seed72572.png
5.9138494,-10.708685,seed72573.png
17.84834,-7.9035025,seed72574.png
35.28486,25.620329,seed72575.png
29.717386,6.4329157,seed72576.png
-19.496294,-2.246818,seed72577.png
4.339607,6.7738023,seed72578.png
31.789124,25.996437,seed72579.png
23.097767,19.818073,seed7258.png
37.508812,18.016493,seed72580.png
-30.310959,15.298563,seed72581.png
38.72496,7.6825333,seed72582.png
-22.163778,6.9240804,seed72583.png
-5.9408574,-1.4392933,seed72584.png
-37.00073,25.30543,seed72585.png
30.792704,25.509224,seed72586.png
10.830275,-42.658188,seed72587.png
17.84867,12.71154,seed72588.png
-1.2937443,24.969034,seed72589.png
17.403362,23.67268,seed7259.png
-13.898922,-13.677966,seed72590.png
26.908081,8.260966,seed72591.png
25.151299,2.9379063,seed72592.png
5.171586,-31.838364,seed72593.png
28.629269,3.241662,seed72594.png
27.571138,5.3253045,seed72595.png
13.237185,-29.411335,seed72596.png
29.778559,8.413334,seed72597.png
-12.62258,2.8155277,seed72598.png
-22.686953,-26.185534,seed72599.png
-18.389093,17.723095,seed7260.png
37.36111,25.536024,seed72600.png
-26.532906,-14.727845,seed72601.png
13.15937,-8.118627,seed72602.png
-18.544811,-6.1486244,seed72603.png
0.95459694,-8.828367,seed72604.png
6.846306,-31.127373,seed72605.png
19.714268,-2.8790095,seed72606.png
15.7630205,-36.025597,seed72607.png
15.942219,3.0933096,seed72608.png
-25.851242,-15.836133,seed72609.png
-33.813877,17.766283,seed7261.png
-11.671557,-6.202359,seed72610.png
-10.507335,-0.3311915,seed72611.png
-19.90567,-24.884853,seed72612.png
-25.47373,6.4295816,seed72613.png
-25.230679,-14.621937,seed72614.png
-24.620003,-6.6838317,seed72615.png
-17.788183,-31.545158,seed72616.png
11.918997,26.234474,seed72617.png
28.622604,17.354643,seed72618.png
-22.591877,2.3803365,seed72619.png
-1.1234103,0.14321946,seed7262.png
-14.961061,-30.046629,seed72620.png
27.82466,-1.1685377,seed72621.png
-11.819553,-17.657219,seed72622.png
29.572123,11.022412,seed72623.png
18.410154,-0.11360524,seed72624.png
-20.850916,18.878666,seed72625.png
-32.731663,0.08170284,seed72626.png
16.326553,15.538337,seed72627.png
8.874336,-7.129408,seed72628.png
5.7437587,-26.210306,seed72629.png
-16.788761,4.42548,seed7263.png
31.491016,26.585892,seed72630.png
18.621243,9.635066,seed72631.png
-36.720123,20.990059,seed72632.png
12.056269,14.653006,seed72633.png
-26.373653,0.52071464,seed72634.png
7.964437,17.85331,seed72635.png
13.847754,-26.832144,seed72636.png
12.322062,16.34371,seed72637.png
-4.5347323,0.9056834,seed72638.png
15.103733,-23.494156,seed72639.png
5.4679155,23.794474,seed7264.png
-24.20677,-7.209357,seed72640.png
-17.046753,-10.723187,seed72641.png
24.195227,3.9643793,seed72642.png
-6.872245,-1.306826,seed72643.png
-22.858099,-23.810415,seed72644.png
1.9562315,-5.231508,seed72645.png
-6.6597767,-12.811215,seed72646.png
32.879246,5.7198668,seed72647.png
34.784164,5.4673805,seed72648.png
0.785611,7.187987,seed72649.png
-17.734426,-25.407196,seed7265.png
-1.222779,9.69436,seed72650.png
10.24324,-8.669338,seed72651.png
-14.880717,-10.702701,seed72652.png
14.231599,-2.230274,seed72653.png
-9.334494,-18.634935,seed72654.png
-33.586384,3.4749465,seed72655.png
-22.63257,11.599464,seed72656.png
37.536293,21.30914,seed72657.png
23.00779,6.961367,seed72658.png
15.643489,11.927346,seed72659.png
17.024649,8.716009,seed7266.png
-21.978132,17.398886,seed72660.png
19.530684,10.767301,seed72661.png
-27.64455,12.307173,seed72662.png
-27.432245,8.377057,seed72663.png
-23.635199,3.4826534,seed72664.png
-26.026533,-1.6145962,seed72665.png
4.493043,20.800356,seed72666.png
28.773024,25.363308,seed72667.png
-1.3991116,-15.876722,seed72668.png
10.210003,-27.079924,seed72669.png
-17.65974,-10.442633,seed7267.png
36.6001,8.419855,seed72670.png
1.6541421,22.589308,seed72671.png
36.483253,18.652542,seed72672.png
24.9558,2.6446328,seed72673.png
-1.9877261,-1.7274514,seed72674.png
4.3195686,24.198065,seed72675.png
-15.755081,-3.183865,seed72676.png
-18.818441,-0.6818504,seed72677.png
12.342485,14.557407,seed72678.png
-29.790632,5.792319,seed72679.png
6.622381,22.514778,seed7268.png
-6.8744993,9.460429,seed72680.png
-3.5064719,-13.214081,seed72681.png
13.1298065,-3.4743686,seed72682.png
26.423714,11.748856,seed72683.png
34.59966,15.76467,seed72684.png
0.97960716,-2.4391637,seed72685.png
10.993143,1.2959366,seed72686.png
22.258667,16.182991,seed72687.png
5.381687,22.74256,seed72688.png
6.458876,-33.479374,seed72689.png
33.813786,23.425714,seed7269.png
4.64358,-32.882866,seed72690.png
-24.391617,-22.649818,seed72691.png
13.208273,13.001112,seed72692.png
19.72466,14.527042,seed72693.png
-22.530388,-4.5242915,seed72694.png
-22.41895,-7.782551,seed72695.png
8.07916,-39.476727,seed72696.png
-24.131197,-20.353762,seed72697.png
-27.632046,-14.160608,seed72698.png
8.295799,-6.5457053,seed72699.png
-9.086126,-13.849048,seed7270.png
-15.507986,-13.428051,seed72700.png
18.850367,18.858143,seed72701.png
4.922122,4.1755996,seed72702.png
-32.46275,-13.780004,seed72703.png
9.892748,-41.95517,seed72704.png
-8.109389,1.7606035,seed72705.png
-18.56465,-16.127163,seed72706.png
31.465643,16.784864,seed72707.png
-13.924272,-9.093849,seed72708.png
15.59928,9.667682,seed72709.png
5.7130227,-26.116312,seed7271.png
-37.98942,14.112624,seed72710.png
-19.454065,-21.248013,seed72711.png
-20.08634,-22.359215,seed72712.png
-25.942863,1.979341,seed72713.png
20.454588,1.6245087,seed72714.png
-25.406195,4.270242,seed72715.png
10.34366,-42.503365,seed72716.png
-21.148314,-25.080547,seed72717.png
8.416039,-2.808752,seed72718.png
17.888718,3.2618053,seed72719.png
6.397794,22.300781,seed7272.png
-18.623156,-15.506519,seed72720.png
-38.026463,20.318747,seed72721.png
-25.038536,14.516532,seed72722.png
4.343604,-26.962084,seed72723.png
29.273315,7.498419,seed72724.png
-16.39766,-30.27897,seed72725.png
-21.168652,15.024539,seed72726.png
5.7432246,22.506546,seed72727.png
-21.657187,-3.005799,seed72728.png
31.816647,13.069114,seed72729.png
-23.808302,-20.041172,seed7273.png
-19.981348,-13.397263,seed72730.png
-29.472353,9.788372,seed72731.png
-15.223191,5.068512,seed72732.png
39.120243,23.29369,seed72733.png
38.774857,24.161144,seed72734.png
-1.6420847,-16.405325,seed72735.png
9.270874,23.379637,seed72736.png
11.372747,1.4163293,seed72737.png
1.127622,-5.433302,seed72738.png
-0.1560919,13.093641,seed72739.png
-30.60951,3.9573157,seed7274.png
-15.797528,15.057536,seed72740.png
19.859812,10.009797,seed72741.png
2.930592,21.434689,seed72742.png
0.7246868,-18.720375,seed72743.png
24.222982,17.071812,seed72744.png
-21.526201,2.9891434,seed72745.png
-18.84225,-7.4693584,seed72746.png
11.826025,-7.4886,seed72747.png
13.322126,-23.42667,seed72748.png
-17.556543,-1.4019752,seed72749.png
15.5514765,18.342924,seed7275.png
21.119406,23.103184,seed72750.png
15.53574,-31.711967,seed72751.png
-14.5190735,-29.509253,seed72752.png
-9.6601305,2.3631516,seed72753.png
-12.661827,-14.995702,seed72754.png
-33.229233,26.086258,seed72755.png
16.267017,4.6303506,seed72756.png
-21.136023,-27.707134,seed72757.png
31.068993,5.0778623,seed72758.png
-21.086605,-8.496125,seed72759.png
9.452794,-24.318377,seed7276.png
19.630363,1.7985573,seed72760.png
20.472677,21.938776,seed72761.png
3.0988371,-5.377905,seed72762.png
9.8562355,29.427841,seed72763.png
10.894979,14.263624,seed72764.png
3.4878714,-23.796926,seed72765.png
-12.755179,-23.691591,seed72766.png
29.72347,1.8320363,seed72767.png
-5.049586,13.779068,seed72768.png
-25.574131,-18.655273,seed72769.png
-10.792703,-22.417492,seed7277.png
32.868126,9.992285,seed72770.png
33.791737,6.7778215,seed72771.png
29.489069,9.78749,seed72772.png
-12.013628,-6.946809,seed72773.png
-27.441217,-13.472711,seed72774.png
-3.7700098,-16.164173,seed72775.png
-37.38301,17.740192,seed72776.png
5.076286,-23.04314,seed72777.png
-29.134445,19.116741,seed72778.png
-22.69829,-12.257391,seed72779.png
6.258419,-27.370562,seed7278.png
-32.586338,18.766773,seed72780.png
-15.076155,-9.651692,seed72781.png
27.603346,11.910836,seed72782.png
-31.575651,19.320734,seed72783.png
11.024754,-42.629307,seed72784.png
20.48626,23.535109,seed72785.png
18.828299,-9.314715,seed72786.png
32.467445,5.600537,seed72787.png
-18.004553,-15.200331,seed72788.png
-18.217157,-4.2453947,seed72789.png
12.195097,5.6329207,seed7279.png
-28.191029,-6.1504374,seed72790.png
17.403316,22.969673,seed72791.png
25.159266,21.971447,seed72792.png
-17.357288,-2.9702737,seed72793.png
-1.5188645,-16.212275,seed72794.png
-22.90051,-7.657897,seed72795.png
0.50508225,23.41647,seed72796.png
-34.806393,27.736311,seed72797.png
-9.677609,-11.183465,seed72798.png
-31.531492,3.2345526,seed72799.png
23.399723,19.582254,seed7280.png
-8.508098,-4.7976837,seed72800.png
16.036785,-1.1301948,seed72801.png
-19.737373,-5.584145,seed72802.png
9.903575,0.43126684,seed72803.png
26.470922,23.58235,seed72804.png
-20.173866,12.189473,seed72805.png
36.738438,16.31314,seed72806.png
11.428532,-32.218956,seed72807.png
6.1208797,-31.292246,seed72808.png
9.309127,-10.399577,seed72809.png
11.774701,-40.42274,seed7281.png
10.217932,22.591799,seed72810.png
-1.2221162,14.940757,seed72811.png
12.049973,-42.049557,seed72812.png
38.77027,6.53803,seed72813.png
12.219433,15.519587,seed72814.png
15.028475,12.087928,seed72815.png
38.039238,6.201076,seed72816.png
14.473966,13.373799,seed72817.png
-8.244457,-12.239424,seed72818.png
28.0941,4.708244,seed72819.png
12.827685,27.382332,seed7282.png
1.0900822,19.413923,seed72820.png
25.284395,5.9069996,seed72821.png
-32.56267,11.195691,seed72822.png
12.885839,4.3935843,seed72823.png
-34.61537,17.269457,seed72824.png
-28.369362,-4.9723363,seed72825.png
17.791468,8.4305,seed72826.png
-26.144766,-4.352634,seed72827.png
11.715428,-25.872517,seed72828.png
-28.338936,8.348295,seed72829.png
-8.508534,14.6119585,seed7283.png
-26.653149,7.049101,seed72830.png
-15.4403715,2.1129987,seed72831.png
-21.801798,-25.19292,seed72832.png
11.914084,-30.560791,seed72833.png
-19.639229,-22.759163,seed72834.png
34.0611,20.017363,seed72835.png
23.834988,22.47172,seed72836.png
-0.7193794,17.08753,seed72837.png
10.652551,-36.606808,seed72838.png
25.994099,9.8539505,seed72839.png
-12.039287,-19.878315,seed7284.png
4.4504714,8.865945,seed72840.png
39.182354,16.858614,seed72841.png
-15.588281,-3.0733542,seed72842.png
-12.215355,-24.881569,seed72843.png
-2.7088716,19.712784,seed72844.png
3.6627185,5.638117,seed72845.png
30.834177,6.5786767,seed72846.png
1.3117373,1.6307346,seed72847.png
35.93911,3.4891913,seed72848.png
26.268362,10.473527,seed72849.png
-9.904675,-23.87744,seed7285.png
-25.105629,-19.436962,seed72850.png
7.616681,-6.3503394,seed72851.png
-15.786753,-5.296998,seed72852.png
9.703331,24.078201,seed72853.png
13.892667,27.711672,seed72854.png
14.50586,2.608276,seed72855.png
-35.12337,-3.735871,seed72856.png
-21.562914,-10.206082,seed72857.png
37.94372,10.898233,seed72858.png
-27.10896,0.8210731,seed72859.png
23.275051,0.78591627,seed7286.png
10.309912,16.083004,seed72860.png
-32.961567,15.030062,seed72861.png
-32.81168,-11.10791,seed72862.png
-6.0011477,-15.807756,seed72863.png
-9.22154,3.1214535,seed72864.png
-31.441538,7.9817877,seed72865.png
-13.341671,-5.934465,seed72866.png
-16.332699,-15.493907,seed72867.png
0.77081114,-17.77061,seed72868.png
29.80542,12.8511915,seed72869.png
4.858041,23.630503,seed7287.png
-3.2284546,-19.460665,seed72870.png
-14.943573,-25.086662,seed72871.png
-31.484818,6.513628,seed72872.png
-19.975677,-20.250395,seed72873.png
8.908486,8.163793,seed72874.png
20.813692,26.689089,seed72875.png
13.255092,-29.500965,seed72876.png
-29.28712,-16.98956,seed72877.png
-20.014103,-22.87835,seed72878.png
-34.845543,23.190025,seed72879.png
12.311639,-1.8361897,seed7288.png
12.711818,-25.980648,seed72880.png
17.006348,3.6370497,seed72881.png
33.810654,20.043413,seed72882.png
-20.614515,-8.702679,seed72883.png
18.9478,-5.6679435,seed72884.png
-17.5181,-23.442589,seed72885.png
-13.485767,-19.991508,seed72886.png
22.380348,24.86527,seed72887.png
10.938312,-0.82785827,seed72888.png
15.170803,-34.38407,seed72889.png
-17.711075,13.272371,seed7289.png
20.6436,13.37982,seed72890.png
14.7375345,24.680254,seed72891.png
-31.238955,5.5941415,seed72892.png
3.174617,-29.946503,seed72893.png
18.613688,27.312206,seed72894.png
34.933193,6.8700333,seed72895.png
-22.401524,15.661133,seed72896.png
-35.899117,17.916784,seed72897.png
-4.0236177,-10.819487,seed72898.png
-26.670774,1.9027283,seed72899.png
13.441869,0.9006103,seed7290.png
14.128742,-39.662186,seed72900.png
-21.931381,9.911208,seed72901.png
14.937693,26.387089,seed72902.png
-1.5265669,17.771124,seed72903.png
24.65205,14.957471,seed72904.png
-25.95468,15.6377,seed72905.png
-33.137646,22.101233,seed72906.png
23.424107,22.106821,seed72907.png
37.10002,23.715542,seed72908.png
17.015686,-1.9909496,seed72909.png
20.38571,-4.274986,seed7291.png
16.469122,-37.058365,seed72910.png
12.333579,-38.86025,seed72911.png
29.785233,21.19771,seed72912.png
-29.398375,8.11457,seed72913.png
10.001886,15.212568,seed72914.png
2.6974745,14.19816,seed72915.png
33.793236,11.671062,seed72916.png
-17.021925,-4.8673587,seed72917.png
17.38793,-3.2438686,seed72918.png
-20.05637,7.958726,seed72919.png
-23.103846,-8.460729,seed7292.png
4.655882,-28.586977,seed72920.png
-16.853113,-10.087517,seed72921.png
-26.873983,-20.490133,seed72922.png
-2.210171,16.42266,seed72923.png
-10.504639,-11.512202,seed72924.png
7.4929304,-39.82216,seed72925.png
-25.489582,-21.425974,seed72926.png
12.158474,-29.21284,seed72927.png
-7.0611258,10.896369,seed72928.png
-38.29615,20.895166,seed72929.png
-36.53828,10.948407,seed7293.png
-26.524021,-3.9719222,seed72930.png
-11.15904,-16.55176,seed72931.png
-14.131266,-24.291996,seed72932.png
-1.4292089,24.008736,seed72933.png
-13.141806,6.046161,seed72934.png
13.465901,-9.667471,seed72935.png
-13.256,-8.534242,seed72936.png
17.67241,22.744385,seed72937.png
-31.831373,20.506525,seed72938.png
-15.076579,2.9295714,seed72939.png
19.746836,17.069191,seed7294.png
25.41809,15.899443,seed72940.png
3.258123,17.90997,seed72941.png
37.976635,6.4351144,seed72942.png
11.717096,-42.27525,seed72943.png
25.217176,22.247519,seed72944.png
-34.535805,22.282177,seed72945.png
-33.079037,16.051723,seed72946.png
-13.794361,-18.933033,seed72947.png
-23.449154,16.265142,seed72948.png
-13.27044,-4.0733356,seed72949.png
28.159845,4.6647243,seed7295.png
16.0956,1.5355507,seed72950.png
5.6353245,-37.136673,seed72951.png
0.544364,21.313005,seed72952.png
-27.52814,-8.099116,seed72953.png
-7.65603,9.490224,seed72954.png
19.38566,12.002306,seed72955.png
-19.351942,-18.640295,seed72956.png
3.6232743,-1.1009551,seed72957.png
-15.891197,-14.4925,seed72958.png
-30.933779,23.453367,seed72959.png
10.727713,-31.144453,seed7296.png
6.736491,23.119644,seed72960.png
41.091137,18.739477,seed72961.png
5.3058033,10.282593,seed72962.png
-6.647699,-3.2586243,seed72963.png
37.757343,12.049899,seed72964.png
14.100286,-33.186882,seed72965.png
15.90393,-36.61985,seed72966.png
-19.104092,-32.68521,seed72967.png
-3.790109,-22.76739,seed72968.png
26.25671,16.336845,seed72969.png
-28.693483,3.492291,seed7297.png
-33.63281,21.874872,seed72970.png
-4.5959535,6.329136,seed72971.png
39.659927,26.159044,seed72972.png
-35.668144,-2.351467,seed72973.png
-5.7980027,-22.974257,seed72974.png
6.787331,9.247498,seed72975.png
13.793369,-1.8180829,seed72976.png
22.35144,-1.3894533,seed72977.png
-39.09118,12.8532295,seed72978.png
3.1266458,6.547388,seed72979.png
-1.994905,-4.2504735,seed7298.png
0.34807992,16.606016,seed72980.png
-34.549995,27.422163,seed72981.png
37.521103,13.547935,seed72982.png
3.0872483,25.098919,seed72983.png
-8.352504,-9.252156,seed72984.png
10.175379,-25.406042,seed72985.png
37.697105,18.013765,seed72986.png
-28.149626,-10.180869,seed72987.png
-3.3322682,4.542031,seed72988.png
-20.854893,-1.5831534,seed72989.png
-33.366325,23.015469,seed7299.png
-8.139059,-8.810199,seed72990.png
-20.183258,5.5561867,seed72991.png
2.4399848,-32.682564,seed72992.png
-31.043715,12.6238575,seed72993.png
19.897997,-0.82300425,seed72994.png
31.750124,15.010562,seed72995.png
3.7030616,1.2897662,seed72996.png
20.493341,-1.1935911,seed72997.png
6.748336,-1.1390523,seed72998.png
14.040806,25.966002,seed72999.png
9.280333,15.313738,seed7300.png
2.0123117,-27.075499,seed73000.png
-23.642635,0.94393766,seed73001.png
-33.001842,1.7040173,seed73002.png
-31.418703,16.6804,seed73003.png
4.6390853,0.7948734,seed73004.png
30.786097,5.8605113,seed73005.png
21.023134,26.109983,seed73006.png
-17.724176,13.436358,seed73007.png
21.692406,19.668316,seed73008.png
-12.581102,3.1606553,seed73009.png
0.2262214,23.725128,seed7301.png
-26.123146,-4.5244427,seed73010.png
-1.3272351,-15.692947,seed73011.png
28.560911,5.655911,seed73012.png
2.0066822,18.00786,seed73013.png
29.423891,27.969622,seed73014.png
18.416677,-4.662522,seed73015.png
10.474135,-36.558914,seed73016.png
1.3497394,6.047804,seed73017.png
-30.571445,-18.773066,seed73018.png
-6.2081203,-13.415929,seed73019.png
32.68074,27.63568,seed7302.png
-1.5692589,-2.47041,seed73020.png
2.1725783,10.162849,seed73021.png
-25.825577,-4.238347,seed73022.png
-37.8527,14.597651,seed73023.png
15.931934,18.424292,seed73024.png
25.232662,0.60666996,seed73025.png
15.004564,21.902689,seed73026.png
-6.8349485,-11.418101,seed73027.png
0.08086307,-13.679978,seed73028.png
11.563274,21.422688,seed73029.png
-16.894901,2.0618982,seed7303.png
-10.249338,-16.572575,seed73030.png
17.475117,2.7838373,seed73031.png
4.5677624,-28.08967,seed73032.png
-26.611412,4.5398965,seed73033.png
-22.128315,-24.986933,seed73034.png
-8.761594,-24.5473,seed73035.png
13.134392,-32.720966,seed73036.png
24.283648,8.182226,seed73037.png
32.307312,24.728577,seed73038.png
-30.328024,3.7502227,seed73039.png
15.60702,13.781936,seed7304.png
-20.433672,4.3673697,seed73040.png
18.616632,11.325619,seed73041.png
-3.4493525,2.0845566,seed73042.png
10.956029,-43.467556,seed73043.png
-35.88664,23.026413,seed73044.png
-31.97153,22.18377,seed73045.png
-13.578732,-9.112898,seed73046.png
11.571724,10.92036,seed73047.png
19.767231,7.7487144,seed73048.png
41.166443,17.18158,seed73049.png
8.196914,-34.883915,seed7305.png
-12.399327,-30.249828,seed73050.png
11.811424,-23.322552,seed73051.png
-19.448088,-26.53226,seed73052.png
12.080681,-2.3413596,seed73053.png
12.37106,-7.1932707,seed73054.png
-31.35191,-10.959813,seed73055.png
20.24006,25.077875,seed73056.png
-25.017736,-12.428207,seed73057.png
-24.803253,8.37031,seed73058.png
-33.06125,11.710576,seed73059.png
12.870213,-31.93764,seed7306.png
-20.139002,3.7296884,seed73060.png
23.823555,16.395227,seed73061.png
-21.839912,-9.302433,seed73062.png
20.481606,24.855415,seed73063.png
-24.558186,12.215121,seed73064.png
27.509274,1.0293212,seed73065.png
-32.78367,23.733768,seed73066.png
-26.433619,2.2169995,seed73067.png
-6.6110406,11.866356,seed73068.png
-19.7418,-6.8119287,seed73069.png
15.028801,9.895807,seed7307.png
-23.23767,-9.585502,seed73070.png
15.8971615,-8.129845,seed73071.png
28.429935,27.722792,seed73072.png
16.945688,-34.63667,seed73073.png
34.69211,13.465147,seed73074.png
16.59443,-7.990894,seed73075.png
3.9381392,11.670869,seed73076.png
1.7507281,1.5572973,seed73077.png
28.836208,2.2657876,seed73078.png
14.057692,-31.060999,seed73079.png
20.953941,21.993458,seed7308.png
9.60074,7.5151405,seed73080.png
8.42361,-28.527899,seed73081.png
36.52104,8.24565,seed73082.png
-32.963924,22.056864,seed73083.png
-21.151403,-0.3910962,seed73084.png
-31.454435,23.960258,seed73085.png
23.896175,-0.67947155,seed73086.png
23.058298,0.9055278,seed73087.png
28.651789,22.210258,seed73088.png
9.863044,-25.36711,seed73089.png
-23.03302,-0.07275422,seed7309.png
10.723158,-23.040257,seed73090.png
22.490736,21.041868,seed73091.png
-3.2803423,-13.521816,seed73092.png
-12.278646,10.115571,seed73093.png
37.12773,12.419904,seed73094.png
-36.30082,25.473282,seed73095.png
14.819507,22.843401,seed73096.png
38.079674,16.855644,seed73097.png
13.5723,-6.9467382,seed73098.png
20.952911,16.332815,seed73099.png
-28.465122,-0.14355949,seed7310.png
-37.680477,6.4117737,seed73100.png
7.3331537,-36.19494,seed73101.png
24.97319,10.152562,seed73102.png
5.8020167,15.296537,seed73103.png
-2.5226922,25.180878,seed73104.png
26.388634,18.820705,seed73105.png
34.476406,15.65846,seed73106.png
-6.4825573,-17.328255,seed73107.png
-19.29691,-11.856345,seed73108.png
-20.841925,-17.516556,seed73109.png
27.278822,10.668985,seed7311.png
-0.16907264,0.1524509,seed73110.png
-9.87876,-23.41393,seed73111.png
19.147402,4.5079584,seed73112.png
19.967205,14.236696,seed73113.png
-18.73416,-8.547195,seed73114.png
22.783278,-3.581953,seed73115.png
18.03143,-4.604713,seed73116.png
-29.488737,5.4343057,seed73117.png
-32.507195,18.73267,seed73118.png
30.838085,4.9409475,seed73119.png
-33.991848,-5.716419,seed7312.png
2.5322516,-14.965478,seed73120.png
10.299834,-36.782715,seed73121.png
30.543976,0.49888515,seed73122.png
10.410988,20.946154,seed73123.png
-12.929201,-15.996036,seed73124.png
-25.58163,-2.9564633,seed73125.png
20.0644,1.2889718,seed73126.png
28.068558,23.793436,seed73127.png
10.072188,8.709343,seed73128.png
-7.198022,-21.412386,seed73129.png
-4.4676194,1.9125191,seed7313.png
-4.7309427,-8.378101,seed73130.png
7.679973,-1.8082031,seed73131.png
-23.80747,8.525183,seed73132.png
9.376245,14.606708,seed73133.png
16.195154,-36.951275,seed73134.png
-15.533673,-25.115446,seed73135.png
-23.827583,-5.5454383,seed73136.png
-14.966961,-20.960865,seed73137.png
28.33372,18.670713,seed73138.png
-14.031242,-1.6552461,seed73139.png
-22.386555,-19.447899,seed7314.png
-12.033333,-27.028728,seed73140.png
-13.126142,-26.146921,seed73141.png
-19.981352,15.430637,seed73142.png
15.964728,25.946218,seed73143.png
7.3908753,7.7443204,seed73144.png
-12.606524,-4.8820944,seed73145.png
-16.27208,-14.746954,seed73146.png
14.956932,0.5967033,seed73147.png
-19.037605,-16.319275,seed73148.png
3.7989209,12.59915,seed73149.png
10.329647,-24.172384,seed7315.png
-7.8889337,-13.900192,seed73150.png
34.787613,17.91678,seed73151.png
16.708096,-6.3885713,seed73152.png
-22.609093,12.418216,seed73153.png
-20.922745,13.789749,seed73154.png
5.3307233,-34.160824,seed73155.png
-21.330404,1.630872,seed73156.png
8.899559,-10.866096,seed73157.png
-15.21283,10.460598,seed73158.png
38.39185,8.270245,seed73159.png
-20.614946,-9.916997,seed7316.png
0.6079709,-18.894876,seed73160.png
0.5936067,15.136517,seed73161.png
-33.729244,26.1652,seed73162.png
2.3378577,-12.647698,seed73163.png
18.587654,1.5571147,seed73164.png
-1.7970049,24.834576,seed73165.png
-32.211433,22.763683,seed73166.png
7.964125,9.266236,seed73167.png
37.135,24.924734,seed73168.png
17.132318,20.206787,seed73169.png
-11.133895,-5.588899,seed7317.png
9.195963,-1.9855059,seed73170.png
-18.077362,-27.983746,seed73171.png
-26.0931,-9.275615,seed73172.png
22.856453,16.765245,seed73173.png
30.562675,8.04912,seed73174.png
20.762857,12.451055,seed73175.png
37.332397,10.974706,seed73176.png
35.694977,5.8918095,seed73177.png
-16.427336,-5.5392056,seed73178.png
12.34468,-4.844275,seed73179.png
0.035443876,5.0540996,seed7318.png
-18.033646,-1.5237278,seed73180.png
-8.323527,5.3469405,seed73181.png
20.941174,0.9467136,seed73182.png
0.29731822,16.243183,seed73183.png
9.970011,-44.042095,seed73184.png
26.875782,7.260593,seed73185.png
-15.827185,2.2375762,seed73186.png
39.31087,22.166216,seed73187.png
11.290303,20.004234,seed73188.png
14.524199,-9.439464,seed73189.png
-31.924307,-14.168323,seed7319.png
19.789888,18.464739,seed73190.png
14.200121,-3.2806356,seed73191.png
32.217804,22.964773,seed73192.png
-19.022593,-3.8330116,seed73193.png
33.659546,15.96317,seed73194.png
-27.353973,3.1685216,seed73195.png
-25.522875,-12.905144,seed73196.png
-22.25863,-19.580576,seed73197.png
30.319653,26.814138,seed73198.png
23.390522,14.190812,seed73199.png
31.781734,3.1717055,seed7320.png
-30.029354,-14.6876335,seed73200.png
-0.022394763,21.01134,seed73201.png
-11.664538,-21.91961,seed73202.png
-22.423481,-1.6645137,seed73203.png
-29.651499,-10.3477335,seed73204.png
10.416887,-3.722134,seed73205.png
-20.165152,10.717941,seed73206.png
27.921446,26.260115,seed73207.png
1.4188601,14.0875225,seed73208.png
-11.365238,-8.060314,seed73209.png
-5.8565583,-17.867626,seed7321.png
-4.0237517,-18.12822,seed73210.png
-8.930819,-2.488254,seed73211.png
15.075951,-41.718258,seed73212.png
-18.810312,13.860008,seed73213.png
13.471482,-40.987713,seed73214.png
-13.26693,12.921667,seed73215.png
30.469114,14.089874,seed73216.png
-31.67931,20.425879,seed73217.png
23.282932,15.39647,seed73218.png
26.265053,8.993783,seed73219.png
29.591675,28.382593,seed7322.png
-5.6716027,-17.564726,seed73220.png
-21.688597,-0.15129687,seed73221.png
-9.966698,-27.739847,seed73222.png
16.841427,-4.0226645,seed73223.png
16.701895,21.500084,seed73224.png
24.483803,16.00832,seed73225.png
-31.549988,8.822217,seed73226.png
-24.764547,-0.72786224,seed73227.png
-21.036716,-2.2078047,seed73228.png
-9.367975,-23.091324,seed73229.png
-15.624229,-4.104971,seed7323.png
-18.316113,-31.382883,seed73230.png
-11.097123,0.08601758,seed73231.png
3.018755,14.614523,seed73232.png
-23.307,-17.292162,seed73233.png
19.108597,12.983154,seed73234.png
13.294748,1.2056329,seed73235.png
23.656548,-4.8504834,seed73236.png
7.384911,0.50333846,seed73237.png
36.249454,15.617881,seed73238.png
-21.184309,-22.096647,seed73239.png
13.111831,25.97499,seed7324.png
4.7954016,-26.586401,seed73240.png
12.819673,-9.543485,seed73241.png
21.548368,14.665057,seed73242.png
-28.236404,-17.485044,seed73243.png
20.865831,22.67824,seed73244.png
21.317247,17.964605,seed73245.png
40.77619,21.818369,seed73246.png
-29.570314,-0.56844056,seed73247.png
-18.88934,-14.708187,seed73248.png
-26.65281,-0.079050206,seed73249.png
22.30286,10.011494,seed7325.png
-37.2228,7.5337625,seed73250.png
31.842264,16.231152,seed73251.png
38.37344,20.382345,seed73252.png
-12.973518,-9.401661,seed73253.png
-10.523504,-8.403453,seed73254.png
-19.997162,11.703104,seed73255.png
-2.6652179,-12.26084,seed73256.png
15.17117,0.90153754,seed73257.png
13.755659,-38.251938,seed73258.png
13.228427,-37.64905,seed73259.png
-28.43768,10.032696,seed7326.png
12.828647,20.477917,seed73260.png
-16.146734,-12.889752,seed73261.png
30.441946,6.563439,seed73262.png
-29.70886,18.872744,seed73263.png
22.76513,-3.219735,seed73264.png
18.372463,16.996735,seed73265.png
-28.426996,6.6784477,seed73266.png
20.172926,-3.3386526,seed73267.png
20.643543,11.421294,seed73268.png
-24.216902,-14.612153,seed73269.png
22.390545,22.38943,seed7327.png
-14.9622965,2.127166,seed73270.png
3.9640594,-29.318563,seed73271.png
-23.41928,4.214689,seed73272.png
14.734043,-29.645624,seed73273.png
-22.045359,7.2398734,seed73274.png
0.3788636,-11.779161,seed73275.png
4.106798,-6.224475,seed73276.png
14.3508835,-8.975468,seed73277.png
-19.023687,-27.4536,seed73278.png
-2.9933414,19.412037,seed73279.png
22.01658,0.91754955,seed7328.png
-9.900143,-11.422762,seed73280.png
-4.4936604,23.091822,seed73281.png
-18.944124,4.8700957,seed73282.png
0.539824,18.210516,seed73283.png
16.31265,-0.8582938,seed73284.png
-14.496508,-28.341135,seed73285.png
28.951021,24.154297,seed73286.png
23.89397,-0.9425798,seed73287.png
2.9688265,-29.421253,seed73288.png
21.383204,9.870449,seed73289.png
9.777266,-3.864483,seed7329.png
-20.768469,8.728956,seed73290.png
11.551144,-21.396883,seed73291.png
10.55254,15.166461,seed73292.png
29.583563,25.15993,seed73293.png
19.692844,10.365732,seed73294.png
-6.860344,-12.268576,seed73295.png
-18.501635,9.476785,seed73296.png
-31.543291,19.804012,seed73297.png
-21.45903,-19.251778,seed73298.png
-32.579746,1.0219601,seed73299.png
-37.306366,-4.2321887,seed7330.png
29.865362,19.608482,seed73300.png
0.467995,23.536922,seed73301.png
15.557567,2.622823,seed73302.png
32.603905,13.062869,seed73303.png
28.322704,11.588558,seed73304.png
32.17919,19.62304,seed73305.png
-33.04039,15.271128,seed73306.png
-25.711208,-7.6521587,seed73307.png
16.35199,13.867068,seed73308.png
16.539867,24.085468,seed73309.png
12.3887005,-30.558483,seed7331.png
13.001123,-30.198639,seed73310.png
12.218086,-0.9407628,seed73311.png
13.385585,-34.156216,seed73312.png
-10.962267,-20.985233,seed73313.png
-23.58624,1.0541459,seed73314.png
2.941608,22.129208,seed73315.png
19.374943,-7.5395412,seed73316.png
0.43605757,24.265522,seed73317.png
-10.022028,1.0941919,seed73318.png
-16.777483,0.83721226,seed73319.png
-11.586049,-18.346205,seed7332.png
-33.73704,21.290556,seed73320.png
-23.862267,-8.693829,seed73321.png
-17.17867,-20.138601,seed73322.png
-21.180752,-2.4850614,seed73323.png
11.898892,-36.289032,seed73324.png
-14.235,-15.419442,seed73325.png
-9.098421,6.016018,seed73326.png
-22.895084,9.247548,seed73327.png
-32.067047,11.082116,seed73328.png
34.26434,30.520155,seed73329.png
5.9124913,-34.776596,seed7333.png
16.598421,-33.227203,seed73330.png
-31.374672,-4.9149218,seed73331.png
14.852476,-32.313293,seed73332.png
-24.321224,-23.27899,seed73333.png
-32.982185,23.935505,seed73334.png
-10.143328,-15.577517,seed73335.png
20.989206,19.101963,seed73336.png
8.209047,-5.069526,seed73337.png
13.042341,-39.33762,seed73338.png
16.714819,19.226267,seed73339.png
3.3906481,-28.044874,seed7334.png
-4.580316,-17.257887,seed73340.png
14.053252,-34.46077,seed73341.png
-27.939,10.201015,seed73342.png
5.716316,-12.067148,seed73343.png
-3.7707136,3.5406635,seed73344.png
26.694914,4.9917603,seed73345.png
16.600239,14.131332,seed73346.png
6.3775134,4.1370273,seed73347.png
11.256667,-39.75354,seed73348.png
14.5272875,-34.129627,seed73349.png
12.771737,7.128755,seed7335.png
2.5302162,14.843176,seed73350.png
-27.970053,-21.037775,seed73351.png
25.205276,27.257301,seed73352.png
-34.281677,14.471682,seed73353.png
35.051384,16.894005,seed73354.png
-37.907856,9.474098,seed73355.png
-32.00317,20.322073,seed73356.png
-15.011588,-22.004374,seed73357.png
-21.482428,-18.65616,seed73358.png
-14.511635,-18.17231,seed73359.png
33.252014,27.626637,seed7336.png
26.572357,12.465382,seed73360.png
8.730058,-3.6069267,seed73361.png
16.149197,8.1421,seed73362.png
29.190058,13.871247,seed73363.png
10.150954,-36.24236,seed73364.png
-11.629355,-30.890633,seed73365.png
-2.1870217,6.9573827,seed73366.png
-2.3214624,-16.774218,seed73367.png
10.53481,-40.52546,seed73368.png
0.26395375,-2.8082027,seed73369.png
-25.124805,-16.913897,seed7337.png
-34.08825,2.2830606,seed73370.png
-4.7683997,12.351544,seed73371.png
1.0816683,0.95878994,seed73372.png
7.839928,-29.999691,seed73373.png
24.435305,16.300392,seed73374.png
7.7936325,24.551247,seed73375.png
-2.1079507,23.733425,seed73376.png
28.341124,14.291303,seed73377.png
1.046492,-8.828293,seed73378.png
10.793157,7.6691055,seed73379.png
16.936806,21.090965,seed7338.png
-22.429575,15.556896,seed73380.png
-0.36304253,24.821579,seed73381.png
-26.323238,16.870768,seed73382.png
-15.030948,-18.640198,seed73383.png
34.667255,11.949579,seed73384.png
-10.511158,-28.585825,seed73385.png
-32.899803,26.097685,seed73386.png
14.602507,-30.948584,seed73387.png
22.939234,1.1458349,seed73388.png
9.197698,-26.239933,seed73389.png
10.6215105,20.75066,seed7339.png
6.542523,0.83394593,seed73390.png
18.566364,20.593151,seed73391.png
-20.519558,-28.255,seed73392.png
27.893879,25.909718,seed73393.png
15.667659,-36.6826,seed73394.png
31.195084,20.36407,seed73395.png
6.0765114,-7.5671606,seed73396.png
13.62096,-39.626442,seed73397.png
-26.559242,-12.138677,seed73398.png
-23.36728,-30.112135,seed73399.png
36.04314,4.92924,seed7340.png
-21.402327,-30.474878,seed73400.png
-12.547865,-17.720922,seed73401.png
-6.917451,-18.721724,seed73402.png
20.09206,10.957782,seed73403.png
-38.34467,13.492969,seed73404.png
11.151555,-34.31844,seed73405.png
10.90264,3.8417413,seed73406.png
22.987812,-0.28819624,seed73407.png
10.04665,-37.034737,seed73408.png
18.218267,10.507462,seed73409.png
-11.272922,0.37416142,seed7341.png
0.99604124,-13.958809,seed73410.png
14.324798,-39.90041,seed73411.png
8.37129,-29.199953,seed73412.png
34.630177,22.07759,seed73413.png
-24.713211,-22.947395,seed73414.png
-7.6050143,-5.9920588,seed73415.png
-14.361502,-19.845867,seed73416.png
-19.336676,-8.699839,seed73417.png
-2.4214528,-12.50527,seed73418.png
29.84879,24.724316,seed73419.png
-25.746454,-14.389531,seed7342.png
11.039697,-36.72731,seed73420.png
25.737991,9.953821,seed73421.png
6.1523323,3.8985932,seed73422.png
-11.018725,-1.5803419,seed73423.png
40.049316,10.936944,seed73424.png
4.0247655,-30.153952,seed73425.png
3.6428967,-28.365932,seed73426.png
16.338295,17.910955,seed73427.png
37.17181,15.05164,seed73428.png
29.662725,0.18586782,seed73429.png
-25.724585,-15.043356,seed7343.png
-9.819066,-10.942255,seed73430.png
3.106104,1.4232229,seed73431.png
5.7649803,16.705927,seed73432.png
16.313536,-1.9167858,seed73433.png
-24.77725,-14.742065,seed73434.png
7.140995,-35.129456,seed73435.png
-4.0742483,-13.444455,seed73436.png
21.021078,-4.6471267,seed73437.png
26.917955,21.875229,seed73438.png
25.192554,21.428387,seed73439.png
16.94575,-31.669426,seed7344.png
12.3659315,-22.986258,seed73440.png
19.265158,23.714453,seed73441.png
-3.408582,2.4163988,seed73442.png
-11.930505,-22.888811,seed73443.png
-38.293198,13.630937,seed73444.png
10.3286495,18.349842,seed73445.png
35.60177,13.007433,seed73446.png
13.661638,-28.670517,seed73447.png
8.870831,-21.721962,seed73448.png
8.084643,0.7079831,seed73449.png
33.069687,7.407477,seed7345.png
-22.228815,-15.531187,seed73450.png
-31.178123,15.669944,seed73451.png
5.355545,-33.54335,seed73452.png
11.130066,-21.604239,seed73453.png
19.44478,21.834175,seed73454.png
0.39182466,-11.797777,seed73455.png
-2.7046404,-5.840749,seed73456.png
-23.377806,0.6286107,seed73457.png
-16.672615,-3.5472324,seed73458.png
-18.69118,3.4691975,seed73459.png
15.611704,16.467812,seed7346.png
4.087465,-31.506462,seed73460.png
30.233482,4.723195,seed73461.png
-21.60635,-1.4409024,seed73462.png
12.22575,-8.417352,seed73463.png
-2.6456497,20.27706,seed73464.png
-19.190498,-27.86333,seed73465.png
-28.853119,-6.877415,seed73466.png
-24.975697,4.190536,seed73467.png
37.796555,17.44949,seed73468.png
-21.915619,5.235963,seed73469.png
-31.041016,23.654411,seed7347.png
-4.118508,-22.096622,seed73470.png
-14.779322,-29.121376,seed73471.png
-23.542915,4.7477803,seed73472.png
-6.8633037,-17.197826,seed73473.png
-17.938309,-6.0072236,seed73474.png
23.765327,-4.8851595,seed73475.png
16.811352,14.3519945,seed73476.png
14.87976,16.092628,seed73477.png
9.106175,8.594525,seed73478.png
-30.564445,-11.819145,seed73479.png
-35.16868,23.557404,seed7348.png
-20.364262,13.402334,seed73480.png
-8.946294,-12.314124,seed73481.png
-18.099411,9.031928,seed73482.png
-16.830107,-17.963457,seed73483.png
-13.067144,-18.571512,seed73484.png
-15.750018,-12.300423,seed73485.png
7.1321096,-33.107975,seed73486.png
6.13351,12.226688,seed73487.png
17.210373,-35.29188,seed73488.png
13.123492,4.9809184,seed73489.png
-11.300344,-27.640488,seed7349.png
26.389618,14.243705,seed73490.png
33.529938,15.228027,seed73491.png
12.742871,-22.380848,seed73492.png
19.17691,12.014182,seed73493.png
-7.349193,-10.760208,seed73494.png
7.114201,10.590043,seed73495.png
40.909023,19.749464,seed73496.png
30.173801,26.30144,seed73497.png
-29.62107,-7.2146654,seed73498.png
29.97421,23.160793,seed73499.png
-21.336147,-5.0229874,seed7350.png
30.458002,18.511211,seed73500.png
11.339122,23.245138,seed73501.png
2.942439,7.9709992,seed73502.png
18.482288,-4.2730393,seed73503.png
21.060146,-7.9329653,seed73504.png
-34.08694,28.716656,seed73505.png
11.150561,-7.773283,seed73506.png
-27.25245,-6.7463927,seed73507.png
38.087368,20.725168,seed73508.png
-15.311147,-19.243921,seed73509.png
-0.64901406,2.5168583,seed7351.png
-21.658703,-2.1325767,seed73510.png
-30.48116,2.997645,seed73511.png
8.496889,-2.3160253,seed73512.png
27.360312,-1.9796685,seed73513.png
27.715586,1.7964631,seed73514.png
32.075333,11.255444,seed73515.png
-31.357674,10.172169,seed73516.png
-30.516346,21.773329,seed73517.png
-17.206944,-6.634321,seed73518.png
-22.184174,-21.883158,seed73519.png
13.577087,27.872614,seed7352.png
14.565359,27.414639,seed73520.png
30.28677,19.187208,seed73521.png
28.822506,7.2189546,seed73522.png
30.903471,14.882584,seed73523.png
-35.05546,17.168762,seed73524.png
3.01539,8.448166,seed73525.png
16.330727,5.137253,seed73526.png
-12.780864,-10.268457,seed73527.png
21.275946,24.357954,seed73528.png
6.1421924,6.3401356,seed73529.png
-34.721836,7.0293517,seed7353.png
-12.017884,-12.956624,seed73530.png
18.712866,17.872272,seed73531.png
-15.332369,-14.590989,seed73532.png
4.2830386,14.748243,seed73533.png
36.795185,8.183669,seed73534.png
23.923622,7.560806,seed73535.png
3.3567889,9.525018,seed73536.png
14.184816,20.54214,seed73537.png
21.955324,13.504062,seed73538.png
-30.405134,2.4626431,seed73539.png
-33.18396,12.1685505,seed7354.png
14.074766,-39.000027,seed73540.png
37.28731,23.894913,seed73541.png
14.137993,-9.157466,seed73542.png
11.592225,-41.2887,seed73543.png
23.72492,12.821442,seed73544.png
-29.41051,-9.008435,seed73545.png
14.448367,0.36577877,seed73546.png
34.460247,8.260752,seed73547.png
-10.614844,-8.603461,seed73548.png
2.673857,-25.854885,seed73549.png
10.239409,-41.315308,seed7355.png
-16.019773,-15.884089,seed73550.png
11.048703,-35.044132,seed73551.png
-25.684544,12.481725,seed73552.png
2.4601417,11.757785,seed73553.png
-22.108988,-11.198934,seed73554.png
37.020935,13.962164,seed73555.png
-1.1922188,-6.8829885,seed73556.png
-28.84262,15.071015,seed73557.png
4.0660515,10.493301,seed73558.png
-34.460587,-2.6721778,seed73559.png
-27.700594,-19.132936,seed7356.png
-20.020226,-7.4553046,seed73560.png
-15.16136,-18.022703,seed73561.png
10.766213,22.550945,seed73562.png
-12.642631,-17.290348,seed73563.png
-19.637648,-7.888983,seed73564.png
-32.543304,11.9289,seed73565.png
16.137976,2.0762584,seed73566.png
-33.021477,5.232935,seed73567.png
-29.805067,-3.0885239,seed73568.png
34.677128,9.789135,seed73569.png
16.259382,5.100446,seed7357.png
28.332256,7.9603972,seed73570.png
2.2632897,-5.704366,seed73571.png
27.012453,-1.2381736,seed73572.png
11.389683,16.703146,seed73573.png
-23.200771,-21.697966,seed73574.png
-26.550638,8.833126,seed73575.png
-10.024262,-11.612455,seed73576.png
-20.948952,-17.316875,seed73577.png
-14.856982,-15.969326,seed73578.png
-28.06665,-12.644966,seed73579.png
-18.3929,9.207972,seed7358.png
-17.617432,-12.2394085,seed73580.png
26.645203,21.993135,seed73581.png
2.9216378,-29.58926,seed73582.png
4.1297426,-28.988983,seed73583.png
-6.8547006,-0.24431956,seed73584.png
-0.14789143,21.467234,seed73585.png
-27.68278,-16.9228,seed73586.png
14.99278,-36.70572,seed73587.png
14.442746,-4.6333055,seed73588.png
34.711655,20.285536,seed73589.png
-33.987644,12.59041,seed7359.png
-3.658393,10.920591,seed73590.png
-25.148819,17.277176,seed73591.png
-13.211341,6.7603035,seed73592.png
4.9264345,-1.2895275,seed73593.png
32.419983,24.595186,seed73594.png
-31.476675,-1.9956634,seed73595.png
7.1209483,-32.28351,seed73596.png
-21.955603,-22.578442,seed73597.png
-26.862026,-10.117623,seed73598.png
-7.2784724,2.5232704,seed73599.png
-9.688201,-22.872654,seed7360.png
-29.975492,2.5331738,seed73600.png
8.591943,20.407978,seed73601.png
-17.424295,-15.741805,seed73602.png
5.41058,12.697794,seed73603.png
13.817436,25.851507,seed73604.png
25.273645,8.397629,seed73605.png
33.526146,5.570115,seed73606.png
23.022442,-1.6623429,seed73607.png
34.193546,25.825394,seed73608.png
-13.382068,-25.934618,seed73609.png
1.526284,14.504191,seed7361.png
11.301136,-38.717285,seed73610.png
38.48498,17.394209,seed73611.png
-17.89938,-6.4896927,seed73612.png
0.98094267,23.74805,seed73613.png
15.994536,-34.467773,seed73614.png
3.361872,23.897337,seed73615.png
11.642411,15.230582,seed73616.png
2.7750962,25.902763,seed73617.png
-25.42736,-20.6174,seed73618.png
13.696379,-37.824486,seed73619.png
38.697334,25.54042,seed7362.png
-10.499806,-13.647052,seed73620.png
-32.39349,-7.0267625,seed73621.png
-19.428654,7.5873938,seed73622.png
38.44142,16.36581,seed73623.png
3.6459637,-15.079016,seed73624.png
-30.344553,14.181068,seed73625.png
-29.84567,15.174556,seed73626.png
39.17869,21.791597,seed73627.png
-4.029202,-22.119736,seed73628.png
-35.29032,26.732704,seed73629.png
-3.9592414,-4.5477767,seed7363.png
-20.31731,-24.685942,seed73630.png
2.994121,18.453989,seed73631.png
29.362568,25.521534,seed73632.png
41.241924,19.987648,seed73633.png
-25.380259,0.29882893,seed73634.png
18.728863,-3.8649056,seed73635.png
-27.32921,13.451544,seed73636.png
14.734424,-2.6155343,seed73637.png
-24.434086,12.059566,seed73638.png
-32.78575,25.528044,seed73639.png
-19.255346,-22.507902,seed7364.png
40.579132,15.085527,seed73640.png
40.997826,23.087856,seed73641.png
10.526198,-38.41306,seed73642.png
9.74509,12.730406,seed73643.png
23.875092,16.263098,seed73644.png
10.896282,24.37025,seed73645.png
-27.498217,2.0068634,seed73646.png
7.714647,10.015531,seed73647.png
14.561393,1.4574419,seed73648.png
15.958239,-6.2255154,seed73649.png
-28.787569,2.8602827,seed7365.png
15.467255,-36.622387,seed73650.png
-19.366266,10.041131,seed73651.png
12.198081,-32.670277,seed73652.png
30.850557,9.9597435,seed73653.png
35.128082,26.543055,seed73654.png
12.652917,-33.699192,seed73655.png
28.202751,26.81487,seed73656.png
-15.221301,-8.130992,seed73657.png
13.173429,-37.64379,seed73658.png
30.028214,23.321152,seed73659.png
11.139,-2.0314796,seed7366.png
-31.639158,-4.2034736,seed73660.png
20.82939,15.779706,seed73661.png
15.807228,-2.7130642,seed73662.png
-27.685253,5.4743204,seed73663.png
11.984639,-22.129429,seed73664.png
14.332866,3.6059022,seed73665.png
-28.16902,16.174107,seed73666.png
-22.13481,16.216373,seed73667.png
27.35451,17.976234,seed73668.png
13.160205,11.332867,seed73669.png
33.57813,11.817523,seed7367.png
13.063523,-31.482496,seed73670.png
7.8696404,-0.41195735,seed73671.png
5.160547,-31.233969,seed73672.png
-20.5931,14.660108,seed73673.png
17.139301,19.742657,seed73674.png
22.647852,-4.0527635,seed73675.png
11.908072,-34.349968,seed73676.png
-12.13989,-4.336985,seed73677.png
-12.976319,-16.059227,seed73678.png
27.9205,6.7090793,seed73679.png
-30.70216,6.6224217,seed7368.png
14.913108,25.640345,seed73680.png
-7.0731835,-11.087492,seed73681.png
-19.874596,10.127227,seed73682.png
-34.039593,-5.441202,seed73683.png
-15.517953,-0.40579256,seed73684.png
-25.660963,-9.554394,seed73685.png
-20.878553,3.588102,seed73686.png
-17.402893,10.756157,seed73687.png
-25.472788,8.496873,seed73688.png
-34.54354,10.4128685,seed73689.png
4.2202783,-13.858395,seed7369.png
-22.015882,17.72668,seed73690.png
14.2076435,-36.64643,seed73691.png
5.577573,14.941626,seed73692.png
-35.08597,-3.6686084,seed73693.png
11.660412,26.031557,seed73694.png
-5.0470624,-20.170761,seed73695.png
18.152782,24.637346,seed73696.png
-34.155632,-11.759167,seed73697.png
5.5273848,22.431126,seed73698.png
-16.972218,-14.217118,seed73699.png
-12.561737,-25.42467,seed7370.png
-25.725142,-15.2859125,seed73700.png
16.706009,-4.005742,seed73701.png
14.183507,18.974686,seed73702.png
-12.346336,-9.990625,seed73703.png
37.102226,18.00252,seed73704.png
37.512764,12.083221,seed73705.png
5.8030925,-37.697342,seed73706.png
-26.131664,-22.312504,seed73707.png
-32.658596,19.837759,seed73708.png
13.153939,-0.9173321,seed73709.png
-15.914785,-0.38979065,seed7371.png
26.722733,16.2367,seed73710.png
9.715123,-40.98085,seed73711.png
-16.472773,-8.945389,seed73712.png
0.3409141,-18.42789,seed73713.png
3.6248531,-28.560398,seed73714.png
-16.269876,-26.60169,seed73715.png
12.887135,-31.854158,seed73716.png
-30.27393,-15.596902,seed73717.png
-23.434734,0.46813536,seed73718.png
28.057281,8.612228,seed73719.png
-8.079147,-8.011222,seed7372.png
-32.496063,-5.9767222,seed73720.png
-22.742867,-8.779866,seed73721.png
4.9263787,15.8561325,seed73722.png
-21.259926,14.330516,seed73723.png
-19.560257,4.797943,seed73724.png
-0.35782757,-14.447372,seed73725.png
13.93019,-41.646637,seed73726.png
-26.11632,8.262876,seed73727.png
7.852233,-4.334465,seed73728.png
33.68027,12.017935,seed73729.png
31.463692,26.95409,seed7373.png
38.242878,16.197012,seed73730.png
1.1739887,0.84018064,seed73731.png
18.03878,26.402946,seed73732.png
10.232805,-32.551132,seed73733.png
-31.367504,-13.41981,seed73734.png
-20.257479,0.7606131,seed73735.png
22.998531,7.9122796,seed73736.png
-13.415516,-16.103203,seed73737.png
-11.149543,4.646716,seed73738.png
-0.7892003,-2.99592,seed73739.png
13.357582,-29.93262,seed7374.png
11.352858,-32.858513,seed73740.png
24.801104,15.423416,seed73741.png
-7.9621234,-13.79368,seed73742.png
8.830483,14.252967,seed73743.png
27.62717,2.9437237,seed73744.png
25.841446,-1.9331155,seed73745.png
14.703165,11.561497,seed73746.png
-22.88632,18.49217,seed73747.png
14.691379,-5.8338685,seed73748.png
-15.43037,-15.507061,seed73749.png
-15.916301,-20.0977,seed7375.png
-25.352657,13.394595,seed73750.png
9.483934,17.253727,seed73751.png
11.411048,19.45395,seed73752.png
22.800152,-4.3938503,seed73753.png
-34.8089,14.356584,seed73754.png
20.251589,3.07777,seed73755.png
-29.073639,-12.339982,seed73756.png
36.9735,24.179655,seed73757.png
0.08385152,8.634637,seed73758.png
-19.190125,-24.528208,seed73759.png
-27.468773,7.5776725,seed7376.png
-11.835864,-30.9623,seed73760.png
-14.640281,-9.853562,seed73761.png
-20.009775,-17.59222,seed73762.png
4.344954,-23.659466,seed73763.png
34.208523,7.6895523,seed73764.png
17.315996,-36.23323,seed73765.png
-29.091764,-4.252102,seed73766.png
-15.207053,-7.916743,seed73767.png
19.642244,-1.1878402,seed73768.png
8.446262,-34.063652,seed73769.png
16.047997,-4.0401945,seed7377.png
17.577682,19.954748,seed73770.png
-32.94933,22.592178,seed73771.png
-18.721151,2.5454333,seed73772.png
-12.800275,-26.512745,seed73773.png
-16.504498,-13.06807,seed73774.png
-13.947485,-12.274246,seed73775.png
9.867985,13.609884,seed73776.png
-17.851011,-16.602184,seed73777.png
-1.7658596,10.670484,seed73778.png
38.76661,6.320595,seed73779.png
3.9644928,-33.073837,seed7378.png
-30.713531,-8.136272,seed73780.png
4.404441,14.354008,seed73781.png
22.814625,1.346268,seed73782.png
-14.143172,-27.76906,seed73783.png
-30.508413,17.628101,seed73784.png
18.918686,19.351572,seed73785.png
16.23062,-33.14548,seed73786.png
-26.532423,-24.679825,seed73787.png
-25.704544,4.6884274,seed73788.png
-1.2308686,5.983739,seed73789.png
-28.924633,6.0874205,seed7379.png
-15.869268,-26.747177,seed73790.png
-16.34326,-8.269706,seed73791.png
32.607742,18.638136,seed73792.png
-20.172611,18.239832,seed73793.png
24.644007,20.916693,seed73794.png
-16.471067,-21.027395,seed73795.png
24.267126,21.889843,seed73796.png
-33.10054,2.9781034,seed73797.png
34.88258,12.94873,seed73798.png
-15.603037,-28.45066,seed73799.png
-14.51851,-31.274593,seed7380.png
-25.52417,-6.772177,seed73800.png
26.711813,8.909974,seed73801.png
21.35708,-10.20185,seed73802.png
-22.669245,-28.923714,seed73803.png
-20.30871,-2.361262,seed73804.png
5.1179705,-1.8798683,seed73805.png
-32.04057,11.9599695,seed73806.png
8.422134,-41.489082,seed73807.png
14.244503,9.370455,seed73808.png
-33.460953,23.148056,seed73809.png
-29.56796,-17.207645,seed7381.png
8.905607,-24.915268,seed73810.png
7.3877563,-37.95252,seed73811.png
11.519551,27.565062,seed73812.png
1.1849909,9.768564,seed73813.png
11.143532,-36.906048,seed73814.png
-19.89068,-15.661198,seed73815.png
16.699053,16.186323,seed73816.png
-19.807915,8.179228,seed73817.png
-4.7171745,-15.902069,seed73818.png
-1.6448821,4.0547724,seed73819.png
-17.474394,-15.346859,seed7382.png
12.77063,24.359484,seed73820.png
-11.197824,3.139388,seed73821.png
8.095336,25.428856,seed73822.png
17.52523,-35.884445,seed73823.png
7.9922104,12.170097,seed73824.png
-5.0330286,-9.265535,seed73825.png
-17.589825,-25.093193,seed73826.png
-13.7356615,-3.4455717,seed73827.png
-15.825875,-11.122951,seed73828.png
-12.706543,-12.465042,seed73829.png
-33.27536,21.334389,seed7383.png
19.536272,4.815785,seed73830.png
11.153816,-6.9821086,seed73831.png
15.692519,26.232937,seed73832.png
37.80202,24.086185,seed73833.png
1.7729834,25.233622,seed73834.png
-23.028017,-15.980923,seed73835.png
-35.472183,23.589115,seed73836.png
32.900845,17.95911,seed73837.png
-34.74681,16.789688,seed73838.png
-1.2114867,5.9921727,seed73839.png
7.533969,14.961066,seed7384.png
-12.559028,-6.6555543,seed73840.png
-33.556404,6.0616007,seed73841.png
-17.752699,-17.21742,seed73842.png
4.3104496,-11.091583,seed73843.png
-31.623064,-3.3894813,seed73844.png
8.2812805,0.7088924,seed73845.png
-20.833384,7.823347,seed73846.png
13.933742,-0.84348774,seed73847.png
-28.840168,-8.173739,seed73848.png
5.1280093,-1.031845,seed73849.png
-15.242718,-7.5947356,seed7385.png
-31.665874,-5.6353197,seed73850.png
-13.285219,-24.991056,seed73851.png
21.602428,23.88115,seed73852.png
-20.314693,12.077004,seed73853.png
-21.784437,-3.4771745,seed73854.png
-24.846693,8.499514,seed73855.png
24.439306,24.087831,seed73856.png
-21.98871,-17.647964,seed73857.png
-7.9849005,-5.9931836,seed73858.png
-29.431234,9.828507,seed73859.png
13.002785,13.502104,seed7386.png
32.07128,18.667875,seed73860.png
13.47372,6.2132287,seed73861.png
36.38723,8.041586,seed73862.png
5.994126,-33.32975,seed73863.png
21.634449,-3.1378374,seed73864.png
24.327936,24.292067,seed73865.png
7.4181824,-40.333668,seed73866.png
22.473555,26.784456,seed73867.png
14.137398,-37.454166,seed73868.png
-0.7383835,13.681439,seed73869.png
0.11535903,24.579086,seed7387.png
-14.361794,7.9104257,seed73870.png
-20.914293,-5.703841,seed73871.png
-33.362732,14.660741,seed73872.png
13.596272,22.887241,seed73873.png
6.701817,-33.331074,seed73874.png
-2.1447861,-11.880197,seed73875.png
30.746647,10.246984,seed73876.png
-20.82981,-8.716741,seed73877.png
8.010965,7.543141,seed73878.png
-7.510584,11.8205805,seed73879.png
29.76565,24.973137,seed7388.png
-1.1086259,-1.489189,seed73880.png
10.423974,-32.00775,seed73881.png
-11.17711,-14.807951,seed73882.png
37.69787,14.467499,seed73883.png
-32.167427,11.705632,seed73884.png
-17.71608,-4.819553,seed73885.png
-10.31192,5.142631,seed73886.png
38.709084,20.561544,seed73887.png
10.692023,-41.204933,seed73888.png
-20.836935,-10.038642,seed73889.png
-34.762234,25.287617,seed7389.png
-13.427747,-22.81255,seed73890.png
24.645811,-2.5729618,seed73891.png
-33.712196,18.976019,seed73892.png
-1.4456193,-7.12834,seed73893.png
-12.154315,-11.041437,seed73894.png
-15.154769,-25.963322,seed73895.png
9.128681,-25.505665,seed73896.png
20.936106,-7.2594295,seed73897.png
-28.186262,-15.610392,seed73898.png
25.417208,20.213953,seed73899.png
-19.863138,-2.8783476,seed7390.png
0.17582023,-1.3057977,seed73900.png
-19.186127,7.859714,seed73901.png
-23.97767,-6.968934,seed73902.png
-4.1727433,7.9076815,seed73903.png
12.347768,-5.1466193,seed73904.png
39.115475,23.062813,seed73905.png
17.132935,22.313295,seed73906.png
3.7913704,23.164125,seed73907.png
11.325295,5.965569,seed73908.png
-37.484085,21.468884,seed73909.png
-15.823245,-31.584478,seed7391.png
29.986265,10.610233,seed73910.png
-20.56135,7.735123,seed73911.png
-31.941032,13.9986315,seed73912.png
20.912926,-6.7328672,seed73913.png
17.911613,28.825277,seed73914.png
16.177473,-9.228716,seed73915.png
16.052357,-37.07333,seed73916.png
-7.6457653,8.9389105,seed73917.png
10.353535,8.671666,seed73918.png
-21.571548,-25.447168,seed73919.png
9.137643,-26.947824,seed7392.png
15.42828,27.70801,seed73920.png
3.1531382,18.526827,seed73921.png
-17.271559,-24.854012,seed73922.png
7.7203093,-33.559444,seed73923.png
-23.5213,2.738882,seed73924.png
8.886708,18.294067,seed73925.png
-18.257576,-6.805046,seed73926.png
-14.906749,-12.180095,seed73927.png
10.47925,-23.695894,seed73928.png
13.331552,-22.89514,seed73929.png
-31.597387,16.474281,seed7393.png
18.38288,9.853102,seed73930.png
-9.901479,-10.453198,seed73931.png
11.223038,-36.811554,seed73932.png
13.594971,-38.273422,seed73933.png
12.383251,-34.056473,seed73934.png
-15.806308,-4.158333,seed73935.png
19.324343,24.041595,seed73936.png
3.4982922,-1.5717268,seed73937.png
-14.01081,-27.44071,seed73938.png
-14.403044,6.2081943,seed73939.png
15.533902,7.7839828,seed7394.png
-2.0758305,-11.748034,seed73940.png
-27.148293,15.575727,seed73941.png
-13.9011,-22.969759,seed73942.png
16.680517,15.52285,seed73943.png
-31.49222,-7.412504,seed73944.png
-34.711136,12.499694,seed73945.png
8.377393,8.728961,seed73946.png
37.799793,17.08375,seed73947.png
29.221466,15.942222,seed73948.png
-14.492071,5.8063126,seed73949.png
10.829689,-34.681545,seed7395.png
-18.569233,-21.623634,seed73950.png
-10.716245,-6.599035,seed73951.png
-6.825672,-2.4287856,seed73952.png
37.986687,15.503772,seed73953.png
5.6250463,3.9207287,seed73954.png
19.86761,13.302071,seed73955.png
-5.4511747,1.9921967,seed73956.png
14.052839,0.6336629,seed73957.png
-4.6184688,-15.220694,seed73958.png
19.236534,-2.1656191,seed73959.png
-21.487146,-7.552984,seed7396.png
22.561098,6.790088,seed73960.png
-10.489554,-28.974644,seed73961.png
-16.833189,-14.781894,seed73962.png
-9.866684,-10.064577,seed73963.png
18.440117,26.019526,seed73964.png
-28.915674,12.201316,seed73965.png
-13.599579,-3.556697,seed73966.png
12.689057,-29.881212,seed73967.png
-22.921778,-20.790537,seed73968.png
-28.072666,11.016326,seed73969.png
18.151028,-3.6339493,seed7397.png
3.0258398,8.738964,seed73970.png
-35.895023,10.18953,seed73971.png
-21.193289,-17.768127,seed73972.png
4.6748605,5.532477,seed73973.png
-5.068465,11.176229,seed73974.png
4.977976,-28.994558,seed73975.png
21.927076,14.234199,seed73976.png
-11.765423,-11.171814,seed73977.png
22.823347,17.138983,seed73978.png
-34.52919,22.684328,seed73979.png
8.741338,-27.57484,seed7398.png
39.176758,15.677799,seed73980.png
-27.59678,-16.397503,seed73981.png
-9.243311,-25.622854,seed73982.png
-13.636905,0.68849295,seed73983.png
-23.932323,-4.3502216,seed73984.png
4.9416323,-23.10995,seed73985.png
18.197643,24.541758,seed73986.png
-13.490026,-8.0484085,seed73987.png
5.322726,-30.217575,seed73988.png
-21.632229,8.505223,seed73989.png
30.531832,26.026781,seed7399.png
21.713358,-1.1522889,seed73990.png
13.379253,13.971417,seed73991.png
-35.492462,18.888638,seed73992.png
20.829613,0.66476816,seed73993.png
33.12165,26.117655,seed73994.png
26.629757,2.0130572,seed73995.png
28.754826,27.07045,seed73996.png
23.244753,-6.8114257,seed73997.png
-25.288132,5.7284355,seed73998.png
-19.162815,-9.3451605,seed73999.png
13.925765,-39.253315,seed7400.png
-2.290022,6.355028,seed74000.png
8.308216,19.126892,seed74001.png
12.043304,10.635205,seed74002.png
-29.353413,19.709522,seed74003.png
-0.91390073,3.9045389,seed74004.png
8.457729,12.095652,seed74005.png
28.851698,0.9939975,seed74006.png
-2.9694824,-15.447945,seed74007.png
-17.84174,0.6855309,seed74008.png
-30.582638,2.7213979,seed74009.png
-22.01125,8.218327,seed7401.png
31.315014,10.742757,seed74010.png
21.290684,-2.8847997,seed74011.png
-2.1962423,11.074584,seed74012.png
-15.42213,1.5860844,seed74013.png
16.807447,-6.9488606,seed74014.png
-29.196444,1.7628517,seed74015.png
36.43511,8.493662,seed74016.png
12.891757,-0.7353023,seed74017.png
-14.033877,-15.828372,seed74018.png
-14.197982,-4.535278,seed74019.png
21.329227,20.827745,seed7402.png
-33.141617,18.933098,seed74020.png
20.911087,-4.5939507,seed74021.png
-20.704765,4.300895,seed74022.png
10.552743,-41.01422,seed74023.png
-26.379599,-20.395006,seed74024.png
9.745842,1.0393442,seed74025.png
2.187902,-2.2553842,seed74026.png
-3.0311656,-25.147783,seed74027.png
-11.778881,-17.58612,seed74028.png
-21.890192,-1.943023,seed74029.png
24.176249,1.7324709,seed7403.png
-13.101638,-10.794409,seed74030.png
9.999353,-3.2808034,seed74031.png
18.938095,19.300402,seed74032.png
37.161182,24.477057,seed74033.png
33.360336,8.8304615,seed74034.png
-21.1253,16.579699,seed74035.png
-22.298073,5.797708,seed74036.png
-19.909391,-22.492172,seed74037.png
23.180248,-6.2115903,seed74038.png
-6.438404,0.083543085,seed74039.png
-34.832855,19.658651,seed7404.png
30.539133,22.68031,seed74040.png
-0.006182021,22.377703,seed74041.png
3.2413857,22.387589,seed74042.png
31.769169,11.732614,seed74043.png
18.231651,-1.2235719,seed74044.png
-21.959774,-19.835808,seed74045.png
-16.617218,-11.818781,seed74046.png
8.287502,21.825623,seed74047.png
0.9339953,-23.881132,seed74048.png
-22.548838,18.760914,seed74049.png
8.267563,-37.615692,seed7405.png
-17.025536,-26.242937,seed74050.png
18.171457,22.781668,seed74051.png
-23.719355,-0.86551404,seed74052.png
-25.959702,4.639619,seed74053.png
-7.8032246,-4.3218327,seed74054.png
7.0416126,-30.904333,seed74055.png
-29.863352,-4.4613047,seed74056.png
-28.45592,-10.413061,seed74057.png
-17.80494,-8.938638,seed74058.png
-0.6226779,-14.895806,seed74059.png
-30.333063,-8.193304,seed7406.png
0.3366645,-10.485134,seed74060.png
-17.58918,-8.22327,seed74061.png
38.37371,13.422358,seed74062.png
8.375105,-34.81468,seed74063.png
13.587461,-41.929237,seed74064.png
16.21044,14.009463,seed74065.png
1.0201956,19.901232,seed74066.png
10.997343,-42.396454,seed74067.png
-24.511616,13.647377,seed74068.png
39.080032,9.300238,seed74069.png
-21.029123,11.624566,seed7407.png
-9.4195175,-13.526695,seed74070.png
-14.022361,-0.63790923,seed74071.png
-4.9634643,-0.6550718,seed74072.png
30.32505,12.15969,seed74073.png
-27.103088,-13.106791,seed74074.png
-18.779562,5.872002,seed74075.png
7.4675055,1.9273702,seed74076.png
-24.677113,1.3626261,seed74077.png
-28.830011,-15.03614,seed74078.png
-22.825687,-19.894772,seed74079.png
-24.23782,-16.637304,seed7408.png
1.5430906,-14.518564,seed74080.png
-14.976865,4.4709587,seed74081.png
10.333238,-21.915144,seed74082.png
31.388945,21.98743,seed74083.png
2.801356,16.948034,seed74084.png
1.0586933,5.529234,seed74085.png
-5.932727,-7.7109437,seed74086.png
12.128143,9.1921425,seed74087.png
1.300033,-8.618153,seed74088.png
9.097993,-35.800594,seed74089.png
-33.16517,-9.197428,seed7409.png
-0.35930905,23.485588,seed74090.png
-23.291103,-28.047373,seed74091.png
-29.694456,15.67831,seed74092.png
-7.191444,-20.04832,seed74093.png
33.347214,6.7090206,seed74094.png
-36.455368,7.306105,seed74095.png
11.795162,-36.56317,seed74096.png
31.832165,20.619963,seed74097.png
-23.429089,7.775638,seed74098.png
-3.738289,-19.238213,seed74099.png
-26.83416,12.65573,seed7410.png
-22.529394,7.681563,seed74100.png
3.2014177,5.064962,seed74101.png
29.24547,28.173468,seed74102.png
-13.4661665,-28.635258,seed74103.png
2.9140003,-2.7216432,seed74104.png
-31.76065,-3.8948045,seed74105.png
7.5387697,-4.4545207,seed74106.png
-20.664516,-1.4957192,seed74107.png
7.503735,9.752709,seed74108.png
-33.85513,10.187948,seed74109.png
9.776154,19.191826,seed7411.png
18.389389,5.8065395,seed74110.png
-32.64011,19.570633,seed74111.png
20.762918,8.749462,seed74112.png
21.404448,0.16746299,seed74113.png
-31.92503,-11.867145,seed74114.png
13.847336,-4.4027944,seed74115.png
12.892346,-36.31268,seed74116.png
-1.0134583,14.961271,seed74117.png
-20.42592,-4.420925,seed74118.png
-17.66899,-4.055564,seed74119.png
19.90093,-1.6218088,seed7412.png
3.4925752,12.042005,seed74120.png
12.903291,8.093235,seed74121.png
10.163322,13.702722,seed74122.png
-19.2401,12.917556,seed74123.png
-18.131649,5.786523,seed74124.png
27.926636,19.002748,seed74125.png
12.279771,-38.249577,seed74126.png
-18.225086,-24.457327,seed74127.png
12.415302,-22.285992,seed74128.png
37.029537,13.505792,seed74129.png
34.93369,17.20771,seed7413.png
-34.73603,-7.653498,seed74130.png
26.23396,13.295389,seed74131.png
29.502174,26.49985,seed74132.png
-31.675993,1.7072827,seed74133.png
28.322338,29.806675,seed74134.png
12.327491,10.567995,seed74135.png
21.522621,15.665276,seed74136.png
-10.416068,-2.2989357,seed74137.png
27.266441,2.767223,seed74138.png
-19.854595,-15.008358,seed74139.png
-27.563625,-17.72048,seed7414.png
-11.131142,-24.756178,seed74140.png
-12.435176,-18.294369,seed74141.png
-15.486033,-14.304868,seed74142.png
7.521442,10.390454,seed74143.png
7.591406,-4.4048243,seed74144.png
-24.326155,5.478135,seed74145.png
-0.13439208,-12.911867,seed74146.png
-18.30641,-29.163322,seed74147.png
6.5460496,-27.471119,seed74148.png
-19.023512,-24.40619,seed74149.png
1.2839345,14.236789,seed7415.png
-13.876609,-1.0040312,seed74150.png
-23.238628,-18.436043,seed74151.png
-3.0043375,-6.109632,seed74152.png
13.686299,-41.30862,seed74153.png
-15.817545,-10.279833,seed74154.png
-14.929771,-16.121723,seed74155.png
-16.743368,-6.198515,seed74156.png
24.097755,13.656771,seed74157.png
0.17801134,-13.44844,seed74158.png
12.683943,-21.342707,seed74159.png
-22.612816,-13.823807,seed7416.png
22.993431,4.6965218,seed74160.png
-18.849533,15.913245,seed74161.png
17.518879,-7.055017,seed74162.png
-11.166,-20.442362,seed74163.png
-15.690537,-13.588768,seed74164.png
22.404583,19.658554,seed74165.png
-14.3297415,-4.04441,seed74166.png
13.47407,-30.982264,seed74167.png
-27.569141,-14.571185,seed74168.png
38.86843,20.87115,seed74169.png
-22.037104,4.935529,seed7417.png
20.367939,-2.2324939,seed74170.png
41.208088,19.707392,seed74171.png
32.778946,4.5088024,seed74172.png
7.3682785,10.9323845,seed74173.png
8.737133,-34.961426,seed74174.png
16.970617,9.606797,seed74175.png
-21.338589,5.783653,seed74176.png
-15.606011,-5.1546197,seed74177.png
-36.365097,15.389856,seed74178.png
-35.76475,-7.7630963,seed74179.png
-27.698437,9.595956,seed7418.png
12.423347,-41.176826,seed74180.png
-19.040684,-13.144775,seed74181.png
15.414967,1.2213821,seed74182.png
38.85136,9.514812,seed74183.png
8.450108,25.288969,seed74184.png
-30.173107,1.7288929,seed74185.png
11.83845,23.609255,seed74186.png
22.918825,7.1932297,seed74187.png
0.5835018,14.666691,seed74188.png
-23.145655,10.223822,seed74189.png
-13.883225,-23.906431,seed7419.png
0.421247,6.501195,seed74190.png
15.920298,12.346159,seed74191.png
-21.957722,6.621934,seed74192.png
10.325684,-41.285416,seed74193.png
26.143728,-1.9608266,seed74194.png
-32.354122,12.014748,seed74195.png
13.415846,18.478098,seed74196.png
-0.8312421,24.876688,seed74197.png
9.046774,23.545149,seed74198.png
-10.721515,-27.05575,seed74199.png
11.944168,15.391666,seed7420.png
-27.794556,-8.410534,seed74200.png
33.330658,25.615986,seed74201.png
-17.500004,-14.070855,seed74202.png
19.159815,17.432549,seed74203.png
-26.203201,9.84138,seed74204.png
6.647946,14.381879,seed74205.png
21.640718,-6.5796165,seed74206.png
-16.690628,-6.953955,seed74207.png
13.601266,18.959555,seed74208.png
37.174454,22.566664,seed74209.png
38.04389,19.753428,seed7421.png
16.557074,-34.80216,seed74210.png
-19.225615,14.607526,seed74211.png
21.329124,25.414183,seed74212.png
-30.558336,15.548018,seed74213.png
9.441312,-0.7256763,seed74214.png
-3.5416372,-17.85048,seed74215.png
-22.63338,1.2245542,seed74216.png
10.188254,25.460796,seed74217.png
27.809801,0.8633517,seed74218.png
31.592667,10.543143,seed74219.png
11.926948,1.7199814,seed7422.png
-26.211699,19.593628,seed74220.png
34.82017,10.823715,seed74221.png
2.1404464,15.685093,seed74222.png
-23.325092,-13.762543,seed74223.png
-9.92006,-25.664516,seed74224.png
5.076945,2.227729,seed74225.png
-31.820019,-12.144527,seed74226.png
-34.206097,18.532644,seed74227.png
-34.152275,19.307829,seed74228.png
-24.969908,-7.53468,seed74229.png
17.81445,27.454975,seed7423.png
-34.122322,10.608798,seed74230.png
38.302307,16.46591,seed74231.png
-12.974104,-10.98163,seed74232.png
-17.222202,-10.20185,seed74233.png
-16.964281,-26.36123,seed74234.png
-35.63603,10.024188,seed74235.png
13.079935,23.062574,seed74236.png
12.969337,-12.966408,seed74237.png
3.3455153,8.26719,seed74238.png
-20.645023,-19.192696,seed74239.png
-14.90369,-30.114592,seed7424.png
1.0923783,0.5779937,seed74240.png
37.648426,17.538204,seed74241.png
-36.50889,13.81016,seed74242.png
29.98713,26.059755,seed74243.png
21.916672,26.433636,seed74244.png
14.108882,11.546455,seed74245.png
-17.104408,-27.537489,seed74246.png
2.7278094,12.129679,seed74247.png
-20.538898,-17.391521,seed74248.png
7.6677413,-0.97130525,seed74249.png
-24.270788,4.846851,seed7425.png
-20.482088,-7.90658,seed74250.png
-33.99252,11.166252,seed74251.png
13.092463,26.889145,seed74252.png
37.120903,16.695545,seed74253.png
-10.453366,-24.914011,seed74254.png
-0.29808927,-18.767408,seed74255.png
-1.4924349,10.444493,seed74256.png
5.658457,15.780008,seed74257.png
38.71745,21.065474,seed74258.png
24.312176,2.6957195,seed74259.png
25.709112,14.514706,seed7426.png
12.436339,-38.72976,seed74260.png
28.809025,7.3081903,seed74261.png
25.807837,7.570247,seed74262.png
30.29521,4.415536,seed74263.png
21.587965,-1.731363,seed74264.png
31.142815,8.75988,seed74265.png
-31.31193,17.80952,seed74266.png
-21.376635,-22.921011,seed74267.png
-13.60499,-16.354153,seed74268.png
20.17413,-6.0483346,seed74269.png
11.877313,-25.934412,seed7427.png
7.2729893,-39.814503,seed74270.png
3.2746093,18.388247,seed74271.png
-19.545767,-19.013227,seed74272.png
-6.2463565,-15.678427,seed74273.png
2.7150552,-16.72873,seed74274.png
33.66219,9.29263,seed74275.png
-33.97321,8.759827,seed74276.png
18.723757,-1.7783012,seed74277.png
3.642119,-0.47185555,seed74278.png
-21.569674,14.038123,seed74279.png
34.847576,5.6975775,seed7428.png
-3.0652053,-12.75183,seed74280.png
14.711151,-4.7762375,seed74281.png
-14.345462,-16.760277,seed74282.png
8.640485,9.477072,seed74283.png
-25.00592,-20.700806,seed74284.png
-13.68235,-16.77728,seed74285.png
11.064564,23.274658,seed74286.png
8.28397,-37.618225,seed74287.png
-23.713257,6.287792,seed74288.png
-9.845704,-23.930891,seed74289.png
-17.441391,-12.4637785,seed7429.png
-0.80024236,-23.34194,seed74290.png
-10.786172,-19.308268,seed74291.png
-7.235865,12.216497,seed74292.png
-17.84737,-8.340917,seed74293.png
15.294192,18.66811,seed74294.png
-27.119888,-9.408466,seed74295.png
-12.262154,-27.060265,seed74296.png
28.124617,14.303982,seed74297.png
22.355133,15.334925,seed74298.png
7.6564627,-34.101017,seed74299.png
21.503359,23.161411,seed7430.png
-28.793623,-2.8790255,seed74300.png
16.451687,4.660503,seed74301.png
14.733505,-29.993702,seed74302.png
-22.911505,-14.74209,seed74303.png
-1.9476056,-10.331874,seed74304.png
2.5316446,10.591518,seed74305.png
11.908427,3.9335818,seed74306.png
18.842167,10.068212,seed74307.png
20.681744,23.815685,seed74308.png
37.608685,19.025974,seed74309.png
-29.663145,13.236592,seed7431.png
-23.094864,-1.3852227,seed74310.png
4.685081,14.492471,seed74311.png
-24.15516,-21.867384,seed74312.png
40.96424,19.24318,seed74313.png
-20.212563,7.3464465,seed74314.png
-0.3406299,-14.362456,seed74315.png
15.93561,-0.626716,seed74316.png
12.568924,25.148342,seed74317.png
-34.63189,4.093591,seed74318.png
-9.413545,-9.522779,seed74319.png
-23.09484,19.672615,seed7432.png
31.886663,19.131945,seed74320.png
10.099524,-0.17234065,seed74321.png
26.477755,2.8904705,seed74322.png
3.6149855,-2.1428037,seed74323.png
23.756767,16.607203,seed74324.png
-27.220875,4.1987624,seed74325.png
-18.502426,-2.1817389,seed74326.png
-30.663399,-7.9197283,seed74327.png
2.490645,-3.6993165,seed74328.png
22.60261,25.687796,seed74329.png
-11.946099,5.561068,seed7433.png
-0.408182,10.49652,seed74330.png
20.501156,25.03489,seed74331.png
15.857665,-22.728899,seed74332.png
8.107433,12.537542,seed74333.png
11.244567,27.611277,seed74334.png
-9.241849,-14.625363,seed74335.png
-12.050579,-20.29595,seed74336.png
8.50524,-4.398695,seed74337.png
8.847498,17.645912,seed74338.png
-19.046967,11.207107,seed74339.png
3.4466872,12.0380125,seed7434.png
7.193267,8.582753,seed74340.png
19.564827,13.393371,seed74341.png
3.239014,-31.48274,seed74342.png
-19.517553,-13.905921,seed74343.png
-31.310036,15.51843,seed74344.png
-21.268328,2.3417747,seed74345.png
-33.280964,-6.5616913,seed74346.png
-5.888195,3.259404,seed74347.png
-10.669156,-6.443286,seed74348.png
22.608765,14.812691,seed74349.png
-9.689046,-19.05137,seed7435.png
-24.894524,3.0159655,seed74350.png
-10.878844,-24.98493,seed74351.png
15.276324,-2.4829524,seed74352.png
6.545287,-35.820328,seed74353.png
-0.13851303,-6.534304,seed74354.png
10.786525,14.800686,seed74355.png
-1.371069,24.962944,seed74356.png
-0.25341436,17.566463,seed74357.png
-18.411783,-16.376963,seed74358.png
-19.918129,-14.293514,seed74359.png
-17.990623,-20.639965,seed7436.png
37.606403,10.488284,seed74360.png
22.907038,22.315145,seed74361.png
-26.795757,-6.1102057,seed74362.png
10.160494,-42.42046,seed74363.png
35.504345,8.421159,seed74364.png
8.573182,0.12292764,seed74365.png
6.052598,-5.5674534,seed74366.png
-32.444386,2.7063131,seed74367.png
-33.692326,22.579466,seed74368.png
-21.008034,7.0512567,seed74369.png
9.593903,-24.725449,seed7437.png
-27.744986,9.154649,seed74370.png
8.882835,1.5138477,seed74371.png
32.60063,9.644368,seed74372.png
10.121812,20.021088,seed74373.png
6.228824,14.609102,seed74374.png
6.9489822,12.852757,seed74375.png
16.056698,2.896843,seed74376.png
-11.067091,-10.108219,seed74377.png
-17.361202,1.5106785,seed74378.png
11.696623,-36.686047,seed74379.png
21.090233,3.789005,seed7438.png
-9.868671,-2.5141854,seed74380.png
21.528248,27.745274,seed74381.png
11.719076,-4.224477,seed74382.png
-17.098894,-23.610332,seed74383.png
-15.344499,-23.221498,seed74384.png
26.383398,10.337294,seed74385.png
36.68991,21.335033,seed74386.png
-34.96303,25.07476,seed74387.png
17.687809,25.546448,seed74388.png
10.592042,-42.21423,seed74389.png
-33.207294,16.809322,seed7439.png
-13.435104,-22.979185,seed74390.png
-16.356339,-13.838943,seed74391.png
4.8867197,-7.2344007,seed74392.png
12.828721,-26.510712,seed74393.png
-20.575577,18.54594,seed74394.png
-30.409266,18.776474,seed74395.png
-17.953176,-9.172633,seed74396.png
14.517327,-7.506028,seed74397.png
8.603523,-33.351517,seed74398.png
14.521012,14.489491,seed74399.png
-32.73714,6.37073,seed7440.png
6.672226,-32.319733,seed74400.png
31.073414,23.514465,seed74401.png
-12.704688,9.19806,seed74402.png
12.957642,-41.34729,seed74403.png
36.936153,20.175745,seed74404.png
-9.850397,-24.623318,seed74405.png
8.769604,-8.181117,seed74406.png
-30.315063,2.7999017,seed74407.png
38.21638,21.172047,seed74408.png
35.32405,6.677143,seed74409.png
-7.8347645,-22.90016,seed7441.png
-1.3803089,23.3972,seed74410.png
-34.606113,27.398077,seed74411.png
28.417704,9.330281,seed74412.png
30.993013,26.556646,seed74413.png
11.574149,-4.485875,seed74414.png
14.915812,-34.82761,seed74415.png
16.929417,19.791826,seed74416.png
29.254633,5.09136,seed74417.png
20.84324,14.843869,seed74418.png
-16.548304,-15.963652,seed74419.png
-17.048967,-1.2024099,seed7442.png
17.642054,10.914725,seed74420.png
-22.174831,17.50979,seed74421.png
-19.242094,-13.964062,seed74422.png
-11.084703,-12.282244,seed74423.png
14.268491,-34.32418,seed74424.png
8.030338,-7.318935,seed74425.png
-17.725054,8.34966,seed74426.png
-23.108103,-23.343271,seed74427.png
-28.9438,10.8210745,seed74428.png
24.491755,24.24339,seed74429.png
33.014793,17.250805,seed7443.png
-8.146122,-17.88678,seed74430.png
-12.536934,-7.619264,seed74431.png
-0.35661897,-12.241609,seed74432.png
-15.010864,-3.919082,seed74433.png
5.0474463,22.345308,seed74434.png
-18.578941,1.0342408,seed74435.png
-23.05052,9.799963,seed74436.png
-9.391402,-19.93221,seed74437.png
-17.69329,0.28179735,seed74438.png
19.812458,25.989553,seed74439.png
8.117711,5.7567825,seed7444.png
-14.151374,12.029325,seed74440.png
5.365312,9.7917385,seed74441.png
19.979698,2.776428,seed74442.png
5.8093324,24.618078,seed74443.png
12.086383,5.4368906,seed74444.png
-33.71034,20.849514,seed74445.png
30.26678,12.244742,seed74446.png
0.2124216,23.415354,seed74447.png
-34.380497,22.45291,seed74448.png
-33.999794,19.753153,seed74449.png
-30.611769,11.452592,seed7445.png
-23.299774,-7.4413514,seed74450.png
32.33874,9.868479,seed74451.png
-19.215445,-28.297813,seed74452.png
12.328722,27.652855,seed74453.png
-22.097599,19.233343,seed74454.png
31.51325,7.1184015,seed74455.png
20.160816,-1.5950011,seed74456.png
33.63083,10.7138,seed74457.png
-28.327374,-8.217523,seed74458.png
-0.15977997,12.67235,seed74459.png
-28.07606,-2.8077192,seed7446.png
-1.4651088,16.534273,seed74460.png
1.4226556,23.191195,seed74461.png
13.89323,-33.012066,seed74462.png
11.766713,0.988614,seed74463.png
23.53005,11.724731,seed74464.png
-32.20974,21.640667,seed74465.png
11.463306,-30.29723,seed74466.png
0.7023764,-3.8412392,seed74467.png
-22.185572,8.431441,seed74468.png
-28.35549,-3.706812,seed74469.png
-28.489342,6.1216674,seed7447.png
9.4956255,1.4621329,seed74470.png
13.00868,-25.143246,seed74471.png
15.145972,1.7622126,seed74472.png
-33.102497,-18.26196,seed74473.png
5.50124,-2.7652497,seed74474.png
-22.199963,0.08647651,seed74475.png
19.639933,24.827118,seed74476.png
-14.249268,-19.462627,seed74477.png
16.567556,0.3391984,seed74478.png
11.530162,-32.28421,seed74479.png
-18.193352,-22.155897,seed7448.png
-33.249733,16.682404,seed74480.png
16.986122,-35.639973,seed74481.png
25.63525,18.472313,seed74482.png
-22.172215,10.303126,seed74483.png
0.12666696,-26.685974,seed74484.png
11.258264,-32.26484,seed74485.png
10.238887,-3.544163,seed74486.png
26.617699,16.164698,seed74487.png
15.11393,-32.65096,seed74488.png
3.8078864,-24.359392,seed74489.png
-34.64529,6.09869,seed7449.png
13.3384,-0.76736534,seed74490.png
-23.360966,15.984983,seed74491.png
28.493088,15.272981,seed74492.png
20.71115,23.426205,seed74493.png
16.917812,23.089918,seed74494.png
-28.28778,14.223836,seed74495.png
-14.8891945,-15.452174,seed74496.png
-4.723528,-17.643005,seed74497.png
4.6423883,5.767023,seed74498.png
37.98088,21.672297,seed74499.png
37.567795,7.7303934,seed7450.png
25.905832,5.8547893,seed74500.png
-18.161024,-17.26375,seed74501.png
31.93364,21.792751,seed74502.png
-12.603877,-27.762907,seed74503.png
6.6562867,23.597912,seed74504.png
5.176597,-36.112724,seed74505.png
7.9478455,11.0006895,seed74506.png
-23.78501,-6.221387,seed74507.png
-3.1098144,12.231451,seed74508.png
5.657792,12.566897,seed74509.png
21.55441,-6.3911934,seed7451.png
29.971376,27.09752,seed74510.png
40.865074,16.923365,seed74511.png
-30.748909,-2.8080852,seed74512.png
-14.166151,-1.099576,seed74513.png
4.2552094,21.600311,seed74514.png
-23.913868,-29.29307,seed74515.png
-22.160267,-26.35436,seed74516.png
32.206654,12.350025,seed74517.png
20.18728,7.022628,seed74518.png
-31.040823,-0.112287685,seed74519.png
-25.444193,13.477504,seed7452.png
4.1124115,4.584819,seed74520.png
-24.035246,1.4587837,seed74521.png
-25.471014,9.2353525,seed74522.png
9.625793,-7.58473,seed74523.png
-11.364679,-18.0017,seed74524.png
18.28311,23.879549,seed74525.png
-22.943747,-12.568395,seed74526.png
15.925684,-34.731224,seed74527.png
10.584288,9.225701,seed74528.png
16.229908,-37.583595,seed74529.png
-12.2742195,-20.128128,seed7453.png
-23.15893,-20.638721,seed74530.png
-20.378263,-29.104092,seed74531.png
-7.0162377,-11.3256445,seed74532.png
-10.857877,-1.4462727,seed74533.png
-22.917599,-9.50435,seed74534.png
-32.43065,10.162296,seed74535.png
4.3852463,-12.196705,seed74536.png
-36.29343,-3.0760043,seed74537.png
32.197197,11.444294,seed74538.png
-25.221493,-23.314598,seed74539.png
-29.812563,7.828587,seed7454.png
22.434954,8.23731,seed74540.png
26.142815,16.084934,seed74541.png
27.591848,21.229952,seed74542.png
-5.747881,-12.047614,seed74543.png
16.663364,-5.5266457,seed74544.png
6.6519794,-24.707907,seed74545.png
20.2954,21.864603,seed74546.png
31.090296,13.557382,seed74547.png
13.272944,0.6852175,seed74548.png
14.519112,23.170029,seed74549.png
31.749556,1.482163,seed7455.png
-22.918776,-3.098147,seed74550.png
34.705536,4.1002903,seed74551.png
41.225616,20.566235,seed74552.png
31.497417,11.152873,seed74553.png
-18.591784,9.434146,seed74554.png
34.583153,10.700694,seed74555.png
16.779474,-0.6495672,seed74556.png
22.78757,21.373684,seed74557.png
-2.2853246,-17.494307,seed74558.png
-8.009103,-19.190037,seed74559.png
7.910193,3.9822814,seed7456.png
6.730599,1.4191734,seed74560.png
-21.059853,-25.57793,seed74561.png
12.285381,-4.3229733,seed74562.png
-23.120071,6.89727,seed74563.png
-19.451933,2.7137399,seed74564.png
-21.910263,7.2098346,seed74565.png
-13.917588,-9.666799,seed74566.png
35.398876,23.85398,seed74567.png
-19.68132,4.1879396,seed74568.png
30.982262,26.250107,seed74569.png
-14.813785,-8.104242,seed7457.png
8.422807,8.010428,seed74570.png
35.332554,13.480734,seed74571.png
-21.228851,14.144004,seed74572.png
35.12842,13.669068,seed74573.png
-27.97651,8.833605,seed74574.png
-28.97638,-6.969223,seed74575.png
-21.817987,-4.0357985,seed74576.png
14.405777,0.84529245,seed74577.png
11.536269,-1.7660809,seed74578.png
-16.639713,-24.606833,seed74579.png
-32.327057,25.31616,seed7458.png
20.323465,7.883699,seed74580.png
13.308057,0.43253767,seed74581.png
6.593124,-3.3638086,seed74582.png
-20.095007,-9.814348,seed74583.png
18.037409,-6.1314483,seed74584.png
-5.4377933,-1.2055794,seed74585.png
-5.6841426,-19.037306,seed74586.png
13.422574,-33.74342,seed74587.png
-23.407614,4.9837723,seed74588.png
15.557378,27.193573,seed74589.png
31.574661,10.46568,seed7459.png
-8.166626,-9.750712,seed74590.png
33.808235,4.973034,seed74591.png
21.28236,-2.5557609,seed74592.png
-19.972076,0.5924306,seed74593.png
4.695323,-27.604551,seed74594.png
24.997704,6.1520677,seed74595.png
2.828441,-14.044303,seed74596.png
-25.252512,-4.022921,seed74597.png
-19.694975,2.4006467,seed74598.png
-30.288382,-5.19587,seed74599.png
-38.241405,8.538359,seed7460.png
14.576032,5.5621376,seed74600.png
35.54704,22.121391,seed74601.png
0.62328047,-2.2450712,seed74602.png
-22.646439,2.0533917,seed74603.png
-16.524656,-8.834897,seed74604.png
-2.0183697,21.7658,seed74605.png
-1.8301834,-8.909619,seed74606.png
-34.55485,9.1432495,seed74607.png
-17.804884,-0.8985359,seed74608.png
-31.283802,-16.665508,seed74609.png
30.479568,14.76054,seed7461.png
-8.344604,-20.306433,seed74610.png
13.482143,-9.93462,seed74611.png
-27.118206,-2.1459644,seed74612.png
-28.767826,0.65774876,seed74613.png
-1.0823681,1.4071542,seed74614.png
26.522694,-4.467315,seed74615.png
-18.584436,-0.33545288,seed74616.png
10.630254,-24.27356,seed74617.png
35.098618,13.52281,seed74618.png
15.842322,-32.556786,seed74619.png
30.782288,5.84962,seed7462.png
-12.777964,-15.130395,seed74620.png
25.605198,16.603765,seed74621.png
-11.931724,-15.95501,seed74622.png
32.99586,14.078097,seed74623.png
-30.021708,-0.5702413,seed74624.png
-24.829992,-7.632734,seed74625.png
10.492755,26.652351,seed74626.png
7.949294,-4.205954,seed74627.png
3.5878537,18.132877,seed74628.png
11.053217,-3.2013094,seed74629.png
26.866587,-0.49451658,seed7463.png
-8.532201,-22.159245,seed74630.png
-27.817848,-7.77341,seed74631.png
-0.01240933,-12.216481,seed74632.png
-16.630962,-14.409749,seed74633.png
-3.6592822,-16.127077,seed74634.png
-36.622673,17.64706,seed74635.png
26.989532,9.455815,seed74636.png
0.6246958,15.226134,seed74637.png
10.988874,6.024113,seed74638.png
-32.83498,12.800822,seed74639.png
-33.929497,2.3988273,seed7464.png
19.502768,24.435692,seed74640.png
-19.678791,12.817183,seed74641.png
-32.453278,9.911444,seed74642.png
21.786972,6.458642,seed74643.png
19.469625,25.857533,seed74644.png
-1.5282792,5.3654337,seed74645.png
-31.665201,16.190779,seed74646.png
-34.821903,-1.0290769,seed74647.png
2.8782272,-18.063786,seed74648.png
18.935297,20.868916,seed74649.png
35.954407,14.280096,seed7465.png
-12.561694,-28.288742,seed74650.png
-26.56965,-25.722116,seed74651.png
-23.259466,-2.3048415,seed74652.png
-33.456375,15.496845,seed74653.png
9.385318,-35.954136,seed74654.png
19.062956,-0.026398964,seed74655.png
-14.425958,-7.585654,seed74656.png
16.100111,-32.73776,seed74657.png
6.5902185,5.8131146,seed74658.png
22.91505,0.24948964,seed74659.png
-31.09277,-14.526689,seed7466.png
11.16874,-23.849686,seed74660.png
-24.580982,16.24698,seed74661.png
-21.83539,13.57289,seed74662.png
-27.534521,-10.491884,seed74663.png
-24.983664,3.2530358,seed74664.png
-3.8819714,-11.9733925,seed74665.png
-34.9761,10.486633,seed74666.png
27.973024,26.740673,seed74667.png
-31.988348,25.254967,seed74668.png
15.291372,0.9806991,seed74669.png
21.727722,0.8299022,seed7467.png
6.897469,-29.095888,seed74670.png
9.481589,27.832718,seed74671.png
13.34241,27.760239,seed74672.png
10.355107,3.9515133,seed74673.png
-13.517855,-29.71894,seed74674.png
-27.937567,6.76736,seed74675.png
16.231047,15.508596,seed74676.png
31.444237,22.50256,seed74677.png
13.219435,-41.190407,seed74678.png
39.282127,24.739208,seed74679.png
-12.711767,5.3734136,seed7468.png
-17.972477,-15.826284,seed74680.png
3.3018913,12.736893,seed74681.png
-15.407347,-8.321297,seed74682.png
-3.6394374,-20.699177,seed74683.png
-15.1954975,-21.416807,seed74684.png
-22.9165,14.421353,seed74685.png
-29.020138,14.70749,seed74686.png
20.610035,19.703154,seed74687.png
11.348241,-7.656773,seed74688.png
-26.13429,-0.5771008,seed74689.png
-24.80666,2.0279171,seed7469.png
24.205648,10.966258,seed74690.png
39.561485,8.176596,seed74691.png
0.5942838,-15.229941,seed74692.png
9.588807,9.543303,seed74693.png
21.49237,0.85536635,seed74694.png
-17.971254,-6.017954,seed74695.png
-33.13707,17.64652,seed74696.png
-22.560534,16.020144,seed74697.png
-18.25426,-13.549981,seed74698.png
-16.813091,-19.080341,seed74699.png
-21.197466,17.927505,seed7470.png
-35.683224,-0.6299776,seed74700.png
-31.340546,0.46544868,seed74701.png
15.576919,22.843939,seed74702.png
-33.438507,15.991451,seed74703.png
37.61815,23.028934,seed74704.png
-20.737825,10.168155,seed74705.png
-23.602428,-24.487755,seed74706.png
-20.096264,-20.532522,seed74707.png
-29.781218,-12.992599,seed74708.png
-24.03749,-2.6394532,seed74709.png
24.01787,-4.166077,seed7471.png
12.965466,-2.6108203,seed74710.png
15.890022,-7.325894,seed74711.png
8.716102,-28.182201,seed74712.png
-6.9437656,-10.8035555,seed74713.png
-27.894926,-2.0325181,seed74714.png
-31.241106,-6.3848844,seed74715.png
-32.94009,22.041895,seed74716.png
17.899954,15.109382,seed74717.png
-34.712452,-4.1158433,seed74718.png
19.611204,11.6957655,seed74719.png
-21.684317,-20.524815,seed7472.png
-22.025661,-17.862423,seed74720.png
14.428162,-30.619692,seed74721.png
9.709909,9.5543165,seed74722.png
17.3829,-1.1893312,seed74723.png
-22.08609,-18.232224,seed74724.png
-2.5946476,-3.8141696,seed74725.png
8.112701,-28.862814,seed74726.png
4.322544,14.200022,seed74727.png
2.919444,5.0518584,seed74728.png
8.273849,1.6345514,seed74729.png
-27.884077,1.8760502,seed7473.png
9.948291,-2.7218559,seed74730.png
-14.567644,-6.5582743,seed74731.png
3.8945103,-6.6377277,seed74732.png
26.18879,15.099002,seed74733.png
-25.236752,7.352641,seed74734.png
-13.477443,-8.067419,seed74735.png
20.3428,-3.994133,seed74736.png
-29.667257,13.985783,seed74737.png
-10.701981,-21.393736,seed74738.png
-24.452396,-8.502784,seed74739.png
-12.657857,7.5181966,seed7474.png
-25.203026,-14.38174,seed74740.png
24.170166,9.646518,seed74741.png
-25.191883,12.61784,seed74742.png
16.439056,-32.71379,seed74743.png
37.765327,17.315008,seed74744.png
-2.6651607,-16.448603,seed74745.png
-19.52704,15.018246,seed74746.png
-17.743,-21.300594,seed74747.png
-31.304651,20.287737,seed74748.png
0.57571447,-29.22517,seed74749.png
4.608709,16.348307,seed7475.png
-29.76687,18.041256,seed74750.png
30.072628,11.464629,seed74751.png
15.836327,-33.263344,seed74752.png
14.599119,6.5039997,seed74753.png
-21.313358,18.28404,seed74754.png
27.996622,-5.020482,seed74755.png
5.154846,-34.34401,seed74756.png
-31.169336,-13.984346,seed74757.png
35.566975,8.379268,seed74758.png
36.07561,25.83411,seed74759.png
-4.427392,-20.84468,seed7476.png
12.402786,6.863493,seed74760.png
3.6917124,-0.20489727,seed74761.png
-30.362753,-14.683216,seed74762.png
8.610278,0.6376061,seed74763.png
-32.695724,0.21541953,seed74764.png
9.109998,-20.564245,seed74765.png
12.332074,-3.1449811,seed74766.png
12.964587,9.564708,seed74767.png
-19.956413,-3.5278273,seed74768.png
-3.4813318,14.45205,seed74769.png
-22.65467,-14.792123,seed7477.png
-34.039455,12.216254,seed74770.png
23.76004,19.690468,seed74771.png
38.112995,15.992497,seed74772.png
-18.315184,-4.932255,seed74773.png
13.322573,-35.38437,seed74774.png
-20.764204,-3.9460807,seed74775.png
-17.089592,3.7964923,seed74776.png
6.215422,6.894252,seed74777.png
20.1135,-4.34497,seed74778.png
-20.18538,-28.842218,seed74779.png
-22.429472,10.112269,seed7478.png
28.556812,16.01101,seed74780.png
10.942891,26.617674,seed74781.png
36.05894,10.300267,seed74782.png
-29.14628,10.307824,seed74783.png
5.942623,-5.1701865,seed74784.png
-21.33046,-17.275255,seed74785.png
-19.330734,-6.9317265,seed74786.png
-21.729889,-26.039095,seed74787.png
26.113413,19.930643,seed74788.png
10.659436,-38.34179,seed74789.png
8.254339,7.0633445,seed7479.png
-22.360092,-2.030223,seed74790.png
-20.73686,-8.573909,seed74791.png
-2.4378536,5.3669786,seed74792.png
-15.516544,-24.621767,seed74793.png
15.058251,-9.447936,seed74794.png
37.927967,23.82387,seed74795.png
27.613897,20.95572,seed74796.png
-20.871204,-2.313264,seed74797.png
-27.856384,1.6362022,seed74798.png
-21.990683,-2.234805,seed74799.png
-28.890291,20.432549,seed7480.png
-26.842356,-13.524925,seed74800.png
-14.480012,7.648498,seed74801.png
-20.630096,14.01165,seed74802.png
-5.524207,17.010727,seed74803.png
-2.0696845,-17.406006,seed74804.png
13.140453,20.574833,seed74805.png
18.891296,6.4708734,seed74806.png
-36.45659,9.118894,seed74807.png
10.734434,-30.409756,seed74808.png
4.752637,10.212904,seed74809.png
6.1592965,-29.248983,seed7481.png
11.2925005,-9.892092,seed74810.png
15.567561,13.336305,seed74811.png
6.4574275,11.100569,seed74812.png
-8.259417,4.234642,seed74813.png
13.681828,-36.39485,seed74814.png
11.773745,16.836733,seed74815.png
33.90952,21.623072,seed74816.png
-4.4741774,14.512113,seed74817.png
-0.19484715,22.291248,seed74818.png
20.913294,4.879814,seed74819.png
38.677017,5.8433013,seed7482.png
7.0473356,6.6796036,seed74820.png
16.683336,20.28639,seed74821.png
-2.4443617,-22.330812,seed74822.png
-12.846772,-19.071913,seed74823.png
-30.323938,17.926834,seed74824.png
-16.236607,-14.8193655,seed74825.png
5.135683,-30.884085,seed74826.png
37.280235,24.583042,seed74827.png
18.139557,14.518093,seed74828.png
-2.7320719,-11.123951,seed74829.png
-26.373697,9.391831,seed7483.png
15.20163,23.39476,seed74830.png
4.3859086,11.043921,seed74831.png
1.9821498,13.946673,seed74832.png
8.17179,-6.848904,seed74833.png
21.23283,26.444502,seed74834.png
-21.590385,14.902173,seed74835.png
-12.291205,-27.788462,seed74836.png
-34.868107,26.728785,seed74837.png
-33.647,10.444384,seed74838.png
-25.221745,12.454907,seed74839.png
-8.919589,-11.91406,seed7484.png
-18.160599,-3.0664468,seed74840.png
18.400503,-1.8073167,seed74841.png
30.637388,23.344736,seed74842.png
-28.65738,-10.540867,seed74843.png
38.15864,8.251283,seed74844.png
-11.431086,-0.89848685,seed74845.png
30.911652,4.1598864,seed74846.png
-1.5272224,1.8334222,seed74847.png
-17.161694,8.122206,seed74848.png
39.362843,14.987278,seed74849.png
0.3936565,-16.070358,seed7485.png
-31.900398,17.371914,seed74850.png
21.482767,-5.5416913,seed74851.png
10.038027,-23.197336,seed74852.png
-24.959959,9.323583,seed74853.png
12.096749,22.37511,seed74854.png
36.70527,21.163883,seed74855.png
29.185663,17.769457,seed74856.png
18.814268,1.7916733,seed74857.png
-23.189032,14.277435,seed74858.png
20.87551,-1.6514928,seed74859.png
38.245224,19.76586,seed7486.png
21.953207,11.603201,seed74860.png
-25.328712,0.3476523,seed74861.png
6.5709643,-38.64706,seed74862.png
24.719522,21.097124,seed74863.png
-17.127655,6.295705,seed74864.png
-23.127592,0.96953475,seed74865.png
-16.433485,-5.2344866,seed74866.png
-21.827204,12.110689,seed74867.png
-0.021510413,-12.304277,seed74868.png
11.773582,0.43943435,seed74869.png
17.54673,19.381287,seed7487.png
13.545128,22.821915,seed74870.png
-11.822211,-8.851996,seed74871.png
-12.1316,7.1023383,seed74872.png
40.957516,21.763414,seed74873.png
-19.790396,-30.132624,seed74874.png
-11.233736,-26.075394,seed74875.png
12.712609,-26.556665,seed74876.png
13.679096,25.18942,seed74877.png
14.815385,-35.236996,seed74878.png
-5.907781,-13.833878,seed74879.png
-4.260875,-19.693502,seed7488.png
-22.179548,-25.099373,seed74880.png
-24.362274,-7.901092,seed74881.png
-14.772045,3.8044045,seed74882.png
-20.7843,-6.18612,seed74883.png
-2.3920743,-10.794161,seed74884.png
1.6666248,20.795097,seed74885.png
-8.620052,-26.539614,seed74886.png
-11.918698,-27.747082,seed74887.png
13.159984,-22.65614,seed74888.png
-20.277658,-24.638695,seed74889.png
-18.004198,-28.94048,seed7489.png
18.084246,-1.0961568,seed74890.png
25.804874,14.372572,seed74891.png
-34.287395,27.051317,seed74892.png
-17.440475,-24.599895,seed74893.png
-24.808544,10.147079,seed74894.png
15.002402,11.422961,seed74895.png
-33.18119,-7.6249065,seed74896.png
-0.80484146,-18.068989,seed74897.png
30.31404,8.790347,seed74898.png
-24.705175,-15.796577,seed74899.png
-18.057375,-0.048934538,seed7490.png
-3.0793548,-20.183016,seed74900.png
27.537725,9.543275,seed74901.png
0.038843583,18.125841,seed74902.png
-24.175291,-13.745975,seed74903.png
3.1054232,-34.16799,seed74904.png
-13.811447,-29.456383,seed74905.png
-19.711983,14.074172,seed74906.png
-20.114265,-21.30332,seed74907.png
6.30546,-34.979324,seed74908.png
-32.859856,11.341871,seed74909.png
14.829577,-33.031246,seed7491.png
-23.800833,11.837687,seed74910.png
-8.346027,-18.144253,seed74911.png
23.98405,12.264268,seed74912.png
3.879763,21.045876,seed74913.png
-23.9052,-18.232212,seed74914.png
17.191385,-34.816097,seed74915.png
13.977378,-32.718918,seed74916.png
14.793665,-40.356895,seed74917.png
31.635382,1.3624138,seed74918.png
21.83451,-9.208929,seed74919.png
15.599952,-12.183707,seed7492.png
-2.948194,-14.733697,seed74920.png
-15.186422,-13.455199,seed74921.png
30.86018,20.055246,seed74922.png
6.5386167,5.3241825,seed74923.png
-29.698143,0.98139125,seed74924.png
-28.438766,11.939943,seed74925.png
5.0282354,3.5381866,seed74926.png
13.891802,19.181358,seed74927.png
39.975376,20.401686,seed74928.png
-16.337814,-5.3402586,seed74929.png
-26.02517,5.933745,seed7493.png
40.027946,15.11601,seed74930.png
-2.461974,13.535396,seed74931.png
-23.5427,-5.696405,seed74932.png
23.772934,8.330335,seed74933.png
8.493137,-26.829872,seed74934.png
-21.972872,5.998752,seed74935.png
22.149694,-6.7866125,seed74936.png
-16.481863,-19.765514,seed74937.png
-27.303532,12.961317,seed74938.png
24.938091,9.678532,seed74939.png
34.329662,25.990404,seed7494.png
-3.871002,-16.535072,seed74940.png
14.509788,0.7027763,seed74941.png
-29.089157,21.054174,seed74942.png
-24.615,7.4320703,seed74943.png
31.071651,1.606072,seed74944.png
34.20802,24.411469,seed74945.png
-23.332253,-19.956741,seed74946.png
29.768595,28.122663,seed74947.png
11.389638,28.858526,seed74948.png
-28.580437,16.552334,seed74949.png
-22.867373,-10.82685,seed7495.png
4.0150604,-5.2869167,seed74950.png
-32.161533,17.207901,seed74951.png
-30.42457,16.106379,seed74952.png
37.9716,20.32325,seed74953.png
-14.951542,12.813413,seed74954.png
12.599638,13.993739,seed74955.png
-6.328125,-3.0921543,seed74956.png
4.0312886,5.3778095,seed74957.png
11.928175,-43.29221,seed74958.png
-22.535303,-21.030277,seed74959.png
-11.291415,1.9348863,seed7496.png
8.594788,-41.996292,seed74960.png
13.371231,-41.858223,seed74961.png
-30.866787,-7.9287314,seed74962.png
-7.6440773,11.224527,seed74963.png
13.46585,-2.012853,seed74964.png
12.410068,-34.324955,seed74965.png
-32.56354,11.44916,seed74966.png
-30.09439,17.504791,seed74967.png
-35.450573,20.927124,seed74968.png
5.2280445,6.6744933,seed74969.png
-30.211031,-9.731544,seed7497.png
-31.155642,23.457905,seed74970.png
13.051677,25.322184,seed74971.png
6.320953,-0.49706647,seed74972.png
-26.69546,8.410506,seed74973.png
-9.352006,3.7759528,seed74974.png
-5.2544518,-10.008277,seed74975.png
8.956691,-36.00429,seed74976.png
0.3218328,19.317337,seed74977.png
-30.037745,-9.055515,seed74978.png
-36.4366,9.392405,seed74979.png
-12.635623,4.8632226,seed7498.png
-16.8198,-0.82958305,seed74980.png
-35.498104,21.146206,seed74981.png
-31.75988,21.245989,seed74982.png
7.8853707,-5.634526,seed74983.png
-22.262848,8.342808,seed74984.png
6.956469,4.5334496,seed74985.png
37.50208,11.763354,seed74986.png
38.937416,19.388561,seed74987.png
15.185799,-38.928608,seed74988.png
22.575298,-6.9641366,seed74989.png
-15.128365,-15.724633,seed7499.png
21.24788,-7.728938,seed74990.png
-31.861317,4.186511,seed74991.png
-26.844103,-8.0143795,seed74992.png
-36.65909,-2.7952154,seed74993.png
-11.320007,-15.276055,seed74994.png
-20.880249,-12.505874,seed74995.png
0.23663409,-18.810917,seed74996.png
-14.526768,-7.597031,seed74997.png
12.178392,-42.872158,seed74998.png
14.407218,-36.850315,seed74999.png
6.9607253,-27.592684,seed7500.png
9.796842,-28.756752,seed75000.png
9.162293,-11.214631,seed75001.png
10.022796,21.308681,seed75002.png
-21.309864,-0.94849455,seed75003.png
1.864842,-11.913,seed75004.png
4.8296866,-27.324186,seed75005.png
9.88185,-27.487677,seed75006.png
29.69366,30.10114,seed75007.png
-31.457062,17.010612,seed75008.png
-24.554802,7.7707305,seed75009.png
11.671475,15.609735,seed7501.png
-14.492137,-15.124596,seed75010.png
-24.187412,-5.682771,seed75011.png
-32.42966,25.61341,seed75012.png
28.451445,24.634628,seed75013.png
16.980078,24.894283,seed75014.png
9.073271,17.556795,seed75015.png
-19.358316,1.1247405,seed75016.png
33.17328,27.985577,seed75017.png
-8.927762,-23.517265,seed75018.png
7.973438,-40.843224,seed75019.png
-24.583178,-15.9330015,seed7502.png
16.93395,2.7460868,seed75020.png
26.929499,21.169949,seed75021.png
12.558354,-25.143562,seed75022.png
5.253769,-35.65571,seed75023.png
-25.23187,8.31146,seed75024.png
-0.21121976,-16.31899,seed75025.png
-35.1658,-1.5876414,seed75026.png
16.219402,5.846941,seed75027.png
9.941342,29.094069,seed75028.png
16.471218,17.891434,seed75029.png
-31.784342,4.4421463,seed7503.png
-14.852665,3.461904,seed75030.png
28.572308,14.784632,seed75031.png
28.317032,21.528425,seed75032.png
14.187495,2.411953,seed75033.png
18.94895,18.997728,seed75034.png
18.142752,4.1214423,seed75035.png
9.638781,-2.6315186,seed75036.png
-22.490444,12.50238,seed75037.png
-19.594439,-21.979,seed75038.png
34.169086,3.2057612,seed75039.png
-11.755734,1.2778533,seed7504.png
3.778457,23.80513,seed75040.png
-26.95771,11.2774515,seed75041.png
20.974743,25.259857,seed75042.png
40.514153,20.418736,seed75043.png
12.386268,-22.254139,seed75044.png
-15.91674,-26.884401,seed75045.png
13.563216,-36.842796,seed75046.png
-11.55172,-10.270601,seed75047.png
2.3634858,-15.454344,seed75048.png
-35.196148,9.767623,seed75049.png
11.173286,-43.061546,seed7505.png
36.37337,16.362257,seed75050.png
-22.000967,6.6748166,seed75051.png
17.444147,18.523527,seed75052.png
11.2573,1.020953,seed75053.png
31.747568,9.652226,seed75054.png
-31.701044,19.958883,seed75055.png
28.73788,12.710574,seed75056.png
-31.898571,25.577417,seed75057.png
-20.548862,-3.0945156,seed75058.png
-16.248436,-27.87386,seed75059.png
-15.036107,-17.826712,seed7506.png
-24.701925,1.3560022,seed75060.png
38.457405,22.534595,seed75061.png
10.4562845,-26.578691,seed75062.png
37.869614,19.004076,seed75063.png
-21.654457,20.450068,seed75064.png
-23.094984,16.79787,seed75065.png
-22.084806,-0.13514353,seed75066.png
16.440693,13.443995,seed75067.png
-21.426731,-20.603876,seed75068.png
32.22799,25.564407,seed75069.png
34.054142,21.753109,seed7507.png
31.195766,27.474745,seed75070.png
-23.720327,-13.018446,seed75071.png
8.186302,12.893033,seed75072.png
0.1833018,-5.400541,seed75073.png
11.508949,22.345432,seed75074.png
-38.0162,21.377176,seed75075.png
-20.20285,0.024454389,seed75076.png
-15.6345215,-2.0998545,seed75077.png
-24.643885,6.949952,seed75078.png
38.30439,5.870813,seed75079.png
-18.144556,-11.800371,seed7508.png
12.674429,19.02831,seed75080.png
-13.51835,-11.130104,seed75081.png
23.03788,10.267139,seed75082.png
32.503723,10.879294,seed75083.png
13.223429,-8.769625,seed75084.png
28.214453,25.195131,seed75085.png
-12.109258,-14.972685,seed75086.png
35.90361,26.228956,seed75087.png
39.55438,24.244099,seed75088.png
-23.845467,-18.686087,seed75089.png
0.25954488,-18.95166,seed7509.png
11.284478,-23.959347,seed75090.png
-28.083687,0.7500477,seed75091.png
36.052567,15.180397,seed75092.png
10.061909,6.289912,seed75093.png
-34.147846,16.132267,seed75094.png
23.829857,17.394358,seed75095.png
-26.630413,15.882252,seed75096.png
-19.94042,-31.420805,seed75097.png
-13.156334,-25.014343,seed75098.png
-0.24096508,-3.4046142,seed75099.png
14.506585,-11.504818,seed7510.png
31.626713,28.5327,seed75100.png
11.288255,-22.78228,seed75101.png
20.52664,-5.95668,seed75102.png
16.466188,1.029645,seed75103.png
1.7478931,22.654058,seed75104.png
12.213424,-30.51572,seed75105.png
24.857813,3.6136746,seed75106.png
32.86591,11.974213,seed75107.png
-10.887058,-15.975178,seed75108.png
-1.2081227,7.449852,seed75109.png
27.429705,13.291732,seed7511.png
16.979446,-2.126098,seed75110.png
-35.39323,24.183872,seed75111.png
-31.981672,17.998018,seed75112.png
1.5096505,18.227682,seed75113.png
-0.31117865,23.330486,seed75114.png
-13.152398,-29.829994,seed75115.png
32.13612,28.747087,seed75116.png
27.296188,6.4758534,seed75117.png
-1.1575631,-19.794739,seed75118.png
1.6651046,-29.46667,seed75119.png
19.26161,9.160286,seed7512.png
15.559971,19.968042,seed75120.png
-33.319016,26.827492,seed75121.png
13.866693,28.142786,seed75122.png
12.342629,-38.144318,seed75123.png
8.2939,24.827578,seed75124.png
-32.14758,24.718014,seed75125.png
10.814033,-42.21914,seed75126.png
39.032406,13.133413,seed75127.png
-13.975203,-4.672048,seed75128.png
21.18174,18.767853,seed75129.png
9.942088,4.9799285,seed7513.png
-36.140514,8.43097,seed75130.png
14.334743,1.6136159,seed75131.png
-1.5840387,24.86409,seed75132.png
28.408215,11.938517,seed75133.png
4.132474,24.50068,seed75134.png
-21.86699,14.562603,seed75135.png
11.76749,-24.153498,seed75136.png
24.06404,17.786533,seed75137.png
33.934135,19.52616,seed75138.png
28.323763,27.911556,seed75139.png
-15.820104,-2.1659625,seed7514.png
27.993114,22.28258,seed75140.png
-16.799076,-25.14866,seed75141.png
25.055918,16.62944,seed75142.png
33.813957,21.948513,seed75143.png
30.005404,7.3014116,seed75144.png
12.907083,-26.043566,seed75145.png
9.286978,28.450872,seed75146.png
-7.6655025,-8.108027,seed75147.png
-26.378862,-6.2644253,seed75148.png
-18.09366,-24.641556,seed75149.png
18.14921,-1.0286975,seed7515.png
-15.711884,-4.640489,seed75150.png
13.24145,7.8515797,seed75151.png
-18.567406,-12.2938385,seed75152.png
1.6074349,17.148966,seed75153.png
-31.371157,-12.249045,seed75154.png
-38.22525,6.909298,seed75155.png
32.36361,15.539855,seed75156.png
-2.08864,-14.398747,seed75157.png
-17.268702,-23.908766,seed75158.png
0.17755795,-26.146378,seed75159.png
-23.965563,8.542557,seed7516.png
10.277973,-4.8236027,seed75160.png
-22.13985,-28.033094,seed75161.png
-6.399457,-11.42644,seed75162.png
25.880318,24.28392,seed75163.png
32.889824,22.082066,seed75164.png
35.225994,6.14889,seed75165.png
0.62962854,-18.79227,seed75166.png
-23.118185,7.953512,seed75167.png
-29.013897,-1.2390041,seed75168.png
5.241234,-25.702187,seed75169.png
10.2785,-34.281803,seed7517.png
-30.338373,19.332693,seed75170.png
20.81323,1.1459457,seed75171.png
7.887882,-36.26978,seed75172.png
5.4707255,-27.494362,seed75173.png
-0.10981964,-13.995308,seed75174.png
-2.0107527,-2.6236756,seed75175.png
-32.91229,21.89597,seed75176.png
20.813704,1.2165064,seed75177.png
-27.827105,2.7401242,seed75178.png
-12.892171,-23.424564,seed75179.png
10.187333,25.46194,seed7518.png
-3.8089278,-19.785963,seed75180.png
21.939644,-3.0153198,seed75181.png
-31.991903,-8.225489,seed75182.png
22.380817,12.039455,seed75183.png
16.649443,22.502697,seed75184.png
14.779788,21.937613,seed75185.png
-14.487296,-12.329792,seed75186.png
15.942529,-32.99328,seed75187.png
12.135518,-38.721737,seed75188.png
-1.4922103,-22.144411,seed75189.png
-23.976744,-18.006685,seed7519.png
-15.036981,-21.19738,seed75190.png
-16.336168,-23.548878,seed75191.png
32.675007,3.6767755,seed75192.png
35.137985,4.1290803,seed75193.png
20.683365,-8.152356,seed75194.png
10.518795,-27.058737,seed75195.png
-31.41022,23.771233,seed75196.png
-30.85516,2.402476,seed75197.png
-1.137359,22.183418,seed75198.png
25.045164,18.169075,seed75199.png
-19.535439,-13.188442,seed7520.png
34.025276,8.886562,seed75200.png
-36.11638,20.378035,seed75201.png
-24.127874,0.21847567,seed75202.png
29.001303,0.31647125,seed75203.png
-19.358149,-1.7189338,seed75204.png
8.901295,2.0158277,seed75205.png
4.2026744,-27.558039,seed75206.png
10.33597,-27.398094,seed75207.png
3.7211194,-13.352475,seed75208.png
20.052696,9.047512,seed75209.png
5.223711,20.8302,seed7521.png
-13.217292,-1.4732438,seed75210.png
-34.917377,21.213438,seed75211.png
34.294037,6.573372,seed75212.png
12.245115,-10.044114,seed75213.png
-26.669865,-11.822199,seed75214.png
12.2162,-22.0464,seed75215.png
-25.898792,-12.727579,seed75216.png
-9.78,4.861276,seed75217.png
6.1601176,-41.323147,seed75218.png
26.463491,-1.6786877,seed75219.png
-7.799342,-18.343544,seed7522.png
9.890482,-22.073532,seed75220.png
14.266997,24.237898,seed75221.png
11.580283,-4.226644,seed75222.png
11.875962,-21.748108,seed75223.png
17.925125,13.64984,seed75224.png
-11.704317,-19.133707,seed75225.png
-5.9420986,-24.25543,seed75226.png
18.58775,27.999514,seed75227.png
-28.636637,-8.525613,seed75228.png
10.15491,-29.974386,seed75229.png
38.582558,21.190989,seed7523.png
36.318817,16.17232,seed75230.png
-25.76201,-10.275125,seed75231.png
-35.242355,-3.626397,seed75232.png
-15.157763,-11.84612,seed75233.png
31.4002,16.562107,seed75234.png
-27.211699,-11.544923,seed75235.png
20.88486,5.700831,seed75236.png
-25.186914,11.785273,seed75237.png
37.09179,11.135212,seed75238.png
31.15162,2.4374135,seed75239.png
-18.695084,-6.1364603,seed7524.png
-14.982236,-28.313444,seed75240.png
-28.469582,-4.0076776,seed75241.png
-24.59998,7.3562555,seed75242.png
-25.385231,-10.131976,seed75243.png
33.877636,10.358413,seed75244.png
35.319347,14.073841,seed75245.png
26.063541,4.0674586,seed75246.png
22.463701,12.805516,seed75247.png
-21.12427,-22.087337,seed75248.png
2.7615256,-21.332554,seed75249.png
19.619955,-10.684081,seed7525.png
24.14239,-7.5259337,seed75250.png
35.681847,12.497659,seed75251.png
6.7602596,24.917728,seed75252.png
36.57973,10.487518,seed75253.png
34.458668,25.436073,seed75254.png
20.395111,22.010794,seed75255.png
21.763494,12.598837,seed75256.png
12.454926,-1.6719897,seed75257.png
-22.13673,-15.859243,seed75258.png
-22.302382,12.852013,seed75259.png
-9.101426,-12.687349,seed7526.png
3.8821228,-31.66433,seed75260.png
5.09937,14.24452,seed75261.png
-14.20466,-3.280374,seed75262.png
-21.297657,9.549155,seed75263.png
27.325436,10.526759,seed75264.png
32.673492,7.855344,seed75265.png
4.280233,-32.211937,seed75266.png
23.348354,14.290272,seed75267.png
-16.13648,-14.292082,seed75268.png
-2.9416316,-15.178892,seed75269.png
17.033642,25.170105,seed7527.png
0.26360056,21.713747,seed75270.png
-21.745369,-26.487936,seed75271.png
-6.6464157,-24.441454,seed75272.png
-18.657507,-9.502272,seed75273.png
6.921378,10.814128,seed75274.png
36.823418,26.09699,seed75275.png
33.668957,27.280014,seed75276.png
38.737755,22.835238,seed75277.png
-22.10336,-18.798264,seed75278.png
7.334525,-1.8250757,seed75279.png
34.11377,23.514757,seed7528.png
33.20562,5.288319,seed75280.png
-1.6504692,24.711113,seed75281.png
40.357433,14.224383,seed75282.png
36.535896,8.704699,seed75283.png
28.349844,28.293392,seed75284.png
30.562605,7.064634,seed75285.png
8.697585,11.565701,seed75286.png
-23.640741,-11.711164,seed75287.png
-22.52477,12.896834,seed75288.png
-30.50771,-0.6512616,seed75289.png
8.965891,29.622608,seed7529.png
-29.830673,-12.77571,seed75290.png
2.072946,10.299795,seed75291.png
-13.765064,-9.066267,seed75292.png
-38.63992,8.525819,seed75293.png
4.1008983,20.968313,seed75294.png
35.416595,16.374851,seed75295.png
12.603485,-41.636784,seed75296.png
5.056173,-6.6062574,seed75297.png
-25.04554,15.128534,seed75298.png
-31.337826,16.780128,seed75299.png
0.8804958,-27.348942,seed7530.png
-28.620363,-6.651326,seed75300.png
-31.961622,-8.327074,seed75301.png
10.330802,-31.637175,seed75302.png
29.467558,28.093027,seed75303.png
37.1851,26.558363,seed75304.png
-1.1599104,-14.888134,seed75305.png
-12.8859625,-20.662724,seed75306.png
-3.6468322,5.271579,seed75307.png
-8.440194,-20.569618,seed75308.png
0.492827,-27.38829,seed75309.png
36.76908,23.576687,seed7531.png
-13.372657,-3.043145,seed75310.png
-0.5699617,-12.667913,seed75311.png
16.60712,-37.89698,seed75312.png
-4.673956,-5.6565228,seed75313.png
13.881179,8.203536,seed75314.png
4.4756927,22.990992,seed75315.png
14.362214,20.899847,seed75316.png
36.99598,15.215723,seed75317.png
-33.75016,-2.9120104,seed75318.png
-18.234041,-1.3943086,seed75319.png
32.31748,16.032305,seed7532.png
4.0604377,20.604616,seed75320.png
38.819077,11.6921215,seed75321.png
10.410791,-32.807827,seed75322.png
-27.94329,-15.934579,seed75323.png
-19.295502,-17.736883,seed75324.png
-27.784374,-4.086402,seed75325.png
26.202372,16.966455,seed75326.png
-22.347286,-21.044147,seed75327.png
-18.585157,-4.833625,seed75328.png
-33.79028,15.877213,seed75329.png
4.473362,-9.368739,seed7533.png
-15.586051,-22.985403,seed75330.png
-12.787116,-1.4168698,seed75331.png
20.200987,22.593748,seed75332.png
3.4440813,23.75803,seed75333.png
-23.012508,-10.42454,seed75334.png
-4.844133,-17.048635,seed75335.png
9.765275,28.267939,seed75336.png
19.227776,22.426466,seed75337.png
-21.881115,-11.078109,seed75338.png
12.557624,-0.051122766,seed75339.png
21.220234,23.603598,seed7534.png
-3.8754,15.265927,seed75340.png
11.282356,-42.263435,seed75341.png
27.889233,6.3717055,seed75342.png
15.957957,14.322917,seed75343.png
11.460462,-41.681583,seed75344.png
-22.825178,14.204851,seed75345.png
30.138454,14.75917,seed75346.png
24.581203,8.150564,seed75347.png
38.385727,13.911525,seed75348.png
16.995895,23.813286,seed75349.png
-1.2858617,24.893644,seed7535.png
3.8559375,-23.076742,seed75350.png
13.454855,20.54665,seed75351.png
39.277584,15.797787,seed75352.png
4.937412,-1.8973236,seed75353.png
-20.524878,-24.157772,seed75354.png
21.343962,8.027572,seed75355.png
2.5852149,-15.458067,seed75356.png
-31.293486,26.283205,seed75357.png
-24.50248,-2.9371939,seed75358.png
11.90512,-39.134365,seed75359.png
-33.049915,24.612926,seed7536.png
-8.311787,-16.479385,seed75360.png
-18.740871,-29.715218,seed75361.png
-30.765364,7.102883,seed75362.png
-12.935665,-12.972295,seed75363.png
30.181883,1.2247463,seed75364.png
24.521498,6.991267,seed75365.png
27.687395,13.482588,seed75366.png
-19.199997,-18.109495,seed75367.png
-9.569854,8.909955,seed75368.png
7.1202817,-24.843332,seed75369.png
-13.713504,-14.991284,seed7537.png
5.6205134,-34.47317,seed75370.png
36.891582,21.045462,seed75371.png
31.582153,2.7337909,seed75372.png
-9.09059,-17.27599,seed75373.png
-25.617441,-19.847263,seed75374.png
-17.01958,-30.462046,seed75375.png
-16.70736,-27.65841,seed75376.png
-9.00592,-25.912455,seed75377.png
-34.637062,-4.1352935,seed75378.png
16.874146,-35.305893,seed75379.png
9.0810795,17.600588,seed7538.png
29.18959,16.658096,seed75380.png
-27.912962,18.553503,seed75381.png
11.430247,-29.444168,seed75382.png
-21.515738,19.590391,seed75383.png
27.827404,7.608398,seed75384.png
-20.721945,4.942151,seed75385.png
-13.380856,7.738231,seed75386.png
32.378876,26.17277,seed75387.png
8.304488,-38.19705,seed75388.png
-19.964474,-8.32643,seed75389.png
26.290071,17.48633,seed7539.png
28.20241,3.3222928,seed75390.png
-17.011827,2.4715188,seed75391.png
-20.58745,-24.531385,seed75392.png
-33.49945,11.075577,seed75393.png
-15.756001,-4.1946692,seed75394.png
39.978718,12.702471,seed75395.png
11.7901125,-41.340607,seed75396.png
7.560075,2.9283803,seed75397.png
23.94689,2.9714863,seed75398.png
-24.906038,-3.5134523,seed75399.png
-18.768105,7.249161,seed7540.png
28.98197,7.529463,seed75400.png
-19.041355,9.885969,seed75401.png
-18.71974,-29.786062,seed75402.png
28.07952,17.501507,seed75403.png
6.000964,-35.705227,seed75404.png
13.661777,24.8708,seed75405.png
-21.381622,-10.859305,seed75406.png
-17.52169,-15.547472,seed75407.png
12.710408,-12.6507635,seed75408.png
12.823956,-34.107414,seed75409.png
23.108564,6.374616,seed7541.png
8.157768,-39.782238,seed75410.png
-31.495739,-10.771,seed75411.png
28.256002,27.723938,seed75412.png
-14.4316635,-17.340904,seed75413.png
-37.582592,13.476906,seed75414.png
7.498925,-29.125353,seed75415.png
20.78499,25.614475,seed75416.png
11.942841,9.092368,seed75417.png
-31.589128,25.159985,seed75418.png
19.29155,18.13019,seed75419.png
-12.840482,-21.171516,seed7542.png
7.009248,5.387202,seed75420.png
30.206568,14.191551,seed75421.png
13.855834,-2.7158012,seed75422.png
-38.21252,5.705629,seed75423.png
4.7681,3.8820343,seed75424.png
13.975826,-0.6547905,seed75425.png
-21.909393,12.273262,seed75426.png
-4.8108325,23.205236,seed75427.png
-17.683516,-16.167223,seed75428.png
2.4381752,-17.805904,seed75429.png
-36.29043,24.024101,seed7543.png
-35.96553,16.942465,seed75430.png
-30.217571,-6.058116,seed75431.png
6.1931887,-34.500526,seed75432.png
-25.232018,-6.1012917,seed75433.png
24.898663,18.016378,seed75434.png
-13.972004,-18.406435,seed75435.png
18.766523,-9.347445,seed75436.png
-24.345297,11.888613,seed75437.png
5.7370596,-24.217756,seed75438.png
-32.228767,8.674514,seed75439.png
23.573196,-7.467825,seed7544.png
-36.270973,24.795094,seed75440.png
14.874013,29.263226,seed75441.png
27.264492,11.247744,seed75442.png
-17.420654,6.3292537,seed75443.png
8.873029,20.20739,seed75444.png
-3.7095194,6.7936306,seed75445.png
7.559932,14.129431,seed75446.png
-22.50465,1.3947812,seed75447.png
-12.296585,2.2652285,seed75448.png
-10.390683,-9.318999,seed75449.png
-29.537775,14.211374,seed7545.png
-34.035328,7.2549124,seed75450.png
36.936066,14.764399,seed75451.png
-13.9394245,-13.545378,seed75452.png
20.584785,-9.042688,seed75453.png
-16.937841,-25.166567,seed75454.png
-25.85232,-20.26283,seed75455.png
-2.2159383,22.105831,seed75456.png
-17.732052,-29.782515,seed75457.png
15.6441,2.816635,seed75458.png
15.979935,-38.00956,seed75459.png
33.20115,17.576603,seed7546.png
18.745052,8.495343,seed75460.png
-34.804432,-2.850873,seed75461.png
-13.86262,-2.440776,seed75462.png
5.4283905,23.329994,seed75463.png
3.8271332,-33.625076,seed75464.png
-10.951924,-14.793624,seed75465.png
13.056303,9.312043,seed75466.png
-26.097765,-11.025757,seed75467.png
1.4183865,11.793872,seed75468.png
-18.830519,0.70843184,seed75469.png
-18.312244,-25.77029,seed7547.png
15.700088,0.38577703,seed75470.png
-31.89161,16.635277,seed75471.png
-21.899881,6.726894,seed75472.png
18.210424,-9.186543,seed75473.png
31.973156,17.910551,seed75474.png
-19.152424,-25.327932,seed75475.png
-15.071249,-8.11442,seed75476.png
20.35486,22.797003,seed75477.png
18.194584,1.2328424,seed75478.png
15.395501,12.140784,seed75479.png
-20.46039,10.465043,seed7548.png
-14.437651,-25.40037,seed75480.png
-25.031332,-8.087854,seed75481.png
-15.826155,6.127353,seed75482.png
13.759671,23.312963,seed75483.png
20.506744,20.497812,seed75484.png
5.0715437,-29.805765,seed75485.png
-4.0031295,17.25856,seed75486.png
-9.710613,-13.074799,seed75487.png
-12.778975,-24.688921,seed75488.png
-20.896996,-3.7367406,seed75489.png
-2.5304987,-16.14323,seed7549.png
36.931255,11.050638,seed75490.png
1.3340356,-13.006006,seed75491.png
-18.288858,6.7952385,seed75492.png
-20.290903,11.89851,seed75493.png
28.380829,27.3876,seed75494.png
9.073922,11.601563,seed75495.png
3.2286108,16.026527,seed75496.png
32.527115,3.0461264,seed75497.png
-19.928614,2.4764886,seed75498.png
-32.578915,10.814995,seed75499.png
-19.478848,3.7201056,seed7550.png
-6.6944575,-17.12075,seed75500.png
-32.66659,23.804586,seed75501.png
-28.929007,17.450914,seed75502.png
-3.3000839,-3.3383174,seed75503.png
-20.697474,-11.711726,seed75504.png
28.223654,0.98295563,seed75505.png
-27.741587,-23.793554,seed75506.png
2.4043586,17.496937,seed75507.png
14.467872,2.816955,seed75508.png
-33.01287,24.226374,seed75509.png
-7.01673,-11.086416,seed7551.png
-15.589503,-7.7828574,seed75510.png
3.0929925,21.170523,seed75511.png
4.4100885,-32.73985,seed75512.png
7.4179287,20.1546,seed75513.png
9.194181,-25.359367,seed75514.png
2.954821,-25.436188,seed75515.png
-15.375308,-21.83489,seed75516.png
-9.125096,-6.275069,seed75517.png
-23.97214,-6.928807,seed75518.png
-15.751409,-30.653614,seed75519.png
-20.464705,12.938346,seed7552.png
27.325043,19.171253,seed75520.png
-14.610536,-12.564132,seed75521.png
13.451308,-0.5471874,seed75522.png
-20.803488,-23.47586,seed75523.png
11.655282,-33.07743,seed75524.png
16.88579,-8.696927,seed75525.png
19.872803,25.131212,seed75526.png
-33.299637,-10.426103,seed75527.png
-0.5298157,-3.25512,seed75528.png
-13.430365,3.3231194,seed75529.png
5.060467,6.7583537,seed7553.png
29.937746,6.0978594,seed75530.png
-20.016802,-19.202116,seed75531.png
-34.720146,27.684742,seed75532.png
16.734858,7.2847733,seed75533.png
-9.353069,-25.719496,seed75534.png
-22.392448,5.678733,seed75535.png
-35.004726,-3.6736844,seed75536.png
31.510916,11.783753,seed75537.png
-34.69558,26.311176,seed75538.png
-16.451647,-12.922489,seed75539.png
-11.355037,-11.584578,seed7554.png
19.599628,21.550983,seed75540.png
6.081501,15.586581,seed75541.png
-16.644722,-19.831675,seed75542.png
-0.37281674,-1.0244808,seed75543.png
18.963598,7.403009,seed75544.png
8.710598,17.951336,seed75545.png
13.295032,-35.080166,seed75546.png
-25.826859,4.3431454,seed75547.png
33.27246,13.082453,seed75548.png
-33.569935,14.962247,seed75549.png
11.595837,2.7106209,seed7555.png
22.066381,-7.52006,seed75550.png
23.894627,7.5342984,seed75551.png
10.873285,-40.077293,seed75552.png
25.063288,12.316811,seed75553.png
3.055542,-21.173428,seed75554.png
5.3841605,17.933628,seed75555.png
-27.999123,2.5987525,seed75556.png
15.897443,-35.3854,seed75557.png
-21.545147,15.746329,seed75558.png
37.54504,20.896149,seed75559.png
-22.42755,-19.703331,seed7556.png
31.428787,29.33044,seed75560.png
-23.07475,-26.524696,seed75561.png
-8.284823,-26.302877,seed75562.png
22.05186,-7.955355,seed75563.png
-31.382719,2.7870982,seed75564.png
-24.763365,-14.887551,seed75565.png
6.489788,-10.020595,seed75566.png
35.49379,24.640934,seed75567.png
-14.635981,-19.763819,seed75568.png
13.578675,-0.19831629,seed75569.png
19.181847,5.9368386,seed7557.png
14.954555,6.464473,seed75570.png
-7.182274,-18.528189,seed75571.png
36.33063,5.528693,seed75572.png
-31.204084,6.18281,seed75573.png
-10.768031,-12.102005,seed75574.png
15.865807,21.16327,seed75575.png
35.88276,15.1410055,seed75576.png
-11.789871,-9.786627,seed75577.png
-19.585491,-3.3958592,seed75578.png
7.691913,9.061283,seed75579.png
1.6973292,25.591177,seed7558.png
-14.276401,-15.510387,seed75580.png
-36.748028,-1.1596923,seed75581.png
-13.696998,-10.01494,seed75582.png
-17.72861,-30.286308,seed75583.png
-33.20592,7.9820123,seed75584.png
-26.252762,-17.621517,seed75585.png
-19.805676,-18.365168,seed75586.png
31.75442,14.872365,seed75587.png
-20.497467,10.02563,seed75588.png
-31.456911,17.9469,seed75589.png
-28.001965,-15.57314,seed7559.png
-22.116917,0.93344724,seed75590.png
-38.030945,21.946787,seed75591.png
-6.684241,-8.179685,seed75592.png
-12.460159,-2.9145257,seed75593.png
14.775077,-39.38658,seed75594.png
-33.66547,17.944395,seed75595.png
14.279344,-35.83177,seed75596.png
-17.786362,-9.174112,seed75597.png
-31.036386,11.443042,seed75598.png
-13.98472,-2.612937,seed75599.png
29.379095,7.2279406,seed7560.png
3.4553626,-0.9611283,seed75600.png
19.864777,4.2343907,seed75601.png
18.771122,23.30705,seed75602.png
-21.31078,-28.571808,seed75603.png
21.570528,15.288929,seed75604.png
26.390617,16.72985,seed75605.png
2.3958747,20.928534,seed75606.png
-24.766655,0.7720964,seed75607.png
13.709005,-3.6105912,seed75608.png
-32.865986,19.868523,seed75609.png
2.533886,1.5986776,seed7561.png
-16.722692,-24.878012,seed75610.png
9.0548725,-0.78144157,seed75611.png
6.366969,-37.01947,seed75612.png
-10.999307,-17.033876,seed75613.png
-33.47573,23.436382,seed75614.png
-35.796425,17.121622,seed75615.png
16.289434,-0.9013696,seed75616.png
35.34,21.269623,seed75617.png
-21.437273,13.706455,seed75618.png
31.473608,25.12399,seed75619.png
-8.315995,-18.435225,seed7562.png
8.136165,-34.024685,seed75620.png
30.108585,22.785368,seed75621.png
-2.409749,6.427149,seed75622.png
28.52493,16.5384,seed75623.png
13.001925,5.75195,seed75624.png
-20.916893,-4.521349,seed75625.png
6.5756516,8.220186,seed75626.png
-20.430601,-29.32171,seed75627.png
-23.429342,16.24781,seed75628.png
-0.22403617,-16.396769,seed75629.png
-16.464853,-5.8283463,seed7563.png
9.885921,14.413536,seed75630.png
-1.4669771,9.309986,seed75631.png
11.563843,3.2524028,seed75632.png
15.923914,-3.1965551,seed75633.png
-12.996422,-25.834167,seed75634.png
-20.670385,-4.0861163,seed75635.png
23.210716,2.0125206,seed75636.png
34.48753,22.509138,seed75637.png
4.884338,-37.07231,seed75638.png
13.592416,25.731354,seed75639.png
-16.2005,-21.614183,seed7564.png
30.603764,24.62781,seed75640.png
8.985355,-15.204397,seed75641.png
-19.001043,-26.9224,seed75642.png
-26.06664,-23.586954,seed75643.png
-23.208822,12.098258,seed75644.png
10.236575,-6.3732953,seed75645.png
23.893549,-5.0168624,seed75646.png
-6.2546434,-5.3876038,seed75647.png
-26.589655,-11.770669,seed75648.png
-12.586111,3.88425,seed75649.png
-6.4679413,-9.321151,seed7565.png
-15.995447,-30.940779,seed75650.png
-19.140766,13.627821,seed75651.png
38.530384,17.877449,seed75652.png
-32.371788,2.1047413,seed75653.png
-25.773382,9.741592,seed75654.png
-14.198937,-1.6141744,seed75655.png
33.974255,9.957702,seed75656.png
-13.81554,-11.088855,seed75657.png
-16.368246,-18.574408,seed75658.png
25.176853,23.406242,seed75659.png
33.788982,16.979328,seed7566.png
-11.701745,-3.3467712,seed75660.png
20.812708,21.07116,seed75661.png
-12.064129,3.889249,seed75662.png
-16.630907,-22.824041,seed75663.png
19.23039,-7.083191,seed75664.png
27.638641,4.3419266,seed75665.png
36.03576,21.513916,seed75666.png
-20.642021,-6.5628996,seed75667.png
-27.214746,9.626241,seed75668.png
-15.406655,-30.905739,seed75669.png
-5.403661,0.8752511,seed7567.png
22.419857,-8.286025,seed75670.png
4.6981792,-28.854162,seed75671.png
15.989715,-9.785472,seed75672.png
-14.84055,3.896755,seed75673.png
-0.4985592,21.63726,seed75674.png
-25.60054,12.262345,seed75675.png
-15.69767,-31.404404,seed75676.png
10.236968,-5.085322,seed75677.png
-22.814632,3.930339,seed75678.png
26.484211,8.43395,seed75679.png
-16.840363,0.53404784,seed7568.png
15.776144,-31.39062,seed75680.png
-18.539284,-23.29814,seed75681.png
21.748867,8.102753,seed75682.png
11.353554,6.855612,seed75683.png
5.350336,10.899851,seed75684.png
19.09498,-8.200726,seed75685.png
-30.495672,9.863012,seed75686.png
16.595978,1.9318694,seed75687.png
20.32329,-5.366581,seed75688.png
8.639379,17.620579,seed75689.png
24.918978,-5.1363153,seed7569.png
-32.107468,-10.282617,seed75690.png
-17.485243,-31.029709,seed75691.png
31.238626,27.216864,seed75692.png
-12.466032,-21.564735,seed75693.png
-23.234905,-10.751541,seed75694.png
7.8533583,18.86255,seed75695.png
-32.09383,-5.6288953,seed75696.png
-14.561448,0.29156178,seed75697.png
37.761387,16.495605,seed75698.png
30.395393,15.767039,seed75699.png
15.581686,-34.872574,seed7570.png
9.911505,-2.5502956,seed75700.png
4.824825,-36.694412,seed75701.png
33.23481,22.873741,seed75702.png
26.613625,15.825572,seed75703.png
23.803705,23.501604,seed75704.png
28.73397,19.90993,seed75705.png
20.726488,26.010342,seed75706.png
-5.1487117,-6.1207986,seed75707.png
-16.486048,-21.107706,seed75708.png
-30.618158,-3.3495822,seed75709.png
-10.600201,-10.848799,seed7571.png
-19.417028,-3.917876,seed75710.png
-30.843819,18.469028,seed75711.png
11.83113,8.959004,seed75712.png
-16.523151,-31.899738,seed75713.png
12.175503,-7.7731314,seed75714.png
-29.918795,18.394482,seed75715.png
-26.979704,-0.21874383,seed75716.png
21.762415,18.384346,seed75717.png
-4.78118,-5.6608415,seed75718.png
41.936813,17.119516,seed75719.png
15.3240595,20.89815,seed7572.png
7.5269895,-40.440582,seed75720.png
37.173397,7.5353656,seed75721.png
7.583752,15.276544,seed75722.png
-27.294119,-18.776772,seed75723.png
27.820301,12.760999,seed75724.png
-33.215782,23.590425,seed75725.png
-20.515469,-10.579313,seed75726.png
12.445477,-25.744648,seed75727.png
24.5782,8.173414,seed75728.png
-33.26382,22.683872,seed75729.png
15.808243,-34.850838,seed7573.png
36.07347,6.783248,seed75730.png
4.933799,18.45348,seed75731.png
5.3592305,6.7381487,seed75732.png
-5.564007,11.928581,seed75733.png
8.786594,-37.26169,seed75734.png
-15.147262,-17.67316,seed75735.png
28.073273,26.175516,seed75736.png
-18.388332,-31.124077,seed75737.png
5.294949,-35.62694,seed75738.png
-21.282482,-9.333569,seed75739.png
-32.611897,-0.92653006,seed7574.png
-2.010219,-25.987247,seed75740.png
-33.202457,-6.6512938,seed75741.png
30.80161,7.029164,seed75742.png
4.817835,-31.156967,seed75743.png
21.776049,-6.1195664,seed75744.png
-27.480509,-12.072913,seed75745.png
39.407314,13.194451,seed75746.png
35.71499,8.21864,seed75747.png
-12.887938,-13.214146,seed75748.png
-2.7925315,20.312046,seed75749.png
-8.754888,-29.495876,seed7575.png
31.888758,9.464285,seed75750.png
-19.693432,-13.558671,seed75751.png
-23.216257,0.38958833,seed75752.png
20.627134,23.739296,seed75753.png
2.6418417,6.6326838,seed75754.png
30.238209,15.294485,seed75755.png
-10.317846,-10.689385,seed75756.png
13.79634,2.3924506,seed75757.png
-5.318058,-22.099356,seed75758.png
-32.165173,21.315296,seed75759.png
-10.391724,-8.849194,seed7576.png
-31.049725,-8.643405,seed75760.png
-25.597954,0.84292966,seed75761.png
-25.759583,5.9943295,seed75762.png
33.478596,12.8399725,seed75763.png
-37.21874,21.609262,seed75764.png
17.944736,26.586021,seed75765.png
-14.288222,-27.952335,seed75766.png
19.494265,18.072226,seed75767.png
-12.574503,-5.97334,seed75768.png
3.4045465,24.535103,seed75769.png
24.739126,9.166991,seed7577.png
-27.26538,-17.094992,seed75770.png
10.386438,18.115238,seed75771.png
-18.799402,-18.670782,seed75772.png
-0.3226834,-27.203938,seed75773.png
-34.848026,25.062342,seed75774.png
12.771509,26.288862,seed75775.png
4.731113,2.2231507,seed75776.png
8.802636,19.337135,seed75777.png
17.073227,-34.381905,seed75778.png
-17.813593,-28.053371,seed75779.png
23.971373,-3.8092651,seed7578.png
4.4008317,9.864507,seed75780.png
-25.538193,-17.191065,seed75781.png
-2.8689992,-16.25886,seed75782.png
-33.855305,26.790552,seed75783.png
9.42525,-7.9674892,seed75784.png
-20.64681,6.700372,seed75785.png
10.447315,-37.847866,seed75786.png
36.40774,11.909607,seed75787.png
21.530062,8.325188,seed75788.png
19.040682,26.685629,seed75789.png
-27.075668,7.284088,seed7579.png
2.838751,13.89698,seed75790.png
5.7749147,-32.93436,seed75791.png
1.3452222,18.599165,seed75792.png
8.77008,-3.9023092,seed75793.png
-0.49343544,0.9225566,seed75794.png
12.469552,-42.65806,seed75795.png
11.700362,21.6654,seed75796.png
-34.57298,-17.134205,seed75797.png
-25.190102,2.3204815,seed75798.png
4.690788,-26.39806,seed75799.png
-11.26706,-14.111869,seed7580.png
-20.507402,1.0578594,seed75800.png
-9.960327,-23.547836,seed75801.png
-0.40733036,0.5882605,seed75802.png
17.04656,-6.8261724,seed75803.png
14.165015,-38.348648,seed75804.png
-22.40065,-6.8159795,seed75805.png
-12.818908,-13.608432,seed75806.png
-19.03468,6.790797,seed75807.png
-21.235199,-21.472366,seed75808.png
-15.250527,-18.702122,seed75809.png
15.908214,-36.159374,seed7581.png
27.387297,13.477932,seed75810.png
17.495874,24.936968,seed75811.png
-3.5615745,-11.598545,seed75812.png
-9.50525,-25.38149,seed75813.png
-30.150959,8.070324,seed75814.png
39.304554,15.66842,seed75815.png
1.103662,18.8867,seed75816.png
-0.8613518,11.494579,seed75817.png
3.438235,-30.431002,seed75818.png
-32.628094,-3.6856635,seed75819.png
11.904779,-23.255901,seed7582.png
-24.13668,12.846438,seed75820.png
-34.823685,-4.7995267,seed75821.png
14.307147,-12.149676,seed75822.png
-33.21546,24.924925,seed75823.png
38.3482,12.498421,seed75824.png
20.028145,21.258642,seed75825.png
-28.33739,-5.386108,seed75826.png
13.1995125,17.986343,seed75827.png
-26.94093,-16.848618,seed75828.png
5.317908,-26.365232,seed75829.png
-15.415974,9.664742,seed7583.png
2.136836,-7.0068827,seed75830.png
-13.255649,-6.7732935,seed75831.png
14.491775,9.983231,seed75832.png
-34.583214,27.58349,seed75833.png
36.64138,5.2757325,seed75834.png
-5.0880203,-10.738334,seed75835.png
-17.076786,-15.41836,seed75836.png
-26.160076,-19.27116,seed75837.png
33.978672,19.52298,seed75838.png
7.395254,-37.967533,seed75839.png
29.910362,16.090086,seed7584.png
-12.828357,-21.231874,seed75840.png
-26.250412,-16.05075,seed75841.png
-14.264465,-26.826265,seed75842.png
19.124287,6.907621,seed75843.png
26.05893,4.955237,seed75844.png
-21.345867,13.655496,seed75845.png
-7.1863546,-9.5910015,seed75846.png
8.663239,10.550666,seed75847.png
-25.715677,-4.289576,seed75848.png
-18.14777,1.134036,seed75849.png
33.500633,8.313198,seed7585.png
-20.586369,15.141121,seed75850.png
0.13074513,2.0700629,seed75851.png
22.475586,21.85893,seed75852.png
25.661219,4.4872317,seed75853.png
3.0334673,18.786976,seed75854.png
12.826031,11.550014,seed75855.png
-34.846127,26.09149,seed75856.png
8.186365,-42.30643,seed75857.png
10.458214,-35.00904,seed75858.png
11.951578,-36.552917,seed75859.png
15.391136,16.23363,seed7586.png
14.515056,23.628618,seed75860.png
6.271271,14.295948,seed75861.png
-4.0139995,-11.435247,seed75862.png
-34.826557,12.689936,seed75863.png
11.682116,-3.344209,seed75864.png
16.438269,13.900932,seed75865.png
-31.628294,-3.7011638,seed75866.png
30.221523,-0.22718555,seed75867.png
9.285985,-3.2682672,seed75868.png
1.7417831,21.870605,seed75869.png
26.079659,10.603284,seed7587.png
23.725714,6.9172916,seed75870.png
14.371913,-4.448912,seed75871.png
-19.193764,7.201192,seed75872.png
-32.391712,-5.480488,seed75873.png
-29.575233,22.683998,seed75874.png
-18.417824,-22.237843,seed75875.png
23.9857,2.8759563,seed75876.png
-8.910397,-12.476576,seed75877.png
18.124075,-7.414464,seed75878.png
-28.005672,-10.228277,seed75879.png
7.2950006,22.871782,seed7588.png
6.687916,-31.427612,seed75880.png
18.900543,-5.889766,seed75881.png
11.827023,-43.224712,seed75882.png
14.546858,-30.718885,seed75883.png
34.545155,14.889197,seed75884.png
13.310897,-2.0092332,seed75885.png
-30.903631,14.679174,seed75886.png
5.6018114,9.739365,seed75887.png
-37.67092,14.666383,seed75888.png
-29.577467,8.545231,seed75889.png
25.196041,14.663715,seed7589.png
2.8453789,-12.040416,seed75890.png
11.148871,8.360608,seed75891.png
-23.07941,16.594725,seed75892.png
-12.653685,0.5408808,seed75893.png
8.730734,16.977331,seed75894.png
-32.076317,3.2794654,seed75895.png
31.568655,18.263832,seed75896.png
-12.469156,-21.448988,seed75897.png
-12.630352,-1.3957705,seed75898.png
-12.284151,-14.401424,seed75899.png
-30.766401,17.33494,seed7590.png
-38.205006,15.094576,seed75900.png
-1.3749465,12.545871,seed75901.png
-6.5423636,-22.85492,seed75902.png
6.1128235,-30.545908,seed75903.png
-25.200851,14.51876,seed75904.png
36.078648,10.329133,seed75905.png
1.1073745,-5.326982,seed75906.png
-22.069706,-18.296543,seed75907.png
9.263019,-24.261278,seed75908.png
17.854208,-9.292235,seed75909.png
-9.267667,-21.858278,seed7591.png
13.50625,13.284484,seed75910.png
13.595451,-40.464165,seed75911.png
-24.358032,19.282455,seed75912.png
15.415808,-33.341427,seed75913.png
-17.060862,-19.645756,seed75914.png
-9.911382,-8.303591,seed75915.png
11.675847,-0.19939595,seed75916.png
-15.609097,-5.231061,seed75917.png
-34.632935,24.96591,seed75918.png
7.372093,-4.179331,seed75919.png
-18.134975,6.516631,seed7592.png
23.60489,17.182066,seed75920.png
-21.93481,-25.53724,seed75921.png
17.380703,-37.77079,seed75922.png
28.823225,6.707726,seed75923.png
-32.528603,-2.8845415,seed75924.png
-12.616418,-22.048605,seed75925.png
33.42224,13.861292,seed75926.png
-25.515762,-13.699752,seed75927.png
-29.379736,-3.452319,seed75928.png
-34.686363,22.39583,seed75929.png
7.397552,2.8348112,seed7593.png
8.758279,25.12139,seed75930.png
-36.61146,16.246363,seed75931.png
24.818472,15.957649,seed75932.png
7.1758547,-2.1519039,seed75933.png
-23.600554,11.767611,seed75934.png
13.039063,-4.272811,seed75935.png
-22.380362,-17.845015,seed75936.png
-7.443938,-21.99911,seed75937.png
13.528973,-30.048712,seed75938.png
1.7839882,-1.2018589,seed75939.png
4.5239367,-36.431107,seed7594.png
12.202859,12.939115,seed75940.png
0.55908406,-22.195765,seed75941.png
-29.768425,-20.600245,seed75942.png
-3.381612,-4.101105,seed75943.png
28.533575,17.884283,seed75944.png
-10.32041,-1.1136606,seed75945.png
10.176903,3.4893076,seed75946.png
20.546787,15.984703,seed75947.png
21.810911,1.4501517,seed75948.png
22.518597,4.005497,seed75949.png
25.721064,6.8538246,seed7595.png
-29.15629,-8.83353,seed75950.png
6.545554,5.7061243,seed75951.png
7.7107244,12.371915,seed75952.png
-17.676956,-21.626457,seed75953.png
15.203696,-0.58545387,seed75954.png
-2.859752,-16.36934,seed75955.png
4.606799,8.190055,seed75956.png
-22.622175,-0.99262226,seed75957.png
6.5219965,18.373117,seed75958.png
-32.62083,-9.25772,seed75959.png
24.627222,18.039848,seed7596.png
-35.78565,14.387016,seed75960.png
-33.65603,9.151575,seed75961.png
-8.165901,-12.136026,seed75962.png
25.498062,8.246673,seed75963.png
17.547857,14.548353,seed75964.png
27.197372,-1.8468819,seed75965.png
-33.147923,16.72317,seed75966.png
-31.357342,17.754858,seed75967.png
-23.567297,-21.169302,seed75968.png
-23.771215,-17.660492,seed75969.png
-26.282545,-14.457546,seed7597.png
-4.4487624,18.527138,seed75970.png
13.070723,-42.36447,seed75971.png
36.58684,11.010304,seed75972.png
-18.780903,1.1763793,seed75973.png
-20.07753,-18.197098,seed75974.png
3.5552468,-0.08503212,seed75975.png
4.4410315,-26.21124,seed75976.png
19.549894,1.101198,seed75977.png
32.846745,19.86126,seed75978.png
30.61303,27.873262,seed75979.png
20.043447,8.237531,seed7598.png
-26.215555,1.6640213,seed75980.png
34.342873,25.488289,seed75981.png
-15.505804,-27.75235,seed75982.png
39.931202,14.858829,seed75983.png
28.263233,25.005157,seed75984.png
-30.39907,16.570541,seed75985.png
-12.629686,-7.0156264,seed75986.png
-18.05463,10.036446,seed75987.png
10.207792,1.543275,seed75988.png
9.828107,19.843428,seed75989.png
5.6689644,2.7610252,seed7599.png
-18.294174,-19.818031,seed75990.png
-19.024075,17.381128,seed75991.png
-32.923416,14.032117,seed75992.png
-24.848106,2.1854632,seed75993.png
-4.395374,-12.9116955,seed75994.png
-26.050943,-8.287087,seed75995.png
8.436473,-42.51552,seed75996.png
-30.54688,13.025787,seed75997.png
-21.19483,-19.840118,seed75998.png
-30.641579,4.3741827,seed75999.png
-0.7299462,-10.992911,seed7600.png
17.254559,25.26361,seed76000.png
-0.301548,6.3810544,seed76001.png
-18.97808,-17.231966,seed76002.png
-15.592526,-12.90881,seed76003.png
10.442941,0.4179006,seed76004.png
-21.267735,19.89203,seed76005.png
17.435074,28.216118,seed76006.png
26.007414,21.20885,seed76007.png
-12.544285,-9.056815,seed76008.png
-29.085218,23.10196,seed76009.png
33.33767,7.039737,seed7601.png
-6.0088534,13.513039,seed76010.png
-17.594234,-6.719549,seed76011.png
-31.673187,22.417128,seed76012.png
-32.644768,21.834524,seed76013.png
-31.119057,18.872452,seed76014.png
-10.62868,0.9331735,seed76015.png
-20.3654,-19.37298,seed76016.png
40.225002,15.853568,seed76017.png
-33.678345,23.258833,seed76018.png
14.293913,-36.431335,seed76019.png
-14.097187,-12.3044,seed7602.png
22.13319,8.379943,seed76020.png
-8.502983,0.31045234,seed76021.png
-8.997486,4.769588,seed76022.png
1.2980585,18.665768,seed76023.png
23.109526,17.437721,seed76024.png
18.388355,-6.046527,seed76025.png
-26.986197,19.335123,seed76026.png
29.583475,10.213206,seed76027.png
38.120037,14.969183,seed76028.png
-23.184841,0.70695555,seed76029.png
-32.295918,4.7471156,seed7603.png
-29.281893,5.3923798,seed76030.png
-3.3866162,20.93478,seed76031.png
22.841564,17.298449,seed76032.png
-17.33102,-22.979374,seed76033.png
-17.509493,0.07037395,seed76034.png
-26.676508,17.987799,seed76035.png
-25.794664,-16.49669,seed76036.png
-26.641672,-2.1349103,seed76037.png
5.667661,-32.571663,seed76038.png
-35.83797,17.143353,seed76039.png
-2.0374506,19.867296,seed7604.png
10.351942,-29.180704,seed76040.png
12.755215,5.726495,seed76041.png
-24.03018,-23.627048,seed76042.png
11.757433,24.757898,seed76043.png
-16.707159,-1.3852433,seed76044.png
-1.8760375,-14.597087,seed76045.png
-21.642258,8.391276,seed76046.png
-17.573835,4.723004,seed76047.png
-3.8128927,-17.895624,seed76048.png
16.155441,5.656496,seed76049.png
-12.284253,-12.008184,seed7605.png
22.952341,14.900889,seed76050.png
21.535133,25.92295,seed76051.png
28.283178,28.109907,seed76052.png
9.038428,-2.060484,seed76053.png
19.711159,12.872474,seed76054.png
-35.288094,16.63012,seed76055.png
13.799568,24.90392,seed76056.png
-12.462322,-26.28858,seed76057.png
-13.630623,-22.111023,seed76058.png
16.853468,-31.82822,seed76059.png
-23.01582,-8.997827,seed7606.png
-15.042939,-27.249916,seed76060.png
27.84567,11.33817,seed76061.png
23.281658,2.8546362,seed76062.png
5.8440037,-23.592232,seed76063.png
22.195429,18.888208,seed76064.png
-13.2168665,-11.409318,seed76065.png
-16.875162,12.29249,seed76066.png
13.898943,22.661495,seed76067.png
-21.649584,-28.02197,seed76068.png
-15.876994,-28.975533,seed76069.png
11.335483,25.296572,seed7607.png
27.247179,7.043028,seed76070.png
7.7045946,-34.437607,seed76071.png
13.09581,7.9828253,seed76072.png
-15.230013,-2.1498227,seed76073.png
9.918431,3.5173252,seed76074.png
10.337221,20.262972,seed76075.png
20.951462,4.3740873,seed76076.png
18.032455,-1.2990221,seed76077.png
8.54981,4.33451,seed76078.png
29.677937,7.3733544,seed76079.png
-21.56762,-10.436002,seed7608.png
-1.9063634,-14.192907,seed76080.png
-25.714811,-13.205018,seed76081.png
18.418764,22.048742,seed76082.png
6.3870115,21.831553,seed76083.png
-22.630829,13.499638,seed76084.png
8.484745,-31.258942,seed76085.png
37.50119,23.82095,seed76086.png
6.051928,-29.258562,seed76087.png
-30.513216,2.809452,seed76088.png
-13.527288,3.741136,seed76089.png
-1.3890703,18.61146,seed7609.png
17.314688,12.7085495,seed76090.png
-37.027195,15.723226,seed76091.png
-23.411238,-26.689924,seed76092.png
40.32806,11.773572,seed76093.png
-6.7111206,10.299873,seed76094.png
-32.459988,26.30914,seed76095.png
24.888693,18.988237,seed76096.png
-32.842026,3.8541977,seed76097.png
-11.953558,6.3593,seed76098.png
6.8191967,-29.546816,seed76099.png
8.281886,10.97593,seed7610.png
-18.428244,-23.026905,seed76100.png
-33.089962,16.2101,seed76101.png
-20.071299,10.320196,seed76102.png
12.371149,4.8430552,seed76103.png
12.221347,-32.56489,seed76104.png
14.665958,-32.20383,seed76105.png
-24.139347,16.860321,seed76106.png
-33.233585,1.8006852,seed76107.png
16.269514,-32.27217,seed76108.png
18.220499,13.223777,seed76109.png
28.967396,12.548764,seed7611.png
7.8336916,-39.425983,seed76110.png
6.6937194,-35.248894,seed76111.png
-11.489769,-24.610912,seed76112.png
22.131792,14.060655,seed76113.png
-19.561417,-11.211517,seed76114.png
-23.676973,14.376329,seed76115.png
-19.32468,-11.983545,seed76116.png
2.0740652,16.263716,seed76117.png
34.872353,8.98811,seed76118.png
18.396866,15.387292,seed76119.png
39.15985,10.055059,seed7612.png
18.432203,11.307483,seed76120.png
5.7802787,-29.458555,seed76121.png
24.229843,15.345284,seed76122.png
-34.328644,17.886108,seed76123.png
23.050482,-0.361004,seed76124.png
21.819077,18.313276,seed76125.png
-25.408558,-13.306084,seed76126.png
-30.873745,11.516686,seed76127.png
21.632769,-4.3901186,seed76128.png
-4.040357,12.638195,seed76129.png
-0.033424456,19.472847,seed7613.png
-2.7009306,-15.1501045,seed76130.png
1.0413773,20.731434,seed76131.png
-12.410404,-28.255545,seed76132.png
37.65812,19.414473,seed76133.png
6.4566016,-41.763145,seed76134.png
30.473495,28.53777,seed76135.png
-11.926994,-3.3022406,seed76136.png
22.768541,-1.2131724,seed76137.png
-20.261972,5.170775,seed76138.png
11.076436,-40.46675,seed76139.png
31.266823,26.87405,seed7614.png
29.387913,3.6924398,seed76140.png
-18.056068,-19.566402,seed76141.png
30.562227,7.245797,seed76142.png
6.4688787,-25.430893,seed76143.png
-27.089643,10.387031,seed76144.png
-1.0787693,23.126425,seed76145.png
-15.2614355,-25.20202,seed76146.png
-28.94407,-13.095215,seed76147.png
-1.2443856,17.449768,seed76148.png
-18.28773,4.5473843,seed76149.png
6.5050173,5.5504823,seed7615.png
-16.700748,-22.697474,seed76150.png
14.414391,-38.062733,seed76151.png
15.68505,-33.927326,seed76152.png
35.747253,11.511419,seed76153.png
-6.346922,-7.3231874,seed76154.png
-22.836773,-3.8858848,seed76155.png
5.4433727,-29.648235,seed76156.png
34.86983,27.001518,seed76157.png
4.669441,-0.6109311,seed76158.png
23.169598,-2.6221204,seed76159.png
32.120483,7.358789,seed7616.png
-1.3105019,-5.876187,seed76160.png
-26.338345,-7.1051054,seed76161.png
-6.51417,-19.75359,seed76162.png
31.55941,24.963112,seed76163.png
7.9476075,-4.927523,seed76164.png
-32.488148,23.429302,seed76165.png
-25.261147,8.891628,seed76166.png
31.550291,4.0926957,seed76167.png
-10.939466,-18.009813,seed76168.png
27.866169,19.522549,seed76169.png
-21.09728,-15.962649,seed7617.png
4.287373,10.898847,seed76170.png
35.84046,14.81701,seed76171.png
27.265398,25.81149,seed76172.png
-21.705164,-27.452578,seed76173.png
14.360617,-28.883888,seed76174.png
-4.3984356,4.642561,seed76175.png
-21.415802,7.431368,seed76176.png
15.322767,-6.72389,seed76177.png
33.167797,3.51758,seed76178.png
35.509907,15.838243,seed76179.png
-20.20793,16.357098,seed7618.png
-23.919807,8.026334,seed76180.png
22.03118,-8.296173,seed76181.png
-22.360714,6.718559,seed76182.png
36.123264,7.052126,seed76183.png
-15.069984,-25.240608,seed76184.png
1.884435,-27.125784,seed76185.png
-19.793846,7.67798,seed76186.png
13.628743,7.1005297,seed76187.png
16.192183,3.1240237,seed76188.png
-3.5506546,12.160378,seed76189.png
21.300692,-3.8118527,seed7619.png
-19.871778,-21.849064,seed76190.png
16.85809,18.881615,seed76191.png
16.469404,23.577412,seed76192.png
-27.739738,-10.834408,seed76193.png
-15.440045,-13.666948,seed76194.png
29.262545,1.2984725,seed76195.png
22.061417,-0.4395826,seed76196.png
32.846634,5.846898,seed76197.png
30.813583,5.8363013,seed76198.png
-33.860256,23.525549,seed76199.png
-5.1747785,4.7153916,seed7620.png
-28.02179,16.336203,seed76200.png
33.994553,27.73334,seed76201.png
-0.08738358,-9.71122,seed76202.png
-5.1888647,2.4439409,seed76203.png
7.1328454,6.0144916,seed76204.png
16.787106,19.611984,seed76205.png
-18.190603,12.654652,seed76206.png
15.187248,-1.2297,seed76207.png
-23.921581,6.119194,seed76208.png
10.193583,-30.6386,seed76209.png
3.9038484,-2.2833626,seed7621.png
-6.162984,-0.2857331,seed76210.png
-4.237161,20.848806,seed76211.png
-17.266638,-14.309225,seed76212.png
17.263039,18.55567,seed76213.png
-28.657953,-8.963646,seed76214.png
-25.826317,-13.025551,seed76215.png
20.825886,19.780521,seed76216.png
24.133793,9.177786,seed76217.png
-8.690148,1.9774985,seed76218.png
3.7240555,16.903093,seed76219.png
27.404137,14.175332,seed7622.png
21.20991,7.4118376,seed76220.png
-31.491945,11.692394,seed76221.png
-23.735968,0.2224671,seed76222.png
11.911608,7.8398952,seed76223.png
-18.259083,-30.958368,seed76224.png
32.210278,10.955927,seed76225.png
-11.849386,-7.894103,seed76226.png
28.478065,17.246536,seed76227.png
-4.869285,-19.185875,seed76228.png
-27.028637,-20.899248,seed76229.png
19.473797,-6.194704,seed7623.png
20.44678,-2.077385,seed76230.png
-22.673904,-21.680891,seed76231.png
-22.709919,11.70132,seed76232.png
26.116129,25.74933,seed76233.png
-8.228655,-18.166725,seed76234.png
-22.554169,-2.0319457,seed76235.png
30.672514,12.844628,seed76236.png
27.71096,12.999189,seed76237.png
-3.1363146,16.234314,seed76238.png
12.892699,-3.3510227,seed76239.png
12.755546,-39.42603,seed7624.png
-13.052617,-15.724366,seed76240.png
18.904268,23.906883,seed76241.png
33.81074,5.9510665,seed76242.png
-15.307061,-18.100718,seed76243.png
6.988925,20.684435,seed76244.png
10.778182,-3.8852725,seed76245.png
38.62153,15.259901,seed76246.png
-21.708872,4.267888,seed76247.png
2.3703768,-31.563211,seed76248.png
17.557735,4.061992,seed76249.png
-18.771713,-1.4947702,seed7625.png
7.242311,-1.4025041,seed76250.png
-22.50612,-13.356679,seed76251.png
-10.439196,-24.398144,seed76252.png
12.06034,12.54136,seed76253.png
4.661973,-36.191135,seed76254.png
-35.03699,-5.253666,seed76255.png
4.053997,-36.91911,seed76256.png
-23.450863,17.565464,seed76257.png
-12.624717,-13.7725315,seed76258.png
8.8248205,-43.082703,seed76259.png
-10.686451,6.1352997,seed7626.png
19.059402,-0.26276323,seed76260.png
-17.474537,-15.398849,seed76261.png
12.560441,29.177357,seed76262.png
27.885702,15.359183,seed76263.png
33.352226,27.216051,seed76264.png
9.907229,-41.77758,seed76265.png
3.3302276,-3.6323235,seed76266.png
7.45141,0.9624251,seed76267.png
24.079409,6.4957356,seed76268.png
-22.791454,13.165073,seed76269.png
8.8115835,10.65891,seed7627.png
28.746994,10.798482,seed76270.png
-21.433859,19.789328,seed76271.png
26.93515,26.539524,seed76272.png
-5.397776,1.8746076,seed76273.png
-24.254309,-22.694164,seed76274.png
-7.9765153,-17.29385,seed76275.png
33.55353,25.708614,seed76276.png
-4.9972486,-24.012255,seed76277.png
5.682675,3.0559673,seed76278.png
7.0841312,18.833487,seed76279.png
-5.9609604,-16.653133,seed7628.png
-21.07131,6.142745,seed76280.png
-3.2750826,-14.597674,seed76281.png
17.528902,-36.877342,seed76282.png
21.226963,13.962153,seed76283.png
27.521818,22.113434,seed76284.png
9.623805,-28.92299,seed76285.png
35.31917,21.27019,seed76286.png
-10.872195,-25.38991,seed76287.png
-35.61372,-5.3884645,seed76288.png
-29.86339,10.447295,seed76289.png
15.865698,-35.903034,seed7629.png
-8.242807,-1.5159072,seed76290.png
11.052123,-28.625465,seed76291.png
-8.835108,-24.318125,seed76292.png
7.3420305,10.865021,seed76293.png
-11.145575,-15.387006,seed76294.png
2.0759287,16.357233,seed76295.png
-3.419674,-6.5795665,seed76296.png
-18.697859,-9.936539,seed76297.png
-35.03039,1.0629486,seed76298.png
16.130047,-35.09338,seed76299.png
-20.114958,8.18975,seed7630.png
-1.3376012,-8.800404,seed76300.png
-22.265467,-9.466291,seed76301.png
-28.892578,-9.617289,seed76302.png
6.721056,3.5169811,seed76303.png
-8.816361,-12.3661375,seed76304.png
11.23014,-29.922375,seed76305.png
21.599422,18.757818,seed76306.png
-21.713503,6.899673,seed76307.png
6.5015864,5.130488,seed76308.png
40.7339,24.20601,seed76309.png
26.914242,0.035599895,seed7631.png
0.46222368,19.009445,seed76310.png
-26.009125,11.485548,seed76311.png
7.0261393,-30.061323,seed76312.png
25.23359,19.78797,seed76313.png
36.864964,10.706123,seed76314.png
14.555883,-36.644936,seed76315.png
10.107911,-10.098458,seed76316.png
6.8442025,8.69425,seed76317.png
-15.227718,-24.257174,seed76318.png
15.378734,6.192477,seed76319.png
31.500744,5.21897,seed7632.png
-1.3380653,-17.88335,seed76320.png
14.828214,14.826939,seed76321.png
9.15143,7.8595347,seed76322.png
-9.9386,1.7859765,seed76323.png
-34.42525,-6.024831,seed76324.png
-8.102414,-2.3770955,seed76325.png
7.4360495,17.80162,seed76326.png
0.018419085,24.221642,seed76327.png
-31.198853,16.49663,seed76328.png
-12.982814,-28.14304,seed76329.png
-17.553383,3.1203387,seed7633.png
25.905642,21.26931,seed76330.png
-32.2429,21.08457,seed76331.png
-22.420462,3.815626,seed76332.png
-37.999153,19.9861,seed76333.png
6.5577536,-6.0383615,seed76334.png
20.162365,16.772259,seed76335.png
-26.43866,-13.414108,seed76336.png
-12.9079275,-16.865734,seed76337.png
15.049366,-0.7988918,seed76338.png
35.03837,22.471735,seed76339.png
37.224804,11.366613,seed7634.png
28.103455,7.306023,seed76340.png
26.0692,9.122128,seed76341.png
26.389807,-2.2101321,seed76342.png
-33.260857,17.704401,seed76343.png
18.71069,-3.871713,seed76344.png
-7.836667,-26.218006,seed76345.png
-32.130493,-11.364133,seed76346.png
0.19013299,-14.826755,seed76347.png
8.532435,-5.342026,seed76348.png
-19.491638,-19.010464,seed76349.png
-20.173216,4.4001765,seed7635.png
28.807892,17.789736,seed76350.png
-27.849874,3.9011707,seed76351.png
30.03596,0.8241796,seed76352.png
10.794721,-37.46784,seed76353.png
-20.954905,9.224204,seed76354.png
36.212173,25.368547,seed76355.png
-3.8617215,-17.701647,seed76356.png
4.7061677,15.285213,seed76357.png
33.030014,7.6689277,seed76358.png
-14.809992,1.4141573,seed76359.png
10.957832,-23.453793,seed7636.png
29.076218,15.760314,seed76360.png
12.107463,25.824993,seed76361.png
-19.289913,3.6026335,seed76362.png
26.549704,15.191385,seed76363.png
39.877987,22.924091,seed76364.png
-16.401297,0.64730877,seed76365.png
11.502338,-39.68092,seed76366.png
8.136046,-41.136578,seed76367.png
12.159283,-29.15091,seed76368.png
-9.442327,-12.690199,seed76369.png
-23.06511,11.638446,seed7637.png
1.7238942,-31.972193,seed76370.png
6.077488,-10.821003,seed76371.png
-9.485314,-2.694766,seed76372.png
30.644459,25.808832,seed76373.png
3.5416667,-12.130969,seed76374.png
-17.65698,-7.9320655,seed76375.png
21.433897,26.333439,seed76376.png
31.60358,23.72887,seed76377.png
-23.246616,-16.318075,seed76378.png
-23.031912,-6.9958105,seed76379.png
1.3466084,24.848381,seed7638.png
10.168291,8.818697,seed76380.png
-24.87928,14.931351,seed76381.png
-27.7943,13.859033,seed76382.png
-1.7921653,-3.4453733,seed76383.png
11.883606,-39.000114,seed76384.png
5.3671227,-26.281023,seed76385.png
6.668111,11.662295,seed76386.png
26.49772,4.9887395,seed76387.png
-35.250427,2.901911,seed76388.png
-23.438787,14.900617,seed76389.png
-4.365244,-3.8587868,seed7639.png
-0.9552986,-18.24885,seed76390.png
9.774941,26.076944,seed76391.png
27.484941,10.492339,seed76392.png
13.275913,23.254293,seed76393.png
14.04826,-35.969353,seed76394.png
18.996044,17.677345,seed76395.png
26.981804,15.220905,seed76396.png
-3.2771633,-18.051357,seed76397.png
36.41994,17.006523,seed76398.png
37.204464,22.49986,seed76399.png
11.974109,-1.4355501,seed7640.png
0.6445825,-15.637043,seed76400.png
-16.012707,-7.953308,seed76401.png
-11.357942,0.06894728,seed76402.png
-31.225592,19.337107,seed76403.png
13.432488,6.8225617,seed76404.png
2.1929035,-15.434079,seed76405.png
14.026926,28.13603,seed76406.png
7.5714293,21.956356,seed76407.png
9.9490385,11.562103,seed76408.png
3.5746605,-13.785806,seed76409.png
35.61007,26.725368,seed7641.png
11.5013895,21.46716,seed76410.png
-12.261571,-4.002954,seed76411.png
21.88673,2.723747,seed76412.png
-31.281033,17.25463,seed76413.png
9.538492,-39.970062,seed76414.png
3.4053655,9.58322,seed76415.png
30.208971,14.835157,seed76416.png
-25.575222,-19.549479,seed76417.png
16.377434,23.249907,seed76418.png
40.708614,17.944773,seed76419.png
22.522505,3.587458,seed7642.png
10.1216955,13.09977,seed76420.png
12.086406,-3.53444,seed76421.png
-15.690622,-17.44165,seed76422.png
-1.9515864,-10.532249,seed76423.png
-23.88385,-8.603015,seed76424.png
11.62186,-26.834394,seed76425.png
9.201476,27.989367,seed76426.png
8.721587,-40.764103,seed76427.png
-23.648754,8.900456,seed76428.png
-32.187954,-10.19222,seed76429.png
-12.0339775,-25.790966,seed7643.png
21.825481,15.65476,seed76430.png
25.842607,4.2038474,seed76431.png
-33.114704,18.85666,seed76432.png
-21.38607,10.523129,seed76433.png
20.937443,17.250744,seed76434.png
3.3872697,-28.61861,seed76435.png
15.09285,20.181818,seed76436.png
35.76496,6.9333506,seed76437.png
-28.466143,-14.578857,seed76438.png
12.281737,25.32627,seed76439.png
21.548067,15.697493,seed7644.png
11.4110775,-22.294876,seed76440.png
15.49183,-29.36998,seed76441.png
11.550305,17.868904,seed76442.png
-1.0396857,-1.4192474,seed76443.png
29.979053,21.112026,seed76444.png
10.445207,-31.678442,seed76445.png
32.95003,13.990776,seed76446.png
-22.239902,-22.011646,seed76447.png
-27.819357,14.527495,seed76448.png
21.939054,17.324268,seed76449.png
12.411706,28.410189,seed7645.png
7.3641734,-29.224228,seed76450.png
-33.341972,17.104006,seed76451.png
-18.968756,-19.70225,seed76452.png
30.470026,-0.7442675,seed76453.png
-11.570252,-5.9314804,seed76454.png
2.4487517,20.634687,seed76455.png
11.75794,-20.850191,seed76456.png
-31.228992,2.0712225,seed76457.png
-9.251519,-4.2929997,seed76458.png
10.861005,22.84774,seed76459.png
20.114672,23.971575,seed7646.png
8.110158,-7.8985553,seed76460.png
27.116407,12.173022,seed76461.png
-21.020966,-8.244432,seed76462.png
11.378743,-39.51835,seed76463.png
-18.098808,-9.328152,seed76464.png
-13.912725,-16.465334,seed76465.png
-23.586784,0.6610769,seed76466.png
35.294815,23.489433,seed76467.png
19.36996,26.524643,seed76468.png
-15.195728,4.2289963,seed76469.png
3.5997992,13.896359,seed7647.png
-3.2895558,-16.537994,seed76470.png
31.570648,6.191748,seed76471.png
-10.986893,-22.250408,seed76472.png
-23.627972,-4.1565433,seed76473.png
-12.549922,-4.5216,seed76474.png
-27.3331,-14.654394,seed76475.png
7.124543,0.6559538,seed76476.png
8.062816,-35.51257,seed76477.png
12.811961,-35.738136,seed76478.png
24.135128,9.546789,seed76479.png
5.958579,-28.435896,seed7648.png
15.668273,-2.670616,seed76480.png
-27.557812,-5.1050973,seed76481.png
32.635128,26.068134,seed76482.png
17.577354,-7.158634,seed76483.png
-29.35197,3.086355,seed76484.png
34.9648,21.038754,seed76485.png
22.888868,-4.0783906,seed76486.png
-32.50706,25.821571,seed76487.png
13.793172,-38.94284,seed76488.png
29.365826,13.547653,seed76489.png
2.2698133,18.845669,seed7649.png
5.1243076,15.367416,seed76490.png
31.72122,29.24709,seed76491.png
-12.564505,-26.70786,seed76492.png
30.357405,6.5359416,seed76493.png
-12.83866,1.4837167,seed76494.png
10.606256,-21.88602,seed76495.png
-25.992775,-23.079168,seed76496.png
-6.4301915,-15.094819,seed76497.png
21.311306,23.260069,seed76498.png
26.085255,11.177385,seed76499.png
17.750847,25.518711,seed7650.png
-32.727722,24.204746,seed76500.png
-13.427645,-20.843102,seed76501.png
20.138994,5.218432,seed76502.png
14.592575,23.480574,seed76503.png
-37.856384,25.959963,seed76504.png
-20.437365,13.142441,seed76505.png
-1.5532924,-11.50598,seed76506.png
-30.059036,15.354259,seed76507.png
8.672365,4.172138,seed76508.png
-32.303432,16.938322,seed76509.png
4.414269,3.3412778,seed7651.png
-15.602289,-12.33592,seed76510.png
-13.136777,-20.571566,seed76511.png
22.143148,8.985109,seed76512.png
-27.895214,-11.104244,seed76513.png
38.426136,25.117992,seed76514.png
34.017715,12.713519,seed76515.png
30.278551,13.126169,seed76516.png
-20.505356,-3.6921186,seed76517.png
9.522404,-8.0919075,seed76518.png
-19.518381,9.311126,seed76519.png
1.4190636,16.148754,seed7652.png
-16.417372,-7.9407334,seed76520.png
-33.66309,21.530525,seed76521.png
1.6298631,-0.19400667,seed76522.png
29.262608,6.5503597,seed76523.png
34.137623,26.061768,seed76524.png
10.647789,-43.19077,seed76525.png
21.578285,16.351538,seed76526.png
5.4430213,1.8381618,seed76527.png
32.9208,10.26344,seed76528.png
24.308155,16.763132,seed76529.png
14.768126,21.018892,seed7653.png
12.968264,4.7713623,seed76530.png
-37.628975,21.455437,seed76531.png
-1.6955173,-14.450572,seed76532.png
-34.152836,-4.128571,seed76533.png
12.625447,-29.32645,seed76534.png
-15.216238,7.3529563,seed76535.png
-28.64179,-14.176212,seed76536.png
29.047882,2.292109,seed76537.png
-16.840073,6.8880644,seed76538.png
5.283845,19.398083,seed76539.png
16.252525,4.9641767,seed7654.png
-24.185637,-0.8434285,seed76540.png
39.332954,23.952435,seed76541.png
-19.204523,-20.934252,seed76542.png
32.607178,25.436111,seed76543.png
8.227382,-23.608282,seed76544.png
11.958821,-2.2546608,seed76545.png
15.555337,29.601725,seed76546.png
9.990843,20.430176,seed76547.png
-6.386466,9.80029,seed76548.png
3.8159723,3.2062805,seed76549.png
18.744995,23.022049,seed7655.png
14.654658,-7.029049,seed76550.png
-20.982683,-4.5524206,seed76551.png
-19.005707,-24.716465,seed76552.png
-23.676065,-14.758826,seed76553.png
-35.382538,10.308087,seed76554.png
-20.605053,-0.8957857,seed76555.png
-18.073935,-14.016071,seed76556.png
-31.106743,9.463628,seed76557.png
14.827445,21.855204,seed76558.png
-30.654808,-10.115397,seed76559.png
26.061243,15.521266,seed7656.png
10.172517,-38.30846,seed76560.png
9.428272,-11.227879,seed76561.png
-27.64061,-5.336872,seed76562.png
-7.5909624,-11.378684,seed76563.png
-12.491949,-10.707362,seed76564.png
-17.920954,-23.285196,seed76565.png
-15.503571,-16.234156,seed76566.png
-19.827135,-18.876318,seed76567.png
-32.26079,25.903193,seed76568.png
-29.67201,-1.3051068,seed76569.png
12.620169,-34.332012,seed7657.png
38.880802,21.397549,seed76570.png
-1.3535266,15.960714,seed76571.png
-9.884223,-4.0641384,seed76572.png
21.802279,14.220084,seed76573.png
37.907085,14.353056,seed76574.png
-19.588306,-27.888433,seed76575.png
23.970446,14.246719,seed76576.png
23.335648,4.6805515,seed76577.png
5.9950237,-12.952612,seed76578.png
12.192516,-22.202955,seed76579.png
17.780903,-5.3732824,seed7658.png
-13.968422,-8.54095,seed76580.png
-34.08138,13.76141,seed76581.png
37.079575,6.8606434,seed76582.png
1.1410443,16.647799,seed76583.png
-31.715809,15.171902,seed76584.png
8.533886,6.161654,seed76585.png
38.556065,25.44089,seed76586.png
-21.702572,3.6110363,seed76587.png
2.8321786,-13.636481,seed76588.png
35.00713,25.798206,seed76589.png
-15.695458,11.563779,seed7659.png
-24.289606,1.5271459,seed76590.png
11.139332,29.051908,seed76591.png
-27.307365,3.8919632,seed76592.png
-11.861661,-27.626024,seed76593.png
-24.128424,15.803727,seed76594.png
2.6127844,17.56577,seed76595.png
25.762384,5.4848194,seed76596.png
-27.360155,-17.281021,seed76597.png
36.266182,10.675328,seed76598.png
14.393257,-0.42528337,seed76599.png
-10.276518,-7.8394103,seed7660.png
14.518976,11.4881,seed76600.png
-30.202915,-14.125865,seed76601.png
7.4919314,6.2855244,seed76602.png
11.076936,-23.52333,seed76603.png
-4.2769046,13.496667,seed76604.png
-28.081905,15.884238,seed76605.png
13.276442,13.287003,seed76606.png
-7.860488,10.538063,seed76607.png
11.670807,-5.634854,seed76608.png
9.970448,23.890152,seed76609.png
-37.693737,21.236055,seed7661.png
-22.76675,-9.345729,seed76610.png
23.160954,19.458727,seed76611.png
24.597315,1.1363691,seed76612.png
-32.380413,19.942924,seed76613.png
7.823682,14.203897,seed76614.png
-16.194983,-5.1341543,seed76615.png
23.7714,7.10632,seed76616.png
-24.222721,-0.79911876,seed76617.png
-38.469833,14.226884,seed76618.png
27.818611,14.021498,seed76619.png
33.88384,21.546623,seed7662.png
38.393375,21.616184,seed76620.png
-29.206684,14.221768,seed76621.png
14.737888,-34.123234,seed76622.png
-23.156311,5.350774,seed76623.png
-32.8008,15.756853,seed76624.png
24.158213,11.962124,seed76625.png
-34.17005,0.29779142,seed76626.png
7.11408,-1.8754278,seed76627.png
11.2977,-36.840855,seed76628.png
13.127024,-1.1738286,seed76629.png
12.083631,-42.425488,seed7663.png
-21.29359,-18.942516,seed76630.png
-24.741259,-6.0982733,seed76631.png
38.40979,12.708922,seed76632.png
7.3597426,21.436907,seed76633.png
-26.485308,-14.8479185,seed76634.png
-35.38079,-3.3013496,seed76635.png
-14.853493,-20.136784,seed76636.png
2.7359676,17.304813,seed76637.png
-15.528791,-3.7216616,seed76638.png
-4.5809126,12.620272,seed76639.png
16.986942,25.504364,seed7664.png
34.891815,21.288597,seed76640.png
-10.168844,-13.487795,seed76641.png
-26.100769,-12.366101,seed76642.png
-16.438328,3.6332145,seed76643.png
-24.894302,-1.190341,seed76644.png
32.61696,27.794764,seed76645.png
-3.8273988,-26.38275,seed76646.png
11.574269,22.499832,seed76647.png
-29.137165,18.405115,seed76648.png
1.3529605,-13.321942,seed76649.png
-13.348706,-19.485085,seed7665.png
-14.397652,-26.465721,seed76650.png
31.350952,26.30662,seed76651.png
13.215732,14.682259,seed76652.png
15.604323,0.07093569,seed76653.png
-21.504564,12.525432,seed76654.png
32.15495,13.445626,seed76655.png
-11.512784,-3.149325,seed76656.png
-22.880234,-22.651484,seed76657.png
19.654003,-3.321507,seed76658.png
-15.821225,-20.84766,seed76659.png
21.19395,-0.20573221,seed7666.png
-28.160501,17.24283,seed76660.png
-1.373109,25.04053,seed76661.png
-23.209515,15.729992,seed76662.png
10.833804,14.40216,seed76663.png
-12.58151,-17.173725,seed76664.png
-13.847914,-17.865833,seed76665.png
18.753239,-9.2963,seed76666.png
-19.440678,-28.202332,seed76667.png
8.313107,5.2514653,seed76668.png
14.733129,10.888746,seed76669.png
-12.324391,0.15428993,seed7667.png
-31.98693,26.904795,seed76670.png
33.66989,15.331754,seed76671.png
11.722647,7.5937934,seed76672.png
4.5641704,-5.6613383,seed76673.png
10.779129,4.8532887,seed76674.png
-22.276356,-15.973256,seed76675.png
-22.433397,15.062322,seed76676.png
-26.62064,0.42311183,seed76677.png
38.36298,6.581022,seed76678.png
-33.318474,6.87084,seed76679.png
26.386488,22.269354,seed7668.png
-21.239424,-28.029352,seed76680.png
17.74409,12.150479,seed76681.png
21.115253,8.880591,seed76682.png
11.178203,-38.92757,seed76683.png
33.65717,18.918682,seed76684.png
0.70716876,-29.191217,seed76685.png
-1.0606096,23.136215,seed76686.png
-18.186438,5.893995,seed76687.png
22.566185,24.947456,seed76688.png
29.206707,26.925606,seed76689.png
-15.751343,-20.578438,seed7669.png
10.192385,10.439536,seed76690.png
10.053049,12.514135,seed76691.png
10.409687,-5.5544343,seed76692.png
-19.404816,-21.170446,seed76693.png
26.681273,11.380436,seed76694.png
-13.123201,-25.471819,seed76695.png
-10.760142,-22.083742,seed76696.png
-28.481398,-6.619035,seed76697.png
2.3655405,12.044104,seed76698.png
-15.483802,-14.60464,seed76699.png
-30.252903,13.061232,seed7670.png
22.99838,-3.6780434,seed76700.png
-26.478048,-10.381521,seed76701.png
-3.4966989,-16.586506,seed76702.png
-26.644361,-14.855243,seed76703.png
-4.83755,-3.7900069,seed76704.png
3.5651042,1.0014983,seed76705.png
9.902212,-25.154682,seed76706.png
19.458935,-5.0174556,seed76707.png
-33.43621,-7.2372565,seed76708.png
19.386694,25.801056,seed76709.png
17.954782,17.967457,seed7671.png
-22.10477,-18.478678,seed76710.png
13.280903,16.223982,seed76711.png
5.0644984,17.129583,seed76712.png
-13.554002,-30.87683,seed76713.png
-34.273136,19.198921,seed76714.png
-18.651825,-5.9701924,seed76715.png
-22.149015,-19.035727,seed76716.png
10.456216,-29.306456,seed76717.png
-10.810973,-7.7468843,seed76718.png
32.12722,25.817177,seed76719.png
-29.302094,14.874379,seed7672.png
-12.396744,-0.76003754,seed76720.png
19.771408,16.1815,seed76721.png
-18.281107,-9.48647,seed76722.png
26.384848,6.9937515,seed76723.png
-17.40872,-17.110527,seed76724.png
-35.204536,20.64446,seed76725.png
-17.235977,-12.104313,seed76726.png
4.4051433,5.105508,seed76727.png
-3.8198497,-11.9012985,seed76728.png
30.509218,3.4416316,seed76729.png
-21.685007,8.8046465,seed7673.png
5.4321136,-7.4257083,seed76730.png
30.709826,1.731593,seed76731.png
24.54523,3.764906,seed76732.png
-24.27859,8.068002,seed76733.png
13.60315,-39.81078,seed76734.png
-34.301773,18.412407,seed76735.png
-2.9323647,-17.50827,seed76736.png
-29.623549,-0.80030805,seed76737.png
8.049705,7.215628,seed76738.png
-21.769629,17.671307,seed76739.png
14.900232,-3.1028671,seed7674.png
-15.342633,-17.306759,seed76740.png
22.576075,4.343114,seed76741.png
9.777011,7.598695,seed76742.png
-22.45358,3.6398165,seed76743.png
5.0526423,20.132004,seed76744.png
9.679819,7.2131467,seed76745.png
-14.428014,-0.01119778,seed76746.png
3.2633672,12.943958,seed76747.png
8.361751,-35.423164,seed76748.png
-19.893013,9.497905,seed76749.png
38.396374,11.185705,seed7675.png
37.953537,13.054475,seed76750.png
-24.455505,19.925358,seed76751.png
-32.030937,-9.842837,seed76752.png
13.344847,18.806856,seed76753.png
-13.923678,-0.61274123,seed76754.png
13.7798,-40.11438,seed76755.png
-17.771852,-23.941639,seed76756.png
5.565224,4.116377,seed76757.png
10.837512,-32.351353,seed76758.png
34.99287,13.057417,seed76759.png
19.880571,-7.186446,seed7676.png
-0.79157555,22.893513,seed76760.png
8.333721,23.996752,seed76761.png
-18.081106,-29.647762,seed76762.png
-18.15605,-14.429309,seed76763.png
33.052414,23.059948,seed76764.png
-25.834007,-16.55181,seed76765.png
-12.164774,-5.6256127,seed76766.png
17.0435,0.26422346,seed76767.png
0.44077653,23.47187,seed76768.png
30.566526,25.162458,seed76769.png
0.5602395,23.445604,seed7677.png
-14.3278055,-16.387526,seed76770.png
-24.440865,12.749385,seed76771.png
-20.093525,-2.0885487,seed76772.png
-3.9984763,-11.757831,seed76773.png
16.335876,7.1594133,seed76774.png
5.777227,1.6078291,seed76775.png
12.883099,-22.524014,seed76776.png
34.979797,12.906637,seed76777.png
-1.3358425,-15.822895,seed76778.png
-11.692875,-28.867798,seed76779.png
-26.42447,-1.2783248,seed7678.png
-23.28136,12.021971,seed76780.png
2.9040432,-10.0722685,seed76781.png
15.375883,1.9421948,seed76782.png
-2.087529,-17.012453,seed76783.png
-18.911777,-4.480288,seed76784.png
-16.160059,5.71021,seed76785.png
-7.4172597,-11.846234,seed76786.png
-20.764822,-19.177814,seed76787.png
-35.01905,18.751991,seed76788.png
28.06627,14.042462,seed76789.png
11.079802,-41.864307,seed7679.png
4.9900427,0.38315648,seed76790.png
30.433344,-2.8063312,seed76791.png
-33.083847,23.533234,seed76792.png
28.168457,20.642845,seed76793.png
30.145432,28.630863,seed76794.png
38.478973,9.435667,seed76795.png
-26.04233,0.5764289,seed76796.png
35.847504,7.527258,seed76797.png
28.447733,5.306628,seed76798.png
-5.9853354,-5.048975,seed76799.png
-34.64383,-2.1486313,seed7680.png
-10.443978,-2.773553,seed76800.png
10.857949,-40.79389,seed76801.png
14.465839,-37.90295,seed76802.png
-30.652658,16.813349,seed76803.png
2.0396938,12.882682,seed76804.png
30.278244,8.399938,seed76805.png
-15.976515,-10.319169,seed76806.png
-18.717627,-25.187563,seed76807.png
-28.340477,-10.825091,seed76808.png
14.557005,24.941536,seed76809.png
29.115152,6.278866,seed7681.png
0.123766854,23.857452,seed76810.png
9.546839,-39.042603,seed76811.png
34.088203,21.140337,seed76812.png
12.412862,-6.449446,seed76813.png
-17.417355,-10.665255,seed76814.png
7.869107,24.926615,seed76815.png
-27.918,18.573933,seed76816.png
10.835574,26.160357,seed76817.png
8.410736,28.614786,seed76818.png
-15.538531,-31.406681,seed76819.png
10.264486,5.4618554,seed7682.png
2.3021078,25.601154,seed76820.png
11.781455,-29.407904,seed76821.png
33.06209,6.729459,seed76822.png
24.89396,21.927265,seed76823.png
38.99352,7.0900974,seed76824.png
-0.9442764,8.239261,seed76825.png
3.2406843,14.675931,seed76826.png
16.039398,11.134665,seed76827.png
7.484936,-5.4982486,seed76828.png
12.652804,25.974321,seed76829.png
-4.773552,6.674721,seed7683.png
6.2372956,-30.274117,seed76830.png
-34.357185,21.16008,seed76831.png
-13.339163,-24.763346,seed76832.png
-31.260988,9.742877,seed76833.png
-20.954834,3.7409647,seed76834.png
-27.974024,-10.437507,seed76835.png
27.77628,22.576199,seed76836.png
13.129812,26.975187,seed76837.png
-31.055037,15.886846,seed76838.png
-15.194603,-17.049755,seed76839.png
13.051817,-41.02751,seed7684.png
14.626911,-30.501595,seed76840.png
-16.231726,-30.504135,seed76841.png
15.208046,-32.143574,seed76842.png
15.682175,20.929203,seed76843.png
25.292051,14.590658,seed76844.png
25.85012,15.928623,seed76845.png
-27.454712,1.9926175,seed76846.png
-4.784982,-16.211174,seed76847.png
-15.456989,-27.775309,seed76848.png
-17.570862,-5.5453277,seed76849.png
-23.449078,-18.35068,seed7685.png
41.106815,20.820614,seed76850.png
25.687157,-1.6553775,seed76851.png
20.535793,27.494577,seed76852.png
-8.155891,-9.689421,seed76853.png
12.481789,-30.585339,seed76854.png
-27.785492,-8.189076,seed76855.png
-20.82475,-2.8369973,seed76856.png
-21.83132,18.930965,seed76857.png
-34.22987,-12.992142,seed76858.png
0.036869306,11.653645,seed76859.png
-18.697016,-31.41549,seed7686.png
-22.81726,-18.501825,seed76860.png
21.41927,-2.2233915,seed76861.png
16.538086,-35.86632,seed76862.png
10.738201,-23.304205,seed76863.png
-33.5764,26.04501,seed76864.png
5.50652,-27.378832,seed76865.png
1.9381322,11.566195,seed76866.png
17.130703,17.576178,seed76867.png
29.640848,6.023311,seed76868.png
0.28531805,21.296267,seed76869.png
13.464056,-32.38406,seed7687.png
-17.86414,-32.09393,seed76870.png
-3.333134,-14.517655,seed76871.png
4.8646903,5.214096,seed76872.png
10.881456,-9.113578,seed76873.png
-27.643957,-1.9258999,seed76874.png
-31.395096,13.990411,seed76875.png
-18.407341,-26.225468,seed76876.png
7.712623,-28.586927,seed76877.png
-24.464153,9.002061,seed76878.png
-25.838974,-2.675097,seed76879.png
-33.8097,0.70591086,seed7688.png
-18.402895,-6.2930036,seed76880.png
15.253451,-7.2169323,seed76881.png
0.34373116,-18.090832,seed76882.png
13.900292,-29.461735,seed76883.png
6.318639,-36.50352,seed76884.png
-27.14482,-1.6300808,seed76885.png
7.1682715,-39.041054,seed76886.png
-20.277153,-17.653397,seed76887.png
6.5080214,13.968747,seed76888.png
-7.2300487,-26.26103,seed76889.png
15.696536,-36.578587,seed7689.png
15.35986,-0.18129867,seed76890.png
16.529848,23.138575,seed76891.png
14.26445,-38.96429,seed76892.png
-24.69126,13.851313,seed76893.png
5.9533978,-4.197535,seed76894.png
-12.677293,-19.350145,seed76895.png
30.736504,10.982629,seed76896.png
-2.210556,0.30972677,seed76897.png
39.608547,14.7310915,seed76898.png
-2.6282792,8.668454,seed76899.png
-10.143543,-4.37418,seed7690.png
11.383629,-34.805614,seed76900.png
-17.880314,-15.478383,seed76901.png
39.04451,20.298414,seed76902.png
14.693192,-0.30702877,seed76903.png
36.774143,19.920982,seed76904.png
-2.134553,-15.329346,seed76905.png
19.67302,-7.473178,seed76906.png
-28.81258,-8.025409,seed76907.png
28.620403,14.286024,seed76908.png
11.419983,-8.891451,seed76909.png
33.61079,23.22571,seed7691.png
-19.98241,7.3036475,seed76910.png
-18.907167,-4.958433,seed76911.png
35.465008,23.878391,seed76912.png
1.0155814,14.846212,seed76913.png
7.705461,6.6486297,seed76914.png
-11.966321,-27.307293,seed76915.png
-18.420155,-22.90314,seed76916.png
21.52375,13.091318,seed76917.png
30.88772,25.07439,seed76918.png
38.8022,21.438095,seed76919.png
-21.960203,16.511812,seed7692.png
-31.296995,11.15335,seed76920.png
31.810402,6.0752835,seed76921.png
-19.127888,-23.921818,seed76922.png
-33.232864,15.800296,seed76923.png
-33.888428,10.034557,seed76924.png
-8.38453,-25.373034,seed76925.png
-36.85407,8.543619,seed76926.png
-25.725193,-1.8716024,seed76927.png
29.484068,6.3085485,seed76928.png
5.1223044,-38.263737,seed76929.png
-18.010653,-6.2145514,seed7693.png
-24.639206,-6.758899,seed76930.png
-24.509266,-14.3358755,seed76931.png
0.633598,17.975965,seed76932.png
16.167166,25.130592,seed76933.png
-10.311161,-16.353193,seed76934.png
-13.335752,-27.697264,seed76935.png
-18.660572,1.3929275,seed76936.png
28.282753,5.991732,seed76937.png
11.668073,-30.552952,seed76938.png
-14.840511,7.717832,seed76939.png
-23.14908,15.361003,seed7694.png
14.521762,-23.366344,seed76940.png
16.325577,24.086271,seed76941.png
-32.986565,16.213385,seed76942.png
-19.945623,-6.955637,seed76943.png
-17.11016,-30.20935,seed76944.png
16.35489,24.779057,seed76945.png
-18.641768,-18.28315,seed76946.png
14.532593,-38.419697,seed76947.png
-15.605225,-26.823261,seed76948.png
18.329035,15.034683,seed76949.png
17.792536,1.8321182,seed7695.png
-31.161901,17.940207,seed76950.png
10.798643,-31.74262,seed76951.png
9.821444,-0.4912241,seed76952.png
17.355007,26.061314,seed76953.png
3.7916682,-0.23345791,seed76954.png
32.95066,12.417596,seed76955.png
-6.0812387,-16.666437,seed76956.png
36.881218,19.554611,seed76957.png
-19.115126,12.217733,seed76958.png
18.650614,3.6473908,seed76959.png
-29.427917,19.871368,seed7696.png
21.422205,22.80305,seed76960.png
15.634699,4.8413806,seed76961.png
-12.826786,-20.708666,seed76962.png
-23.532362,3.9891038,seed76963.png
-17.400875,-24.197363,seed76964.png
-4.4462137,-13.834303,seed76965.png
-21.814949,5.5761595,seed76966.png
7.5458355,-7.4244995,seed76967.png
18.363129,19.755348,seed76968.png
16.23454,-10.114311,seed76969.png
-5.6565495,-8.1541395,seed7697.png
14.744911,5.991639,seed76970.png
-14.693239,-8.14848,seed76971.png
-29.922745,16.508396,seed76972.png
2.8773997,6.044827,seed76973.png
31.935797,25.035126,seed76974.png
30.229858,5.4069834,seed76975.png
10.670115,-11.823298,seed76976.png
4.9736934,-26.867334,seed76977.png
-16.925777,-0.3186233,seed76978.png
36.12775,24.424574,seed76979.png
35.066437,5.131142,seed7698.png
-28.041441,15.3655205,seed76980.png
18.16476,-6.422383,seed76981.png
-16.12824,-18.859999,seed76982.png
1.4114887,-2.9355962,seed76983.png
-33.79817,-9.028913,seed76984.png
14.917361,21.526525,seed76985.png
-23.31394,11.246359,seed76986.png
22.850006,12.218414,seed76987.png
-37.029472,21.74067,seed76988.png
-38.53535,13.720138,seed76989.png
40.58223,24.052765,seed7699.png
24.9737,-6.5371375,seed76990.png
-9.719948,-24.8676,seed76991.png
29.548706,26.565018,seed76992.png
28.656015,3.0201662,seed76993.png
-33.07008,24.048397,seed76994.png
-1.6702088,-16.623646,seed76995.png
-22.092892,17.041956,seed76996.png
-18.68684,-23.081936,seed76997.png
-29.850529,-8.807926,seed76998.png
8.876968,-11.714896,seed76999.png
-4.599213,-14.515557,seed7700.png
13.626004,-30.195234,seed77000.png
14.165011,-0.11818282,seed77001.png
-27.483124,3.8202488,seed77002.png
16.444828,-34.7409,seed77003.png
24.190308,6.666736,seed77004.png
-28.234468,-2.042921,seed77005.png
17.144934,-0.23142286,seed77006.png
-12.040551,-4.853162,seed77007.png
32.914303,21.82618,seed77008.png
2.506363,11.101158,seed77009.png
-23.53311,-6.3279133,seed7701.png
6.6718516,-33.03338,seed77010.png
-30.303522,-13.362481,seed77011.png
13.235331,-1.4957461,seed77012.png
-10.130665,-11.502287,seed77013.png
24.427488,12.43155,seed77014.png
-10.037639,-21.124273,seed77015.png
17.677422,0.45592758,seed77016.png
-14.483324,-9.453751,seed77017.png
-6.3701797,-5.5407095,seed77018.png
7.5669484,-37.69682,seed77019.png
-5.2727633,-14.030991,seed7702.png
17.840996,0.15816644,seed77020.png
-29.450819,22.539042,seed77021.png
-31.434982,13.982574,seed77022.png
34.976852,26.686665,seed77023.png
-31.702505,21.90043,seed77024.png
-2.8247678,-12.313776,seed77025.png
22.93769,4.549093,seed77026.png
12.276805,-38.482388,seed77027.png
-27.830837,20.725044,seed77028.png
-35.7723,12.537867,seed77029.png
-27.976843,8.760503,seed7703.png
15.87364,-34.68826,seed77030.png
-7.019006,-0.41859806,seed77031.png
-19.631754,3.4133327,seed77032.png
-18.451534,-13.917594,seed77033.png
-30.821093,8.172822,seed77034.png
37.796196,8.812273,seed77035.png
-30.989677,25.430222,seed77036.png
-22.027517,4.432182,seed77037.png
-25.83521,-13.599054,seed77038.png
38.228256,10.937026,seed77039.png
5.089651,18.983774,seed7704.png
4.2741036,13.970437,seed77040.png
16.54953,19.531326,seed77041.png
35.079163,16.55089,seed77042.png
26.935627,15.222899,seed77043.png
6.264144,-31.79691,seed77044.png
16.781395,-6.242485,seed77045.png
19.763075,25.275373,seed77046.png
-19.189106,-15.201111,seed77047.png
9.511005,-40.3195,seed77048.png
33.94615,13.288452,seed77049.png
-16.958715,-23.707571,seed7705.png
-28.183756,10.929514,seed77050.png
-9.007577,11.941975,seed77051.png
9.739333,-42.796944,seed77052.png
-30.43786,19.832878,seed77053.png
20.59019,7.980434,seed77054.png
-19.065142,-8.058042,seed77055.png
-26.631134,-6.822489,seed77056.png
15.844507,-5.0219812,seed77057.png
-27.20559,7.391473,seed77058.png
34.09384,21.011581,seed77059.png
25.651678,-3.0071342,seed7706.png
2.9998157,-29.556852,seed77060.png
2.4326942,18.024368,seed77061.png
-21.345797,-0.2635888,seed77062.png
18.291252,22.522879,seed77063.png
15.602882,10.209198,seed77064.png
40.812954,22.408615,seed77065.png
20.49174,19.249846,seed77066.png
-26.325682,15.150873,seed77067.png
27.159489,2.832521,seed77068.png
4.8734894,-13.377354,seed77069.png
-12.44501,-30.63149,seed7707.png
11.616345,-5.3040113,seed77070.png
6.912503,24.722042,seed77071.png
-20.54149,14.391621,seed77072.png
12.645204,-0.9546716,seed77073.png
-24.18493,2.8406453,seed77074.png
9.621088,12.034422,seed77075.png
26.87138,5.589006,seed77076.png
9.908728,-28.532576,seed77077.png
32.19018,4.8625,seed77078.png
-8.268795,-26.130854,seed77079.png
-27.829273,21.05311,seed7708.png
-28.334398,9.938045,seed77080.png
21.650505,13.870726,seed77081.png
-20.63415,-22.254318,seed77082.png
15.914106,-32.557587,seed77083.png
22.687988,20.37264,seed77084.png
-12.936861,-14.937485,seed77085.png
-13.5800705,-10.9171,seed77086.png
-29.305798,4.4579844,seed77087.png
27.770205,3.0290155,seed77088.png
21.092354,16.903046,seed77089.png
2.984945,-0.765533,seed7709.png
12.838576,3.017982,seed77090.png
6.9604254,-35.85087,seed77091.png
8.188641,-36.650536,seed77092.png
15.748501,-8.552825,seed77093.png
11.466642,15.439645,seed77094.png
0.5200077,-17.909277,seed77095.png
-23.061375,19.465284,seed77096.png
-31.529776,14.912291,seed77097.png
-16.628555,9.835644,seed77098.png
-24.474129,-10.766852,seed77099.png
34.3291,25.530964,seed7710.png
8.514324,7.1323624,seed77100.png
-1.1885992,22.182804,seed77101.png
-20.025635,11.750389,seed77102.png
21.67626,17.866232,seed77103.png
-30.49268,14.809268,seed77104.png
0.3233219,20.390736,seed77105.png
-13.01482,-5.66549,seed77106.png
29.147541,17.570816,seed77107.png
33.292973,6.400231,seed77108.png
-25.98738,-2.507341,seed77109.png
-16.050737,-25.568388,seed7711.png
12.727193,21.227777,seed77110.png
-26.497911,12.827542,seed77111.png
15.470398,-34.79513,seed77112.png
7.5148935,-3.360767,seed77113.png
22.06279,0.4389693,seed77114.png
20.199566,2.7381816,seed77115.png
-5.7836404,-4.9262643,seed77116.png
-14.304064,-8.549794,seed77117.png
-28.307177,11.2664795,seed77118.png
16.790077,-7.753343,seed77119.png
-15.56942,-8.775141,seed7712.png
12.570614,-34.959114,seed77120.png
-22.007591,18.456326,seed77121.png
1.3377188,-28.019241,seed77122.png
21.117006,23.747034,seed77123.png
-31.979961,27.551863,seed77124.png
-15.033275,-17.165577,seed77125.png
30.948277,-0.22076526,seed77126.png
-20.35148,8.545896,seed77127.png
17.047138,-8.741035,seed77128.png
-34.916996,-6.5822654,seed77129.png
27.59696,20.703564,seed7713.png
25.35206,23.802485,seed77130.png
7.8695455,-31.165443,seed77131.png
33.037308,12.378218,seed77132.png
17.022873,26.528416,seed77133.png
10.737497,18.064018,seed77134.png
19.65303,3.0803604,seed77135.png
25.77544,11.046378,seed77136.png
-4.5196295,-2.5878959,seed77137.png
23.660843,-3.4349082,seed77138.png
-15.619428,-16.91993,seed77139.png
-11.537555,-18.009401,seed7714.png
33.444717,16.122955,seed77140.png
-1.1747433,-14.815031,seed77141.png
-9.327729,-0.713655,seed77142.png
8.890556,25.561726,seed77143.png
6.14556,11.606837,seed77144.png
-28.871294,-4.608608,seed77145.png
-22.981619,3.437163,seed77146.png
4.296396,17.900063,seed77147.png
1.9363142,2.1989,seed77148.png
-21.32548,-18.767681,seed77149.png
-11.724451,-23.4974,seed7715.png
-13.438719,-28.60036,seed77150.png
14.26396,-23.6762,seed77151.png
-15.094484,9.666182,seed77152.png
-22.59653,14.6324835,seed77153.png
-25.496603,-5.010723,seed77154.png
-0.4393526,-10.980099,seed77155.png
20.661314,-0.93311393,seed77156.png
13.564126,-40.33963,seed77157.png
-20.392551,-16.34878,seed77158.png
17.144783,21.97642,seed77159.png
-14.420748,-7.082665,seed7716.png
-34.69754,27.608376,seed77160.png
-23.260246,10.283403,seed77161.png
39.320988,21.434793,seed77162.png
9.882507,-43.44791,seed77163.png
14.257392,0.0264538,seed77164.png
-15.102285,-2.5660734,seed77165.png
-21.86299,-9.811885,seed77166.png
-21.481186,16.52048,seed77167.png
-30.53072,-8.667491,seed77168.png
34.747826,23.709824,seed77169.png
-33.418594,26.338049,seed7717.png
-3.014889,-27.35301,seed77170.png
21.305573,16.133446,seed77171.png
-34.03781,-6.046746,seed77172.png
14.163188,-37.667885,seed77173.png
15.597256,-8.050385,seed77174.png
15.712439,19.646772,seed77175.png
0.5568898,-4.9656186,seed77176.png
16.959412,-33.52992,seed77177.png
-4.317974,-11.452564,seed77178.png
37.712807,5.951657,seed77179.png
-26.222809,-8.651408,seed7718.png
-20.618765,-8.0037565,seed77180.png
-24.552158,-0.102769144,seed77181.png
37.993183,14.025844,seed77182.png
-13.086657,-17.610605,seed77183.png
30.438778,2.5579689,seed77184.png
7.883627,-11.914448,seed77185.png
-31.4239,8.370193,seed77186.png
22.456049,-1.5111597,seed77187.png
24.31632,9.1076355,seed77188.png
-14.306968,-12.906361,seed77189.png
-3.7187133,15.989255,seed7719.png
35.45956,19.13675,seed77190.png
18.962025,18.33272,seed77191.png
-27.414028,-4.3874164,seed77192.png
22.01948,-9.059378,seed77193.png
24.25623,5.5326486,seed77194.png
16.007574,-34.01847,seed77195.png
18.535793,15.369793,seed77196.png
-23.501957,0.55931294,seed77197.png
16.901205,-6.3547554,seed77198.png
30.026,26.319447,seed77199.png
22.224533,5.241636,seed7720.png
-36.568092,-0.5686082,seed77200.png
13.084202,16.414621,seed77201.png
-4.6853576,3.9800863,seed77202.png
-21.904106,19.951702,seed77203.png
16.952517,-34.7831,seed77204.png
18.977743,-5.0186977,seed77205.png
7.9324374,-36.98816,seed77206.png
-3.10156,15.283803,seed77207.png
22.65103,17.732286,seed77208.png
13.111928,-34.437298,seed77209.png
-19.623747,-4.912476,seed7721.png
34.211716,4.643079,seed77210.png
-21.340057,19.285854,seed77211.png
26.952997,8.65213,seed77212.png
22.944986,13.659338,seed77213.png
-1.3119454,8.860529,seed77214.png
-17.923002,-14.751872,seed77215.png
-31.356298,18.03334,seed77216.png
17.14024,-2.437467,seed77217.png
-31.455515,8.263209,seed77218.png
17.217453,16.712948,seed77219.png
5.5546255,-33.31999,seed7722.png
29.426477,17.409956,seed77220.png
2.40262,-5.170385,seed77221.png
-17.849735,9.737336,seed77222.png
32.474224,27.59544,seed77223.png
32.68202,20.640688,seed77224.png
20.952875,25.387867,seed77225.png
19.050539,4.711445,seed77226.png
-0.19731882,-4.3829293,seed77227.png
2.939184,1.7419741,seed77228.png
-32.416645,11.119127,seed77229.png
-32.35212,-12.836662,seed7723.png
-29.808716,2.301521,seed77230.png
5.7371354,8.925839,seed77231.png
-12.666924,-19.446619,seed77232.png
36.379498,13.127301,seed77233.png
-27.647379,-20.365244,seed77234.png
9.348633,-21.671978,seed77235.png
14.310923,-0.02781046,seed77236.png
8.287764,24.336924,seed77237.png
12.225027,-31.0175,seed77238.png
3.4214146,2.8199024,seed77239.png
16.426472,-35.652805,seed7724.png
24.311703,-3.230665,seed77240.png
-12.055486,-20.959814,seed77241.png
0.3115334,-18.66048,seed77242.png
-14.86227,-31.209667,seed77243.png
-16.841326,1.1045232,seed77244.png
3.5955858,20.965427,seed77245.png
-16.580833,-27.185766,seed77246.png
8.293606,-5.0858965,seed77247.png
40.1692,17.395456,seed77248.png
-8.265151,-0.06512722,seed77249.png
-32.92892,23.492725,seed7725.png
10.944472,26.846619,seed77250.png
11.382813,-42.276188,seed77251.png
-14.043744,-10.383676,seed77252.png
-33.350246,21.38865,seed77253.png
18.230242,11.571872,seed77254.png
-11.752405,-1.0275303,seed77255.png
13.619402,-41.284878,seed77256.png
5.8131666,-27.655228,seed77257.png
21.359879,14.156603,seed77258.png
20.28193,-6.2350016,seed77259.png
2.7390497,14.000018,seed7726.png
-25.100967,-19.044718,seed77260.png
30.040878,25.436672,seed77261.png
2.2874105,-4.3462415,seed77262.png
8.01958,-36.02512,seed77263.png
7.80866,11.180833,seed77264.png
-34.756477,27.85881,seed77265.png
-0.117275774,-16.928528,seed77266.png
-23.134483,-25.162188,seed77267.png
-23.741165,1.6824803,seed77268.png
37.203392,7.883303,seed77269.png
-17.96196,-6.3960085,seed7727.png
21.325575,-4.239498,seed77270.png
15.84872,-32.840282,seed77271.png
-37.61829,14.585502,seed77272.png
4.1132817,9.094846,seed77273.png
-7.8633313,-15.584937,seed77274.png
-1.6234727,-9.392641,seed77275.png
-22.296345,-7.539152,seed77276.png
16.644516,-36.799625,seed77277.png
-20.4279,-5.4818497,seed77278.png
-19.026817,5.394416,seed77279.png
22.040474,-1.4345412,seed7728.png
-32.525394,24.060108,seed77280.png
18.819176,2.487958,seed77281.png
-24.62726,12.117385,seed77282.png
-23.13318,5.6371174,seed77283.png
2.0195105,7.5082564,seed77284.png
-33.470684,2.9235072,seed77285.png
-8.858214,-12.787429,seed77286.png
-18.254265,-14.193298,seed77287.png
1.0146341,18.40881,seed77288.png
12.454993,2.71368,seed77289.png
10.990112,24.190605,seed7729.png
22.727406,3.8929558,seed77290.png
24.786783,19.826199,seed77291.png
-22.750856,-24.676092,seed77292.png
9.989279,-19.961254,seed77293.png
-33.151558,-3.4291768,seed77294.png
-32.754086,24.151217,seed77295.png
0.86930287,24.698006,seed77296.png
37.36517,7.4265456,seed77297.png
26.38133,3.6498694,seed77298.png
-13.519019,-24.078016,seed77299.png
8.444974,-1.9918317,seed7730.png
-19.014383,-29.299923,seed77300.png
-18.150845,6.1351914,seed77301.png
-25.365585,-8.194745,seed77302.png
23.429941,17.16853,seed77303.png
34.340378,27.596655,seed77304.png
7.797094,-6.5483623,seed77305.png
-24.316343,-14.386427,seed77306.png
32.695213,12.08439,seed77307.png
37.19761,7.607541,seed77308.png
-16.550564,-23.159952,seed77309.png
10.339863,-35.549633,seed7731.png
23.645243,9.960416,seed77310.png
-35.597168,23.58713,seed77311.png
25.125187,25.736086,seed77312.png
-23.089815,-3.2763228,seed77313.png
-11.606137,-13.584992,seed77314.png
-37.664085,6.672207,seed77315.png
14.678466,19.921276,seed77316.png
20.591267,-10.806173,seed77317.png
8.555218,19.252275,seed77318.png
-18.59005,3.5153956,seed77319.png
-21.984354,-11.137569,seed7732.png
-32.503662,13.7556,seed77320.png
13.674606,-37.627052,seed77321.png
16.624304,7.7057204,seed77322.png
-11.334725,-22.580307,seed77323.png
42.03755,21.256361,seed77324.png
14.581334,-39.562653,seed77325.png
-21.155779,-17.99605,seed77326.png
0.18438943,4.273955,seed77327.png
-18.472065,1.6985062,seed77328.png
15.538011,-32.688473,seed77329.png
-0.958112,24.97146,seed7733.png
-22.111605,12.805574,seed77330.png
-1.0915132,-10.015788,seed77331.png
11.939807,-40.088596,seed77332.png
-13.248299,-7.9061713,seed77333.png
7.100034,-4.448434,seed77334.png
9.510438,29.445345,seed77335.png
28.368034,-0.4543333,seed77336.png
24.41759,18.910307,seed77337.png
-1.2736481,-12.658288,seed77338.png
7.6197553,-22.471697,seed77339.png
-21.160248,6.8958306,seed7734.png
-30.131369,24.22006,seed77340.png
24.105865,2.0373716,seed77341.png
17.821476,25.561428,seed77342.png
-19.680319,5.6414566,seed77343.png
-0.943903,-15.160906,seed77344.png
-29.018557,-14.186461,seed77345.png
20.976124,19.925304,seed77346.png
13.957131,-38.324673,seed77347.png
2.6881552,11.003689,seed77348.png
33.05737,26.558033,seed77349.png
13.199191,-34.28755,seed7735.png
3.0179634,-28.02098,seed77350.png
3.2618735,-28.020939,seed77351.png
5.4606586,16.857088,seed77352.png
6.7864237,-6.1554317,seed77353.png
20.892109,-9.972407,seed77354.png
25.113203,7.273739,seed77355.png
1.5390328,16.742256,seed77356.png
-27.991987,-11.497213,seed77357.png
-9.126028,4.7189436,seed77358.png
-12.704045,6.106488,seed77359.png
-14.263373,-29.807621,seed7736.png
6.945369,14.348373,seed77360.png
-19.285828,-19.94986,seed77361.png
-31.632277,-14.349856,seed77362.png
11.731396,15.811567,seed77363.png
-28.407972,-16.390596,seed77364.png
-33.252422,1.8777113,seed77365.png
-29.189775,19.897293,seed77366.png
-21.354452,-6.399141,seed77367.png
-21.785456,-5.6036506,seed77368.png
-12.300263,4.4242496,seed77369.png
26.992199,11.546097,seed7737.png
3.5408595,-1.6197433,seed77370.png
32.321476,22.188953,seed77371.png
-29.924692,9.990991,seed77372.png
-18.649755,-18.558174,seed77373.png
-11.5259905,-22.234245,seed77374.png
-21.0262,5.1995525,seed77375.png
-28.784163,14.411075,seed77376.png
-28.780897,1.7635287,seed77377.png
-33.55295,20.323349,seed77378.png
16.174606,14.113206,seed77379.png
-17.755388,8.3763,seed7738.png
19.730093,20.647654,seed77380.png
32.50421,24.088127,seed77381.png
28.588755,26.241703,seed77382.png
-20.073692,-3.8426528,seed77383.png
-11.547987,-3.1657455,seed77384.png
-22.26941,4.017357,seed77385.png
-16.57062,-22.970839,seed77386.png
17.894123,12.201464,seed77387.png
3.5114398,10.52073,seed77388.png
-35.568893,12.643148,seed77389.png
-15.49063,-30.582346,seed7739.png
-16.376669,-11.679214,seed77390.png
21.392181,8.661087,seed77391.png
22.398157,10.079991,seed77392.png
15.669835,-32.634556,seed77393.png
30.128569,17.35124,seed77394.png
34.928364,8.604729,seed77395.png
26.119253,26.185637,seed77396.png
2.3617992,-17.494427,seed77397.png
-11.292414,-22.697735,seed77398.png
-11.650058,-13.582027,seed77399.png
6.794221,11.281134,seed7740.png
-29.547207,16.650167,seed77400.png
-17.67158,-2.4592352,seed77401.png
33.54685,13.5572405,seed77402.png
-9.642294,-6.767965,seed77403.png
-23.114748,-10.129707,seed77404.png
3.872888,16.222147,seed77405.png
-27.907282,-9.425729,seed77406.png
-8.067158,-14.951602,seed77407.png
24.379917,-3.52942,seed77408.png
-13.351936,-7.892575,seed77409.png
-14.362793,-3.8704944,seed7741.png
-17.723915,-21.993729,seed77410.png
10.762232,27.589712,seed77411.png
24.640688,3.454999,seed77412.png
13.755737,-34.136433,seed77413.png
13.201314,-26.473858,seed77414.png
11.241707,-42.760044,seed77415.png
20.505756,12.092599,seed77416.png
-36.246212,9.840209,seed77417.png
-33.325718,-0.50740236,seed77418.png
8.124437,7.020367,seed77419.png
31.508224,7.7508698,seed7742.png
10.939787,-39.979588,seed77420.png
-17.776423,-25.982367,seed77421.png
7.1768837,-24.33531,seed77422.png
20.299162,25.11237,seed77423.png
0.2339887,15.699793,seed77424.png
17.473892,-34.01516,seed77425.png
-30.328127,-9.512876,seed77426.png
16.896517,-35.54846,seed77427.png
13.059441,26.560602,seed77428.png
-11.932612,5.5239854,seed77429.png
8.113725,-32.690155,seed7743.png
-16.32238,-0.8961021,seed77430.png
-17.335068,2.6477323,seed77431.png
-0.11682794,-16.981766,seed77432.png
35.930916,17.339087,seed77433.png
14.332017,12.424224,seed77434.png
1.1342312,-12.402304,seed77435.png
-9.902069,-1.429394,seed77436.png
-30.395002,8.759254,seed77437.png
-34.89381,25.084625,seed77438.png
-7.6114697,-16.42505,seed77439.png
-3.7358494,-16.321005,seed7744.png
-26.020477,-14.532974,seed77440.png
-24.583176,-10.673547,seed77441.png
0.19274397,-14.356967,seed77442.png
14.337744,23.06541,seed77443.png
7.2462244,-4.8262053,seed77444.png
-28.831238,15.539504,seed77445.png
-6.6633196,-18.441404,seed77446.png
-10.918101,-28.64216,seed77447.png
-2.4292257,17.60539,seed77448.png
-28.464506,9.675437,seed77449.png
22.153389,17.443748,seed7745.png
10.708036,-40.12438,seed77450.png
4.311242,-35.514885,seed77451.png
-4.7523613,-16.33346,seed77452.png
-3.4045749,-3.6225197,seed77453.png
11.508007,-9.64091,seed77454.png
42.40894,17.38308,seed77455.png
0.69726306,-0.57480776,seed77456.png
25.739717,1.6522421,seed77457.png
19.408714,20.385035,seed77458.png
-10.416214,13.56912,seed77459.png
32.429012,25.683758,seed7746.png
0.046874058,-12.075207,seed77460.png
4.933475,23.43275,seed77461.png
10.613888,25.082548,seed77462.png
-17.252277,-2.5494606,seed77463.png
-19.313606,-27.957222,seed77464.png
-16.332613,-21.074936,seed77465.png
-1.543852,24.164726,seed77466.png
-17.011618,-7.5474415,seed77467.png
36.683903,19.574286,seed77468.png
16.051517,22.142063,seed77469.png
34.191525,12.120684,seed7747.png
16.047737,-31.988379,seed77470.png
-35.710403,10.78657,seed77471.png
37.724583,23.357382,seed77472.png
9.411652,29.773981,seed77473.png
9.117645,22.925293,seed77474.png
-17.313627,-26.079573,seed77475.png
37.16276,13.451364,seed77476.png
18.897026,5.0934167,seed77477.png
-17.150381,-8.587719,seed77478.png
16.211157,12.288056,seed77479.png
-18.213795,-10.077487,seed7748.png
-11.095531,-13.442746,seed77480.png
-16.14221,-30.658905,seed77481.png
-19.197739,-4.940917,seed77482.png
-14.306058,-19.408587,seed77483.png
-8.122943,-28.007668,seed77484.png
-16.1143,-25.5936,seed77485.png
-10.08639,-20.661104,seed77486.png
11.411551,21.865122,seed77487.png
-20.091654,10.674797,seed77488.png
-30.60939,-12.301297,seed77489.png
-1.0287817,24.575796,seed7749.png
11.290425,21.616484,seed77490.png
-20.186707,-24.006847,seed77491.png
20.75058,23.146559,seed77492.png
-30.67286,12.970457,seed77493.png
-11.960764,-15.275518,seed77494.png
14.810572,17.018461,seed77495.png
-23.301968,-19.091772,seed77496.png
-23.917618,12.295034,seed77497.png
-15.808472,-19.760292,seed77498.png
18.617977,-4.1262927,seed77499.png
3.2723231,16.780127,seed7750.png
-23.730646,-7.525729,seed77500.png
-22.958355,9.792203,seed77501.png
20.651558,19.262062,seed77502.png
15.533975,24.096045,seed77503.png
-32.162354,-3.0033095,seed77504.png
27.402613,6.883142,seed77505.png
11.194148,-42.38178,seed77506.png
-13.076654,-7.4159207,seed77507.png
-15.152958,-8.621102,seed77508.png
-21.48794,17.663212,seed77509.png
23.088099,-4.919842,seed7751.png
-33.03101,9.314929,seed77510.png
13.279725,17.704351,seed77511.png
2.1402872,-0.39210108,seed77512.png
28.161564,9.704401,seed77513.png
-16.227428,-22.06468,seed77514.png
-34.142277,-7.5655603,seed77515.png
-21.25618,13.440341,seed77516.png
-25.109632,-20.585949,seed77517.png
-15.71851,-20.395828,seed77518.png
0.0074436315,5.2222767,seed77519.png
3.821628,4.1554823,seed7752.png
-5.4080343,4.5977507,seed77520.png
12.293059,-37.925045,seed77521.png
-12.776728,-4.411459,seed77522.png
-30.433924,17.112566,seed77523.png
9.654211,-39.323032,seed77524.png
-24.547533,-7.8683963,seed77525.png
-11.702533,3.1225,seed77526.png
-23.396038,-23.193577,seed77527.png
-14.841183,-22.512259,seed77528.png
9.715036,-40.036983,seed77529.png
14.028866,-37.734684,seed7753.png
-23.005156,1.5494152,seed77530.png
11.400779,-26.256346,seed77531.png
8.1439085,5.817124,seed77532.png
-17.002556,1.5262247,seed77533.png
32.999718,5.908375,seed77534.png
5.2213235,17.640305,seed77535.png
-7.7698593,-4.8489966,seed77536.png
9.439474,-27.276423,seed77537.png
-30.602468,-14.305907,seed77538.png
15.408978,23.138039,seed77539.png
16.197521,-36.209976,seed7754.png
17.00698,-7.1932893,seed77540.png
7.9432373,-35.8267,seed77541.png
-24.939148,5.708135,seed77542.png
-16.716923,1.9074715,seed77543.png
1.0975559,24.203596,seed77544.png
-32.782314,5.065493,seed77545.png
-24.417807,10.730475,seed77546.png
13.108147,17.607683,seed77547.png
12.613877,3.1181386,seed77548.png
19.495157,-2.9141984,seed77549.png
9.53936,28.461355,seed7755.png
9.483883,17.695356,seed77550.png
26.94621,-0.40218464,seed77551.png
-32.79261,1.8211318,seed77552.png
7.028039,1.2306181,seed77553.png
7.6825275,22.124296,seed77554.png
-23.890116,-1.0425489,seed77555.png
-10.983374,-20.971577,seed77556.png
32.15329,25.348763,seed77557.png
-34.335323,24.01817,seed77558.png
-20.284967,-21.420805,seed77559.png
-22.565887,13.801867,seed7756.png
20.306555,20.928059,seed77560.png
8.442303,-25.745592,seed77561.png
-15.770514,-13.960717,seed77562.png
35.99755,23.836142,seed77563.png
-11.10994,12.925518,seed77564.png
-2.8609898,-25.80614,seed77565.png
-27.758919,-9.5803995,seed77566.png
-2.2863836,-20.93572,seed77567.png
-26.674877,10.017231,seed77568.png
16.42389,-13.708036,seed77569.png
1.7702847,-29.50245,seed7757.png
-28.786459,-13.87821,seed77570.png
-8.727209,-7.732463,seed77571.png
-20.307938,-10.869971,seed77572.png
-10.563279,-22.659527,seed77573.png
-24.07924,11.124668,seed77574.png
-31.02617,25.036388,seed77575.png
-24.747768,-14.155972,seed77576.png
26.898138,12.512867,seed77577.png
4.6832566,-2.2549803,seed77578.png
-15.588327,-24.908182,seed77579.png
-20.24579,18.645828,seed7758.png
-31.314514,2.1087258,seed77580.png
3.6464698,13.877757,seed77581.png
25.194475,16.338879,seed77582.png
35.844585,13.360669,seed77583.png
-35.475346,9.574144,seed77584.png
14.548198,-30.540771,seed77585.png
31.58,9.115974,seed77586.png
14.149821,5.35799,seed77587.png
17.619234,15.666539,seed77588.png
13.234034,13.666787,seed77589.png
-22.79906,-14.593535,seed7759.png
-11.277255,-18.318766,seed77590.png
-21.894062,6.5807996,seed77591.png
-5.637425,4.427441,seed77592.png
-28.939577,-1.5184432,seed77593.png
8.580301,-0.917994,seed77594.png
7.817469,-10.011782,seed77595.png
5.6407557,-32.755455,seed77596.png
-37.858475,14.716467,seed77597.png
-37.380417,21.382584,seed77598.png
-11.3888445,-23.110312,seed77599.png
1.8992223,10.134588,seed7760.png
-7.7124166,-13.841215,seed77600.png
26.799244,26.363766,seed77601.png
8.367311,4.9919605,seed77602.png
11.998998,7.140283,seed77603.png
19.454798,20.95395,seed77604.png
0.1232142,-1.4968996,seed77605.png
-29.273556,-11.646698,seed77606.png
-18.353338,8.597307,seed77607.png
2.990541,-12.98923,seed77608.png
-29.600677,14.699748,seed77609.png
16.592861,12.886772,seed7761.png
-18.74394,5.9289265,seed77610.png
13.489126,-41.62833,seed77611.png
-24.944588,13.814605,seed77612.png
40.515015,18.886696,seed77613.png
18.428484,23.216492,seed77614.png
15.947615,-37.252342,seed77615.png
23.07761,-4.605193,seed77616.png
-16.246355,-15.407462,seed77617.png
10.951734,-39.876827,seed77618.png
35.192013,11.397126,seed77619.png
-18.663885,-29.176773,seed7762.png
-31.61252,-12.159377,seed77620.png
16.487242,20.47411,seed77621.png
-34.03696,12.935811,seed77622.png
-1.4993275,0.1222698,seed77623.png
35.734737,6.241169,seed77624.png
-14.341335,-22.049236,seed77625.png
4.524175,-12.31803,seed77626.png
-6.8437767,14.777602,seed77627.png
10.992188,7.1082997,seed77628.png
-25.065632,-19.719053,seed77629.png
-2.914506,-13.891586,seed7763.png
-36.347515,8.430426,seed77630.png
-37.825623,14.942068,seed77631.png
11.108505,-30.660418,seed77632.png
11.38747,-43.14717,seed77633.png
14.189427,14.730217,seed77634.png
30.913465,12.35506,seed77635.png
-8.48,-24.720215,seed77636.png
0.72485137,24.510824,seed77637.png
11.000714,-11.875576,seed77638.png
-26.760168,-10.995347,seed77639.png
-11.943621,-23.868443,seed7764.png
32.158047,22.44989,seed77640.png
13.888029,-39.83255,seed77641.png
23.630335,21.351625,seed77642.png
30.937763,14.358707,seed77643.png
11.677387,-22.807434,seed77644.png
-12.958446,-12.612175,seed77645.png
4.3414106,25.910246,seed77646.png
14.02003,-7.633226,seed77647.png
-31.585283,19.5173,seed77648.png
7.7070646,-1.3703344,seed77649.png
15.438869,-36.927258,seed7765.png
-12.672034,-20.746363,seed77650.png
28.592001,15.5793295,seed77651.png
10.255541,6.5131955,seed77652.png
27.25779,22.058382,seed77653.png
-0.9182984,24.788403,seed77654.png
-33.799652,2.2832398,seed77655.png
8.899258,-2.3930247,seed77656.png
15.817623,18.12541,seed77657.png
8.913971,-0.8741658,seed77658.png
26.008883,16.631124,seed77659.png
-26.39688,-16.754465,seed7766.png
4.7346005,-0.022332432,seed77660.png
-6.0779986,13.038518,seed77661.png
10.648848,-31.367914,seed77662.png
-30.515862,11.78901,seed77663.png
-30.429071,-20.919252,seed77664.png
-23.645716,3.991145,seed77665.png
-23.466076,-15.949111,seed77666.png
21.57983,8.790138,seed77667.png
-27.578362,14.2688675,seed77668.png
13.118258,-36.05236,seed77669.png
-23.06962,-21.97842,seed7767.png
10.28214,5.6640096,seed77670.png
34.566235,25.102983,seed77671.png
3.2520437,-30.171188,seed77672.png
-23.021915,16.24934,seed77673.png
-14.908423,-24.404022,seed77674.png
9.762592,12.267127,seed77675.png
4.9612374,-25.589645,seed77676.png
-11.83281,-11.8916645,seed77677.png
-16.276876,-18.560213,seed77678.png
-33.319008,26.33011,seed77679.png
5.0702753,-35.02284,seed7768.png
-9.462928,-26.527157,seed77680.png
-31.313763,14.220852,seed77681.png
36.06041,18.982403,seed77682.png
-19.479496,9.730749,seed77683.png
-7.0243435,1.4716008,seed77684.png
-8.749108,-9.209186,seed77685.png
-21.19423,-13.162867,seed77686.png
11.360446,0.63349116,seed77687.png
-17.554358,-21.519575,seed77688.png
14.96198,0.6629755,seed77689.png
-27.036146,-2.2336805,seed7769.png
-11.929581,-17.569826,seed77690.png
9.703816,25.940168,seed77691.png
21.656746,11.558222,seed77692.png
-18.559261,-6.360146,seed77693.png
-6.9211893,-10.821754,seed77694.png
6.031818,-37.38348,seed77695.png
-27.790102,-0.8375662,seed77696.png
-22.19207,7.0908966,seed77697.png
17.908024,25.180609,seed77698.png
37.497734,4.9480577,seed77699.png
15.823816,4.411961,seed7770.png
41.340614,20.251034,seed77700.png
12.918867,2.646925,seed77701.png
7.519599,-3.6894898,seed77702.png
-4.9981833,-15.998009,seed77703.png
32.43821,27.136919,seed77704.png
-31.50673,-8.820992,seed77705.png
-5.7806053,-13.543939,seed77706.png
33.469025,25.414013,seed77707.png
27.157713,21.78781,seed77708.png
-14.145362,-6.1214857,seed77709.png
-34.529366,4.0755935,seed7771.png
13.209019,-35.41022,seed77710.png
28.903542,11.905374,seed77711.png
-24.09762,9.60995,seed77712.png
21.81098,20.119709,seed77713.png
-20.03304,1.0195116,seed77714.png
27.876802,26.486963,seed77715.png
-6.0621295,-5.6147017,seed77716.png
-26.752722,-9.505647,seed77717.png
17.859697,-5.388697,seed77718.png
-27.376532,14.954253,seed77719.png
-19.540474,-23.977428,seed7772.png
33.62509,6.14464,seed77720.png
-17.4483,-18.574654,seed77721.png
-21.16892,-27.29691,seed77722.png
-15.038023,-31.15945,seed77723.png
-29.171118,13.255728,seed77724.png
26.36656,2.7206643,seed77725.png
-23.164482,-23.072887,seed77726.png
23.279514,1.9535075,seed77727.png
29.76572,8.953319,seed77728.png
0.2631175,-13.743337,seed77729.png
20.478529,25.121386,seed7773.png
25.3638,18.665289,seed77730.png
16.665394,-5.909445,seed77731.png
-28.758755,-9.645991,seed77732.png
9.181761,-25.795414,seed77733.png
-13.366154,7.6185794,seed77734.png
35.28808,18.698263,seed77735.png
-11.199342,-11.558026,seed77736.png
-29.407125,17.229177,seed77737.png
11.116443,-22.62641,seed77738.png
-20.360512,16.466862,seed77739.png
-31.442778,-7.3528833,seed7774.png
-13.953562,-17.966059,seed77740.png
22.436592,-1.3407071,seed77741.png
-0.911423,23.76424,seed77742.png
17.564373,-10.404594,seed77743.png
32.56715,11.345862,seed77744.png
-20.969982,13.761082,seed77745.png
-5.012306,-20.704878,seed77746.png
-11.09967,-21.521542,seed77747.png
-10.246079,-19.81674,seed77748.png
26.158411,3.9424508,seed77749.png
9.572266,13.169519,seed7775.png
-20.027498,-9.8923855,seed77750.png
-6.144148,-13.401494,seed77751.png
33.886803,27.18988,seed77752.png
-19.326427,-8.947971,seed77753.png
-12.2853155,-30.729765,seed77754.png
-26.09025,1.8936132,seed77755.png
33.48911,8.906576,seed77756.png
-17.18678,-2.7012494,seed77757.png
-4.395431,15.559956,seed77758.png
-29.34165,16.844934,seed77759.png
20.633698,18.45928,seed7776.png
24.63785,9.830708,seed77760.png
12.262576,8.504799,seed77761.png
-14.042479,6.1979733,seed77762.png
19.965431,9.748679,seed77763.png
16.693464,19.756794,seed77764.png
-25.365313,-7.7450156,seed77765.png
-35.304047,-4.5996842,seed77766.png
42.314552,22.072773,seed77767.png
-1.137147,3.8343234,seed77768.png
-36.68286,26.968647,seed77769.png
-27.278034,-11.64434,seed7777.png
36.316906,12.11382,seed77770.png
17.610174,21.32156,seed77771.png
16.948792,4.097178,seed77772.png
-8.766006,-8.686239,seed77773.png
29.696575,24.15132,seed77774.png
27.843218,4.298311,seed77775.png
-7.723471,1.9607514,seed77776.png
-17.775667,-17.698227,seed77777.png
8.857568,19.293024,seed77778.png
31.575537,17.72438,seed77779.png
-28.568806,-3.099579,seed7778.png
25.637152,1.7228681,seed77780.png
16.670544,-35.28525,seed77781.png
-31.187098,-9.165657,seed77782.png
-13.577336,-29.315094,seed77783.png
23.093908,10.736929,seed77784.png
6.143034,5.3731914,seed77785.png
-32.66617,15.811089,seed77786.png
-39.47393,20.07127,seed77787.png
-30.819834,17.814907,seed77788.png
6.1389065,-39.003628,seed77789.png
-33.317223,0.77072126,seed7779.png
16.955328,-1.3564434,seed77790.png
5.515173,10.696925,seed77791.png
33.16881,24.600554,seed77792.png
-18.987999,-11.579713,seed77793.png
30.755909,14.962605,seed77794.png
-20.567295,14.215265,seed77795.png
-28.50676,1.8411698,seed77796.png
-18.426653,-11.747619,seed77797.png
-19.555614,10.444142,seed77798.png
12.191865,-39.13929,seed77799.png
-29.2187,-13.117567,seed7780.png
36.015785,19.155416,seed77800.png
31.960495,17.144363,seed77801.png
-15.641853,-1.9767696,seed77802.png
-0.8851795,22.966808,seed77803.png
11.911734,25.907242,seed77804.png
-21.050306,-21.302357,seed77805.png
-15.995776,-1.5183766,seed77806.png
9.839012,-37.0194,seed77807.png
-32.23039,2.223945,seed77808.png
-20.021833,-1.1739092,seed77809.png
16.345303,-6.77033,seed7781.png
12.105976,-42.313683,seed77810.png
8.575923,9.560751,seed77811.png
6.724502,-7.2525067,seed77812.png
-35.52581,22.328371,seed77813.png
13.045828,11.182816,seed77814.png
21.503593,12.465496,seed77815.png
-17.73876,-4.1941614,seed77816.png
9.099739,20.874678,seed77817.png
-10.772848,-10.145012,seed77818.png
18.24236,4.597753,seed77819.png
31.9368,23.982258,seed7782.png
34.279537,3.9791396,seed77820.png
-9.618665,-21.043093,seed77821.png
37.65213,16.897802,seed77822.png
-30.08724,16.798368,seed77823.png
-24.43818,14.813741,seed77824.png
16.527302,-7.6760855,seed77825.png
8.8413515,9.334831,seed77826.png
8.526957,-31.096535,seed77827.png
10.1993885,1.7035161,seed77828.png
21.652653,-3.4245267,seed77829.png
41.627728,20.368011,seed7783.png
8.135202,1.961603,seed77830.png
-15.256284,-3.3272915,seed77831.png
18.455187,5.179988,seed77832.png
-13.676144,-25.341278,seed77833.png
-18.474398,-17.00804,seed77834.png
-16.09357,-31.445024,seed77835.png
21.571522,22.73352,seed77836.png
3.8234532,12.272098,seed77837.png
-30.898287,-10.617631,seed77838.png
27.51738,15.176275,seed77839.png
16.545324,-11.126978,seed7784.png
15.892367,0.14729832,seed77840.png
-25.865917,-19.085236,seed77841.png
29.592403,25.139715,seed77842.png
9.07888,29.936598,seed77843.png
9.262577,23.63737,seed77844.png
8.652928,-37.16075,seed77845.png
-24.519703,-18.01072,seed77846.png
-21.318476,1.4378356,seed77847.png
26.04142,13.538623,seed77848.png
1.7622318,-2.7385237,seed77849.png
4.818194,15.705994,seed7785.png
0.43712974,-9.234877,seed77850.png
-19.875599,7.900926,seed77851.png
-16.70939,-0.20953019,seed77852.png
8.024032,-35.609997,seed77853.png
-23.006775,10.780466,seed77854.png
-21.016617,17.626959,seed77855.png
-11.320272,-6.5644836,seed77856.png
-3.604532,15.229265,seed77857.png
-33.289444,3.1029708,seed77858.png
-24.485277,15.136095,seed77859.png
-14.816152,0.20031133,seed7786.png
20.686094,18.336027,seed77860.png
3.9131665,-36.212566,seed77861.png
32.60633,17.48122,seed77862.png
19.759783,25.408829,seed77863.png
0.49896768,21.524166,seed77864.png
-15.401949,-8.08038,seed77865.png
-12.525312,3.2006905,seed77866.png
30.292316,26.807373,seed77867.png
8.388863,0.3744243,seed77868.png
34.890007,21.41494,seed77869.png
36.41427,9.468917,seed7787.png
-17.540026,-32.294804,seed77870.png
-7.7569957,-13.439383,seed77871.png
4.217152,-32.01691,seed77872.png
-15.889865,2.8357685,seed77873.png
-15.024765,10.225121,seed77874.png
-31.553637,2.3166635,seed77875.png
19.083641,14.34679,seed77876.png
31.32511,19.26221,seed77877.png
-2.8312302,12.07811,seed77878.png
-27.387873,-6.7016816,seed77879.png
-9.589516,10.991725,seed7788.png
-11.111384,-11.24734,seed77880.png
-18.54127,-7.0057745,seed77881.png
-25.351627,10.070703,seed77882.png
-11.517688,-7.540534,seed77883.png
10.904938,-1.8678015,seed77884.png
13.662061,-39.136845,seed77885.png
-26.991184,0.8204656,seed77886.png
10.26862,3.5600379,seed77887.png
-19.405344,12.605667,seed77888.png
-17.85134,-2.910482,seed77889.png
22.619934,18.364191,seed7789.png
-4.3755174,1.6990558,seed77890.png
28.83809,27.459993,seed77891.png
20.187845,9.978663,seed77892.png
-6.609363,-14.8089285,seed77893.png
-33.48852,-4.1654043,seed77894.png
18.130714,5.9048443,seed77895.png
20.287601,7.894175,seed77896.png
-34.101555,3.3003163,seed77897.png
-24.257484,-2.6921015,seed77898.png
4.0852966,-11.71793,seed77899.png
-22.4196,2.4139738,seed7790.png
14.710075,-37.232212,seed77900.png
7.585184,4.431978,seed77901.png
37.22504,16.498375,seed77902.png
11.3459635,-0.6813633,seed77903.png
16.36508,13.62821,seed77904.png
40.29064,23.845627,seed77905.png
-4.658786,-0.32583648,seed77906.png
-9.554469,-20.051426,seed77907.png
-3.4330623,11.374501,seed77908.png
-27.128624,-2.949472,seed77909.png
-33.275547,-8.106183,seed7791.png
35.833847,21.342604,seed77910.png
-32.979847,24.831518,seed77911.png
-16.187408,5.6768966,seed77912.png
35.5047,11.613201,seed77913.png
13.8433,-36.605175,seed77914.png
2.2022974,-15.501627,seed77915.png
9.410545,-39.619907,seed77916.png
2.2501526,-12.588828,seed77917.png
-33.230156,24.992868,seed77918.png
-26.458277,-6.3040667,seed77919.png
-8.147192,13.364733,seed7792.png
13.228366,-30.515789,seed77920.png
-19.80238,7.4912753,seed77921.png
-35.21654,17.512186,seed77922.png
-21.895187,5.412831,seed77923.png
-17.277359,3.5552807,seed77924.png
-24.528526,13.61952,seed77925.png
-32.93448,23.743746,seed77926.png
-27.944466,-13.853612,seed77927.png
-25.64467,2.9229498,seed77928.png
19.264248,-4.4471126,seed77929.png
-30.721376,-14.2004175,seed7793.png
-25.913233,-9.660051,seed77930.png
-23.662605,0.39624456,seed77931.png
32.607887,7.3438096,seed77932.png
-12.780475,-25.286497,seed77933.png
10.092637,-27.77941,seed77934.png
-33.012333,20.588064,seed77935.png
-33.10651,15.247501,seed77936.png
13.650477,26.28721,seed77937.png
-21.599174,15.646017,seed77938.png
36.52685,22.093565,seed77939.png
-11.445628,-16.321218,seed7794.png
23.73854,2.224566,seed77940.png
-32.115364,-7.7318397,seed77941.png
-25.982992,-6.128526,seed77942.png
10.135799,-22.750038,seed77943.png
-18.015707,-16.574863,seed77944.png
9.503138,27.772516,seed77945.png
36.78988,10.722732,seed77946.png
14.481308,-32.891354,seed77947.png
33.78096,19.740692,seed77948.png
-10.12025,-14.604079,seed77949.png
41.165264,22.130901,seed7795.png
37.199654,12.146736,seed77950.png
-23.591377,-26.631382,seed77951.png
33.370014,6.2769723,seed77952.png
-3.575115,3.977584,seed77953.png
-19.531317,-9.887998,seed77954.png
12.548608,-29.154459,seed77955.png
21.999868,-1.4985292,seed77956.png
23.842903,23.530659,seed77957.png
-26.09104,4.4543495,seed77958.png
-25.259153,2.5845623,seed77959.png
18.32317,13.162181,seed7796.png
3.8656766,-26.314524,seed77960.png
1.3946515,-23.903378,seed77961.png
-19.928991,-15.713916,seed77962.png
-15.644641,-28.786572,seed77963.png
29.873173,11.274224,seed77964.png
-23.300106,-5.652843,seed77965.png
-35.030727,0.70939034,seed77966.png
-11.722035,-18.358482,seed77967.png
-28.702953,13.977257,seed77968.png
7.9522705,22.772757,seed77969.png
24.353903,-2.4393811,seed7797.png
-24.470781,1.330017,seed77970.png
-31.463812,11.983109,seed77971.png
-6.3940725,2.2110126,seed77972.png
28.69259,25.658634,seed77973.png
-25.87912,16.549713,seed77974.png
35.557228,14.3639145,seed77975.png
-21.763863,1.3010614,seed77976.png
-27.622965,-15.891204,seed77977.png
20.45811,-5.98771,seed77978.png
31.227184,-0.72258836,seed77979.png
31.206074,7.05264,seed7798.png
37.494045,14.055078,seed77980.png
-13.050554,-16.57402,seed77981.png
-37.824493,23.767284,seed77982.png
30.555855,16.78829,seed77983.png
14.108212,0.37994736,seed77984.png
-8.877914,-19.22535,seed77985.png
-30.464901,14.254217,seed77986.png
-25.586678,7.488743,seed77987.png
-14.604925,-0.5061289,seed77988.png
-12.2021475,-2.7838314,seed77989.png
-15.169805,-13.239031,seed7799.png
-14.072485,-9.728148,seed77990.png
-9.301826,-28.680174,seed77991.png
38.396854,22.768555,seed77992.png
9.680905,-0.7716482,seed77993.png
40.95388,19.279087,seed77994.png
-24.604486,5.1425886,seed77995.png
-6.7382183,-26.403587,seed77996.png
4.5463815,21.449352,seed77997.png
37.059216,20.899273,seed77998.png
29.47575,30.086288,seed77999.png
-15.514161,-23.203207,seed7800.png
7.580228,10.510933,seed78000.png
-18.161743,-28.492811,seed78001.png
24.720495,25.001345,seed78002.png
-36.50456,17.462627,seed78003.png
30.77226,12.223272,seed78004.png
15.340361,-33.84404,seed78005.png
-20.977806,-9.345615,seed78006.png
21.472063,19.934467,seed78007.png
19.747366,6.644181,seed78008.png
39.74222,24.790564,seed78009.png
0.15450703,-5.3892393,seed7801.png
12.732062,-40.839474,seed78010.png
-15.253804,-29.478956,seed78011.png
-24.497845,-10.783844,seed78012.png
20.266872,17.889498,seed78013.png
31.49133,5.382224,seed78014.png
22.344051,17.664698,seed78015.png
-15.281764,-17.77656,seed78016.png
30.198746,10.336557,seed78017.png
9.2548485,16.899525,seed78018.png
13.453949,-33.871437,seed78019.png
-4.074016,13.020716,seed7802.png
13.856394,24.665224,seed78020.png
-15.999087,-30.62395,seed78021.png
-19.417095,-27.445124,seed78022.png
-24.931665,-18.790049,seed78023.png
19.762661,25.796757,seed78024.png
-35.812016,-5.0443335,seed78025.png
1.0040784,18.403479,seed78026.png
-17.22577,3.583834,seed78027.png
32.77402,11.729512,seed78028.png
5.973698,12.660181,seed78029.png
31.901793,1.0636982,seed7803.png
-36.548325,23.780375,seed78030.png
14.526383,5.6235833,seed78031.png
-27.366268,1.055672,seed78032.png
10.091266,-2.2107801,seed78033.png
-13.484171,-27.127195,seed78034.png
-27.399601,-2.1459894,seed78035.png
10.226316,0.80038524,seed78036.png
13.918288,-30.788671,seed78037.png
-10.496976,-19.752104,seed78038.png
14.259075,25.007284,seed78039.png
8.833983,22.801697,seed7804.png
-21.385094,17.228304,seed78040.png
27.62064,13.922821,seed78041.png
1.4248235,7.394363,seed78042.png
-30.436455,-11.306813,seed78043.png
-29.205833,-15.534618,seed78044.png
37.835815,21.58219,seed78045.png
-11.654758,-10.30522,seed78046.png
-18.17371,-14.683059,seed78047.png
-21.00691,-27.368097,seed78048.png
-19.413252,-25.776651,seed78049.png
34.275272,14.203699,seed7805.png
34.221584,23.367552,seed78050.png
38.380337,20.977367,seed78051.png
-29.52504,12.892084,seed78052.png
11.162519,-6.1656322,seed78053.png
16.71326,12.501149,seed78054.png
-21.157492,7.6382365,seed78055.png
19.594639,8.530386,seed78056.png
-33.423923,23.298502,seed78057.png
-35.633778,23.000578,seed78058.png
17.31445,25.798967,seed78059.png
8.123802,-4.6307135,seed7806.png
-26.830416,21.90192,seed78060.png
-2.0515244,21.821207,seed78061.png
36.247093,23.343456,seed78062.png
3.368592,-21.976044,seed78063.png
-7.023525,-6.2465754,seed78064.png
14.070381,17.646683,seed78065.png
-26.854774,8.571945,seed78066.png
18.024895,17.95094,seed78067.png
-1.358765,-19.13212,seed78068.png
-1.2548162,-12.576883,seed78069.png
20.886831,20.299395,seed7807.png
4.635915,14.083415,seed78070.png
-30.146132,-9.877357,seed78071.png
9.002183,16.388369,seed78072.png
11.97858,-38.32788,seed78073.png
-2.5218163,24.6083,seed78074.png
-35.304623,-2.4739673,seed78075.png
9.326607,7.82664,seed78076.png
16.102436,-6.392998,seed78077.png
-13.905963,-12.9644785,seed78078.png
9.275908,-39.503117,seed78079.png
-29.496906,-7.3722057,seed7808.png
19.622252,8.168933,seed78080.png
-28.550266,18.978199,seed78081.png
21.383299,19.33809,seed78082.png
16.166758,-4.5144663,seed78083.png
-19.246523,5.9841504,seed78084.png
-19.967236,7.2541122,seed78085.png
-24.087433,6.990933,seed78086.png
-17.48556,-27.622023,seed78087.png
-21.402025,15.567744,seed78088.png
30.608269,-1.4536939,seed78089.png
-18.568518,-0.3727677,seed7809.png
22.067684,7.8521557,seed78090.png
-5.2185493,-4.098186,seed78091.png
12.052131,14.88422,seed78092.png
25.768877,20.435598,seed78093.png
-5.520062,13.283764,seed78094.png
21.509228,18.491806,seed78095.png
-12.264545,-27.053833,seed78096.png
34.71667,22.132435,seed78097.png
9.90418,-38.30021,seed78098.png
11.258403,19.152767,seed78099.png
7.4861135,-38.3884,seed7810.png
-12.939007,-28.732183,seed78100.png
7.233052,1.9056296,seed78101.png
-36.232727,9.104497,seed78102.png
-28.69941,20.594465,seed78103.png
-25.188795,-4.29105,seed78104.png
12.17385,6.063152,seed78105.png
3.6834867,19.013237,seed78106.png
-26.216282,3.4323337,seed78107.png
-20.794981,-8.362075,seed78108.png
24.22137,18.98917,seed78109.png
-28.83123,0.85664684,seed7811.png
1.684251,22.006962,seed78110.png
13.583774,-39.34244,seed78111.png
23.104187,15.571191,seed78112.png
-7.829014,11.566801,seed78113.png
-2.1391609,21.42247,seed78114.png
35.384937,23.551756,seed78115.png
-33.092766,22.302322,seed78116.png
23.86932,13.646079,seed78117.png
18.537617,22.590418,seed78118.png
18.08806,12.054066,seed78119.png
14.722793,15.883572,seed7812.png
4.26683,21.62122,seed78120.png
-24.52575,17.812546,seed78121.png
-31.694057,4.27264,seed78122.png
-28.373173,-17.994978,seed78123.png
20.017885,1.6323757,seed78124.png
-21.145744,-27.279644,seed78125.png
-7.401856,0.23393284,seed78126.png
39.095936,18.193312,seed78127.png
-12.34471,-8.779128,seed78128.png
9.51642,-38.070347,seed78129.png
16.33877,15.03357,seed7813.png
11.11038,-31.803604,seed78130.png
33.89751,11.276136,seed78131.png
14.882326,10.097248,seed78132.png
-27.515501,-2.6996174,seed78133.png
36.041534,8.634482,seed78134.png
13.268499,-1.9373033,seed78135.png
-13.086447,-17.127266,seed78136.png
-20.467861,5.864287,seed78137.png
24.426548,-1.0936321,seed78138.png
10.665726,16.829306,seed78139.png
24.190887,14.039651,seed7814.png
-26.121696,7.755525,seed78140.png
-17.458376,3.6164367,seed78141.png
-11.455811,-10.133574,seed78142.png
-20.940708,-23.677536,seed78143.png
-22.599934,5.661349,seed78144.png
36.46373,18.018475,seed78145.png
8.565736,3.3599098,seed78146.png
-13.332834,-18.155487,seed78147.png
-23.94074,-16.338678,seed78148.png
-15.126495,-29.392588,seed78149.png
-27.311806,2.9614723,seed7815.png
-29.418392,-5.844598,seed78150.png
-19.596825,-2.7687564,seed78151.png
23.618498,-3.1144779,seed78152.png
-13.365958,5.1684666,seed78153.png
-17.06783,-1.4802958,seed78154.png
40.129036,19.760479,seed78155.png
-15.254114,-26.245348,seed78156.png
18.767313,6.9301763,seed78157.png
13.186676,22.175142,seed78158.png
-3.289732,-21.88973,seed78159.png
20.14211,-5.804525,seed7816.png
-30.454994,-4.9843745,seed78160.png
22.403385,4.882974,seed78161.png
-5.3018947,-3.625611,seed78162.png
-21.253374,-8.5961485,seed78163.png
30.28128,14.293609,seed78164.png
-9.73928,-18.298811,seed78165.png
5.0389905,-32.02782,seed78166.png
-21.608585,-9.341862,seed78167.png
12.769589,0.38061333,seed78168.png
-34.85108,4.186918,seed78169.png
-25.10673,-9.174534,seed7817.png
-13.694646,-0.33407882,seed78170.png
-35.546955,17.423655,seed78171.png
-22.634827,-20.617624,seed78172.png
28.98231,-3.5397685,seed78173.png
-22.423119,-9.070889,seed78174.png
4.77433,1.376717,seed78175.png
-28.780474,-14.503561,seed78176.png
-18.623,-2.389291,seed78177.png
-14.351914,-25.806612,seed78178.png
4.7216763,25.001411,seed78179.png
4.934162,17.799116,seed7818.png
-21.989672,-13.345121,seed78180.png
-21.824741,-17.063255,seed78181.png
-10.510874,11.56599,seed78182.png
8.454719,-29.19747,seed78183.png
-15.627282,-23.89212,seed78184.png
15.7924795,-33.441772,seed78185.png
18.69971,18.774984,seed78186.png
14.670223,12.120155,seed78187.png
-0.44515502,-4.360761,seed78188.png
-30.31133,-1.3049076,seed78189.png
13.262233,-4.722135,seed7819.png
-33.69444,-3.9460561,seed78190.png
14.495226,4.273661,seed78191.png
2.5491593,16.733728,seed78192.png
33.84914,21.281822,seed78193.png
-34.164032,25.875772,seed78194.png
11.559981,10.373109,seed78195.png
-18.709675,-14.018906,seed78196.png
-32.543045,16.746243,seed78197.png
-10.758161,-19.482937,seed78198.png
37.829964,20.608545,seed78199.png
-3.7902777,-12.281471,seed7820.png
15.608775,4.5746284,seed78200.png
-15.351925,0.97373456,seed78201.png
16.987791,-7.44484,seed78202.png
11.02228,-5.9060793,seed78203.png
5.3009,-30.873579,seed78204.png
17.579271,22.24942,seed78205.png
-2.052523,0.60521954,seed78206.png
36.72195,15.609177,seed78207.png
5.550493,0.059894424,seed78208.png
17.862104,22.021223,seed78209.png
15.681594,-0.8841587,seed7821.png
-21.559425,9.234668,seed78210.png
-19.454641,-24.118061,seed78211.png
-19.450886,-30.05343,seed78212.png
-13.169925,-25.408403,seed78213.png
-18.151157,2.457132,seed78214.png
17.087788,-37.639553,seed78215.png
21.93093,9.246574,seed78216.png
6.4906693,-22.058495,seed78217.png
4.1424413,5.016765,seed78218.png
15.187729,22.562998,seed78219.png
-30.142803,8.281868,seed7822.png
-1.6864802,-15.640264,seed78220.png
38.8745,20.933802,seed78221.png
-32.535816,18.745972,seed78222.png
3.0100112,21.679152,seed78223.png
-26.909243,-6.5933976,seed78224.png
0.4053272,-16.701574,seed78225.png
-18.80513,-22.597239,seed78226.png
19.005354,-7.77775,seed78227.png
-34.54806,27.855436,seed78228.png
6.1802917,-41.315342,seed78229.png
-16.700962,-13.490052,seed7823.png
-14.745636,-24.155844,seed78230.png
17.77917,-7.313097,seed78231.png
-12.865966,-24.579174,seed78232.png
-17.343481,-8.1911125,seed78233.png
-18.929392,-2.133568,seed78234.png
-6.910345,-24.336046,seed78235.png
-17.347675,-15.067289,seed78236.png
19.49756,3.9126832,seed78237.png
-3.0507736,-8.146961,seed78238.png
13.055172,-39.509193,seed78239.png
-24.201889,-10.674425,seed7824.png
-12.706404,-5.226058,seed78240.png
8.603389,-32.447083,seed78241.png
29.553518,17.196554,seed78242.png
15.072753,-31.283068,seed78243.png
16.323301,7.0019293,seed78244.png
18.01635,4.935936,seed78245.png
15.098339,-1.7346025,seed78246.png
0.74229825,18.603191,seed78247.png
-24.282276,-1.9534311,seed78248.png
-36.64467,22.085726,seed78249.png
33.675243,1.9546055,seed7825.png
6.4798074,1.9826802,seed78250.png
-32.039845,11.0203705,seed78251.png
13.231509,-40.883457,seed78252.png
-22.294712,-28.125788,seed78253.png
27.478642,6.9308176,seed78254.png
-15.94664,-18.246248,seed78255.png
41.46267,20.905527,seed78256.png
13.973167,1.6029243,seed78257.png
4.6428776,-35.143867,seed78258.png
9.776031,-30.311153,seed78259.png
-11.2483425,-20.16227,seed7826.png
38.40883,17.289373,seed78260.png
38.39142,22.8892,seed78261.png
1.7214282,17.937721,seed78262.png
-16.524717,-30.785639,seed78263.png
7.697893,-27.247765,seed78264.png
8.448211,-27.497498,seed78265.png
-18.470133,-24.078903,seed78266.png
35.710655,23.015419,seed78267.png
13.379289,-36.86767,seed78268.png
-29.55786,5.3317604,seed78269.png
-11.651913,2.1997182,seed7827.png
13.560749,25.730036,seed78270.png
8.172201,25.53272,seed78271.png
-28.85928,23.298864,seed78272.png
-27.224163,21.158478,seed78273.png
-21.312511,1.4106041,seed78274.png
4.2837734,11.796549,seed78275.png
24.877113,-4.854172,seed78276.png
3.3595726,-33.190956,seed78277.png
-23.160074,-27.084747,seed78278.png
-16.531647,-25.598625,seed78279.png
-25.714436,-26.154789,seed7828.png
-10.676403,-9.344945,seed78280.png
-9.697925,-17.996767,seed78281.png
23.556158,8.110541,seed78282.png
9.984463,-42.726593,seed78283.png
-1.4631033,-9.825849,seed78284.png
-33.164753,-3.5742137,seed78285.png
-21.570988,-1.6525084,seed78286.png
-7.24346,9.768469,seed78287.png
-3.4016628,-16.322231,seed78288.png
-15.122909,-28.37745,seed78289.png
7.7393527,-38.921467,seed7829.png
13.94731,15.152546,seed78290.png
-18.656687,-24.612461,seed78291.png
9.211239,29.778559,seed78292.png
38.94021,23.531034,seed78293.png
24.948439,17.384085,seed78294.png
10.025089,27.040022,seed78295.png
18.406017,-6.7464514,seed78296.png
15.458861,12.031698,seed78297.png
7.8531327,5.567558,seed78298.png
17.611706,5.066989,seed78299.png
15.615547,-37.419804,seed7830.png
29.550783,19.391838,seed78300.png
11.302937,-32.392105,seed78301.png
20.327803,14.187149,seed78302.png
-32.71072,15.957199,seed78303.png
22.365698,-7.6943393,seed78304.png
-26.524178,4.9978323,seed78305.png
28.783339,26.158775,seed78306.png
0.358752,23.844852,seed78307.png
-13.11719,-10.29116,seed78308.png
27.944473,16.105955,seed78309.png
-21.580355,18.088736,seed7831.png
-3.3171158,-15.740407,seed78310.png
1.9855374,-14.966845,seed78311.png
14.983623,-22.727854,seed78312.png
4.413459,-36.952538,seed78313.png
-33.070446,19.195448,seed78314.png
9.803215,7.800939,seed78315.png
39.665,18.195217,seed78316.png
-9.187718,-19.235561,seed78317.png
13.681975,-39.870216,seed78318.png
19.153337,9.29417,seed78319.png
-26.686852,-19.831623,seed7832.png
9.704244,9.3429575,seed78320.png
20.584272,14.84123,seed78321.png
6.383151,8.983764,seed78322.png
-28.2339,-17.548212,seed78323.png
-32.34029,13.669905,seed78324.png
-11.216058,-28.627169,seed78325.png
33.302525,19.230722,seed78326.png
-18.48759,-7.56346,seed78327.png
23.698994,13.24032,seed78328.png
-32.204945,9.989939,seed78329.png
-12.607835,-28.245066,seed7833.png
-0.835329,20.78846,seed78330.png
-31.970179,22.147028,seed78331.png
-21.445168,-4.6972585,seed78332.png
37.779278,16.06084,seed78333.png
-24.464993,-24.765388,seed78334.png
25.490755,-2.475142,seed78335.png
6.3308706,23.282078,seed78336.png
-12.953361,-27.590343,seed78337.png
-14.683096,8.324036,seed78338.png
35.49022,18.228561,seed78339.png
-24.96073,-4.3165317,seed7834.png
-1.4721617,-3.7709825,seed78340.png
12.31575,-1.278758,seed78341.png
-17.446604,5.7384605,seed78342.png
10.369928,20.725012,seed78343.png
-20.241665,-21.559895,seed78344.png
15.145575,-12.451655,seed78345.png
5.282483,11.378485,seed78346.png
36.541,11.200319,seed78347.png
-15.32171,-15.088254,seed78348.png
6.2346087,12.272227,seed78349.png
-26.803493,10.730667,seed7835.png
-9.843795,6.3653584,seed78350.png
-32.08,3.4329615,seed78351.png
-14.05376,-7.5648117,seed78352.png
-34.259003,19.130177,seed78353.png
-28.006306,15.4988165,seed78354.png
0.9343358,24.050167,seed78355.png
8.223882,13.652786,seed78356.png
-1.2115458,-16.730835,seed78357.png
7.0377994,-38.869404,seed78358.png
10.715302,14.616714,seed78359.png
-36.330322,21.754728,seed7836.png
36.371887,9.742097,seed78360.png
-15.434829,-0.77112705,seed78361.png
8.237217,20.642294,seed78362.png
10.097429,2.9552305,seed78363.png
12.147089,-0.50117624,seed78364.png
20.060312,25.712534,seed78365.png
9.896043,15.233396,seed78366.png
-20.505377,-14.968903,seed78367.png
27.746725,2.725025,seed78368.png
15.320935,-32.089443,seed78369.png
-28.400887,13.2024355,seed7837.png
-13.474005,-17.14491,seed78370.png
-31.834232,23.4585,seed78371.png
20.270744,-7.486379,seed78372.png
37.09374,12.190585,seed78373.png
-16.387789,-9.414916,seed78374.png
-33.19012,22.96435,seed78375.png
-2.987259,15.837678,seed78376.png
11.078921,-32.88957,seed78377.png
24.619703,7.4073277,seed78378.png
1.4822825,8.276217,seed78379.png
-6.7083373,-7.368159,seed7838.png
-14.570891,-8.692513,seed78380.png
13.178761,-29.455725,seed78381.png
3.3928988,20.253223,seed78382.png
10.0878525,21.132868,seed78383.png
18.76682,-0.112696245,seed78384.png
-8.945359,-9.132684,seed78385.png
-27.450888,-19.24866,seed78386.png
-14.88931,10.94926,seed78387.png
12.208399,-38.844868,seed78388.png
20.17509,20.106236,seed78389.png
13.799247,-3.7688174,seed7839.png
5.3553586,-1.2151372,seed78390.png
-15.680087,1.8708293,seed78391.png
10.041035,-40.855427,seed78392.png
10.262039,-25.29351,seed78393.png
22.45764,14.723777,seed78394.png
-34.66741,27.998373,seed78395.png
3.0870707,15.1054535,seed78396.png
1.9347615,18.578323,seed78397.png
20.372284,23.21236,seed78398.png
27.411646,8.962559,seed78399.png
-11.513681,-19.383804,seed7840.png
36.10339,7.439477,seed78400.png
-25.49201,5.7067623,seed78401.png
-29.558306,6.1554055,seed78402.png
19.080961,-3.8517413,seed78403.png
14.659716,0.8847235,seed78404.png
-17.773441,-27.228836,seed78405.png
-22.766762,-2.084441,seed78406.png
3.283014,24.17823,seed78407.png
-18.149212,-13.261695,seed78408.png
-28.76977,16.836006,seed78409.png
10.316759,-41.82496,seed7841.png
-31.99252,0.31922477,seed78410.png
12.584327,0.45989043,seed78411.png
-30.573895,13.368968,seed78412.png
26.31601,-1.4336667,seed78413.png
12.510592,-0.15236162,seed78414.png
17.473265,27.16573,seed78415.png
17.877703,17.682045,seed78416.png
-12.934371,-29.739212,seed78417.png
18.646923,-4.6023035,seed78418.png
-3.692324,14.284933,seed78419.png
-14.787315,-29.919771,seed7842.png
9.944614,-34.94487,seed78420.png
4.9726987,5.9112763,seed78421.png
-13.852934,-22.204437,seed78422.png
-28.754211,17.019394,seed78423.png
-21.886229,-24.515787,seed78424.png
10.01146,5.9560337,seed78425.png
-23.938818,8.032527,seed78426.png
-1.841132,23.10654,seed78427.png
5.3611937,-7.585156,seed78428.png
37.354843,21.236923,seed78429.png
-22.397438,-27.484953,seed7843.png
23.401487,-4.5294714,seed78430.png
-9.8000965,-27.273104,seed78431.png
-2.0114968,20.280405,seed78432.png
14.362598,29.533836,seed78433.png
30.436996,16.116209,seed78434.png
-30.593681,-10.945608,seed78435.png
-2.9021904,-4.9722996,seed78436.png
-30.794899,18.209072,seed78437.png
-8.272861,-10.6594515,seed78438.png
-1.5424545,24.54968,seed78439.png
-8.511406,6.9360733,seed7844.png
-22.946442,-6.13061,seed78440.png
29.466612,16.63834,seed78441.png
34.44594,11.1688385,seed78442.png
-33.820213,3.1923585,seed78443.png
-15.932649,-12.304918,seed78444.png
-1.0862122,-16.62,seed78445.png
3.6180282,5.5122085,seed78446.png
-35.876465,18.167662,seed78447.png
36.571835,6.622582,seed78448.png
5.491873,10.648407,seed78449.png
23.081799,-0.7849478,seed7845.png
32.488483,15.852268,seed78450.png
-17.954063,-29.945951,seed78451.png
3.2370653,-25.507671,seed78452.png
12.100063,-31.935251,seed78453.png
11.854831,19.852583,seed78454.png
5.627674,17.490665,seed78455.png
8.821545,-2.9991548,seed78456.png
29.92336,5.323863,seed78457.png
3.7099378,-3.1344092,seed78458.png
-34.89765,24.64911,seed78459.png
-13.085523,-17.94973,seed7846.png
6.980022,11.372086,seed78460.png
-13.115311,-18.703608,seed78461.png
40.098907,23.858273,seed78462.png
21.157852,0.9065826,seed78463.png
16.62332,-33.55313,seed78464.png
-22.924685,-24.614721,seed78465.png
-12.220826,-12.353305,seed78466.png
-30.565208,-2.3928452,seed78467.png
15.516684,-1.413517,seed78468.png
6.3964286,21.106003,seed78469.png
10.67337,8.693537,seed7847.png
-26.083107,1.1143309,seed78470.png
13.121472,-22.686562,seed78471.png
34.801476,19.219889,seed78472.png
23.105515,-7.635727,seed78473.png
35.994736,12.3761425,seed78474.png
14.419196,-35.142963,seed78475.png
-13.689319,-6.746045,seed78476.png
-28.50584,-1.0463291,seed78477.png
-13.242098,9.197599,seed78478.png
32.499874,20.341177,seed78479.png
-17.849224,-19.763542,seed7848.png
-15.116143,-15.203167,seed78480.png
17.692234,5.822848,seed78481.png
24.661156,5.196009,seed78482.png
-19.64805,-3.123217,seed78483.png
37.56227,6.1892858,seed78484.png
-9.370853,-27.611704,seed78485.png
-16.271246,-1.4290849,seed78486.png
22.185673,23.980556,seed78487.png
13.038427,-42.391922,seed78488.png
34.39218,9.291987,seed78489.png
-21.004055,-15.891931,seed7849.png
-17.179918,6.1058316,seed78490.png
-20.544786,-25.84603,seed78491.png
-28.547304,8.637972,seed78492.png
16.675186,-37.069523,seed78493.png
8.039323,-5.4787164,seed78494.png
-27.155691,8.471845,seed78495.png
26.70265,13.507036,seed78496.png
23.875011,18.759739,seed78497.png
0.4736043,10.97482,seed78498.png
22.305456,17.934788,seed78499.png
-30.906845,3.3793592,seed7850.png
-26.807528,-8.750425,seed78500.png
5.126305,23.063213,seed78501.png
-21.376726,-2.2211378,seed78502.png
-21.589226,-26.89644,seed78503.png
21.296015,-5.637184,seed78504.png
-19.163618,-28.72016,seed78505.png
5.107341,-4.9277625,seed78506.png
-25.368917,-1.6797043,seed78507.png
-8.285593,-16.573225,seed78508.png
-21.538012,12.402632,seed78509.png
11.210439,13.5150385,seed7851.png
41.92547,18.317364,seed78510.png
-12.108412,-24.895052,seed78511.png
-1.5995828,-15.304139,seed78512.png
2.921574,14.569922,seed78513.png
-19.247402,-4.0617423,seed78514.png
-11.763974,9.199991,seed78515.png
-31.817327,1.6831404,seed78516.png
-25.845062,-17.803608,seed78517.png
-4.257305,-17.965282,seed78518.png
24.214964,9.409057,seed78519.png
5.1145535,24.444284,seed7852.png
-29.149204,-11.164176,seed78520.png
-23.583515,-11.054777,seed78521.png
34.10896,16.05435,seed78522.png
2.9437323,-0.718484,seed78523.png
28.740868,9.350354,seed78524.png
-21.91059,16.966839,seed78525.png
-28.828632,19.193146,seed78526.png
22.15189,-4.990995,seed78527.png
7.458813,-1.5734863,seed78528.png
11.205501,-43.691986,seed78529.png
-20.102383,10.315182,seed7853.png
-13.757071,-13.282239,seed78530.png
31.350327,15.479601,seed78531.png
3.7274022,-27.556368,seed78532.png
-3.3957293,-19.123568,seed78533.png
31.325476,1.4012561,seed78534.png
-25.803051,-1.3112274,seed78535.png
-6.7515593,9.765327,seed78536.png
-6.5850506,-14.184386,seed78537.png
-25.869991,2.832496,seed78538.png
2.9171002,15.626359,seed78539.png
23.143742,14.539232,seed7854.png
16.58556,4.4771404,seed78540.png
-24.868586,3.0282724,seed78541.png
-20.33938,-16.414412,seed78542.png
-3.38278,-13.172261,seed78543.png
-1.2550577,16.288197,seed78544.png
-20.775734,-24.288677,seed78545.png
-27.927647,-4.6683216,seed78546.png
8.425927,-27.20093,seed78547.png
-17.044483,-7.095937,seed78548.png
5.6695757,-26.558756,seed78549.png
-28.984785,16.959475,seed7855.png
-8.899903,-6.6006594,seed78550.png
-27.553753,-4.2536707,seed78551.png
22.14651,7.770758,seed78552.png
-21.286758,-11.593796,seed78553.png
-35.407845,10.810476,seed78554.png
13.254237,14.784334,seed78555.png
22.210232,7.2353826,seed78556.png
8.306804,21.094921,seed78557.png
-35.88631,22.42012,seed78558.png
12.222988,-31.82497,seed78559.png
8.003555,-26.730425,seed7856.png
18.512615,2.6498413,seed78560.png
5.788441,3.3679483,seed78561.png
16.685785,25.82759,seed78562.png
-30.99006,23.587818,seed78563.png
13.793962,-29.044357,seed78564.png
30.938608,0.45084873,seed78565.png
4.0430393,-26.242636,seed78566.png
35.706387,20.46222,seed78567.png
-32.231712,24.858385,seed78568.png
-26.272371,-7.403873,seed78569.png
12.301865,-39.795994,seed7857.png
12.17992,-30.853724,seed78570.png
-2.4743085,17.835423,seed78571.png
28.573452,16.433855,seed78572.png
6.2918844,-2.9275923,seed78573.png
17.680765,-3.4822943,seed78574.png
-21.381859,-12.824073,seed78575.png
-39.32425,20.032396,seed78576.png
-15.647045,1.7870151,seed78577.png
8.055202,-6.347204,seed78578.png
-33.779583,16.08144,seed78579.png
15.645325,14.185498,seed7858.png
13.5962105,-34.91582,seed78580.png
-12.115417,-21.566376,seed78581.png
21.18995,-2.7852683,seed78582.png
19.545225,14.072761,seed78583.png
-2.3715494,-12.626807,seed78584.png
-32.91722,23.218428,seed78585.png
15.14803,23.725204,seed78586.png
4.360074,-23.31812,seed78587.png
-17.572071,-15.471756,seed78588.png
8.056674,-32.519394,seed78589.png
-13.453435,-29.700962,seed7859.png
16.574533,-10.786798,seed78590.png
8.65052,18.770529,seed78591.png
8.251669,17.546406,seed78592.png
21.90002,17.730957,seed78593.png
-21.97909,-11.738685,seed78594.png
35.411,8.597459,seed78595.png
-23.548193,-0.76978296,seed78596.png
-20.394978,-4.8643527,seed78597.png
-22.299486,-2.2314296,seed78598.png
-21.906282,-8.54017,seed78599.png
11.873996,-32.780643,seed7860.png
30.12767,-1.2534022,seed78600.png
-35.81284,19.514791,seed78601.png
-32.237633,25.927622,seed78602.png
2.057092,7.1502647,seed78603.png
-16.822832,-11.317567,seed78604.png
-18.037607,-11.032417,seed78605.png
21.328709,22.54735,seed78606.png
20.85183,-3.7341132,seed78607.png
16.589117,-34.81293,seed78608.png
-10.540276,-27.815744,seed78609.png
-23.57075,15.913923,seed7861.png
-20.806496,-5.113586,seed78610.png
18.18597,12.11766,seed78611.png
-30.868841,8.571654,seed78612.png
-26.442421,6.897547,seed78613.png
-23.018194,6.182011,seed78614.png
7.732162,-8.270353,seed78615.png
17.703306,-8.3296,seed78616.png
16.633085,11.771718,seed78617.png
-19.401215,9.043099,seed78618.png
-23.056305,-4.231089,seed78619.png
8.018465,-20.710695,seed7862.png
-14.067675,-28.511497,seed78620.png
13.384622,-28.836895,seed78621.png
-26.611639,-9.746651,seed78622.png
19.048262,22.925228,seed78623.png
15.929489,15.881716,seed78624.png
-30.442965,0.57430655,seed78625.png
-11.538029,-13.773991,seed78626.png
20.9364,-0.28453776,seed78627.png
0.48223102,18.966793,seed78628.png
30.78169,23.60965,seed78629.png
25.770226,2.3544793,seed7863.png
10.437975,3.759963,seed78630.png
-15.27458,-26.956476,seed78631.png
19.264359,2.8765082,seed78632.png
32.189262,21.646133,seed78633.png
-33.68554,21.76374,seed78634.png
17.030397,0.33346888,seed78635.png
5.826831,-33.329216,seed78636.png
-0.7976629,23.578266,seed78637.png
24.801315,8.944119,seed78638.png
-13.882382,-21.577448,seed78639.png
10.641308,-42.086178,seed7864.png
-13.123153,-28.624258,seed78640.png
3.2487926,-22.732426,seed78641.png
-9.248997,-4.270777,seed78642.png
-8.853966,-24.317001,seed78643.png
35.702827,11.206881,seed78644.png
-2.853546,-14.388428,seed78645.png
-27.57746,10.142505,seed78646.png
-13.949308,-6.212712,seed78647.png
-6.498578,6.0798554,seed78648.png
-21.289312,-25.570307,seed78649.png
-23.037924,16.128738,seed7865.png
-14.27323,-30.021286,seed78650.png
11.664701,-42.799488,seed78651.png
28.159874,24.569984,seed78652.png
9.023631,-6.883048,seed78653.png
13.815409,-27.797924,seed78654.png
-18.413513,-16.712618,seed78655.png
0.31232485,1.7183096,seed78656.png
-29.681067,8.299489,seed78657.png
23.21676,-8.30411,seed78658.png
-34.503513,27.326399,seed78659.png
4.3559074,-30.62717,seed7866.png
-2.1218586,-6.411713,seed78660.png
26.33762,6.2558084,seed78661.png
-31.203281,-5.7684917,seed78662.png
-28.393496,-2.2973013,seed78663.png
11.587607,14.951344,seed78664.png
10.107635,-22.170544,seed78665.png
-11.373265,-23.514894,seed78666.png
7.877659,-32.56906,seed78667.png
-11.650175,5.2108874,seed78668.png
10.933527,0.2725892,seed78669.png
29.827547,-2.321858,seed7867.png
24.404325,24.881035,seed78670.png
16.449577,-10.369566,seed78671.png
-22.210974,6.745392,seed78672.png
-1.1305232,15.758144,seed78673.png
3.2202156,-6.305735,seed78674.png
15.631442,-37.214844,seed78675.png
29.534071,1.3186564,seed78676.png
-9.187225,6.729357,seed78677.png
7.7827034,-36.707096,seed78678.png
-28.347904,-0.40279096,seed78679.png
10.708479,-11.270755,seed7868.png
9.868984,18.35909,seed78680.png
26.543512,20.089283,seed78681.png
-28.4212,-23.710003,seed78682.png
17.405968,19.745003,seed78683.png
17.592533,-3.863615,seed78684.png
8.319904,-0.963377,seed78685.png
12.047955,-39.612186,seed78686.png
-27.23265,15.701436,seed78687.png
-3.8305168,-11.699787,seed78688.png
18.367971,13.4853945,seed78689.png
-19.2636,-21.578936,seed7869.png
0.36309335,17.162373,seed78690.png
13.42988,-36.618805,seed78691.png
29.380367,15.940983,seed78692.png
34.606236,26.766703,seed78693.png
13.745059,-6.979867,seed78694.png
14.022854,-35.324783,seed78695.png
28.39813,25.075933,seed78696.png
35.907978,24.909496,seed78697.png
-21.299221,-26.044361,seed78698.png
30.493322,17.982447,seed78699.png
-11.933932,-28.150686,seed7870.png
20.959,22.600864,seed78700.png
-4.7197347,23.52479,seed78701.png
9.328206,-6.400019,seed78702.png
6.0799785,6.244675,seed78703.png
12.610823,13.258048,seed78704.png
12.841438,-22.508633,seed78705.png
14.655273,-9.640455,seed78706.png
37.411156,21.176098,seed78707.png
25.086908,3.9920287,seed78708.png
20.747826,-4.9337707,seed78709.png
14.4654665,-30.625282,seed7871.png
29.319231,-0.12395357,seed78710.png
13.176428,8.31356,seed78711.png
13.127498,4.314641,seed78712.png
-28.86842,-6.087957,seed78713.png
28.209091,22.774414,seed78714.png
-14.206788,-27.065132,seed78715.png
17.628117,3.9956858,seed78716.png
-37.088413,9.80174,seed78717.png
-25.722542,-8.158246,seed78718.png
-24.112427,-5.1107554,seed78719.png
-17.657692,-24.416573,seed7872.png
-1.6697632,24.669685,seed78720.png
-21.84709,-8.07943,seed78721.png
7.4300394,2.861996,seed78722.png
-4.1689143,-12.735458,seed78723.png
5.9585295,18.040743,seed78724.png
-10.545361,-22.096575,seed78725.png
14.236025,19.554916,seed78726.png
-22.242146,16.787197,seed78727.png
-20.396704,-28.773277,seed78728.png
7.7184663,5.766302,seed78729.png
26.693428,14.275469,seed7873.png
4.908878,-32.87647,seed78730.png
32.88737,13.549516,seed78731.png
-35.6695,22.78762,seed78732.png
3.2051847,-4.394406,seed78733.png
-38.136116,14.674348,seed78734.png
13.367543,-32.031197,seed78735.png
8.971052,3.0322375,seed78736.png
8.270618,14.479923,seed78737.png
35.922977,22.415293,seed78738.png
21.733162,1.1654259,seed78739.png
-36.334404,16.474892,seed7874.png
-14.183141,-24.844608,seed78740.png
9.471632,2.3842268,seed78741.png
-23.39549,-5.4293103,seed78742.png
31.968908,26.092695,seed78743.png
-18.497747,-21.843151,seed78744.png
-30.26802,3.8285563,seed78745.png
34.482613,25.666075,seed78746.png
-14.12566,-10.071139,seed78747.png
6.5961523,-27.716408,seed78748.png
10.559829,4.1871977,seed78749.png
12.548444,-8.119384,seed7875.png
3.4214551,1.0179427,seed78750.png
30.681208,19.71802,seed78751.png
11.333134,-21.888687,seed78752.png
-18.300156,4.777975,seed78753.png
14.442997,-39.719624,seed78754.png
-32.020508,23.3441,seed78755.png
-17.058683,-29.417946,seed78756.png
20.032772,23.232855,seed78757.png
-18.286505,-8.118339,seed78758.png
15.72593,7.5924015,seed78759.png
16.006672,7.1474943,seed7876.png
-2.4806654,22.014418,seed78760.png
-13.927224,-26.394352,seed78761.png
-29.297241,2.610389,seed78762.png
-27.843866,14.577342,seed78763.png
2.7646427,20.682194,seed78764.png
12.153764,15.591269,seed78765.png
26.432585,24.078516,seed78766.png
-32.81111,19.46939,seed78767.png
20.587076,27.67649,seed78768.png
-25.457476,-3.855169,seed78769.png
-17.429375,8.400175,seed7877.png
5.9147034,-32.278194,seed78770.png
-17.421425,-19.661846,seed78771.png
11.150083,-42.86782,seed78772.png
8.77147,8.591243,seed78773.png
-24.178522,-19.054276,seed78774.png
-10.748035,-21.026834,seed78775.png
-25.044348,15.356343,seed78776.png
2.9296982,24.020584,seed78777.png
12.322973,-17.458519,seed78778.png
16.561666,-3.0861323,seed78779.png
-19.652784,8.693131,seed7878.png
20.30148,-4.503581,seed78780.png
13.607004,14.9915,seed78781.png
5.665015,14.923355,seed78782.png
9.515927,5.3719354,seed78783.png
33.162575,5.1732726,seed78784.png
-21.90777,-2.7373219,seed78785.png
0.508664,2.3273544,seed78786.png
25.989902,16.58825,seed78787.png
-9.665466,-16.841034,seed78788.png
-30.73709,5.7382884,seed78789.png
31.86621,12.90936,seed7879.png
-32.701073,-3.042839,seed78790.png
-0.8564345,22.006933,seed78791.png
-14.752993,-21.406542,seed78792.png
-13.515446,-7.912533,seed78793.png
27.464039,5.858537,seed78794.png
16.203634,-33.633293,seed78795.png
5.5072093,1.1695057,seed78796.png
7.3547115,-29.454767,seed78797.png
-22.90523,-24.07074,seed78798.png
-23.48523,12.840429,seed78799.png
3.7085447,-1.8863251,seed7880.png
-28.19974,6.4359593,seed78800.png
12.986424,8.432191,seed78801.png
23.765373,14.843419,seed78802.png
-8.944823,-20.954178,seed78803.png
5.5018206,-39.313755,seed78804.png
-18.651148,7.78804,seed78805.png
-12.251443,2.5469496,seed78806.png
0.5979147,-3.5915675,seed78807.png
-10.425986,-4.0839605,seed78808.png
-26.122313,15.2447605,seed78809.png
33.212395,24.408768,seed7881.png
37.450928,11.3150215,seed78810.png
33.495384,5.7736797,seed78811.png
14.762987,-29.068752,seed78812.png
-3.827203,-11.540252,seed78813.png
10.401412,20.63915,seed78814.png
17.151115,-1.0167401,seed78815.png
14.897985,-32.801662,seed78816.png
-23.87482,-14.887279,seed78817.png
-29.398043,-18.950985,seed78818.png
-20.214981,-31.386688,seed78819.png
11.864866,21.57872,seed7882.png
-25.699612,-21.755123,seed78820.png
22.169254,7.0302734,seed78821.png
2.166049,13.595351,seed78822.png
-16.734337,-8.987075,seed78823.png
-27.336323,-14.106198,seed78824.png
6.359402,13.707424,seed78825.png
6.0570655,5.9125333,seed78826.png
15.432062,-34.62611,seed78827.png
-15.663734,-11.316634,seed78828.png
11.502424,-22.215492,seed78829.png
3.777533,-33.38977,seed7883.png
-28.046076,6.426459,seed78830.png
21.482857,-6.5586276,seed78831.png
-8.230311,-23.870722,seed78832.png
23.676529,15.324893,seed78833.png
11.7557745,-26.84811,seed78834.png
-21.74075,-29.81695,seed78835.png
-20.942574,-24.904125,seed78836.png
-37.445072,16.718292,seed78837.png
-8.819487,0.2246902,seed78838.png
-1.8041986,-12.32802,seed78839.png
38.34028,21.399117,seed7884.png
-29.288963,11.895103,seed78840.png
-34.710934,27.208551,seed78841.png
-22.826317,-24.467255,seed78842.png
16.357096,5.3607593,seed78843.png
14.670176,25.687542,seed78844.png
10.854933,-7.320217,seed78845.png
25.829386,15.6675,seed78846.png
5.739104,10.72442,seed78847.png
2.157448,19.102621,seed78848.png
-18.979843,14.571499,seed78849.png
-17.790928,-14.06122,seed7885.png
-22.013916,3.175704,seed78850.png
-16.858204,10.813367,seed78851.png
37.05939,14.121572,seed78852.png
12.593672,7.781217,seed78853.png
-25.675228,-3.0937755,seed78854.png
37.571205,24.741644,seed78855.png
2.495946,-21.578074,seed78856.png
-23.133183,3.0327985,seed78857.png
8.567271,-1.6802304,seed78858.png
28.80036,14.122576,seed78859.png
-14.60884,-10.539651,seed7886.png
-5.337466,-24.086285,seed78860.png
30.282818,7.3990874,seed78861.png
-21.773748,-26.782593,seed78862.png
12.66441,-38.505886,seed78863.png
-7.079694,-6.1339383,seed78864.png
-14.518651,-25.11831,seed78865.png
15.227242,2.1836536,seed78866.png
35.93253,3.0397394,seed78867.png
41.966637,17.76122,seed78868.png
-3.8452997,-13.395292,seed78869.png
23.008064,23.404343,seed7887.png
36.17947,7.7802615,seed78870.png
15.030089,24.798492,seed78871.png
-29.235897,1.9644591,seed78872.png
31.093775,28.294022,seed78873.png
-2.0285301,3.8486466,seed78874.png
-24.8847,-19.474195,seed78875.png
-9.3911495,6.7469463,seed78876.png
-22.744068,-26.452862,seed78877.png
10.7853,29.283213,seed78878.png
-28.6136,12.996097,seed78879.png
28.839972,29.225466,seed7888.png
-7.168038,-3.0418127,seed78880.png
-24.679373,10.103547,seed78881.png
-0.42048052,3.6259289,seed78882.png
15.907842,-7.851014,seed78883.png
-33.403683,25.689228,seed78884.png
15.446606,-34.10191,seed78885.png
32.83669,26.724535,seed78886.png
37.661278,17.158815,seed78887.png
-10.675179,-10.159259,seed78888.png
11.543684,-22.95907,seed78889.png
25.581182,17.299501,seed7889.png
-6.3237767,-4.123481,seed78890.png
-14.101169,-0.09528123,seed78891.png
23.719746,18.222914,seed78892.png
-14.6536665,11.70398,seed78893.png
-33.913765,7.4916525,seed78894.png
-37.171516,21.309303,seed78895.png
15.748886,-8.902569,seed78896.png
-33.965534,26.858164,seed78897.png
-25.233276,7.662576,seed78898.png
-25.472805,-13.591955,seed78899.png
-24.43045,-18.610613,seed7890.png
-11.642594,-1.6182988,seed78900.png
17.196098,-3.0344324,seed78901.png
-14.0949135,-22.780268,seed78902.png
28.681984,27.992605,seed78903.png
-23.726099,8.626408,seed78904.png
-30.391233,16.73839,seed78905.png
18.869905,-1.7018269,seed78906.png
14.30699,15.37588,seed78907.png
7.5863295,-28.63578,seed78908.png
30.895008,14.968381,seed78909.png
9.076115,7.20925,seed7891.png
18.172222,10.382269,seed78910.png
24.618727,12.299811,seed78911.png
-20.528406,-27.355768,seed78912.png
-20.899342,-24.702276,seed78913.png
14.035636,1.5870646,seed78914.png
-23.106934,-21.08464,seed78915.png
-19.676762,-30.446941,seed78916.png
-22.336544,12.949069,seed78917.png
-22.653278,0.0046016644,seed78918.png
17.422745,-0.21568668,seed78919.png
18.14541,13.747301,seed7892.png
37.61579,6.835981,seed78920.png
18.566334,-6.3039455,seed78921.png
3.2938888,11.006146,seed78922.png
19.536007,5.4216995,seed78923.png
-24.788288,-6.188422,seed78924.png
21.993458,-2.236685,seed78925.png
-6.428146,-5.282851,seed78926.png
-14.426108,-30.177374,seed78927.png
-15.245817,10.258365,seed78928.png
-29.445524,21.309729,seed78929.png
14.002585,-23.121998,seed7893.png
-16.120176,-28.979954,seed78930.png
-33.364254,23.163109,seed78931.png
-16.498934,-12.611387,seed78932.png
-27.859118,-8.518911,seed78933.png
12.510531,-34.83562,seed78934.png
23.951735,10.917346,seed78935.png
11.573313,-29.018341,seed78936.png
-15.607259,-18.318293,seed78937.png
-20.764154,11.137935,seed78938.png
-10.068276,-17.823801,seed78939.png
28.13024,10.997464,seed7894.png
-22.184134,9.109833,seed78940.png
11.27214,-34.561848,seed78941.png
32.476406,12.152965,seed78942.png
-34.772667,11.861292,seed78943.png
35.18157,23.073614,seed78944.png
2.9034393,-6.469223,seed78945.png
33.70801,6.205747,seed78946.png
33.413544,5.2730393,seed78947.png
-21.777008,2.0856378,seed78948.png
-17.264326,-16.762684,seed78949.png
30.61438,24.759075,seed7895.png
-23.992432,-10.942043,seed78950.png
10.625408,2.1548371,seed78951.png
34.300434,22.291365,seed78952.png
36.389553,9.603501,seed78953.png
15.676258,24.948795,seed78954.png
-16.361233,-18.02144,seed78955.png
-12.100273,-26.959608,seed78956.png
-19.176445,-25.360428,seed78957.png
-28.110155,7.901896,seed78958.png
8.471219,-33.495686,seed78959.png
-31.68156,16.148037,seed7896.png
-29.769434,-6.431452,seed78960.png
-23.961985,1.1587459,seed78961.png
-18.208527,-29.466112,seed78962.png
-19.342913,-21.408611,seed78963.png
-19.806877,-23.334627,seed78964.png
18.819607,-8.1964035,seed78965.png
-29.069052,8.549265,seed78966.png
-16.880066,-21.311537,seed78967.png
-28.698631,9.528293,seed78968.png
12.838118,19.855484,seed78969.png
-23.24301,6.3802967,seed7897.png
-10.021949,-14.02471,seed78970.png
-12.690118,-14.298671,seed78971.png
34.612835,27.070713,seed78972.png
-23.041689,-10.850676,seed78973.png
4.519026,11.688302,seed78974.png
11.724368,-26.235876,seed78975.png
-24.886028,-17.122124,seed78976.png
0.56259596,-17.056282,seed78977.png
17.584375,-4.0742626,seed78978.png
3.5112739,10.527922,seed78979.png
-27.249416,0.65370953,seed7898.png
-30.740433,-4.7932954,seed78980.png
-35.475967,7.942737,seed78981.png
-22.854273,19.598293,seed78982.png
15.460158,17.558006,seed78983.png
-24.130928,-11.677614,seed78984.png
-13.488037,-12.311816,seed78985.png
21.15563,8.901788,seed78986.png
8.201379,-6.908302,seed78987.png
11.328409,-30.231579,seed78988.png
-23.006662,-16.392859,seed78989.png
-32.766926,15.927166,seed7899.png
2.9869673,-26.363707,seed78990.png
32.108162,21.743444,seed78991.png
-33.78422,12.852975,seed78992.png
15.627338,-37.342587,seed78993.png
-22.152128,-26.493942,seed78994.png
2.148922,16.096615,seed78995.png
-7.3762226,-15.261095,seed78996.png
12.570895,-37.74092,seed78997.png
10.956841,19.021946,seed78998.png
3.6627274,9.232681,seed78999.png
29.413237,29.028557,seed7900.png
-13.519596,-16.457842,seed79000.png
-30.529888,22.5188,seed79001.png
-26.651754,-17.888966,seed79002.png
12.327292,-7.013589,seed79003.png
18.591105,23.756763,seed79004.png
3.1144683,-27.617155,seed79005.png
6.2254314,-10.883453,seed79006.png
-11.13059,7.252246,seed79007.png
-15.145718,1.4400977,seed79008.png
-4.446481,19.156673,seed79009.png
29.481451,6.636914,seed7901.png
29.837515,23.968193,seed79010.png
9.748524,9.972932,seed79011.png
13.249932,20.700354,seed79012.png
-36.628437,8.612311,seed79013.png
2.5301921,12.425662,seed79014.png
0.5877347,-15.040547,seed79015.png
22.193405,10.299733,seed79016.png
4.600963,-36.941784,seed79017.png
-26.404192,8.020539,seed79018.png
31.06024,8.243483,seed79019.png
10.611231,26.354624,seed7902.png
-17.094234,-26.508377,seed79020.png
7.081235,-40.111732,seed79021.png
-22.3195,3.5277932,seed79022.png
14.396144,-38.419598,seed79023.png
12.899975,-26.630747,seed79024.png
36.071995,6.8909607,seed79025.png
6.180204,-4.0777535,seed79026.png
-28.494228,2.995145,seed79027.png
-20.228432,-18.216024,seed79028.png
-22.41163,10.485246,seed79029.png
5.245313,23.090757,seed7903.png
8.305286,-40.133125,seed79030.png
-7.92444,-20.4916,seed79031.png
-28.094355,11.647988,seed79032.png
6.8094373,-35.939117,seed79033.png
10.457899,5.084081,seed79034.png
-8.397301,-27.313734,seed79035.png
-2.2285845,9.481139,seed79036.png
-24.192846,-19.766945,seed79037.png
6.26636,-37.226067,seed79038.png
5.382073,22.256907,seed79039.png
-2.1234508,-17.209782,seed7904.png
24.313822,14.395379,seed79040.png
24.19696,-2.6932027,seed79041.png
-1.8083239,23.498278,seed79042.png
-14.400522,-25.01717,seed79043.png
-4.833319,-1.7031552,seed79044.png
25.14713,26.234491,seed79045.png
7.5481167,15.761392,seed79046.png
17.01894,14.610739,seed79047.png
-34.839603,27.563824,seed79048.png
2.6197844,-34.138294,seed79049.png
-32.860065,24.770239,seed7905.png
-22.14855,-20.719612,seed79050.png
23.977715,0.9590437,seed79051.png
8.954701,29.877592,seed79052.png
17.907944,-3.7058861,seed79053.png
1.5818614,-2.227007,seed79054.png
20.38312,10.653253,seed79055.png
39.24679,16.293816,seed79056.png
5.9819407,-34.08086,seed79057.png
24.266378,-4.974932,seed79058.png
22.209158,16.826042,seed79059.png
5.3488994,-24.305855,seed7906.png
14.337373,-2.2064576,seed79060.png
-18.732351,-4.897103,seed79061.png
24.12304,10.066592,seed79062.png
24.032011,7.550478,seed79063.png
-15.342799,-31.526491,seed79064.png
-28.007215,-2.5915234,seed79065.png
-18.269558,-10.961617,seed79066.png
-2.2774801,-19.21027,seed79067.png
8.700054,6.3168583,seed79068.png
8.868874,-4.9030895,seed79069.png
-1.2957689,25.20919,seed7907.png
-32.595356,8.420328,seed79070.png
-11.004231,-6.3786263,seed79071.png
18.577457,8.39961,seed79072.png
-26.292168,1.340783,seed79073.png
11.192287,1.7405916,seed79074.png
31.254416,16.358892,seed79075.png
33.91759,9.804859,seed79076.png
-29.853199,10.095045,seed79077.png
10.432759,6.5642843,seed79078.png
17.574766,-4.825968,seed79079.png
27.400883,4.698382,seed7908.png
10.580463,-40.91926,seed79080.png
34.444622,17.23063,seed79081.png
24.83066,3.8168972,seed79082.png
-16.1196,-25.87291,seed79083.png
25.90957,-5.7988863,seed79084.png
34.937737,27.429028,seed79085.png
-26.144714,1.9320823,seed79086.png
27.691284,26.293858,seed79087.png
11.632106,20.580828,seed79088.png
3.8560505,-3.1302776,seed79089.png
-20.072012,-26.28028,seed7909.png
5.469008,-26.469704,seed79090.png
-31.725098,7.4720707,seed79091.png
10.911162,28.819351,seed79092.png
11.722419,2.410756,seed79093.png
4.1824384,3.5566468,seed79094.png
9.942035,22.03318,seed79095.png
13.586504,26.89033,seed79096.png
-31.23239,23.730556,seed79097.png
12.487172,-2.008018,seed79098.png
-12.467466,-3.9111028,seed79099.png
-16.194363,-12.68779,seed7910.png
-35.66196,8.864422,seed79100.png
-31.469595,19.271616,seed79101.png
12.468388,-41.918434,seed79102.png
40.843784,20.473783,seed79103.png
9.032591,20.88423,seed79104.png
25.95352,-4.4324217,seed79105.png
7.9104943,5.674272,seed79106.png
27.03872,28.07187,seed79107.png
27.044008,8.464338,seed79108.png
-22.165731,6.3997316,seed79109.png
37.111153,4.665098,seed7911.png
7.4979415,-33.597984,seed79110.png
-29.121592,-9.462308,seed79111.png
-36.42908,21.621004,seed79112.png
-0.34434232,15.787699,seed79113.png
6.60255,1.6112864,seed79114.png
40.54228,20.822006,seed79115.png
39.289127,16.02632,seed79116.png
3.8315465,14.172025,seed79117.png
-1.2655268,-13.595619,seed79118.png
9.215612,3.7902582,seed79119.png
14.722571,25.207394,seed7912.png
12.643507,9.455975,seed79120.png
-13.094427,-27.098839,seed79121.png
-30.366098,17.424742,seed79122.png
-9.42497,-19.554646,seed79123.png
-6.5436053,7.9168706,seed79124.png
-30.725447,16.22262,seed79125.png
13.465584,-37.885338,seed79126.png
7.174876,1.4905709,seed79127.png
-21.716951,-23.875647,seed79128.png
10.882028,3.6282237,seed79129.png
3.2013927,1.5458081,seed7913.png
-20.699232,3.0106914,seed79130.png
33.335384,22.881317,seed79131.png
-36.549274,16.326025,seed79132.png
-0.453126,-3.5070891,seed79133.png
27.360052,17.05221,seed79134.png
4.5738173,12.4736595,seed79135.png
-30.529737,0.31295404,seed79136.png
4.4911723,-21.960669,seed79137.png
-33.54029,12.569374,seed79138.png
15.937709,-2.1183357,seed79139.png
2.97771,4.405661,seed7914.png
8.4825735,-24.879328,seed79140.png
-3.4106216,-15.73091,seed79141.png
29.875599,9.422386,seed79142.png
26.121572,17.493093,seed79143.png
-26.57727,-16.176962,seed79144.png
30.792797,28.692474,seed79145.png
-22.806002,7.3845787,seed79146.png
-9.340136,-10.662397,seed79147.png
11.525379,-32.265022,seed79148.png
32.90298,22.351095,seed79149.png
12.095014,23.492609,seed7915.png
5.6882052,-4.7703424,seed79150.png
0.37854114,-10.338479,seed79151.png
7.2142334,-39.361706,seed79152.png
-13.581043,-25.361591,seed79153.png
15.841127,21.320807,seed79154.png
-25.35497,-13.826248,seed79155.png
33.16929,16.931334,seed79156.png
15.37979,7.7555356,seed79157.png
18.422768,7.824349,seed79158.png
10.637199,-29.099651,seed79159.png
-27.479357,15.359992,seed7916.png
-16.768518,-23.44227,seed79160.png
15.262983,-35.221043,seed79161.png
8.765794,2.2429483,seed79162.png
-34.81907,-10.455791,seed79163.png
-26.857346,-20.67284,seed79164.png
11.399828,7.085365,seed79165.png
9.665484,-7.6321363,seed79166.png
7.426979,-39.362045,seed79167.png
11.216057,4.5184,seed79168.png
-33.92344,8.636684,seed79169.png
-16.960228,-6.5020723,seed7917.png
-29.939247,8.385331,seed79170.png
-30.571121,19.577188,seed79171.png
19.822163,11.218504,seed79172.png
10.671212,-34.836018,seed79173.png
15.063989,8.476838,seed79174.png
-19.136341,2.8849485,seed79175.png
36.241302,22.596176,seed79176.png
-34.184425,10.28003,seed79177.png
22.059093,21.886755,seed79178.png
3.0141509,14.552926,seed79179.png
-23.521797,-0.39709643,seed7918.png
23.200506,19.830313,seed79180.png
-0.7910768,-14.815937,seed79181.png
19.770418,24.573189,seed79182.png
-29.337467,-10.438968,seed79183.png
21.460278,-0.6724179,seed79184.png
-29.184744,-9.7078,seed79185.png
-17.078257,-7.711508,seed79186.png
-22.422323,-25.478498,seed79187.png
10.775624,-27.664751,seed79188.png
8.6144705,15.401878,seed79189.png
15.095679,18.719824,seed7919.png
36.593605,4.761975,seed79190.png
-1.6529393,14.491786,seed79191.png
14.684271,-36.223717,seed79192.png
14.850308,5.6310477,seed79193.png
-14.893444,-1.2842548,seed79194.png
-10.590409,-23.886599,seed79195.png
-12.78803,-14.243622,seed79196.png
38.496086,19.660791,seed79197.png
29.74828,24.81763,seed79198.png
4.4559593,-4.1651196,seed79199.png
12.959287,9.432823,seed7920.png
9.86156,-40.65934,seed79200.png
26.285887,15.663562,seed79201.png
37.535336,17.014275,seed79202.png
-28.716537,-4.0739675,seed79203.png
35.266254,12.389274,seed79204.png
23.104435,13.7418585,seed79205.png
14.450935,14.526205,seed79206.png
-17.768759,1.4671139,seed79207.png
-25.323988,17.01748,seed79208.png
9.5503845,-31.04189,seed79209.png
-11.098837,-4.441679,seed7921.png
-32.267597,-9.391455,seed79210.png
-19.959469,-27.551125,seed79211.png
2.8837612,23.34281,seed79212.png
19.704657,3.5088208,seed79213.png
-11.896352,7.975491,seed79214.png
-18.844965,16.866314,seed79215.png
-26.757433,-16.869545,seed79216.png
-24.138855,14.511204,seed79217.png
-18.836424,0.21477523,seed79218.png
-29.516485,11.024405,seed79219.png
18.623045,12.570545,seed7922.png
16.21254,6.684574,seed79220.png
20.771873,-10.036363,seed79221.png
-8.56053,0.6968828,seed79222.png
9.838592,-32.311787,seed79223.png
21.362782,-5.823587,seed79224.png
21.824892,0.72426265,seed79225.png
23.592133,13.803946,seed79226.png
-21.689432,4.3848624,seed79227.png
-1.853537,-15.570583,seed79228.png
-8.779717,10.8255825,seed79229.png
26.061562,2.0467746,seed7923.png
13.566407,-2.1189003,seed79230.png
28.135344,12.461176,seed79231.png
30.263462,10.707018,seed79232.png
30.891998,25.15464,seed79233.png
-28.783875,-8.203397,seed79234.png
-19.88545,-3.0797257,seed79235.png
3.8509166,10.792006,seed79236.png
-18.308151,-19.96072,seed79237.png
-11.109774,7.6801744,seed79238.png
4.01099,10.109646,seed79239.png
-8.223727,-10.566706,seed7924.png
-19.684439,8.724375,seed79240.png
10.821734,-42.528328,seed79241.png
16.163727,19.15985,seed79242.png
3.5566695,21.25412,seed79243.png
-13.122557,-5.575504,seed79244.png
28.927925,6.0442486,seed79245.png
7.826714,23.069675,seed79246.png
1.8261467,13.782535,seed79247.png
-17.327644,-3.759731,seed79248.png
16.528778,0.060755365,seed79249.png
11.345133,10.742949,seed7925.png
-11.556863,-4.867366,seed79250.png
11.239803,-35.59491,seed79251.png
11.393571,-38.513874,seed79252.png
14.6386175,-1.5243254,seed79253.png
35.521008,22.124205,seed79254.png
20.467325,3.6682665,seed79255.png
3.8109312,17.22708,seed79256.png
-22.010046,0.89411217,seed79257.png
-11.429695,7.529571,seed79258.png
0.50762707,10.770113,seed79259.png
6.667361,25.241241,seed7926.png
-25.596867,3.8668509,seed79260.png
26.677963,10.822945,seed79261.png
-20.773071,-6.721285,seed79262.png
2.2600188,-34.879757,seed79263.png
20.274319,-3.5094864,seed79264.png
11.63258,-2.9510834,seed79265.png
19.528322,25.250027,seed79266.png
-15.029149,-11.044021,seed79267.png
-21.473927,-27.553661,seed79268.png
20.056871,13.896662,seed79269.png
24.171595,19.081062,seed7927.png
-31.907572,0.9068221,seed79270.png
-12.46745,3.5620625,seed79271.png
3.3125584,10.845421,seed79272.png
-34.984314,27.068254,seed79273.png
-12.624738,3.7957666,seed79274.png
12.320917,1.162812,seed79275.png
14.055461,-11.200129,seed79276.png
33.647728,25.74168,seed79277.png
7.269484,-31.494932,seed79278.png
-18.049246,-5.379449,seed79279.png
-2.0118437,10.915122,seed7928.png
5.8140244,11.396305,seed79280.png
-36.001953,6.8204365,seed79281.png
8.032334,-38.714848,seed79282.png
-8.765957,-26.136272,seed79283.png
39.47612,17.494526,seed79284.png
-22.94029,3.597054,seed79285.png
11.382009,27.846043,seed79286.png
-7.455678,-0.86235946,seed79287.png
10.598299,-38.837143,seed79288.png
15.475738,-32.380417,seed79289.png
-29.123396,-10.532475,seed7929.png
6.2196064,-7.1102448,seed79290.png
19.86105,-7.736344,seed79291.png
8.35086,14.755099,seed79292.png
11.619892,4.0557537,seed79293.png
12.450955,-24.624027,seed79294.png
27.424494,-5.381621,seed79295.png
-19.281195,6.914207,seed79296.png
-18.553722,-13.686228,seed79297.png
23.016764,-6.064239,seed79298.png
-3.3776653,11.948939,seed79299.png
-35.835144,26.305353,seed7930.png
-5.6495194,-26.04737,seed79300.png
-13.153634,-23.20258,seed79301.png
16.38859,-9.177449,seed79302.png
12.716925,-40.217415,seed79303.png
-17.017027,-17.2048,seed79304.png
2.1318927,-23.570213,seed79305.png
-10.381548,5.7367473,seed79306.png
-8.355693,-21.764183,seed79307.png
-0.18231426,3.5427947,seed79308.png
-10.885729,-10.518004,seed79309.png
-21.956656,-17.737669,seed7931.png
8.057178,-3.1942816,seed79310.png
35.148037,23.09644,seed79311.png
31.804676,22.537455,seed79312.png
13.39898,-3.0984468,seed79313.png
30.72137,5.624908,seed79314.png
14.362227,-37.864307,seed79315.png
10.7708645,23.357204,seed79316.png
-36.21279,17.322598,seed79317.png
-34.443043,16.719917,seed79318.png
-1.7386999,21.271652,seed79319.png
-15.305399,-25.131712,seed7932.png
-2.5234036,-13.479657,seed79320.png
-14.800738,-15.41047,seed79321.png
29.59269,2.3687992,seed79322.png
30.527605,2.5743804,seed79323.png
-0.17640999,-2.2077518,seed79324.png
-24.602018,-9.030783,seed79325.png
32.249943,6.257735,seed79326.png
-32.929886,22.250998,seed79327.png
-13.323867,-18.377005,seed79328.png
-17.690609,-5.303922,seed79329.png
5.7444367,16.386574,seed7933.png
5.9223595,-38.68237,seed79330.png
-20.57051,-23.959875,seed79331.png
4.1792946,5.2746563,seed79332.png
25.02539,15.160367,seed79333.png
-24.962955,5.4802575,seed79334.png
-5.2855344,-6.194511,seed79335.png
-21.871796,-26.820494,seed79336.png
-24.883373,5.427887,seed79337.png
9.153768,-38.200283,seed79338.png
11.93526,-29.6745,seed79339.png
2.121161,3.5768867,seed7934.png
9.598228,-24.714157,seed79340.png
10.566658,-34.729588,seed79341.png
-14.723465,-19.312735,seed79342.png
19.698828,-3.7155356,seed79343.png
10.283326,-7.2895055,seed79344.png
34.09466,22.881887,seed79345.png
0.96697724,-28.788774,seed79346.png
-9.159601,-5.9546146,seed79347.png
-21.371134,5.4181514,seed79348.png
0.120101765,-13.122103,seed79349.png
3.8511086,-29.087383,seed7935.png
10.75204,-23.089027,seed79350.png
-16.607853,-28.433563,seed79351.png
4.854677,7.8626943,seed79352.png
5.5592895,15.123183,seed79353.png
-25.639668,11.542061,seed79354.png
34.35548,12.875664,seed79355.png
28.663761,3.1643114,seed79356.png
-2.5390885,-11.725368,seed79357.png
18.009047,13.960953,seed79358.png
-21.831131,14.261907,seed79359.png
9.400557,-38.112316,seed7936.png
-27.06754,4.910323,seed79360.png
-16.526148,-16.831274,seed79361.png
-0.8826443,-16.591171,seed79362.png
-17.404686,-5.1950135,seed79363.png
32.408817,14.259497,seed79364.png
21.115913,6.7123947,seed79365.png
10.0533085,20.84886,seed79366.png
17.914307,-9.460762,seed79367.png
-10.757278,-10.356788,seed79368.png
1.1595175,14.732239,seed79369.png
-23.41757,-24.212206,seed7937.png
28.547869,18.838562,seed79370.png
2.7816668,-4.378473,seed79371.png
-12.325194,-3.9167695,seed79372.png
-1.1900296,24.872879,seed79373.png
7.14147,-37.21001,seed79374.png
13.045018,10.365214,seed79375.png
-25.083168,-14.192449,seed79376.png
28.446674,0.13093828,seed79377.png
-2.3792088,11.601142,seed79378.png
-17.892675,-20.348768,seed79379.png
-23.907284,11.501974,seed7938.png
11.364192,18.522167,seed79380.png
-20.136768,-19.855587,seed79381.png
-21.439032,1.64667,seed79382.png
-8.915773,-8.103567,seed79383.png
22.259418,6.7643948,seed79384.png
10.159933,-42.589886,seed79385.png
-5.4536843,19.356241,seed79386.png
34.675068,24.376036,seed79387.png
6.640423,2.2757807,seed79388.png
-19.624065,-4.6767683,seed79389.png
37.580685,8.878852,seed7939.png
-32.143528,2.6384473,seed79390.png
12.942992,1.8580297,seed79391.png
30.699715,4.9468727,seed79392.png
-24.211538,4.4128776,seed79393.png
29.78938,19.846676,seed79394.png
-19.675436,-24.895163,seed79395.png
25.779219,8.816595,seed79396.png
-10.411576,-16.889086,seed79397.png
-26.47166,5.7068486,seed79398.png
36.330074,14.083162,seed79399.png
-11.16714,-18.062988,seed7940.png
-32.521896,22.310753,seed79400.png
14.377312,-36.79392,seed79401.png
14.049795,25.240274,seed79402.png
37.511223,20.044014,seed79403.png
31.05275,8.770647,seed79404.png
22.576899,3.4965801,seed79405.png
-30.49604,-4.8821115,seed79406.png
-25.392412,14.426976,seed79407.png
-10.8315935,-18.361694,seed79408.png
-26.934954,-24.888477,seed79409.png
35.240635,17.31555,seed7941.png
-18.495474,-23.40532,seed79410.png
8.942156,-33.14192,seed79411.png
-34.06944,-5.7789345,seed79412.png
11.560161,17.077354,seed79413.png
-4.779694,-12.014192,seed79414.png
-25.515667,0.7364076,seed79415.png
30.93403,4.4977593,seed79416.png
-29.451792,-3.4921038,seed79417.png
19.521412,2.4926863,seed79418.png
20.110668,21.34402,seed79419.png
-5.3768234,-20.223362,seed7942.png
22.602411,4.3614187,seed79420.png
-18.668545,-18.806593,seed79421.png
-12.322328,0.6879511,seed79422.png
-26.04744,11.178394,seed79423.png
-0.09453562,22.382069,seed79424.png
21.111473,26.163437,seed79425.png
-32.71932,1.4608088,seed79426.png
31.412918,29.590961,seed79427.png
39.892536,20.611393,seed79428.png
22.070856,26.334724,seed79429.png
36.52899,4.4594545,seed7943.png
-18.866613,4.901506,seed79430.png
-28.82254,13.391107,seed79431.png
18.10636,-2.0898376,seed79432.png
22.62816,10.699432,seed79433.png
-29.686913,5.4882455,seed79434.png
-18.214083,-18.466757,seed79435.png
38.144817,12.502752,seed79436.png
-17.004972,-19.140614,seed79437.png
10.269529,26.807432,seed79438.png
-0.96814424,25.679985,seed79439.png
38.981236,17.672974,seed7944.png
-26.426586,8.138447,seed79440.png
-30.873205,13.027561,seed79441.png
-18.569656,-27.472275,seed79442.png
10.656719,-27.205107,seed79443.png
7.645285,-32.98286,seed79444.png
6.7449245,-1.4773335,seed79445.png
9.529391,-5.9175396,seed79446.png
-27.60782,16.786646,seed79447.png
9.791672,-22.827038,seed79448.png
-0.5680735,1.4738241,seed79449.png
3.661745,16.651283,seed7945.png
8.5071945,-6.91001,seed79450.png
5.2798414,3.8366635,seed79451.png
5.92939,-34.631004,seed79452.png
16.55564,20.99461,seed79453.png
-21.935791,13.981478,seed79454.png
-17.485294,-29.398737,seed79455.png
21.020966,0.19612828,seed79456.png
30.662167,19.246075,seed79457.png
-9.613904,-21.933697,seed79458.png
-14.326785,-28.958593,seed79459.png
35.775665,23.05549,seed7946.png
33.088787,6.096152,seed79460.png
8.792395,-10.263102,seed79461.png
7.512178,-39.345814,seed79462.png
-2.3544574,-10.88601,seed79463.png
-18.19066,6.396504,seed79464.png
-3.4042048,-16.928093,seed79465.png
30.061264,14.783778,seed79466.png
6.414193,-2.8438208,seed79467.png
25.876179,6.376007,seed79468.png
39.84481,21.150745,seed79469.png
-9.559209,-12.55732,seed7947.png
-18.595156,-21.370865,seed79470.png
16.234314,25.846123,seed79471.png
15.585852,-3.4968562,seed79472.png
12.960177,-11.73932,seed79473.png
-19.940123,-8.743099,seed79474.png
-12.854165,-23.99737,seed79475.png
-23.954872,-5.399588,seed79476.png
23.299665,14.823108,seed79477.png
-19.859457,-6.604527,seed79478.png
17.744316,26.392166,seed79479.png
12.787054,22.187769,seed7948.png
0.53578407,24.634264,seed79480.png
16.405859,4.393133,seed79481.png
-19.17673,-26.82135,seed79482.png
3.1951575,7.707599,seed79483.png
-15.177753,-30.521917,seed79484.png
-21.795977,-14.521086,seed79485.png
-3.390692,-13.197111,seed79486.png
-18.35411,-18.508648,seed79487.png
-32.403694,26.126162,seed79488.png
-32.36261,9.276771,seed79489.png
-19.486883,-5.7317033,seed7949.png
-23.001863,3.3933249,seed79490.png
22.280262,15.000464,seed79491.png
-20.173136,3.5578482,seed79492.png
-18.911497,-15.184107,seed79493.png
10.334028,-41.852936,seed79494.png
24.741177,24.882137,seed79495.png
-8.47517,-8.634488,seed79496.png
30.316332,17.749043,seed79497.png
-21.33897,3.4593394,seed79498.png
-20.297386,-19.510931,seed79499.png
-20.072992,-24.258547,seed7950.png
30.49143,16.574438,seed79500.png
-26.335716,-0.16363016,seed79501.png
-11.495744,-15.168898,seed79502.png
-23.981066,-9.4724865,seed79503.png
9.208015,29.545406,seed79504.png
2.5430558,-9.077102,seed79505.png
-29.204819,7.429097,seed79506.png
-23.382217,13.859669,seed79507.png
-20.477137,5.407924,seed79508.png
8.43554,-5.709592,seed79509.png
3.8193393,2.306782,seed7951.png
-34.379154,12.479327,seed79510.png
6.086602,-39.44552,seed79511.png
-20.587168,-7.303454,seed79512.png
-19.42597,0.4552593,seed79513.png
-4.705343,-18.581308,seed79514.png
11.29138,-41.64572,seed79515.png
-34.001263,14.829926,seed79516.png
-3.111204,-13.902147,seed79517.png
-34.407173,27.323322,seed79518.png
1.4810636,-0.38082182,seed79519.png
31.30977,27.334846,seed7952.png
-23.099855,-8.864109,seed79520.png
8.506528,-36.34254,seed79521.png
14.853886,-33.55144,seed79522.png
-10.14043,-20.302238,seed79523.png
4.368571,-7.321774,seed79524.png
-19.558092,-18.17048,seed79525.png
10.198616,24.57994,seed79526.png
-35.737343,27.23972,seed79527.png
-31.87042,-0.7621493,seed79528.png
32.617485,17.66084,seed79529.png
-12.128853,-21.875732,seed7953.png
-34.30469,8.070998,seed79530.png
5.769883,15.060752,seed79531.png
8.840651,7.359964,seed79532.png
18.247044,-0.690688,seed79533.png
1.0459311,9.18048,seed79534.png
-3.800365,4.8206086,seed79535.png
9.767129,-32.63571,seed79536.png
11.091412,29.324162,seed79537.png
-25.385403,2.2213023,seed79538.png
-33.00472,-9.834438,seed79539.png
-27.676851,-11.287713,seed7954.png
28.58742,14.868944,seed79540.png
21.693665,21.487482,seed79541.png
-21.613169,-2.7055185,seed79542.png
-12.51945,3.542047,seed79543.png
26.318092,17.487284,seed79544.png
21.560562,-8.601348,seed79545.png
-23.915764,-16.717592,seed79546.png
20.347563,-4.13761,seed79547.png
26.896793,23.691982,seed79548.png
-8.763667,-23.12893,seed79549.png
-25.790218,-17.746964,seed7955.png
10.777294,-1.8675946,seed79550.png
27.011578,4.8151116,seed79551.png
-29.218435,2.1657255,seed79552.png
32.287304,23.159218,seed79553.png
8.919055,10.401124,seed79554.png
30.951199,0.6477736,seed79555.png
23.575792,5.4124737,seed79556.png
-29.177353,-7.803677,seed79557.png
3.4863205,9.738524,seed79558.png
-15.031399,-7.690898,seed79559.png
-1.9966408,7.064825,seed7956.png
-0.2975986,-17.70361,seed79560.png
-7.521199,0.1680108,seed79561.png
31.611673,12.430161,seed79562.png
29.222239,5.801791,seed79563.png
2.8999763,-12.102801,seed79564.png
22.728243,9.447957,seed79565.png
-33.256783,21.967852,seed79566.png
-18.98949,-11.019972,seed79567.png
-36.70097,17.698883,seed79568.png
10.678502,-10.181699,seed79569.png
-29.615019,-11.717991,seed7957.png
30.433817,26.842426,seed79570.png
17.859343,0.15211491,seed79571.png
-33.080017,15.6465225,seed79572.png
29.844955,9.032686,seed79573.png
-15.279738,-9.018153,seed79574.png
-20.789488,-19.93948,seed79575.png
15.80926,22.923473,seed79576.png
28.666586,19.747301,seed79577.png
-23.738585,-3.4002507,seed79578.png
2.3849087,22.610159,seed79579.png
11.986855,-41.91634,seed7958.png
-21.867424,15.061077,seed79580.png
34.630363,14.377089,seed79581.png
40.240124,21.098038,seed79582.png
17.033356,18.53016,seed79583.png
15.254889,-2.414581,seed79584.png
-2.7229342,-8.499426,seed79585.png
-25.151789,-7.6886973,seed79586.png
41.873898,21.619558,seed79587.png
-21.32645,-21.672993,seed79588.png
22.849953,15.573525,seed79589.png
25.554804,-1.1135318,seed7959.png
20.278252,0.7871972,seed79590.png
-23.679306,20.1096,seed79591.png
-24.728418,-20.688026,seed79592.png
-33.641125,11.025333,seed79593.png
-22.08843,0.89194906,seed79594.png
7.8907266,1.0953382,seed79595.png
-35.988247,26.666426,seed79596.png
-14.60626,-21.539148,seed79597.png
4.455646,20.209887,seed79598.png
-27.234217,12.905897,seed79599.png
25.279922,11.689619,seed7960.png
12.969888,20.8221,seed79600.png
29.141397,17.927887,seed79601.png
-30.4212,8.686352,seed79602.png
-8.53247,-6.7994084,seed79603.png
-9.50899,-12.810266,seed79604.png
-28.09235,4.403131,seed79605.png
28.205889,26.544342,seed79606.png
-0.536026,-16.187822,seed79607.png
7.9000244,-27.917982,seed79608.png
-34.43549,9.726904,seed79609.png
2.6850395,-34.44811,seed7961.png
-22.072859,-26.902205,seed79610.png
-21.617643,19.526653,seed79611.png
14.941649,-33.388256,seed79612.png
-2.4371586,-11.33517,seed79613.png
9.69141,-33.473328,seed79614.png
-20.090717,2.0961244,seed79615.png
19.81426,18.860092,seed79616.png
-1.6791723,20.054571,seed79617.png
5.248902,23.546223,seed79618.png
0.24028726,17.299429,seed79619.png
36.127224,22.559685,seed7962.png
-31.548292,-3.9043674,seed79620.png
-13.388436,-1.2907611,seed79621.png
-14.340914,-17.264587,seed79622.png
-20.785902,19.864449,seed79623.png
31.82366,3.7601814,seed79624.png
13.994839,3.822865,seed79625.png
2.9236777,-24.264986,seed79626.png
-19.617489,6.1781373,seed79627.png
10.44,-38.58137,seed79628.png
15.069486,23.450901,seed79629.png
10.596605,-0.932363,seed7963.png
-26.03647,-20.131193,seed79630.png
-4.8535523,-21.667116,seed79631.png
-19.367651,-21.227629,seed79632.png
-19.401873,4.721973,seed79633.png
-1.009296,14.800556,seed79634.png
5.6233506,7.902075,seed79635.png
-25.811546,11.573606,seed79636.png
2.9320946,-20.497301,seed79637.png
11.175402,21.355066,seed79638.png
-28.643002,13.868109,seed79639.png
7.686929,18.416105,seed7964.png
-19.781565,12.697005,seed79640.png
-25.519108,3.1970985,seed79641.png
-20.694185,-23.72361,seed79642.png
-3.1666844,16.09354,seed79643.png
7.6461115,-29.913662,seed79644.png
-33.38989,9.865325,seed79645.png
7.9795494,12.507539,seed79646.png
5.896198,13.590158,seed79647.png
-15.639517,-6.166425,seed79648.png
-21.33523,11.561404,seed79649.png
11.814409,-2.8631394,seed7965.png
35.621952,13.046031,seed79650.png
20.968243,5.738718,seed79651.png
-23.159649,-20.815157,seed79652.png
29.65782,20.258345,seed79653.png
-5.428106,3.6763554,seed79654.png
-13.688607,-30.35311,seed79655.png
36.558056,17.366703,seed79656.png
37.949306,5.7450128,seed79657.png
38.568207,19.041788,seed79658.png
-31.715054,26.13922,seed79659.png
32.225945,8.843419,seed7966.png
-1.9543145,-16.25455,seed79660.png
13.406809,25.860325,seed79661.png
12.456782,5.168537,seed79662.png
31.378366,26.329338,seed79663.png
-21.63728,17.615974,seed79664.png
11.724874,15.792705,seed79665.png
-15.22722,-13.4378805,seed79666.png
1.702542,13.869829,seed79667.png
-1.0088083,11.325815,seed79668.png
-18.112627,-11.562664,seed79669.png
4.677203,5.5213294,seed7967.png
-9.847774,-12.228689,seed79670.png
-14.540429,-6.82696,seed79671.png
11.258547,-40.512066,seed79672.png
40.149982,15.497091,seed79673.png
-15.221059,-8.793002,seed79674.png
-13.3734665,0.6775123,seed79675.png
10.982281,-33.03868,seed79676.png
-34.90528,-6.8385506,seed79677.png
-8.887585,-13.53504,seed79678.png
-1.3686326,-16.80002,seed79679.png
30.480541,13.916678,seed7968.png
4.9202127,-28.68764,seed79680.png
-17.123049,-30.140657,seed79681.png
15.046799,15.804012,seed79682.png
-34.190033,10.593787,seed79683.png
-15.257072,-5.9090137,seed79684.png
3.4619908,-27.783337,seed79685.png
-24.285604,-13.120821,seed79686.png
-5.8093314,-16.872068,seed79687.png
36.071762,26.827984,seed79688.png
-29.29964,14.133089,seed79689.png
-29.728271,19.838356,seed7969.png
8.543437,-28.401009,seed79690.png
-25.457636,21.277649,seed79691.png
-11.4006605,-29.283978,seed79692.png
-7.338423,-14.120003,seed79693.png
-29.11664,-5.663588,seed79694.png
4.570304,9.762833,seed79695.png
-29.099384,-3.868865,seed79696.png
4.544273,-26.189075,seed79697.png
5.3687572,24.27824,seed79698.png
-12.385635,-8.532802,seed79699.png
29.43681,10.680665,seed7970.png
8.012058,20.057077,seed79700.png
-16.050653,-15.200988,seed79701.png
-32.888695,18.31484,seed79702.png
-20.312805,-25.251781,seed79703.png
-11.825247,-9.382106,seed79704.png
35.152225,12.130054,seed79705.png
38.906914,11.66393,seed79706.png
12.205199,13.084701,seed79707.png
12.523912,-30.487133,seed79708.png
11.588145,-21.7243,seed79709.png
22.834406,21.931345,seed7971.png
-32.47824,19.632593,seed79710.png
1.8185103,19.632317,seed79711.png
-24.940895,17.356081,seed79712.png
29.537436,18.215912,seed79713.png
33.44297,26.150677,seed79714.png
-21.439213,-12.836013,seed79715.png
15.141207,0.8413827,seed79716.png
19.546309,-2.056326,seed79717.png
29.256216,17.536533,seed79718.png
22.92801,18.401266,seed79719.png
-15.524724,7.5620003,seed7972.png
34.54887,3.2399566,seed79720.png
11.919948,22.904509,seed79721.png
-1.5991348,24.62475,seed79722.png
4.9097147,21.406815,seed79723.png
3.4309065,10.9224615,seed79724.png
17.168432,4.697513,seed79725.png
12.231267,-40.070694,seed79726.png
2.672047,12.113667,seed79727.png
24.49379,3.1624947,seed79728.png
16.620558,-7.7108684,seed79729.png
-26.546495,-9.319752,seed7973.png
28.990587,28.306032,seed79730.png
-6.9907093,-2.489165,seed79731.png
-32.475014,17.262602,seed79732.png
-26.32981,-3.81056,seed79733.png
-17.806768,-1.9932766,seed79734.png
-34.40826,-5.7655716,seed79735.png
-33.597355,23.937891,seed79736.png
21.580305,22.489532,seed79737.png
15.003619,-0.49286008,seed79738.png
23.119713,17.062756,seed79739.png
4.206685,-14.770799,seed7974.png
8.7973,-29.49216,seed79740.png
7.2432323,-26.800081,seed79741.png
13.362679,-36.45472,seed79742.png
-27.728071,-16.432495,seed79743.png
21.386063,27.34647,seed79744.png
5.3294387,-11.944682,seed79745.png
17.204332,10.944608,seed79746.png
17.132935,22.522177,seed79747.png
30.21006,16.934742,seed79748.png
-36.49807,11.012011,seed79749.png
1.1914978,19.215557,seed7975.png
13.039464,-32.48847,seed79750.png
16.612675,20.47705,seed79751.png
-17.798119,-17.437544,seed79752.png
-25.656517,15.947412,seed79753.png
-14.562731,-23.295498,seed79754.png
12.73678,17.963518,seed79755.png
29.267696,1.1965717,seed79756.png
11.182591,3.7391605,seed79757.png
-18.053223,-7.829438,seed79758.png
-21.68603,-25.740675,seed79759.png
-28.39877,-5.820883,seed7976.png
0.9020242,1.529069,seed79760.png
-22.435999,-9.268471,seed79761.png
11.747,24.733164,seed79762.png
-27.220518,7.6072206,seed79763.png
-16.613699,-25.532799,seed79764.png
-33.455982,27.70123,seed79765.png
28.133514,1.4425217,seed79766.png
-18.307428,-17.951817,seed79767.png
-8.216016,2.8412435,seed79768.png
-33.808495,14.652085,seed79769.png
-21.641062,-12.879849,seed7977.png
29.8103,1.3987701,seed79770.png
-18.921677,-21.744205,seed79771.png
9.498459,29.728691,seed79772.png
-25.441843,-2.1865785,seed79773.png
16.283613,-35.05931,seed79774.png
29.846907,26.801853,seed79775.png
-18.345314,-27.040266,seed79776.png
38.94766,7.9677114,seed79777.png
-35.81671,-4.6520724,seed79778.png
4.076908,-15.776006,seed79779.png
11.813397,15.981877,seed7978.png
-13.098473,-13.1527815,seed79780.png
26.786732,27.765759,seed79781.png
2.4374166,-3.11709,seed79782.png
-21.3455,18.357853,seed79783.png
-25.447973,-22.930254,seed79784.png
-30.426918,1.040586,seed79785.png
-16.542597,-4.702129,seed79786.png
-34.710552,22.048283,seed79787.png
-21.67418,-25.985575,seed79788.png
12.332196,-21.60331,seed79789.png
-19.120651,-18.513258,seed7979.png
35.460693,21.457249,seed79790.png
23.582977,-4.8211536,seed79791.png
-29.769037,4.17094,seed79792.png
-13.959813,-6.799707,seed79793.png
-15.615467,-5.9015026,seed79794.png
-32.28014,-3.708402,seed79795.png
-28.517458,15.942206,seed79796.png
-26.468046,-9.332512,seed79797.png
12.01283,-30.71616,seed79798.png
6.704916,7.8169875,seed79799.png
13.72405,15.600179,seed7980.png
32.574436,21.574415,seed79800.png
-18.994495,-21.68952,seed79801.png
13.423611,-34.291496,seed79802.png
-6.718571,13.687036,seed79803.png
-21.81417,3.0186176,seed79804.png
-34.959396,-5.217814,seed79805.png
13.219703,-36.805946,seed79806.png
-37.58415,15.4259815,seed79807.png
32.30153,29.450546,seed79808.png
19.66117,9.39241,seed79809.png
35.134995,20.034489,seed7981.png
-4.8474455,-2.664212,seed79810.png
-20.44617,4.9917107,seed79811.png
29.463137,18.628143,seed79812.png
13.017315,-3.7053447,seed79813.png
14.506059,-34.613716,seed79814.png
13.177861,-7.2742734,seed79815.png
4.942007,17.040998,seed79816.png
24.27686,22.655163,seed79817.png
-27.94012,10.614749,seed79818.png
34.027584,11.444688,seed79819.png
7.49138,-38.416958,seed7982.png
9.900294,-22.480091,seed79820.png
15.180177,14.327616,seed79821.png
-21.99845,-2.1795976,seed79822.png
-5.8149104,-21.889149,seed79823.png
9.574479,-29.456736,seed79824.png
6.276598,-26.44906,seed79825.png
-25.505396,-22.128498,seed79826.png
8.110257,1.108439,seed79827.png
-28.212088,-19.421999,seed79828.png
36.754505,10.283309,seed79829.png
-33.44718,-13.366408,seed7983.png
13.293072,4.2792883,seed79830.png
3.3220675,-31.328697,seed79831.png
-6.120249,-7.751412,seed79832.png
-15.314135,-9.802176,seed79833.png
29.254734,15.111832,seed79834.png
9.883344,-6.216249,seed79835.png
-11.182286,2.5774024,seed79836.png
1.6534795,-3.3848543,seed79837.png
-26.63503,8.0505705,seed79838.png
-25.113297,-10.746536,seed79839.png
26.768839,8.550687,seed7984.png
30.263706,14.640493,seed79840.png
-5.040635,5.236026,seed79841.png
5.3095207,-26.557589,seed79842.png
3.801991,-3.897055,seed79843.png
10.563778,23.759462,seed79844.png
-32.139366,20.593843,seed79845.png
-21.42511,-11.941791,seed79846.png
34.8218,13.060571,seed79847.png
34.14817,21.467508,seed79848.png
1.4321638,7.521056,seed79849.png
9.0166445,-23.89135,seed7985.png
-11.801765,-27.639994,seed79850.png
-26.583889,10.673157,seed79851.png
25.729294,6.4335985,seed79852.png
-25.118391,19.33258,seed79853.png
-26.089586,11.960668,seed79854.png
-17.699833,-28.994328,seed79855.png
10.629851,-37.73097,seed79856.png
-19.941017,-17.695608,seed79857.png
2.2742958,21.282948,seed79858.png
-29.643764,17.395155,seed79859.png
-3.0059433,-11.70388,seed7986.png
-31.239132,13.423737,seed79860.png
-22.134443,2.1709595,seed79861.png
-28.398808,-2.9259791,seed79862.png
-25.992432,14.459364,seed79863.png
33.75075,7.7723727,seed79864.png
35.111244,12.298947,seed79865.png
-0.81742245,1.3171804,seed79866.png
-21.247507,-5.764873,seed79867.png
9.136822,29.59801,seed79868.png
29.588335,27.450508,seed79869.png
23.816961,15.401174,seed7987.png
5.067472,2.8840659,seed79870.png
3.4294858,5.959919,seed79871.png
-2.7344062,-14.594985,seed79872.png
-23.802011,11.775408,seed79873.png
17.701012,-2.1091604,seed79874.png
-32.529026,25.21557,seed79875.png
14.453929,28.363436,seed79876.png
-36.120224,18.240559,seed79877.png
-32.76994,-2.8900912,seed79878.png
-8.290236,-1.4612777,seed79879.png
11.222065,-24.310352,seed7988.png
-20.171764,-16.762522,seed79880.png
-26.451965,-8.972523,seed79881.png
14.532155,-35.675777,seed79882.png
-31.78931,11.67327,seed79883.png
-17.088554,-24.570942,seed79884.png
-35.04937,18.839106,seed79885.png
-32.676456,-7.5528398,seed79886.png
39.02058,8.746173,seed79887.png
7.8569384,-32.108814,seed79888.png
-32.301205,11.682397,seed79889.png
-30.045134,-14.165608,seed7989.png
-3.9981887,22.963833,seed79890.png
13.990358,-35.99826,seed79891.png
-19.04691,5.9287624,seed79892.png
-15.527713,-2.6061282,seed79893.png
-9.727282,-3.115425,seed79894.png
7.814589,-13.2051,seed79895.png
-18.020134,-17.555634,seed79896.png
12.682229,26.630259,seed79897.png
-14.458817,-16.618423,seed79898.png
-4.4414396,-18.158327,seed79899.png
22.904688,17.861444,seed7990.png
10.895326,1.1938689,seed79900.png
25.072933,5.3966537,seed79901.png
1.460851,-21.620468,seed79902.png
7.8679433,16.443913,seed79903.png
20.95381,16.150547,seed79904.png
-0.71274424,-18.513971,seed79905.png
-20.950012,-10.620662,seed79906.png
33.13536,5.2898245,seed79907.png
23.488789,16.880896,seed79908.png
-11.183609,-11.213073,seed79909.png
-4.5423436,3.5553784,seed7991.png
-24.40327,-12.324488,seed79910.png
-16.898304,-14.3829775,seed79911.png
-37.241173,2.4540608,seed79912.png
-37.73678,16.057886,seed79913.png
37.468124,8.210261,seed79914.png
12.034015,-32.300995,seed79915.png
23.277168,15.612664,seed79916.png
2.5121205,-25.448092,seed79917.png
9.134542,-36.479458,seed79918.png
-25.423212,9.188693,seed79919.png
35.906322,14.087287,seed7992.png
-14.061034,-20.787367,seed79920.png
9.582229,-35.14974,seed79921.png
-29.410936,20.001707,seed79922.png
-21.208235,9.170454,seed79923.png
37.461956,15.696006,seed79924.png
-34.82111,7.2932386,seed79925.png
32.752834,14.36678,seed79926.png
-31.210709,13.345782,seed79927.png
-24.53115,-14.039151,seed79928.png
-33.949192,26.84531,seed79929.png
14.396831,-39.59026,seed7993.png
-37.550495,22.174526,seed79930.png
12.66134,-2.328582,seed79931.png
11.646301,-26.472141,seed79932.png
-18.58817,-15.381672,seed79933.png
-11.152929,-1.5329236,seed79934.png
-11.985386,-11.471088,seed79935.png
40.30692,23.574503,seed79936.png
-24.490864,2.0030043,seed79937.png
-26.3145,-4.956776,seed79938.png
1.9913642,-0.9595256,seed79939.png
-22.912266,1.7933327,seed7994.png
10.606769,19.353935,seed79940.png
-4.2582974,23.75065,seed79941.png
-25.982971,-14.784239,seed79942.png
16.173182,-7.869639,seed79943.png
-21.372795,14.528104,seed79944.png
-13.73631,-17.251158,seed79945.png
-13.352401,-1.5736935,seed79946.png
5.899089,5.753996,seed79947.png
-18.938795,-21.09449,seed79948.png
7.712246,-38.35576,seed79949.png
3.1310003,7.453223,seed7995.png
7.2456617,21.758444,seed79950.png
-13.908112,-9.204968,seed79951.png
8.778158,15.311933,seed79952.png
-23.970932,-10.7873745,seed79953.png
-18.082273,-7.5644298,seed79954.png
-34.56532,-5.6959176,seed79955.png
-21.359869,10.283214,seed79956.png
-26.764414,-8.553119,seed79957.png
-36.04691,9.936351,seed79958.png
-17.890951,-32.983532,seed79959.png
-8.719558,2.353346,seed7996.png
11.25106,-34.426598,seed79960.png
-9.2487955,-26.595148,seed79961.png
-0.6329079,-18.159876,seed79962.png
12.657644,2.929286,seed79963.png
-28.658796,13.911058,seed79964.png
-4.2046657,-13.6226225,seed79965.png
23.45597,18.678741,seed79966.png
22.2901,14.228226,seed79967.png
4.4122424,11.285821,seed79968.png
35.373726,16.656815,seed79969.png
-27.931488,11.030531,seed7997.png
-15.5047,-20.813772,seed79970.png
7.1370716,7.4806886,seed79971.png
8.883602,-37.532806,seed79972.png
19.774466,-5.700199,seed79973.png
-22.410683,-21.035158,seed79974.png
-16.839,-11.22638,seed79975.png
34.344715,25.214056,seed79976.png
-36.48159,11.4330435,seed79977.png
14.318613,-0.049439084,seed79978.png
-5.7077513,-4.735254,seed79979.png
14.362107,-29.640242,seed7998.png
8.353456,18.004208,seed79980.png
9.750278,-32.244907,seed79981.png
-15.811433,-0.5621867,seed79982.png
13.947049,15.811817,seed79983.png
31.795115,19.962507,seed79984.png
10.709187,-32.128487,seed79985.png
-24.768167,12.713725,seed79986.png
17.451515,3.1977782,seed79987.png
-13.399047,-7.1902285,seed79988.png
38.077145,23.77666,seed79989.png
21.85016,1.9269338,seed7999.png
-33.16435,23.08255,seed79990.png
-32.714382,1.6949831,seed79991.png
15.966687,18.385782,seed79992.png
1.1733099,14.6926775,seed79993.png
-1.7961979,-13.272349,seed79994.png
23.27881,12.8906975,seed79995.png
14.797591,24.79666,seed79996.png
7.3312283,-40.09082,seed79997.png
-6.895227,1.4450793,seed79998.png
-10.043893,3.9698513,seed79999.png
38.602657,20.862715,seed8000.png
5.746915,-8.1326685,seed80000.png
14.74972,-12.212445,seed80001.png
13.736421,25.09911,seed80002.png
41.61898,19.907124,seed80003.png
23.511127,13.184138,seed80004.png
11.850586,15.834333,seed80005.png
-35.53277,16.206367,seed80006.png
13.098751,7.0192227,seed80007.png
-11.649947,-10.101517,seed80008.png
-10.472766,-3.2951,seed80009.png
-18.915173,11.405469,seed8001.png
5.5834465,-27.215065,seed80010.png
22.347776,-6.387365,seed80011.png
-29.14666,5.0550385,seed80012.png
-10.573751,-14.535187,seed80013.png
32.46825,18.892204,seed80014.png
31.293255,15.586448,seed80015.png
14.913783,19.066605,seed80016.png
-23.54167,-1.8451095,seed80017.png
-32.608982,-6.6976175,seed80018.png
6.607215,-29.270075,seed80019.png
23.711332,21.298475,seed8002.png
9.447014,21.133558,seed80020.png
-32.233383,1.1918912,seed80021.png
-31.673798,10.352825,seed80022.png
9.197927,23.984241,seed80023.png
-18.372047,-28.292654,seed80024.png
-31.019249,9.944937,seed80025.png
21.056347,11.0647335,seed80026.png
-13.007801,-30.70256,seed80027.png
-18.562864,-14.873836,seed80028.png
-31.58268,17.848871,seed80029.png
-7.5851536,-27.613617,seed8003.png
-27.748331,13.880701,seed80030.png
11.426602,-33.592537,seed80031.png
-12.428638,-27.546656,seed80032.png
-25.455164,10.055838,seed80033.png
-22.519053,-12.936766,seed80034.png
-33.475536,20.984896,seed80035.png
-17.912344,12.3237,seed80036.png
32.5165,18.825727,seed80037.png
5.7656584,-0.61793447,seed80038.png
15.092002,23.724281,seed80039.png
12.513613,-27.7634,seed8004.png
-14.827751,-27.163303,seed80040.png
5.1099596,-36.20703,seed80041.png
12.180155,-32.95839,seed80042.png
-3.771714,11.236142,seed80043.png
-29.888475,17.874172,seed80044.png
11.923291,2.0741982,seed80045.png
-8.469363,-25.839495,seed80046.png
-12.885973,-1.7029123,seed80047.png
-31.457685,-2.4030948,seed80048.png
20.461088,26.887175,seed80049.png
30.111885,5.9937286,seed8005.png
-25.094204,6.589302,seed80050.png
22.630281,-5.633326,seed80051.png
19.916483,9.32124,seed80052.png
-32.952534,17.61915,seed80053.png
17.794024,-1.7640111,seed80054.png
-8.312368,-1.5958507,seed80055.png
10.693531,5.7632456,seed80056.png
27.499283,-5.3594193,seed80057.png
36.80775,21.390041,seed80058.png
24.409567,9.504206,seed80059.png
-33.589138,22.932812,seed8006.png
0.029595265,5.931014,seed80060.png
0.042079188,19.584373,seed80061.png
-36.783325,18.970135,seed80062.png
-18.693817,-5.3488035,seed80063.png
2.6985354,-31.887234,seed80064.png
-28.05836,11.391388,seed80065.png
-17.662693,-18.04324,seed80066.png
13.322054,-31.887691,seed80067.png
29.955183,2.1547205,seed80068.png
-30.593529,10.084622,seed80069.png
-15.515875,-19.352736,seed8007.png
-24.602251,-5.6712704,seed80070.png
41.27447,16.849192,seed80071.png
-0.07185313,-12.030862,seed80072.png
-3.7591548,11.271512,seed80073.png
-19.944296,-14.293951,seed80074.png
36.49203,22.656979,seed80075.png
7.1586695,11.738712,seed80076.png
36.444035,23.207113,seed80077.png
29.168928,17.685495,seed80078.png
-27.83541,10.636919,seed80079.png
-25.430435,-10.155744,seed8008.png
10.822595,-24.45116,seed80080.png
8.088915,-25.448223,seed80081.png
30.799337,14.433318,seed80082.png
20.50501,25.584318,seed80083.png
20.357674,10.246857,seed80084.png
7.542566,-7.227203,seed80085.png
-23.912481,-19.619377,seed80086.png
19.596123,0.05538084,seed80087.png
37.262882,24.566748,seed80088.png
19.654306,1.0332998,seed80089.png
35.0895,9.099204,seed8009.png
30.911385,26.762894,seed80090.png
33.88057,17.317293,seed80091.png
-19.233654,-19.464893,seed80092.png
-2.3960636,17.762085,seed80093.png
-30.85735,12.760876,seed80094.png
-8.095953,9.225129,seed80095.png
-0.6679959,-17.28609,seed80096.png
-21.935038,20.288961,seed80097.png
-28.62232,13.300161,seed80098.png
-13.889325,-17.162361,seed80099.png
20.677189,19.415321,seed8010.png
-17.562632,-22.034744,seed80100.png
-23.341415,-14.357981,seed80101.png
20.372923,-0.16667579,seed80102.png
5.7790604,14.8898,seed80103.png
-0.8712785,24.85871,seed80104.png
-16.252401,-15.752653,seed80105.png
10.275608,14.306872,seed80106.png
32.75671,13.349172,seed80107.png
9.161617,20.608027,seed80108.png
-27.583637,8.194394,seed80109.png
-14.547476,-22.679153,seed8011.png
-30.884,20.62806,seed80110.png
-29.142273,3.2878008,seed80111.png
24.141632,-3.3505847,seed80112.png
8.763357,-21.471102,seed80113.png
-29.003174,14.240833,seed80114.png
-37.695637,10.44331,seed80115.png
24.92686,6.3771067,seed80116.png
-2.152542,-0.77517945,seed80117.png
15.517474,-34.42752,seed80118.png
5.6839757,17.400612,seed80119.png
5.2491193,5.520502,seed8012.png
4.930722,-5.1694775,seed80120.png
12.62995,2.2739959,seed80121.png
-25.238838,-5.935772,seed80122.png
30.809048,5.450413,seed80123.png
-26.663313,10.274419,seed80124.png
14.125538,-33.83561,seed80125.png
9.573791,6.904489,seed80126.png
23.924889,15.253653,seed80127.png
38.791286,5.5792947,seed80128.png
30.469198,18.33468,seed80129.png
14.992843,4.6646433,seed8013.png
26.19139,4.001552,seed80130.png
0.67849654,-17.30536,seed80131.png
12.776942,-39.54978,seed80132.png
25.107193,5.149919,seed80133.png
35.457565,22.888288,seed80134.png
37.674046,17.683037,seed80135.png
12.81558,-40.03691,seed80136.png
-17.476942,-7.162727,seed80137.png
4.775862,15.164221,seed80138.png
10.840658,-1.1089722,seed80139.png
-15.022629,6.493343,seed8014.png
-29.541553,13.354808,seed80140.png
-13.568503,-9.927187,seed80141.png
14.440486,17.492453,seed80142.png
12.545303,6.9195867,seed80143.png
11.470951,25.392347,seed80144.png
15.383036,4.483453,seed80145.png
-5.005997,-10.630331,seed80146.png
4.8484287,-31.563738,seed80147.png
9.589627,-28.9764,seed80148.png
-11.745283,-9.680659,seed80149.png
10.628833,-35.32321,seed8015.png
9.592484,17.346428,seed80150.png
15.960995,15.474179,seed80151.png
10.950744,2.5802672,seed80152.png
18.113588,-5.127561,seed80153.png
25.394035,-3.1255436,seed80154.png
12.622859,3.288437,seed80155.png
-11.194014,-22.335197,seed80156.png
11.071871,2.0839314,seed80157.png
31.792427,26.990435,seed80158.png
11.205185,-36.685646,seed80159.png
-18.427275,-2.1623363,seed8016.png
32.11452,8.328825,seed80160.png
-21.34799,-10.247307,seed80161.png
12.4743185,-41.429413,seed80162.png
8.658505,15.243829,seed80163.png
4.5657134,-24.96083,seed80164.png
25.961033,7.9633093,seed80165.png
23.300116,-1.5021772,seed80166.png
28.307598,23.485477,seed80167.png
22.343529,0.9328743,seed80168.png
-6.048179,11.111912,seed80169.png
31.279373,12.450755,seed8017.png
-5.226768,-19.326757,seed80170.png
32.903976,15.232501,seed80171.png
28.529335,23.054428,seed80172.png
-2.8031619,-8.5819435,seed80173.png
0.67862016,6.2642193,seed80174.png
15.636748,24.406536,seed80175.png
10.294442,-31.184334,seed80176.png
-22.401756,-29.905695,seed80177.png
-23.788832,5.2197337,seed80178.png
-31.901375,6.737844,seed80179.png
-34.038906,9.849152,seed8018.png
-31.425861,5.4725933,seed80180.png
-23.566557,14.4246855,seed80181.png
-7.387017,-3.7707884,seed80182.png
23.417992,14.50456,seed80183.png
6.48145,-23.889252,seed80184.png
12.136571,-2.2930875,seed80185.png
-30.72357,15.487231,seed80186.png
12.84964,21.674816,seed80187.png
6.5512543,-28.536146,seed80188.png
-14.321394,-26.952662,seed80189.png
14.861916,18.835747,seed8019.png
-31.49811,20.050268,seed80190.png
-32.234657,-2.5711992,seed80191.png
-19.932934,-18.68841,seed80192.png
21.91724,19.039215,seed80193.png
-1.8460563,5.330615,seed80194.png
19.569729,13.514607,seed80195.png
32.604668,21.961115,seed80196.png
15.116112,-0.99452806,seed80197.png
17.154371,15.803436,seed80198.png
14.34361,-0.15637171,seed80199.png
-37.893227,21.352255,seed8020.png
11.735597,-4.128688,seed80200.png
-19.899883,-26.672722,seed80201.png
-15.2138815,-1.8461615,seed80202.png
6.154402,21.525812,seed80203.png
24.83229,16.50746,seed80204.png
16.004705,-33.5955,seed80205.png
0.7265371,18.855747,seed80206.png
-13.962772,-14.003488,seed80207.png
-18.006674,-15.713924,seed80208.png
-36.938107,18.067415,seed80209.png
17.070686,15.432055,seed8021.png
11.974782,-26.171776,seed80210.png
22.786852,11.050153,seed80211.png
-28.229303,-17.867853,seed80212.png
1.3717805,-4.4330916,seed80213.png
3.6991048,21.810732,seed80214.png
21.588383,3.9245663,seed80215.png
37.00324,20.327671,seed80216.png
30.401653,18.873455,seed80217.png
-33.40341,0.62717384,seed80218.png
-29.100077,-21.348648,seed80219.png
7.527971,0.52267045,seed8022.png
7.25697,-25.310013,seed80220.png
6.5854764,4.267527,seed80221.png
-9.661204,-21.655819,seed80222.png
34.146893,20.872555,seed80223.png
26.612766,12.444704,seed80224.png
-15.174237,-7.571365,seed80225.png
21.981865,23.393139,seed80226.png
36.63481,19.959538,seed80227.png
30.638783,11.733617,seed80228.png
3.6431487,13.035057,seed80229.png
37.43174,13.661963,seed8023.png
-21.65964,0.31932372,seed80230.png
3.8701558,6.1497617,seed80231.png
-3.5823686,21.50707,seed80232.png
-21.994066,-1.064655,seed80233.png
2.1650598,16.992317,seed80234.png
16.086407,0.45619494,seed80235.png
-18.02527,-1.2419242,seed80236.png
-21.893333,5.516215,seed80237.png
6.839336,-32.704483,seed80238.png
0.9330528,25.947926,seed80239.png
1.8796663,23.233545,seed8024.png
34.969288,5.4470787,seed80240.png
4.2287173,-0.82302904,seed80241.png
-10.52604,-15.929329,seed80242.png
-14.768021,0.6848896,seed80243.png
-3.3506641,-1.5762804,seed80244.png
10.481881,22.386158,seed80245.png
-13.906806,-0.43661493,seed80246.png
11.260553,-5.6315446,seed80247.png
-34.826393,19.818388,seed80248.png
-33.420784,6.332598,seed80249.png
-32.221092,24.405745,seed8025.png
4.935271,-30.0681,seed80250.png
16.851322,13.362604,seed80251.png
-21.182695,2.127741,seed80252.png
39.647236,13.795217,seed80253.png
-36.197247,7.0842376,seed80254.png
-17.716707,-29.466875,seed80255.png
-21.163687,-10.131354,seed80256.png
28.480305,-5.195028,seed80257.png
5.45719,-31.198948,seed80258.png
34.034462,16.383028,seed80259.png
-15.112776,-5.991974,seed8026.png
-12.405557,-31.497082,seed80260.png
-14.843017,-16.781796,seed80261.png
19.01564,14.394323,seed80262.png
-0.9446556,-15.437661,seed80263.png
-4.1323547,-2.1268835,seed80264.png
-2.6323934,23.081999,seed80265.png
11.529407,9.474749,seed80266.png
-14.879777,-14.42866,seed80267.png
-24.026155,-5.4855824,seed80268.png
0.2797672,18.536724,seed80269.png
-32.237465,18.116173,seed8027.png
20.483637,-3.5597734,seed80270.png
19.625427,15.131253,seed80271.png
38.13332,10.402479,seed80272.png
-2.4397216,20.416838,seed80273.png
-12.832393,-21.081627,seed80274.png
6.451166,-26.058273,seed80275.png
8.353494,-38.388885,seed80276.png
-22.99776,-19.798634,seed80277.png
29.319231,17.542423,seed80278.png
6.949544,5.667694,seed80279.png
9.719869,12.219526,seed8028.png
22.914776,27.832401,seed80280.png
-23.337713,-17.021778,seed80281.png
-11.76655,-29.81893,seed80282.png
-26.680977,-6.867293,seed80283.png
1.4498018,-29.451841,seed80284.png
11.448754,-39.833904,seed80285.png
-15.61078,-8.954811,seed80286.png
16.476316,6.441968,seed80287.png
-32.5921,22.607761,seed80288.png
-8.747417,-20.134169,seed80289.png
15.578885,21.82551,seed8029.png
-21.576889,-27.485258,seed80290.png
35.601097,14.213204,seed80291.png
7.9333544,-5.021506,seed80292.png
27.276085,18.880402,seed80293.png
35.969322,13.218978,seed80294.png
10.862904,-41.63917,seed80295.png
-11.151378,-10.717953,seed80296.png
-31.999088,18.205572,seed80297.png
-3.3328965,20.81933,seed80298.png
-32.7628,16.451345,seed80299.png
-12.483354,4.435536,seed8030.png
12.171892,3.44458,seed80300.png
-18.030855,-19.005236,seed80301.png
9.15704,10.702554,seed80302.png
16.658094,-7.9189324,seed80303.png
12.4451475,-31.05692,seed80304.png
-23.45312,-4.6756034,seed80305.png
16.252855,28.823488,seed80306.png
-11.795535,-24.431372,seed80307.png
-7.1525745,5.575953,seed80308.png
-12.692719,-5.7319303,seed80309.png
6.8607173,-32.766846,seed8031.png
28.737629,9.072832,seed80310.png
-9.276023,-10.803215,seed80311.png
30.34769,21.794836,seed80312.png
-29.908903,6.226403,seed80313.png
-19.354582,-2.751592,seed80314.png
9.227065,-0.7130598,seed80315.png
-31.95438,-4.2819467,seed80316.png
31.075542,8.349411,seed80317.png
-20.533411,-29.753527,seed80318.png
36.04708,12.485847,seed80319.png
37.692493,15.601884,seed8032.png
-6.1815033,3.969852,seed80320.png
-16.167448,-11.760339,seed80321.png
22.811602,8.819505,seed80322.png
21.866783,9.89227,seed80323.png
19.886625,6.249876,seed80324.png
13.143504,-40.17391,seed80325.png
4.239325,-33.03834,seed80326.png
23.995077,8.737413,seed80327.png
33.04098,18.660572,seed80328.png
0.8408786,-10.961609,seed80329.png
-33.6218,16.462795,seed8033.png
-15.152047,-18.22385,seed80330.png
0.7336763,17.880598,seed80331.png
-33.047222,16.121412,seed80332.png
-27.407238,-8.127371,seed80333.png
10.242401,-29.34056,seed80334.png
-0.52693903,-9.909919,seed80335.png
-21.79475,-6.5790396,seed80336.png
7.3751173,4.847185,seed80337.png
-13.257399,-21.16929,seed80338.png
11.602507,-5.1014194,seed80339.png
-19.423098,2.7470047,seed8034.png
-21.688812,9.665126,seed80340.png
15.480513,2.1200776,seed80341.png
15.022223,-31.505442,seed80342.png
-4.7415996,-17.682673,seed80343.png
15.80862,-37.74062,seed80344.png
-10.512696,-16.765928,seed80345.png
-17.313503,-1.107214,seed80346.png
-16.080446,-23.586807,seed80347.png
32.945778,16.292788,seed80348.png
-4.562933,-11.702399,seed80349.png
23.291922,23.946474,seed8035.png
17.97506,-6.9772105,seed80350.png
32.16812,25.80687,seed80351.png
-22.423347,8.476742,seed80352.png
24.618597,13.338212,seed80353.png
-15.680171,3.1998174,seed80354.png
-17.953663,-19.542212,seed80355.png
-27.168503,13.859219,seed80356.png
19.22659,-8.365944,seed80357.png
21.10128,7.1997786,seed80358.png
-28.60351,18.705639,seed80359.png
10.535213,-38.7285,seed8036.png
-21.476141,19.713057,seed80360.png
9.309636,1.7684966,seed80361.png
-23.919079,3.781536,seed80362.png
12.945216,-32.522808,seed80363.png
16.009293,17.757538,seed80364.png
9.401056,10.584119,seed80365.png
-21.521399,-19.665388,seed80366.png
-0.98935133,19.642967,seed80367.png
11.629015,-3.2167544,seed80368.png
29.415104,2.7670734,seed80369.png
27.94152,9.64215,seed8037.png
-13.859685,-12.239482,seed80370.png
-19.016808,8.221897,seed80371.png
-32.408394,19.620401,seed80372.png
13.702975,-12.501939,seed80373.png
24.787165,20.283695,seed80374.png
-21.443304,-4.9350114,seed80375.png
27.919846,25.22791,seed80376.png
17.963348,21.760784,seed80377.png
-11.777785,-18.25248,seed80378.png
9.088799,24.990805,seed80379.png
-30.831814,1.2226726,seed8038.png
7.5252943,14.887996,seed80380.png
-32.763103,-12.829564,seed80381.png
14.680943,-36.282154,seed80382.png
-5.1733465,-0.21675473,seed80383.png
10.171155,-5.2122307,seed80384.png
-16.114977,-14.272663,seed80385.png
35.306244,24.962723,seed80386.png
15.410736,29.142591,seed80387.png
24.440329,-5.1658483,seed80388.png
-25.747051,6.8167915,seed80389.png
18.515486,-4.620931,seed8039.png
21.094156,26.01197,seed80390.png
29.808132,6.614791,seed80391.png
12.656235,25.68406,seed80392.png
22.491945,16.601294,seed80393.png
11.280377,4.4339957,seed80394.png
-13.014841,-18.924154,seed80395.png
20.640295,17.443754,seed80396.png
7.7765627,20.155537,seed80397.png
36.384426,15.094792,seed80398.png
-25.953773,12.381872,seed80399.png
25.430593,5.339143,seed8040.png
0.22991778,-14.702001,seed80400.png
-0.8464594,23.521725,seed80401.png
-12.269743,-23.68789,seed80402.png
-34.861923,25.614746,seed80403.png
-29.225517,7.8902197,seed80404.png
31.689154,27.373886,seed80405.png
-22.159048,1.8351307,seed80406.png
-3.3438113,-15.794401,seed80407.png
-8.461652,-22.98669,seed80408.png
-27.10095,18.259132,seed80409.png
2.5679915,-0.71094435,seed8041.png
23.55216,-3.291957,seed80410.png
-26.652552,-12.012931,seed80411.png
-35.24809,-1.8251673,seed80412.png
-0.17041476,3.1710937,seed80413.png
-31.575792,24.382435,seed80414.png
-25.773462,20.222109,seed80415.png
13.052332,-37.029846,seed80416.png
11.302378,23.07837,seed80417.png
-1.8343221,-14.565418,seed80418.png
2.307774,13.1632185,seed80419.png
16.108091,7.5939837,seed8042.png
23.659288,17.957748,seed80420.png
10.521226,-38.888317,seed80421.png
3.6584423,6.113121,seed80422.png
34.614605,27.57889,seed80423.png
-18.7126,-21.953962,seed80424.png
19.735071,-1.0810142,seed80425.png
38.943928,12.372971,seed80426.png
-4.8452563,-13.597383,seed80427.png
-33.938118,15.761287,seed80428.png
3.8477015,-5.0484858,seed80429.png
23.00866,10.673249,seed8043.png
-29.268702,-10.750782,seed80430.png
-15.230706,-13.626774,seed80431.png
26.772293,17.708044,seed80432.png
-18.309126,-5.1012874,seed80433.png
22.085218,-3.1668472,seed80434.png
-22.06868,-6.2091894,seed80435.png
-21.898926,-12.087151,seed80436.png
-18.248371,-15.51986,seed80437.png
6.0285716,1.7718275,seed80438.png
15.982255,5.361618,seed80439.png
-18.006931,-27.357952,seed8044.png
20.645412,19.76168,seed80440.png
-12.442204,-12.932657,seed80441.png
9.847806,-40.65344,seed80442.png
34.72678,4.8710938,seed80443.png
39.36026,17.014494,seed80444.png
34.271225,14.936953,seed80445.png
21.747242,23.430082,seed80446.png
-20.37428,10.52899,seed80447.png
-20.430403,-19.308844,seed80448.png
-37.977726,9.173678,seed80449.png
-35.88128,9.593192,seed8045.png
15.19031,14.053232,seed80450.png
-6.6621213,-16.865211,seed80451.png
11.202801,-42.81894,seed80452.png
11.353651,-3.8826458,seed80453.png
-27.686312,11.494434,seed80454.png
16.218266,21.527317,seed80455.png
-11.162223,-13.14308,seed80456.png
10.453191,-41.406853,seed80457.png
17.97443,24.693035,seed80458.png
-35.73168,9.199841,seed80459.png
-19.723389,-4.591392,seed8046.png
24.076569,21.448853,seed80460.png
20.930819,4.1025248,seed80461.png
27.917377,17.178314,seed80462.png
-8.825234,-4.982914,seed80463.png
-25.847643,-6.992703,seed80464.png
-21.716787,13.355371,seed80465.png
-6.8682785,-27.2345,seed80466.png
-10.705318,-26.234718,seed80467.png
9.87744,-32.607544,seed80468.png
35.737804,26.24807,seed80469.png
16.705172,-35.591766,seed8047.png
-21.829508,-24.45094,seed80470.png
-19.930056,4.2826905,seed80471.png
29.104631,27.63596,seed80472.png
-5.440647,-1.5225811,seed80473.png
-27.939308,-4.5841823,seed80474.png
-32.09408,4.8466735,seed80475.png
-0.83803385,13.893375,seed80476.png
-22.973143,11.920063,seed80477.png
-26.432863,13.006343,seed80478.png
18.314882,-8.784654,seed80479.png
-22.226976,8.496175,seed8048.png
4.8609405,-29.226162,seed80480.png
-1.506648,-13.191787,seed80481.png
-22.756239,-11.193297,seed80482.png
30.165024,19.595512,seed80483.png
-23.842604,8.2683115,seed80484.png
12.331631,-39.767784,seed80485.png
9.373765,23.835554,seed80486.png
8.588248,-1.6762115,seed80487.png
-18.749512,-22.364883,seed80488.png
-15.93288,-21.684473,seed80489.png
-26.584486,9.462304,seed8049.png
23.853153,2.9734812,seed80490.png
-4.2983646,-12.243714,seed80491.png
-0.9685647,14.5370035,seed80492.png
8.1471,-37.859943,seed80493.png
-10.02822,-5.3792887,seed80494.png
7.338656,-28.805063,seed80495.png
5.590904,-4.3076673,seed80496.png
27.8151,18.615543,seed80497.png
-28.590612,6.6058435,seed80498.png
28.41116,2.2859464,seed80499.png
9.462433,-6.3417363,seed8050.png
-8.051239,-3.366112,seed80500.png
32.43922,4.4805055,seed80501.png
27.882084,4.2080717,seed80502.png
15.8541,-5.963156,seed80503.png
-16.922842,-6.153739,seed80504.png
-35.413666,5.873676,seed80505.png
9.61965,11.19203,seed80506.png
-19.887608,11.109867,seed80507.png
-26.752167,4.1946974,seed80508.png
-24.728188,8.008393,seed80509.png
34.639153,18.233625,seed8051.png
-15.039522,-6.5512414,seed80510.png
-34.01617,24.706308,seed80511.png
-20.167368,15.540035,seed80512.png
15.352159,0.7660732,seed80513.png
15.315755,23.091488,seed80514.png
23.041533,14.584411,seed80515.png
-23.423878,15.963981,seed80516.png
38.658504,10.873416,seed80517.png
-30.804985,2.0909536,seed80518.png
-19.323414,-5.069215,seed80519.png
-24.240793,-18.006487,seed8052.png
-34.53361,7.1850204,seed80520.png
-27.652142,-20.945702,seed80521.png
20.441492,-4.817619,seed80522.png
9.995635,5.025809,seed80523.png
-24.556746,-8.1135845,seed80524.png
16.16468,-0.5981815,seed80525.png
14.303046,-34.460976,seed80526.png
-18.962406,-2.8292215,seed80527.png
-18.327316,-14.0448675,seed80528.png
-19.88296,-30.625423,seed80529.png
-2.2611396,-3.5041292,seed8053.png
6.954413,-1.7649848,seed80530.png
-23.392122,-16.04464,seed80531.png
14.026132,20.338308,seed80532.png
-8.79147,-27.35458,seed80533.png
-3.0037043,-13.231894,seed80534.png
-18.963203,-10.909133,seed80535.png
-10.07521,2.2493365,seed80536.png
18.89971,26.496336,seed80537.png
-13.057634,-11.376248,seed80538.png
8.751564,11.268245,seed80539.png
-2.4690766,-14.736759,seed8054.png
-10.456254,-24.338179,seed80540.png
11.300462,21.320173,seed80541.png
32.89532,24.742456,seed80542.png
8.848932,-1.9120593,seed80543.png
16.37786,-7.682579,seed80544.png
-12.956413,-17.63003,seed80545.png
23.404112,9.402612,seed80546.png
10.132481,11.427751,seed80547.png
14.760455,5.361235,seed80548.png
3.3546858,-26.569468,seed80549.png
-18.507212,-22.075747,seed8055.png
34.439716,10.871235,seed80550.png
14.770854,-6.864914,seed80551.png
20.473959,6.957487,seed80552.png
13.108791,-34.089508,seed80553.png
23.660343,9.777717,seed80554.png
-23.701374,11.782956,seed80555.png
9.633533,-2.164477,seed80556.png
35.709797,25.988764,seed80557.png
29.416162,6.8113756,seed80558.png
-31.93385,15.404913,seed80559.png
-12.58324,2.3329866,seed8056.png
-25.67422,10.884607,seed80560.png
-19.9201,-18.877052,seed80561.png
38.33476,16.278393,seed80562.png
-20.035679,-1.54598,seed80563.png
3.5934744,22.898535,seed80564.png
-34.45251,9.442942,seed80565.png
-18.168678,-18.73431,seed80566.png
5.3332305,12.8960495,seed80567.png
17.745605,22.716015,seed80568.png
9.87335,-23.559423,seed80569.png
-19.765907,-19.711473,seed8057.png
-34.62644,13.178375,seed80570.png
-24.79158,-20.178122,seed80571.png
-0.4299158,-18.04285,seed80572.png
-33.99061,21.67267,seed80573.png
-31.045662,-13.521871,seed80574.png
-33.292202,11.780121,seed80575.png
-3.023549,3.7723439,seed80576.png
-28.809195,4.6551332,seed80577.png
16.306618,7.9263353,seed80578.png
27.141937,17.973747,seed80579.png
-13.709374,-31.46658,seed8058.png
14.110533,1.7896641,seed80580.png
18.606178,14.81058,seed80581.png
-32.921482,10.197997,seed80582.png
34.005516,27.884846,seed80583.png
-26.284096,-13.283451,seed80584.png
-33.99874,-9.443502,seed80585.png
30.698969,18.11803,seed80586.png
41.420757,20.773554,seed80587.png
22.691767,15.21004,seed80588.png
15.529501,-31.721636,seed80589.png
17.974821,10.147391,seed8059.png
10.951195,13.840821,seed80590.png
-18.345406,-30.635643,seed80591.png
-26.722813,11.221514,seed80592.png
11.568605,-43.162525,seed80593.png
32.06576,13.323685,seed80594.png
24.699982,23.257542,seed80595.png
-30.62878,18.125895,seed80596.png
-25.162432,-2.9458737,seed80597.png
23.502367,-2.8073242,seed80598.png
2.9135664,-26.627777,seed80599.png
16.823576,17.036825,seed8060.png
-22.906305,-12.753838,seed80600.png
24.889805,16.38288,seed80601.png
21.331768,19.39386,seed80602.png
-14.085456,-9.821177,seed80603.png
-30.051256,21.734192,seed80604.png
11.429417,28.51189,seed80605.png
-2.0554307,24.818813,seed80606.png
-9.968336,-16.806803,seed80607.png
-12.307947,-29.98464,seed80608.png
35.554146,16.278112,seed80609.png
-37.809204,10.038918,seed8061.png
16.100582,19.23405,seed80610.png
12.662888,-32.16339,seed80611.png
11.5269165,19.678577,seed80612.png
-33.051476,26.628366,seed80613.png
15.409313,-5.455816,seed80614.png
15.14385,-30.10789,seed80615.png
21.488873,20.55373,seed80616.png
-0.20122857,1.9212655,seed80617.png
5.7818456,-33.033836,seed80618.png
34.47507,11.820918,seed80619.png
-34.479553,22.396057,seed8062.png
-27.365389,-15.438954,seed80620.png
24.98663,15.088536,seed80621.png
-20.679579,-18.277744,seed80622.png
-7.122633,-15.728622,seed80623.png
-24.657585,19.040041,seed80624.png
33.79042,4.1715436,seed80625.png
37.975296,6.420855,seed80626.png
-32.62863,-5.913216,seed80627.png
5.6437883,14.2564535,seed80628.png
5.279021,-29.636532,seed80629.png
36.92155,17.43617,seed8063.png
26.577713,26.502789,seed80630.png
-19.420776,-5.2100577,seed80631.png
7.041374,5.9707828,seed80632.png
-23.06268,-23.07644,seed80633.png
-23.947046,-19.208666,seed80634.png
-7.2983623,-9.715934,seed80635.png
9.233585,3.9462404,seed80636.png
-11.62768,-14.3450165,seed80637.png
31.67156,0.13035582,seed80638.png
31.698528,7.2066813,seed80639.png
-21.077759,10.723069,seed8064.png
-17.425493,0.5682631,seed80640.png
19.898687,0.052369848,seed80641.png
-25.457863,16.31799,seed80642.png
-15.277057,7.3564706,seed80643.png
34.919285,15.1110525,seed80644.png
0.28924134,-14.765304,seed80645.png
-32.99303,1.847589,seed80646.png
7.604658,9.094152,seed80647.png
22.341553,-0.2071875,seed80648.png
16.876518,0.87176013,seed80649.png
-9.434575,-12.378204,seed8065.png
-34.915737,27.058779,seed80650.png
-19.535799,-8.502202,seed80651.png
-22.613482,-3.7611969,seed80652.png
-19.654593,6.758479,seed80653.png
31.657545,11.349944,seed80654.png
20.741648,14.4884205,seed80655.png
-10.394542,-24.550398,seed80656.png
-30.438087,0.022815295,seed80657.png
23.801264,16.323547,seed80658.png
18.940048,-7.790183,seed80659.png
30.235413,7.529358,seed8066.png
15.748354,-36.827187,seed80660.png
19.340048,15.790568,seed80661.png
0.8782056,18.706848,seed80662.png
23.612566,7.7248836,seed80663.png
-14.101325,-22.739765,seed80664.png
37.1695,24.748917,seed80665.png
22.43883,16.852392,seed80666.png
6.255437,-31.558102,seed80667.png
-34.853172,12.312763,seed80668.png
31.398653,17.45985,seed80669.png
2.3565896,-12.868376,seed8067.png
-14.067574,-9.324703,seed80670.png
-16.576223,-25.790863,seed80671.png
-9.027917,-8.278162,seed80672.png
5.4128795,9.647382,seed80673.png
4.9824123,-2.4764197,seed80674.png
29.360218,19.634844,seed80675.png
6.4550085,5.3765516,seed80676.png
10.290719,-29.861967,seed80677.png
-17.477127,-13.838707,seed80678.png
-31.23353,18.719349,seed80679.png
12.164168,-42.57793,seed8068.png
21.14199,2.4481184,seed80680.png
-28.279663,-16.631186,seed80681.png
16.611668,24.82194,seed80682.png
39.267517,17.953154,seed80683.png
7.366123,1.2277569,seed80684.png
-20.31457,-25.298916,seed80685.png
25.865047,14.544325,seed80686.png
20.499561,21.104422,seed80687.png
-5.830435,-4.701898,seed80688.png
33.22623,24.408186,seed80689.png
8.777724,-16.394146,seed8069.png
16.577429,16.923971,seed80690.png
35.7575,21.932636,seed80691.png
-18.913353,1.770315,seed80692.png
39.178246,9.825671,seed80693.png
-25.751623,5.128384,seed80694.png
-17.077599,-12.83055,seed80695.png
-22.475594,-17.878294,seed80696.png
-14.725593,-7.252396,seed80697.png
-18.465958,-22.098845,seed80698.png
-24.54304,4.666645,seed80699.png
4.7463117,18.66334,seed8070.png
18.911474,-9.005915,seed80700.png
25.717115,11.027375,seed80701.png
8.735151,13.203976,seed80702.png
-21.678967,-16.264786,seed80703.png
-25.371756,9.989941,seed80704.png
-32.620903,24.537535,seed80705.png
-32.95711,21.95297,seed80706.png
36.383606,20.870565,seed80707.png
-25.146866,-12.225042,seed80708.png
4.7120786,11.937368,seed80709.png
14.559712,17.4918,seed8071.png
31.657236,24.09522,seed80710.png
12.826119,0.51119816,seed80711.png
23.676342,12.426802,seed80712.png
-31.244995,11.686944,seed80713.png
2.5098562,5.6368885,seed80714.png
16.136839,26.41587,seed80715.png
34.5638,25.22852,seed80716.png
10.061841,-31.583275,seed80717.png
22.496498,21.337784,seed80718.png
-13.810082,-9.559877,seed80719.png
38.413517,8.820762,seed8072.png
8.941588,29.152159,seed80720.png
25.222952,6.0735517,seed80721.png
24.060488,1.5798502,seed80722.png
9.9649105,26.91367,seed80723.png
-19.60586,-28.191378,seed80724.png
7.0978193,-39.69816,seed80725.png
-22.609056,-17.226784,seed80726.png
-13.799607,-29.827442,seed80727.png
-21.362682,13.726012,seed80728.png
2.3609693,23.403477,seed80729.png
-28.499348,5.4581723,seed8073.png
10.509956,29.479357,seed80730.png
14.583149,2.6202786,seed80731.png
12.567856,-42.23312,seed80732.png
-16.477167,-17.645014,seed80733.png
-9.404546,-6.4993315,seed80734.png
-1.7019506,21.703125,seed80735.png
-28.687443,17.833576,seed80736.png
23.673231,6.6984143,seed80737.png
17.043901,-33.86211,seed80738.png
13.295004,-33.973606,seed80739.png
-29.835825,-15.757752,seed8074.png
24.255985,19.674042,seed80740.png
15.616723,20.659428,seed80741.png
-15.612774,-1.3890344,seed80742.png
-13.539643,-27.405416,seed80743.png
14.955376,-32.55055,seed80744.png
3.8338978,6.230709,seed80745.png
4.9137235,16.723993,seed80746.png
12.181448,-41.392494,seed80747.png
10.084283,-41.1901,seed80748.png
-13.39836,-7.976013,seed80749.png
-0.08367824,-13.980149,seed8075.png
-21.096455,-16.112726,seed80750.png
16.354393,-33.591812,seed80751.png
-24.797867,10.370483,seed80752.png
32.444065,6.386142,seed80753.png
-18.866222,13.925114,seed80754.png
36.772423,13.552366,seed80755.png
-30.834063,-17.420462,seed80756.png
-32.960754,11.319803,seed80757.png
20.317806,-6.464046,seed80758.png
3.4028065,-26.932632,seed80759.png
16.862492,-2.6922493,seed8076.png
-19.033474,4.5126243,seed80760.png
-2.3572624,-17.06944,seed80761.png
-6.57769,-13.043678,seed80762.png
-15.255504,5.380127,seed80763.png
-15.625834,-19.85281,seed80764.png
-32.831596,8.507108,seed80765.png
-34.59987,18.464298,seed80766.png
-30.51621,12.440372,seed80767.png
11.325954,-10.007559,seed80768.png
-21.694498,8.267818,seed80769.png
28.025774,26.407965,seed8077.png
16.413979,24.407263,seed80770.png
-27.693739,14.842197,seed80771.png
8.054267,12.443172,seed80772.png
-14.394466,-4.472927,seed80773.png
-26.085165,-20.003199,seed80774.png
29.334364,14.5864725,seed80775.png
11.255081,17.284615,seed80776.png
-6.54299,-9.488359,seed80777.png
-28.144018,11.92224,seed80778.png
-3.1440213,0.18240286,seed80779.png
16.157976,-2.037046,seed8078.png
-30.904354,-9.440428,seed80780.png
36.64822,16.19679,seed80781.png
-29.486046,-1.4161451,seed80782.png
-7.1335278,-25.528704,seed80783.png
20.160734,1.4743227,seed80784.png
-16.207237,-14.117835,seed80785.png
-9.485786,-26.531473,seed80786.png
13.174048,-33.45697,seed80787.png
-26.923937,-4.3692293,seed80788.png
25.28643,18.975824,seed80789.png
15.147066,1.595186,seed8079.png
-15.993888,3.131391,seed80790.png
-20.158684,-19.861008,seed80791.png
-15.86157,-14.141457,seed80792.png
7.1870418,16.833761,seed80793.png
4.8034997,3.4494972,seed80794.png
21.91858,16.746256,seed80795.png
-7.4703994,-27.1738,seed80796.png
22.191093,11.385163,seed80797.png
-30.061218,6.4321866,seed80798.png
-15.473624,0.5306567,seed80799.png
-20.831217,-18.432627,seed8080.png
15.7552395,-34.371365,seed80800.png
25.888742,2.0562654,seed80801.png
-28.658892,-7.397147,seed80802.png
30.84238,3.291907,seed80803.png
24.29871,22.365782,seed80804.png
12.357432,-22.970991,seed80805.png
21.68974,16.937387,seed80806.png
36.031647,6.4639263,seed80807.png
-33.712997,23.58589,seed80808.png
-15.19623,-25.890457,seed80809.png
39.63419,10.9177685,seed8081.png
-25.436459,-5.950108,seed80810.png
0.2914522,5.7329955,seed80811.png
4.0570707,-35.48628,seed80812.png
-15.008392,-0.17156984,seed80813.png
10.493269,-34.358162,seed80814.png
-31.472622,4.136596,seed80815.png
-32.421574,0.0855999,seed80816.png
-4.6213865,10.611436,seed80817.png
-24.892262,14.637375,seed80818.png
-20.624443,8.295685,seed80819.png
-19.190554,-8.277128,seed8082.png
-0.7492881,9.990759,seed80820.png
-18.54507,1.3204321,seed80821.png
-21.461334,-13.3695965,seed80822.png
-16.400635,-8.618045,seed80823.png
-11.66892,-3.3107955,seed80824.png
11.351474,-0.9238578,seed80825.png
-8.867509,-12.389005,seed80826.png
-18.31739,-18.263748,seed80827.png
9.150359,-39.74725,seed80828.png
25.15939,5.864383,seed80829.png
21.251692,27.27138,seed8083.png
-7.9581385,-14.169949,seed80830.png
19.388245,15.804738,seed80831.png
8.532033,9.978239,seed80832.png
-15.291965,-21.17541,seed80833.png
19.321161,18.5361,seed80834.png
-0.24035065,-18.553986,seed80835.png
20.828417,-8.003297,seed80836.png
7.3683324,-38.77159,seed80837.png
8.285583,9.588684,seed80838.png
7.298321,2.3158755,seed80839.png
-3.1492538,-12.470091,seed8084.png
-33.14874,1.0391351,seed80840.png
8.387508,-33.4416,seed80841.png
6.4738874,-38.669846,seed80842.png
2.0376256,-0.35810402,seed80843.png
-30.300245,19.561249,seed80844.png
18.022894,2.1247175,seed80845.png
24.268963,7.6615257,seed80846.png
20.62885,23.589512,seed80847.png
8.317054,-38.353397,seed80848.png
-25.82177,12.229443,seed80849.png
-18.863653,4.449562,seed8085.png
32.945602,19.637392,seed80850.png
38.562855,20.4109,seed80851.png
4.75347,0.6843137,seed80852.png
-21.828665,1.8664399,seed80853.png
-21.139797,4.2904696,seed80854.png
-34.576286,19.617924,seed80855.png
16.733232,16.312475,seed80856.png
-20.456097,9.696803,seed80857.png
19.472681,-4.6853375,seed80858.png
-17.328487,8.824524,seed80859.png
17.150928,17.396532,seed8086.png
-9.928497,-27.174746,seed80860.png
-19.244259,-14.902158,seed80861.png
-29.622896,-16.620583,seed80862.png
-15.501789,-10.396446,seed80863.png
31.62262,14.2887,seed80864.png
-20.591099,5.700595,seed80865.png
25.246742,17.984434,seed80866.png
-3.082489,-4.374896,seed80867.png
-2.5074947,-2.5168412,seed80868.png
11.702829,-39.877117,seed80869.png
-1.5312108,24.705996,seed8087.png
-28.344746,-5.943986,seed80870.png
-10.395104,-14.918882,seed80871.png
-22.513113,10.707256,seed80872.png
-20.89806,-4.246581,seed80873.png
-18.048727,1.25433,seed80874.png
17.819298,24.781597,seed80875.png
11.333674,-43.693016,seed80876.png
-30.788647,23.743513,seed80877.png
-3.0310497,15.107042,seed80878.png
-25.953953,-16.215246,seed80879.png
-36.110542,20.985762,seed8088.png
13.691175,-33.512432,seed80880.png
4.710002,-36.469723,seed80881.png
2.9256673,3.9702969,seed80882.png
8.47323,-25.938627,seed80883.png
23.444578,-4.791211,seed80884.png
-23.323246,-8.141842,seed80885.png
-27.015194,19.975912,seed80886.png
3.7947233,19.611887,seed80887.png
33.772335,21.413,seed80888.png
17.148197,2.3410103,seed80889.png
-11.752803,-19.954592,seed8089.png
-30.075048,9.157665,seed80890.png
5.801743,-31.132946,seed80891.png
-11.2150345,-13.433918,seed80892.png
-33.489456,19.669062,seed80893.png
-26.609919,-14.494341,seed80894.png
22.292656,5.9126306,seed80895.png
-33.602295,12.655356,seed80896.png
11.908473,-4.7963257,seed80897.png
-14.690159,-27.313896,seed80898.png
-33.666317,21.022333,seed80899.png
-20.506798,4.635823,seed8090.png
-22.432102,-23.374916,seed80900.png
-20.73771,-13.63817,seed80901.png
-23.673403,-4.507715,seed80902.png
7.403296,-2.7793894,seed80903.png
-23.03119,-12.810126,seed80904.png
14.0633955,8.393449,seed80905.png
-32.39361,22.650066,seed80906.png
-25.427307,13.436528,seed80907.png
39.37476,17.795973,seed80908.png
21.934069,17.529903,seed80909.png
4.398639,14.842985,seed8091.png
-31.260977,-11.642806,seed80910.png
-7.703365,12.01848,seed80911.png
-28.816334,-2.9563525,seed80912.png
12.663532,-8.547991,seed80913.png
11.272594,-38.600967,seed80914.png
9.931219,-24.611712,seed80915.png
-23.656374,-21.77003,seed80916.png
24.317745,14.566724,seed80917.png
12.94981,0.020507308,seed80918.png
-13.118464,-29.288797,seed80919.png
-3.5843391,-19.92701,seed8092.png
-35.332222,-6.8385196,seed80920.png
-24.355171,-27.648727,seed80921.png
-15.093503,-25.996689,seed80922.png
-29.749643,12.458903,seed80923.png
36.890507,22.350487,seed80924.png
-23.624857,-0.6652676,seed80925.png
-18.768103,4.1571016,seed80926.png
28.554705,13.681324,seed80927.png
-17.415941,-21.801275,seed80928.png
9.300161,-2.4467103,seed80929.png
3.9546938,8.236812,seed8093.png
14.508466,23.685827,seed80930.png
14.451291,-32.814194,seed80931.png
38.453663,21.219503,seed80932.png
-14.291649,-21.466177,seed80933.png
4.0449905,5.66504,seed80934.png
-12.692862,5.632692,seed80935.png
-26.405035,14.021912,seed80936.png
-22.88384,11.142129,seed80937.png
-24.754583,-21.375555,seed80938.png
-11.50572,-3.9867547,seed80939.png
2.7223766,1.7879755,seed8094.png
-18.408117,-17.169853,seed80940.png
35.228878,7.607688,seed80941.png
19.150522,20.44988,seed80942.png
11.758668,-14.333056,seed80943.png
39.063793,23.651262,seed80944.png
-19.521467,-21.288586,seed80945.png
-2.9583318,-11.887064,seed80946.png
11.163137,-33.434647,seed80947.png
35.953815,23.52848,seed80948.png
19.777126,13.340662,seed80949.png
-33.358994,10.113082,seed8095.png
-14.4330015,-1.215488,seed80950.png
-23.087858,2.2139492,seed80951.png
1.1569393,21.181787,seed80952.png
-32.03314,21.28742,seed80953.png
10.993525,-29.72216,seed80954.png
23.857101,4.016092,seed80955.png
-25.908974,10.279154,seed80956.png
26.340284,24.560966,seed80957.png
9.183894,2.8060133,seed80958.png
-10.90192,-14.890928,seed80959.png
-6.607121,2.0085397,seed8096.png
-28.58234,-20.384956,seed80960.png
-34.898502,19.63452,seed80961.png
14.615609,13.203884,seed80962.png
7.998805,-10.2888975,seed80963.png
6.56728,18.231657,seed80964.png
3.48559,-1.3309783,seed80965.png
4.541581,-36.891426,seed80966.png
21.789244,22.989391,seed80967.png
-7.560206,0.34325588,seed80968.png
36.165874,17.721218,seed80969.png
17.376835,21.85733,seed8097.png
32.80581,8.644408,seed80970.png
9.539366,21.967157,seed80971.png
16.2792,-10.592517,seed80972.png
1.7500263,20.943016,seed80973.png
26.046228,20.870232,seed80974.png
-12.433363,1.5581331,seed80975.png
14.224652,-32.02597,seed80976.png
14.070189,-33.955067,seed80977.png
-12.438745,-22.06268,seed80978.png
-20.3413,-31.688522,seed80979.png
7.547106,18.192883,seed8098.png
30.23147,13.039135,seed80980.png
26.844645,12.271696,seed80981.png
-13.245995,-16.724895,seed80982.png
-17.047861,-19.11146,seed80983.png
16.878798,25.400345,seed80984.png
27.57084,-1.4871695,seed80985.png
-20.398815,-6.0567513,seed80986.png
-30.993402,-3.9490495,seed80987.png
19.308342,10.079617,seed80988.png
31.384224,13.013211,seed80989.png
-1.4604596,-16.619423,seed8099.png
-13.977677,-19.300394,seed80990.png
-16.811285,5.7179656,seed80991.png
-2.5778332,-13.592266,seed80992.png
-34.164703,26.685509,seed80993.png
41.3242,22.712687,seed80994.png
24.681456,22.0709,seed80995.png
20.2118,22.908646,seed80996.png
11.341771,-39.312107,seed80997.png
-30.224049,15.87576,seed80998.png
26.413654,24.881409,seed80999.png
35.08554,18.883808,seed8100.png
-29.649477,8.483254,seed81000.png
7.8430734,-27.00464,seed81001.png
35.04322,11.789233,seed81002.png
14.463144,-33.113003,seed81003.png
29.415058,24.911459,seed81004.png
-30.530212,-4.629418,seed81005.png
-29.704533,4.452026,seed81006.png
11.670235,-16.248707,seed81007.png
-16.968613,-2.556738,seed81008.png
-34.65222,11.14143,seed81009.png
8.421617,-36.435303,seed8101.png
32.019577,19.721163,seed81010.png
-18.27831,-1.7280654,seed81011.png
-33.92861,9.44667,seed81012.png
-8.872579,9.58586,seed81013.png
-16.793419,4.1555114,seed81014.png
-33.813496,0.14064689,seed81015.png
-17.967777,-11.425591,seed81016.png
6.831611,-2.9367778,seed81017.png
-32.89163,3.8095574,seed81018.png
-10.540342,-27.14101,seed81019.png
28.223465,20.122353,seed8102.png
-22.009474,-28.39325,seed81020.png
-34.289356,23.572243,seed81021.png
-29.845129,7.9516635,seed81022.png
-19.45793,-25.275656,seed81023.png
-20.027384,-28.666811,seed81024.png
-25.26964,18.876427,seed81025.png
-25.096489,-11.820927,seed81026.png
-25.978214,-2.225632,seed81027.png
29.014488,15.294839,seed81028.png
9.026669,-8.014459,seed81029.png
-11.210552,-11.081448,seed8103.png
7.1719885,13.572066,seed81030.png
-24.091026,-2.0173228,seed81031.png
23.830393,13.262417,seed81032.png
-25.19894,7.0231686,seed81033.png
20.47397,20.707245,seed81034.png
23.493782,6.6157675,seed81035.png
29.222002,-0.03275793,seed81036.png
-19.4516,-19.433329,seed81037.png
-23.950207,-18.882109,seed81038.png
12.85012,1.6274146,seed81039.png
41.064285,20.30956,seed8104.png
-12.472757,-5.148514,seed81040.png
-12.371154,-19.931763,seed81041.png
-16.24515,-8.776501,seed81042.png
-14.79859,-22.429989,seed81043.png
-19.759995,-14.709692,seed81044.png
-10.989377,-25.916023,seed81045.png
6.783627,15.721012,seed81046.png
35.78727,4.3483357,seed81047.png
13.334974,10.366915,seed81048.png
-22.62138,-19.2614,seed81049.png
-23.216278,-2.161069,seed8105.png
35.532024,18.360373,seed81050.png
-2.345285,-18.426971,seed81051.png
27.991165,17.41732,seed81052.png
-1.7471534,-16.388624,seed81053.png
22.91675,-6.23703,seed81054.png
3.1496356,9.872348,seed81055.png
9.666262,-39.2891,seed81056.png
14.497938,-32.865475,seed81057.png
-29.821148,18.786093,seed81058.png
-15.734607,-20.28495,seed81059.png
-0.80241334,22.68337,seed8106.png
31.131102,15.374654,seed81060.png
17.956205,-6.388523,seed81061.png
22.666164,-0.5616897,seed81062.png
10.7327585,15.312541,seed81063.png
-14.801816,4.4129276,seed81064.png
-15.775898,-24.536884,seed81065.png
-12.433354,-2.5319278,seed81066.png
29.6045,18.72149,seed81067.png
-22.595173,7.9956174,seed81068.png
9.21494,8.464315,seed81069.png
-13.156065,-17.635023,seed8107.png
-1.3429496,19.380009,seed81070.png
-30.505568,-10.543323,seed81071.png
14.068689,2.0827994,seed81072.png
-20.842276,-24.397114,seed81073.png
30.759815,19.22321,seed81074.png
5.164667,23.039766,seed81075.png
13.796998,-39.043324,seed81076.png
-33.65213,-3.1624904,seed81077.png
-9.563474,-3.902972,seed81078.png
24.748125,8.734921,seed81079.png
19.552147,-3.3309426,seed8108.png
2.9172392,15.801887,seed81080.png
-34.585526,6.986809,seed81081.png
-25.156675,-2.2319283,seed81082.png
30.21442,3.3937852,seed81083.png
-14.767667,10.309778,seed81084.png
-0.6188135,-5.5667653,seed81085.png
-7.92238,-22.77821,seed81086.png
35.500534,13.485466,seed81087.png
14.045434,26.499865,seed81088.png
-15.099991,1.0830666,seed81089.png
12.480214,-42.43321,seed8109.png
-24.85207,0.44911957,seed81090.png
9.163002,-36.53565,seed81091.png
15.126436,17.673481,seed81092.png
-30.144636,7.8650947,seed81093.png
-9.228097,-7.5024424,seed81094.png
11.584045,-2.2730002,seed81095.png
-25.269966,4.6885567,seed81096.png
9.995058,-39.47387,seed81097.png
-14.796577,-9.313237,seed81098.png
34.506615,25.882113,seed81099.png
-32.874393,17.340345,seed8110.png
13.828545,-6.925018,seed81100.png
11.762989,14.055124,seed81101.png
-34.528225,26.545725,seed81102.png
-16.522879,-30.076315,seed81103.png
35.70493,14.923671,seed81104.png
-2.1584916,-5.26789,seed81105.png
22.86316,15.423269,seed81106.png
28.47726,-1.1448536,seed81107.png
-19.589273,-27.249725,seed81108.png
-23.398054,8.537097,seed81109.png
-27.16208,15.534474,seed8111.png
-16.851252,-2.9519768,seed81110.png
-22.960138,0.44856802,seed81111.png
-3.4307735,-22.765602,seed81112.png
-23.853878,1.0712,seed81113.png
-4.891924,-19.63102,seed81114.png
-24.341839,8.7234535,seed81115.png
4.0069504,10.779235,seed81116.png
20.03487,1.68208,seed81117.png
30.749237,13.917269,seed81118.png
-13.439512,2.351852,seed81119.png
-3.3774383,-18.46688,seed8112.png
2.198308,4.07496,seed81120.png
9.618968,22.744331,seed81121.png
-10.532228,-17.961422,seed81122.png
15.369292,14.635229,seed81123.png
-19.07178,-9.778881,seed81124.png
-28.077648,-12.679432,seed81125.png
33.3242,8.264856,seed81126.png
-18.08943,-28.832836,seed81127.png
-21.877657,-19.44008,seed81128.png
-34.91483,-1.6689898,seed81129.png
-11.184104,-18.252205,seed8113.png
4.472145,6.3791904,seed81130.png
-19.483673,4.9237156,seed81131.png
9.389579,-41.44642,seed81132.png
19.051205,8.356645,seed81133.png
-9.964763,-10.72859,seed81134.png
28.761368,17.533073,seed81135.png
0.032575544,-17.840435,seed81136.png
-27.637796,6.122328,seed81137.png
-26.346756,-20.792667,seed81138.png
24.573326,5.902802,seed81139.png
12.955727,-41.514503,seed8114.png
-14.288346,-3.1368008,seed81140.png
-20.221697,-19.452803,seed81141.png
33.709225,16.59151,seed81142.png
18.544397,13.364406,seed81143.png
13.133714,-1.102499,seed81144.png
16.013878,-0.33945853,seed81145.png
-11.327321,-17.97118,seed81146.png
40.241657,10.941985,seed81147.png
-31.756956,3.4694953,seed81148.png
13.412566,-39.80275,seed81149.png
9.508164,-33.551414,seed8115.png
-13.46396,0.11342615,seed81150.png
-23.179108,7.3124566,seed81151.png
-7.62775,-5.6817775,seed81152.png
37.73567,11.1200485,seed81153.png
-10.608648,2.2903574,seed81154.png
12.545807,1.5036752,seed81155.png
-32.674847,21.083328,seed81156.png
26.135994,-3.1573853,seed81157.png
-6.0584044,-6.6947217,seed81158.png
-8.865587,-16.17095,seed81159.png
15.240641,-35.372368,seed8116.png
39.99748,13.197991,seed81160.png
-5.695473,-15.320082,seed81161.png
18.803423,-2.7624953,seed81162.png
24.896112,5.538994,seed81163.png
10.703232,1.1516858,seed81164.png
38.463467,7.2701516,seed81165.png
-34.3545,22.613695,seed81166.png
-19.805014,-19.422466,seed81167.png
11.489241,-10.611116,seed81168.png
3.0952346,-27.555084,seed81169.png
-7.9456654,-10.576225,seed8117.png
21.931591,4.894454,seed81170.png
-13.389732,4.021347,seed81171.png
15.535076,-34.40141,seed81172.png
31.599327,23.22247,seed81173.png
7.4952064,3.1563985,seed81174.png
15.606401,23.85158,seed81175.png
34.310276,24.59077,seed81176.png
-0.08142798,18.187277,seed81177.png
-4.213413,1.3089738,seed81178.png
-34.522217,14.725724,seed81179.png
-1.5058316,24.933434,seed8118.png
-19.552269,-4.9631553,seed81180.png
29.099266,8.55532,seed81181.png
24.448792,16.295227,seed81182.png
15.8973255,-36.85485,seed81183.png
-20.404167,3.3203862,seed81184.png
16.90213,23.771036,seed81185.png
17.808046,7.4558263,seed81186.png
-14.681876,-15.2209,seed81187.png
10.11738,3.1072001,seed81188.png
38.15023,23.608088,seed81189.png
0.35405555,6.921003,seed8119.png
16.563095,-31.379576,seed81190.png
9.192826,-28.041363,seed81191.png
-15.516154,-21.373556,seed81192.png
-17.372747,-15.616158,seed81193.png
-24.301191,-1.8163339,seed81194.png
-5.5604167,-9.204905,seed81195.png
4.4474397,-6.612018,seed81196.png
6.8331056,1.1489843,seed81197.png
11.267469,5.867854,seed81198.png
-24.128336,14.203717,seed81199.png
-22.456089,-13.543395,seed8120.png
-2.1839507,-17.60829,seed81200.png
9.747588,-28.259989,seed81201.png
35.40325,13.353528,seed81202.png
-34.25569,21.411888,seed81203.png
-17.8026,-14.8051195,seed81204.png
-32.26265,24.528229,seed81205.png
-17.317465,-28.633951,seed81206.png
34.16111,11.974672,seed81207.png
9.513799,0.18801717,seed81208.png
-20.548105,-29.66731,seed81209.png
-17.311094,-1.3580823,seed8121.png
-18.444803,-27.942358,seed81210.png
-38.416595,13.284561,seed81211.png
4.7134314,-35.669437,seed81212.png
-27.295507,-20.596453,seed81213.png
-18.829689,-27.189884,seed81214.png
23.106823,-0.04062969,seed81215.png
7.70716,3.5323458,seed81216.png
-23.50386,15.548817,seed81217.png
38.202133,17.292055,seed81218.png
-21.015852,-16.718966,seed81219.png
-34.617344,22.139225,seed8122.png
-0.5776632,-17.463568,seed81220.png
11.321363,-33.102943,seed81221.png
24.825083,12.705895,seed81222.png
-12.435072,-15.245163,seed81223.png
12.966531,-41.834805,seed81224.png
7.284486,-24.905739,seed81225.png
0.5946067,24.871681,seed81226.png
-7.2288427,12.22355,seed81227.png
18.260382,2.3949912,seed81228.png
15.7169485,1.2215453,seed81229.png
29.498478,18.78631,seed8123.png
22.403976,25.447716,seed81230.png
7.5807023,-28.225502,seed81231.png
15.821489,28.148249,seed81232.png
-17.066437,16.730675,seed81233.png
0.6259245,-14.133203,seed81234.png
5.9771433,12.303981,seed81235.png
-33.350143,18.525145,seed81236.png
-35.65344,20.986101,seed81237.png
6.7086334,18.899527,seed81238.png
-22.02532,-4.637721,seed81239.png
-27.259853,14.622366,seed8124.png
-10.940671,-20.438559,seed81240.png
7.822316,-2.7105985,seed81241.png
23.342068,25.666851,seed81242.png
31.100218,1.3953315,seed81243.png
-21.626345,5.8114057,seed81244.png
-32.177612,26.090517,seed81245.png
-18.51106,2.918116,seed81246.png
-5.3109126,-5.8005633,seed81247.png
-33.215492,10.886476,seed81248.png
9.611275,-34.949944,seed81249.png
-33.041428,4.1753454,seed8125.png
-28.86048,3.549098,seed81250.png
-34.65347,9.302039,seed81251.png
17.361475,25.358202,seed81252.png
30.74187,11.368138,seed81253.png
7.412397,-38.48465,seed81254.png
8.065033,-24.914368,seed81255.png
-20.718729,-23.22102,seed81256.png
4.5666294,-32.304832,seed81257.png
-21.015766,-9.114595,seed81258.png
-23.16256,-8.631025,seed81259.png
16.093199,-34.3485,seed8126.png
13.058544,-25.224564,seed81260.png
25.08912,22.11082,seed81261.png
20.369947,6.9752817,seed81262.png
6.0494003,-39.47282,seed81263.png
-17.152977,-6.427356,seed81264.png
4.552296,6.7244334,seed81265.png
39.25479,15.67919,seed81266.png
18.59428,10.322126,seed81267.png
19.367693,-1.9244665,seed81268.png
-19.552776,-16.45494,seed81269.png
37.052944,20.470802,seed8127.png
-3.131231,6.9196997,seed81270.png
-23.399689,17.057232,seed81271.png
-20.81324,1.9895924,seed81272.png
31.892164,7.874095,seed81273.png
12.988139,28.344791,seed81274.png
36.599777,21.546808,seed81275.png
-34.433372,2.827592,seed81276.png
-13.838548,-19.25496,seed81277.png
-4.0381093,11.183767,seed81278.png
3.075681,-1.5210383,seed81279.png
-24.817492,-24.607365,seed8128.png
-9.581254,-21.259565,seed81280.png
-35.54954,18.335978,seed81281.png
11.098724,-5.258005,seed81282.png
-22.68661,-24.150892,seed81283.png
-13.334528,-12.655849,seed81284.png
34.67551,13.469309,seed81285.png
-1.2894447,-10.409346,seed81286.png
8.149227,0.3157794,seed81287.png
24.968693,-0.94425637,seed81288.png
24.882078,1.3932441,seed81289.png
7.703799,-7.005788,seed8129.png
15.311788,-3.6995184,seed81290.png
22.500002,3.0987,seed81291.png
-4.4543166,-16.153946,seed81292.png
-0.805345,-13.412498,seed81293.png
21.028898,-0.40819913,seed81294.png
-23.226284,0.1512379,seed81295.png
6.621085,8.195023,seed81296.png
-19.447174,-8.987582,seed81297.png
31.599997,11.629391,seed81298.png
-28.937654,-8.408124,seed81299.png
23.40194,-4.534507,seed8130.png
-21.294205,-19.297817,seed81300.png
8.629636,-41.609646,seed81301.png
24.696745,2.5315824,seed81302.png
-29.984337,14.088711,seed81303.png
-0.5763249,24.72617,seed81304.png
-30.92804,14.251775,seed81305.png
-2.366189,18.288616,seed81306.png
25.930706,17.241707,seed81307.png
11.141225,6.6962214,seed81308.png
18.466019,-8.371733,seed81309.png
40.755775,19.705427,seed8131.png
15.339468,-31.61382,seed81310.png
-12.436247,0.7666089,seed81311.png
-31.123669,16.584127,seed81312.png
-2.7858865,-12.106762,seed81313.png
5.014737,7.694707,seed81314.png
33.613686,6.1770806,seed81315.png
-17.877853,-23.855951,seed81316.png
5.5964622,23.965649,seed81317.png
-19.87297,-9.5941515,seed81318.png
29.575262,8.893566,seed81319.png
4.739202,-36.68858,seed8132.png
5.0651007,4.165169,seed81320.png
-32.013847,-3.6980894,seed81321.png
11.931591,5.389628,seed81322.png
17.113815,14.356713,seed81323.png
21.957611,14.078861,seed81324.png
-31.308775,13.808476,seed81325.png
0.411324,-14.874557,seed81326.png
-32.680992,25.30236,seed81327.png
-27.635477,9.268375,seed81328.png
10.714762,-29.93814,seed81329.png
10.929566,-10.906787,seed8133.png
-11.440913,1.7013711,seed81330.png
0.5084344,15.271684,seed81331.png
36.46104,20.245024,seed81332.png
-6.859376,-19.085728,seed81333.png
11.971166,20.176888,seed81334.png
-18.887798,-12.484053,seed81335.png
7.7249913,21.821383,seed81336.png
-10.852529,-14.990578,seed81337.png
-35.29068,4.2676964,seed81338.png
-28.261318,8.606506,seed81339.png
38.219746,25.412193,seed8134.png
-26.165424,-12.537722,seed81340.png
-8.157913,10.099703,seed81341.png
-21.825403,0.88045615,seed81342.png
-16.351334,-10.194787,seed81343.png
-23.806864,-21.295454,seed81344.png
-10.092691,-2.9459639,seed81345.png
-14.119707,-3.6907794,seed81346.png
21.436125,10.361559,seed81347.png
11.558432,21.008543,seed81348.png
14.872962,18.13399,seed81349.png
-21.364138,18.159292,seed8135.png
5.1203322,-28.767721,seed81350.png
26.462894,-5.4853253,seed81351.png
8.442007,18.706509,seed81352.png
-31.602112,-8.157106,seed81353.png
-24.360601,-14.03195,seed81354.png
15.603697,9.274089,seed81355.png
-18.83868,3.4988725,seed81356.png
17.08863,-7.196697,seed81357.png
2.184093,15.662094,seed81358.png
31.404543,24.157814,seed81359.png
37.226612,17.749636,seed8136.png
4.5124583,-24.842903,seed81360.png
-15.258065,-29.710545,seed81361.png
-0.090204634,-18.720524,seed81362.png
-0.54203606,-1.1405182,seed81363.png
25.597523,14.291946,seed81364.png
34.566586,4.230089,seed81365.png
5.188415,9.176195,seed81366.png
25.118088,15.038729,seed81367.png
13.047309,-26.779884,seed81368.png
-9.825458,-16.234295,seed81369.png
17.304962,5.9153104,seed8137.png
-5.373691,18.297873,seed81370.png
-14.054976,-18.210054,seed81371.png
14.854419,-35.966484,seed81372.png
-34.588764,19.550415,seed81373.png
23.399025,2.4971983,seed81374.png
7.095055,-29.340109,seed81375.png
21.504673,12.121832,seed81376.png
11.913621,8.188688,seed81377.png
19.056675,5.647095,seed81378.png
38.496143,20.688189,seed81379.png
-21.252987,0.15178241,seed8138.png
16.13132,-6.5698295,seed81380.png
-22.485222,17.464165,seed81381.png
19.440683,28.083218,seed81382.png
-20.197083,13.5108,seed81383.png
-32.56565,16.097055,seed81384.png
4.4320188,-23.940872,seed81385.png
10.182341,-29.574144,seed81386.png
-12.337741,-11.7928915,seed81387.png
34.355186,18.793173,seed81388.png
-28.780413,-17.867956,seed81389.png
26.696749,27.589722,seed8139.png
27.74751,-1.2436639,seed81390.png
-10.86892,-25.670732,seed81391.png
23.010101,23.072111,seed81392.png
5.440393,14.819877,seed81393.png
2.4034114,-1.2792674,seed81394.png
33.00751,12.169827,seed81395.png
-20.901459,14.584153,seed81396.png
-34.254177,11.950212,seed81397.png
5.607809,15.950399,seed81398.png
-19.652527,-1.9034661,seed81399.png
-9.554039,-15.905904,seed8140.png
19.183409,4.717861,seed81400.png
-6.3324585,15.10549,seed81401.png
-21.959328,-5.5781817,seed81402.png
10.242825,-27.975666,seed81403.png
9.899745,29.373302,seed81404.png
-16.434603,3.5862346,seed81405.png
-18.0172,-18.726301,seed81406.png
40.635544,20.006311,seed81407.png
-24.464075,7.229255,seed81408.png
27.303377,17.351091,seed81409.png
16.125221,-35.803,seed8141.png
15.908247,-8.339143,seed81410.png
27.776133,8.992896,seed81411.png
-16.670238,-30.945164,seed81412.png
-15.039446,-8.816144,seed81413.png
6.4746056,9.255203,seed81414.png
18.565767,8.143745,seed81415.png
26.634491,3.3659267,seed81416.png
14.010564,20.97884,seed81417.png
-10.830208,-16.10511,seed81418.png
29.065798,1.7952727,seed81419.png
20.432781,3.772526,seed8142.png
9.799037,-1.4143506,seed81420.png
27.545938,2.433551,seed81421.png
8.238251,24.594824,seed81422.png
12.5673895,-6.0676455,seed81423.png
-29.89768,-9.157278,seed81424.png
16.796562,8.017588,seed81425.png
-24.517014,-12.229583,seed81426.png
17.088566,22.413248,seed81427.png
-9.939052,-11.051593,seed81428.png
1.5290306,21.219473,seed81429.png
-36.108204,4.1243663,seed8143.png
11.952239,-29.245214,seed81430.png
10.392426,15.897814,seed81431.png
-32.149918,12.914981,seed81432.png
-15.252754,5.199421,seed81433.png
4.846817,16.845957,seed81434.png
-32.5604,14.762748,seed81435.png
7.2444825,-10.396506,seed81436.png
-22.069302,-0.05848053,seed81437.png
18.150797,7.6352806,seed81438.png
14.003807,18.047651,seed81439.png
23.622778,2.853844,seed8144.png
13.908936,-29.875425,seed81440.png
-11.035413,-27.18442,seed81441.png
21.293293,-1.4492323,seed81442.png
-15.709776,-22.178286,seed81443.png
-16.77587,-18.973495,seed81444.png
-19.218784,0.18215945,seed81445.png
17.045563,18.710737,seed81446.png
-24.999805,1.503203,seed81447.png
18.392195,22.553602,seed81448.png
-10.777041,-28.879866,seed81449.png
-21.57547,7.864284,seed8145.png
-32.69838,23.944096,seed81450.png
24.251638,11.863995,seed81451.png
7.6967187,0.78527486,seed81452.png
-27.66357,16.377121,seed81453.png
31.657082,11.189572,seed81454.png
34.733738,5.5082855,seed81455.png
33.370274,17.913422,seed81456.png
-20.13344,-16.750101,seed81457.png
-21.267128,-20.23336,seed81458.png
22.782578,19.642998,seed81459.png
26.150002,17.488728,seed8146.png
-14.97163,-5.157905,seed81460.png
-20.099901,-12.705377,seed81461.png
-34.371403,27.00956,seed81462.png
27.142387,-1.489416,seed81463.png
13.297696,-26.842762,seed81464.png
7.6436157,-37.391457,seed81465.png
30.98708,8.098176,seed81466.png
11.526127,22.404745,seed81467.png
34.0915,28.429644,seed81468.png
-16.800308,-19.119314,seed81469.png
-18.902561,-20.054337,seed8147.png
13.193671,21.943563,seed81470.png
-20.57472,-0.047827043,seed81471.png
29.322786,20.825258,seed81472.png
-20.413387,-28.515965,seed81473.png
-0.34733775,24.416506,seed81474.png
-1.2727686,-17.648842,seed81475.png
-24.766577,-10.002261,seed81476.png
-32.959377,21.641586,seed81477.png
13.466534,28.634205,seed81478.png
24.331604,23.542267,seed81479.png
27.636839,22.453285,seed8148.png
13.643684,27.730366,seed81480.png
39.43954,14.916129,seed81481.png
16.917925,19.450338,seed81482.png
-27.058483,10.115626,seed81483.png
-10.040986,-30.296284,seed81484.png
-21.371132,13.649274,seed81485.png
-8.353132,-14.29742,seed81486.png
4.4387817,2.7931304,seed81487.png
4.3701496,18.656624,seed81488.png
25.601894,1.3944585,seed81489.png
25.309504,14.053292,seed8149.png
20.43908,25.701008,seed81490.png
-1.3632829,14.346135,seed81491.png
9.3309,-39.857723,seed81492.png
28.237991,17.558926,seed81493.png
25.691608,-2.5237448,seed81494.png
14.75952,17.885277,seed81495.png
-13.136563,-0.6414083,seed81496.png
-27.30531,-1.7109325,seed81497.png
22.726109,17.923004,seed81498.png
-15.918931,-29.817072,seed81499.png
-21.515425,19.674826,seed8150.png
9.627984,28.727129,seed81500.png
-16.553663,2.327006,seed81501.png
15.852556,-1.8769761,seed81502.png
16.725225,15.123223,seed81503.png
10.649095,-42.961567,seed81504.png
-32.796112,-4.4801345,seed81505.png
-5.3702393,-22.17792,seed81506.png
39.64397,19.534355,seed81507.png
34.851215,8.035908,seed81508.png
-33.608356,11.436265,seed81509.png
-22.91297,-3.2087524,seed8151.png
-2.4336212,-3.6068056,seed81510.png
13.666269,-3.491841,seed81511.png
-20.365103,-16.560904,seed81512.png
9.620247,-35.44377,seed81513.png
-2.9053435,20.152817,seed81514.png
-15.1514015,-11.53549,seed81515.png
-25.485273,-25.796963,seed81516.png
27.728733,3.5230494,seed81517.png
26.296272,7.36901,seed81518.png
26.310371,26.695919,seed81519.png
29.717863,5.02006,seed8152.png
-30.292717,11.029507,seed81520.png
17.86179,0.35161838,seed81521.png
-17.007326,0.6790033,seed81522.png
24.78791,18.689587,seed81523.png
-28.464577,-1.2893765,seed81524.png
-25.006886,11.636721,seed81525.png
-6.458355,-21.146088,seed81526.png
-5.415807,4.9658246,seed81527.png
25.34734,5.407239,seed81528.png
-33.97647,27.12182,seed81529.png
-1.3343424,-18.91559,seed8153.png
-23.263273,3.4446018,seed81530.png
21.64596,-2.6550236,seed81531.png
5.6413546,11.740127,seed81532.png
14.613907,-36.845695,seed81533.png
22.49244,3.491379,seed81534.png
30.832188,12.696746,seed81535.png
12.302108,23.44089,seed81536.png
16.88873,-35.684963,seed81537.png
-27.230848,-0.7965068,seed81538.png
16.92403,3.771724,seed81539.png
16.585743,-1.1786848,seed8154.png
-19.507975,-13.646468,seed81540.png
15.354522,-7.5905766,seed81541.png
-33.20404,10.88177,seed81542.png
8.413865,-18.871449,seed81543.png
-32.01952,25.479788,seed81544.png
4.046631,-31.023342,seed81545.png
12.778126,-25.17775,seed81546.png
39.63363,24.15334,seed81547.png
-32.047962,24.17796,seed81548.png
14.483909,2.7411797,seed81549.png
-29.93291,7.3093596,seed8155.png
13.076196,12.531266,seed81550.png
13.22425,-12.025212,seed81551.png
-14.975347,-7.7331257,seed81552.png
-18.652767,0.3450389,seed81553.png
-28.163086,17.474049,seed81554.png
2.3554559,17.984926,seed81555.png
-10.193346,-16.370886,seed81556.png
-2.8489254,-16.21092,seed81557.png
-4.374334,-18.327534,seed81558.png
-13.95711,-17.623962,seed81559.png
23.337656,-0.8326108,seed8156.png
-26.588436,6.515215,seed81560.png
-24.989813,-7.1204977,seed81561.png
11.572376,24.717943,seed81562.png
-7.1464176,18.597282,seed81563.png
9.5968075,-33.34279,seed81564.png
30.4169,7.2765822,seed81565.png
-33.36423,19.497305,seed81566.png
-12.092103,0.5366401,seed81567.png
-32.251446,4.401629,seed81568.png
19.230036,23.902674,seed81569.png
-15.790722,-30.559973,seed8157.png
8.785807,24.053074,seed81570.png
5.4730425,12.5643215,seed81571.png
-14.538418,-29.346697,seed81572.png
20.149855,10.964662,seed81573.png
-27.570354,13.442369,seed81574.png
-11.068122,-10.189714,seed81575.png
17.51842,-0.42901245,seed81576.png
-19.716324,-6.5602016,seed81577.png
-22.942196,12.88972,seed81578.png
18.899439,-1.2193495,seed81579.png
28.901415,9.404566,seed8158.png
-26.998205,-14.570951,seed81580.png
-20.076214,13.967343,seed81581.png
15.425211,26.106594,seed81582.png
10.721802,-2.5509763,seed81583.png
12.539519,-22.010475,seed81584.png
9.981294,-29.57057,seed81585.png
-11.681187,-16.52363,seed81586.png
-20.840689,-23.654837,seed81587.png
-1.765056,-20.81293,seed81588.png
25.523138,-1.9520055,seed81589.png
3.405629,-32.031918,seed8159.png
-11.069709,-15.17394,seed81590.png
10.097307,17.825638,seed81591.png
-25.674763,9.528577,seed81592.png
32.470676,17.953054,seed81593.png
26.57106,22.070478,seed81594.png
-3.1882174,-16.178795,seed81595.png
16.31425,26.406296,seed81596.png
-33.166237,23.12898,seed81597.png
16.464823,19.980597,seed81598.png
-12.872624,-20.949533,seed81599.png
21.490007,26.715822,seed8160.png
-13.359264,-29.625624,seed81600.png
14.0696535,25.339334,seed81601.png
-4.8240094,-1.0673732,seed81602.png
29.601444,3.1719666,seed81603.png
17.592196,-0.76318526,seed81604.png
2.2450473,16.941765,seed81605.png
9.167298,-40.80073,seed81606.png
-0.81372726,-8.343875,seed81607.png
24.447468,16.984219,seed81608.png
32.729652,20.462614,seed81609.png
-19.237825,-18.952095,seed8161.png
15.43707,0.8560595,seed81610.png
17.05374,-35.141865,seed81611.png
-13.395059,-31.278067,seed81612.png
26.2405,8.072128,seed81613.png
11.253564,10.614529,seed81614.png
7.067501,21.455126,seed81615.png
-21.904736,-6.021878,seed81616.png
3.336142,-22.406937,seed81617.png
-13.761673,-3.5374515,seed81618.png
-32.594482,21.937994,seed81619.png
18.022123,-4.8833,seed8162.png
4.2190614,13.014167,seed81620.png
8.42357,-37.098774,seed81621.png
38.417645,16.949625,seed81622.png
13.378305,-30.020948,seed81623.png
-12.38123,-24.981142,seed81624.png
14.510794,-32.210506,seed81625.png
-21.242842,5.044661,seed81626.png
29.715176,13.005082,seed81627.png
-35.793144,14.102831,seed81628.png
-31.804956,-8.197502,seed81629.png
11.853581,-39.453663,seed8163.png
22.311417,-0.8292925,seed81630.png
4.4263973,19.20239,seed81631.png
-27.431145,2.4214852,seed81632.png
-34.623623,27.771465,seed81633.png
-30.52705,18.845863,seed81634.png
-22.519028,11.045136,seed81635.png
-11.01516,-23.43855,seed81636.png
20.886759,10.494454,seed81637.png
25.483242,19.079296,seed81638.png
8.761458,-4.934115,seed81639.png
-1.371651,18.782488,seed8164.png
-28.534082,-16.094795,seed81640.png
15.543073,-38.283096,seed81641.png
-19.820696,-12.186795,seed81642.png
-17.754848,-1.19548,seed81643.png
4.755885,-31.464853,seed81644.png
32.870754,14.575551,seed81645.png
-17.7435,-32.408596,seed81646.png
0.8147884,-11.416278,seed81647.png
-10.137667,-20.46578,seed81648.png
-20.93457,-18.095812,seed81649.png
-7.8512635,-17.999271,seed8165.png
25.694506,6.1797256,seed81650.png
-29.421358,-17.577148,seed81651.png
-1.2543725,-1.5657821,seed81652.png
-11.68794,-17.681576,seed81653.png
13.086547,22.240252,seed81654.png
-21.225798,-7.087264,seed81655.png
-16.712784,-0.29855716,seed81656.png
-24.771578,-15.11949,seed81657.png
6.39374,-36.569126,seed81658.png
-33.670113,22.070871,seed81659.png
26.347683,17.137295,seed8166.png
-21.049269,-11.633422,seed81660.png
-17.704544,-23.917341,seed81661.png
-2.9196463,23.049803,seed81662.png
39.905045,18.427263,seed81663.png
-23.230843,-15.844726,seed81664.png
10.811061,28.599297,seed81665.png
20.171963,-7.942195,seed81666.png
-21.458899,-15.636195,seed81667.png
-4.2636237,-3.334271,seed81668.png
-15.51485,-21.54463,seed81669.png
27.099865,25.917845,seed8167.png
14.643345,12.812156,seed81670.png
-19.939274,-21.617828,seed81671.png
20.317604,23.704885,seed81672.png
13.709988,1.053811,seed81673.png
-25.119987,-10.258884,seed81674.png
-3.0385654,13.068883,seed81675.png
-37.75098,19.530626,seed81676.png
-37.152855,15.1593685,seed81677.png
-36.376175,6.9096274,seed81678.png
-15.197754,-30.299025,seed81679.png
6.2812624,-38.521385,seed8168.png
24.270805,1.045163,seed81680.png
-24.122597,-15.651947,seed81681.png
33.729294,13.065556,seed81682.png
33.41507,20.119547,seed81683.png
10.140261,25.176899,seed81684.png
-4.790837,-13.571568,seed81685.png
39.78676,23.398731,seed81686.png
-23.047812,-3.3169813,seed81687.png
-4.4950266,-14.426227,seed81688.png
-22.179935,-16.15378,seed81689.png
-1.9486033,-12.472672,seed8169.png
-13.472944,-8.097165,seed81690.png
24.855223,11.687811,seed81691.png
-4.1738157,20.813679,seed81692.png
-23.07227,-18.30901,seed81693.png
-11.4190855,7.0345364,seed81694.png
-20.719172,13.983962,seed81695.png
12.274414,13.173797,seed81696.png
6.0089536,-27.27041,seed81697.png
-7.2024136,-23.249622,seed81698.png
20.009714,26.215254,seed81699.png
11.008413,27.4299,seed8170.png
33.403526,27.019299,seed81700.png
-4.890029,-15.803058,seed81701.png
-18.259724,-20.712942,seed81702.png
-25.64926,-21.975311,seed81703.png
-16.418926,-26.825207,seed81704.png
-14.666439,3.8143399,seed81705.png
-18.143856,-11.88115,seed81706.png
25.228964,20.135193,seed81707.png
33.528835,17.814835,seed81708.png
-11.941522,7.891291,seed81709.png
3.6460063,18.531784,seed8171.png
12.368389,-40.19804,seed81710.png
-28.42478,-4.2851734,seed81711.png
-15.733106,-19.08652,seed81712.png
10.799767,14.051777,seed81713.png
-35.75953,17.844692,seed81714.png
-20.492304,16.6788,seed81715.png
3.2600236,-30.380915,seed81716.png
-12.060128,-23.181442,seed81717.png
-16.58811,-8.156863,seed81718.png
-32.443592,9.490731,seed81719.png
-13.783691,-10.513112,seed8172.png
5.363097,21.587523,seed81720.png
-14.378063,-15.473351,seed81721.png
8.9230995,-2.8772671,seed81722.png
30.780663,28.813791,seed81723.png
-27.96878,-10.912353,seed81724.png
31.807285,19.175362,seed81725.png
-26.50015,-15.873934,seed81726.png
14.484976,-37.07658,seed81727.png
-17.035072,-21.449732,seed81728.png
-17.380085,-22.836077,seed81729.png
-15.840445,-12.5941925,seed8173.png
1.2914982,3.439671,seed81730.png
7.600395,0.95145684,seed81731.png
6.598119,-10.636134,seed81732.png
-15.385884,-11.892655,seed81733.png
-31.283993,16.802055,seed81734.png
-5.7070785,-16.314737,seed81735.png
-19.105541,-15.132183,seed81736.png
9.7483635,-2.210017,seed81737.png
6.5463767,15.9621105,seed81738.png
23.60797,21.144087,seed81739.png
32.320286,8.928686,seed8174.png
18.414328,-7.5585666,seed81740.png
-14.80296,-31.867622,seed81741.png
7.8264866,1.976616,seed81742.png
-14.633608,4.0040407,seed81743.png
1.3717519,-16.060377,seed81744.png
6.631034,-31.306276,seed81745.png
-31.214367,22.688553,seed81746.png
-20.5973,-5.9116325,seed81747.png
-0.5285644,-2.1440842,seed81748.png
16.336683,22.610037,seed81749.png
23.887573,23.145365,seed8175.png
-22.62588,-25.06577,seed81750.png
-24.738092,15.7121,seed81751.png
23.63659,-7.815737,seed81752.png
-6.9867344,2.2306726,seed81753.png
38.78368,15.458204,seed81754.png
18.079662,24.222792,seed81755.png
15.662197,-29.14726,seed81756.png
-32.463474,24.860239,seed81757.png
-18.596228,-17.645128,seed81758.png
4.7209735,9.346441,seed81759.png
-2.2427213,-16.101706,seed8176.png
13.385422,-4.6195016,seed81760.png
-28.893606,12.187406,seed81761.png
28.036613,2.0066109,seed81762.png
8.039519,8.436978,seed81763.png
14.902729,-40.035362,seed81764.png
12.084964,29.544966,seed81765.png
14.151588,-35.819317,seed81766.png
41.14404,21.398659,seed81767.png
15.295811,-28.85821,seed81768.png
-21.724726,5.205439,seed81769.png
-14.722925,-1.0860376,seed8177.png
35.243496,27.04124,seed81770.png
5.007185,12.491453,seed81771.png
11.523412,-41.78644,seed81772.png
-34.85748,27.816202,seed81773.png
38.132343,24.934565,seed81774.png
13.932393,-4.8712745,seed81775.png
37.542294,16.620918,seed81776.png
-4.3040986,-4.441862,seed81777.png
12.7883,-31.972515,seed81778.png
-22.947685,-5.043671,seed81779.png
-34.723015,19.433004,seed8178.png
-10.593382,-9.496277,seed81780.png
-9.982987,-11.876496,seed81781.png
-14.024307,-28.155535,seed81782.png
11.630699,-36.530876,seed81783.png
17.18659,1.4920595,seed81784.png
10.669681,1.8239924,seed81785.png
23.518198,23.906199,seed81786.png
-31.93653,18.93574,seed81787.png
9.497869,-40.320538,seed81788.png
10.253806,-24.661469,seed81789.png
7.511151,11.656331,seed8179.png
4.712582,14.895728,seed81790.png
16.206575,16.934057,seed81791.png
3.5753725,9.372777,seed81792.png
-23.841995,13.533299,seed81793.png
-27.077929,6.603996,seed81794.png
10.034185,10.498504,seed81795.png
-19.615858,1.3815637,seed81796.png
-31.451332,-8.201098,seed81797.png
12.74073,0.45384824,seed81798.png
22.582918,15.114115,seed81799.png
2.1113467,19.149567,seed8180.png
-33.092068,8.941905,seed81800.png
15.598499,-38.191673,seed81801.png
5.9777584,-30.91536,seed81802.png
12.443268,11.081924,seed81803.png
-3.9325306,23.38279,seed81804.png
29.674408,12.3418665,seed81805.png
22.871675,6.000439,seed81806.png
38.214252,17.805077,seed81807.png
5.9808855,9.560706,seed81808.png
10.227937,-4.3198285,seed81809.png
16.816856,10.912414,seed8181.png
-26.313238,10.912246,seed81810.png
40.597065,21.466753,seed81811.png
-21.208578,-18.05693,seed81812.png
-9.54038,-19.45249,seed81813.png
11.52317,-35.57284,seed81814.png
12.263946,2.5652542,seed81815.png
12.994336,-33.22858,seed81816.png
-18.163391,-10.980097,seed81817.png
12.483856,-39.334366,seed81818.png
-24.408407,0.3199658,seed81819.png
-23.099615,1.0765091,seed8182.png
10.386008,21.227728,seed81820.png
-13.35358,-2.3900776,seed81821.png
-29.819117,18.118063,seed81822.png
-16.395533,-30.807966,seed81823.png
-38.54918,13.608052,seed81824.png
4.093745,16.152353,seed81825.png
-20.040611,-11.765422,seed81826.png
17.56285,-8.647363,seed81827.png
-4.273398,-5.35802,seed81828.png
6.266941,-32.42629,seed81829.png
-21.886152,14.1646805,seed8183.png
29.975897,1.2070937,seed81830.png
6.087894,-9.362226,seed81831.png
11.160731,28.059216,seed81832.png
-25.04368,-15.224796,seed81833.png
-20.278442,-22.262339,seed81834.png
22.66278,21.467552,seed81835.png
10.568861,-26.551252,seed81836.png
30.954721,16.599638,seed81837.png
33.33667,28.047476,seed81838.png
-19.944586,-3.4818554,seed81839.png
6.922705,7.375755,seed8184.png
2.2759786,14.428128,seed81840.png
-33.94006,24.40178,seed81841.png
9.893966,-8.650065,seed81842.png
15.566991,-2.9827878,seed81843.png
-0.3545035,23.449236,seed81844.png
-14.338809,-4.9762497,seed81845.png
-34.200413,4.002253,seed81846.png
-29.95331,-10.067502,seed81847.png
0.79381895,13.706273,seed81848.png
-9.187453,-14.858665,seed81849.png
-23.302843,-6.061603,seed8185.png
-14.89986,-12.69402,seed81850.png
22.205992,6.6249695,seed81851.png
-0.19853246,-31.227625,seed81852.png
30.903679,19.17444,seed81853.png
29.00049,25.002047,seed81854.png
20.837276,23.421741,seed81855.png
22.439093,-7.8154364,seed81856.png
27.15951,11.124762,seed81857.png
19.48429,0.37268642,seed81858.png
-32.4794,24.269316,seed81859.png
19.317162,23.727875,seed8186.png
39.23956,7.277171,seed81860.png
-1.0229036,-20.838745,seed81861.png
-27.827593,10.558549,seed81862.png
37.075047,20.371986,seed81863.png
29.229906,4.553273,seed81864.png
-13.660019,1.9151984,seed81865.png
31.791164,21.278671,seed81866.png
-33.535038,26.177286,seed81867.png
-1.9741876,3.7008502,seed81868.png
19.69445,4.9575257,seed81869.png
-35.1972,-12.039825,seed8187.png
-33.874325,23.450224,seed81870.png
-13.278272,-23.852356,seed81871.png
-33.396355,16.85562,seed81872.png
23.761684,21.000645,seed81873.png
15.704836,-9.75105,seed81874.png
-5.141276,-4.496907,seed81875.png
-33.239174,23.720839,seed81876.png
14.43085,24.239073,seed81877.png
-24.01628,3.3406522,seed81878.png
-9.89657,9.081811,seed81879.png
18.20836,-9.034373,seed8188.png
23.079418,3.2859628,seed81880.png
-19.148186,7.785444,seed81881.png
-4.4573903,-20.213476,seed81882.png
-14.37031,-19.152964,seed81883.png
-35.13624,18.028913,seed81884.png
-33.427296,2.1991239,seed81885.png
14.968036,17.301943,seed81886.png
23.924019,1.2707282,seed81887.png
-15.773696,-10.460651,seed81888.png
7.303066,10.637777,seed81889.png
15.243197,0.5437694,seed8189.png
-25.844067,-9.779859,seed81890.png
6.129608,12.76576,seed81891.png
19.863436,25.65199,seed81892.png
6.611878,-2.835704,seed81893.png
-23.803122,12.511613,seed81894.png
7.370343,-30.157696,seed81895.png
16.789543,14.728694,seed81896.png
24.399015,15.121949,seed81897.png
-0.83072615,-16.063917,seed81898.png
24.166714,-1.8589491,seed81899.png
6.1364374,-38.66838,seed8190.png
20.600636,18.554632,seed81900.png
-25.055641,-25.400593,seed81901.png
-23.318855,-2.4255989,seed81902.png
-26.734476,-3.3562112,seed81903.png
-23.80411,12.106414,seed81904.png
24.375437,11.049866,seed81905.png
8.798479,-33.146652,seed81906.png
12.864781,2.699515,seed81907.png
-23.364286,5.3501625,seed81908.png
-25.892073,-11.9909525,seed81909.png
14.32575,-8.590687,seed8191.png
8.81319,-38.01819,seed81910.png
-0.61505127,21.940126,seed81911.png
-15.673591,-3.7732263,seed81912.png
22.856598,7.0274744,seed81913.png
-21.030115,-8.881862,seed81914.png
-1.0772173,17.621193,seed81915.png
-23.538795,7.528583,seed81916.png
-25.891928,-3.441731,seed81917.png
-25.695507,-13.604682,seed81918.png
26.919384,8.814723,seed81919.png
4.8325033,17.982052,seed8192.png
-32.39171,10.53399,seed81920.png
-34.064934,26.944609,seed81921.png
34.048008,24.980717,seed81922.png
15.52886,-2.8900306,seed81923.png
18.666445,-5.05274,seed81924.png
-4.822091,-5.832908,seed81925.png
9.727729,-24.38768,seed81926.png
-20.660774,-16.417274,seed81927.png
28.480991,9.42474,seed81928.png
-26.794209,-17.207037,seed81929.png
35.60066,20.783646,seed8193.png
3.6106927,20.966465,seed81930.png
21.807512,23.852764,seed81931.png
28.582787,5.607175,seed81932.png
-24.191214,12.39468,seed81933.png
-21.106144,-27.75223,seed81934.png
32.847404,12.428429,seed81935.png
-0.8348316,-3.8179855,seed81936.png
-24.343664,-16.405437,seed81937.png
-6.2403126,-2.4090314,seed81938.png
5.6167693,21.0138,seed81939.png
-26.710114,15.401456,seed8194.png
22.17587,17.416302,seed81940.png
-21.561436,-16.049734,seed81941.png
9.426802,-34.975056,seed81942.png
3.629626,23.324888,seed81943.png
13.461768,-41.259056,seed81944.png
8.465948,-38.84297,seed81945.png
25.911715,19.879274,seed81946.png
15.297828,8.339702,seed81947.png
28.74869,1.911474,seed81948.png
10.113222,-2.1447442,seed81949.png
-17.693096,-22.842041,seed8195.png
-27.921144,-7.4971995,seed81950.png
-15.573288,-20.376886,seed81951.png
-36.82165,18.846125,seed81952.png
39.309708,21.193651,seed81953.png
-9.942015,-19.953114,seed81954.png
19.387983,9.212263,seed81955.png
13.767943,-33.30141,seed81956.png
3.9188476,-32.00516,seed81957.png
-36.34695,5.55759,seed81958.png
12.95896,-41.52621,seed81959.png
28.886103,6.5889473,seed8196.png
-14.355274,-25.387043,seed81960.png
-30.614975,15.868515,seed81961.png
2.7598321,-28.575268,seed81962.png
-25.009573,9.02652,seed81963.png
4.614376,-6.4298124,seed81964.png
-33.38269,11.299237,seed81965.png
6.98315,-36.141605,seed81966.png
-26.041552,-20.364899,seed81967.png
-23.643248,1.4661499,seed81968.png
-19.853855,-20.15979,seed81969.png
-16.119223,-17.111542,seed8197.png
-3.704506,-6.8977118,seed81970.png
12.142013,27.518608,seed81971.png
-14.946659,1.1440543,seed81972.png
-24.57785,-6.2365513,seed81973.png
9.439386,-5.6717553,seed81974.png
15.880556,-32.41329,seed81975.png
-21.12334,8.943346,seed81976.png
8.598652,-36.623795,seed81977.png
32.632896,22.9595,seed81978.png
31.082655,23.24408,seed81979.png
-33.711742,22.248432,seed8198.png
-23.562002,-7.554729,seed81980.png
15.467587,-15.900992,seed81981.png
23.854837,9.427983,seed81982.png
-11.883842,-18.341866,seed81983.png
31.710726,21.509373,seed81984.png
-9.538051,-23.611332,seed81985.png
11.867719,9.620571,seed81986.png
-10.438406,0.3279959,seed81987.png
25.911287,8.632658,seed81988.png
-31.769926,-11.535198,seed81989.png
26.561102,0.12850435,seed8199.png
28.884941,3.7173977,seed81990.png
29.435799,3.4634619,seed81991.png
16.695892,-5.521564,seed81992.png
40.80726,23.298933,seed81993.png
-26.224667,14.473712,seed81994.png
-32.547226,22.512844,seed81995.png
9.488449,-36.21792,seed81996.png
4.0585213,17.101046,seed81997.png
-0.04026151,13.887769,seed81998.png
-32.395412,22.859468,seed81999.png
28.892685,9.247125,seed8200.png
22.9856,-6.734245,seed82000.png
9.767721,19.947405,seed82001.png
-14.06651,0.36919186,seed82002.png
12.497387,9.610545,seed82003.png
-1.625964,24.339434,seed82004.png
-28.18618,-5.1179075,seed82005.png
-24.207907,-6.6842527,seed82006.png
-25.55341,-7.6072893,seed82007.png
-5.6138334,-13.750778,seed82008.png
0.4283575,-18.60338,seed82009.png
-19.744059,-15.089395,seed8201.png
-27.29156,-5.3939986,seed82010.png
-19.597404,-4.064625,seed82011.png
-19.65579,-26.710354,seed82012.png
21.16735,14.668585,seed82013.png
-16.269564,-25.692228,seed82014.png
-16.724625,1.9172459,seed82015.png
14.394843,12.776799,seed82016.png
16.311062,1.9643468,seed82017.png
-3.6721876,-8.706295,seed82018.png
-12.482789,-16.89388,seed82019.png
-9.116961,-19.289541,seed8202.png
-0.09943326,10.476575,seed82020.png
-20.914442,-7.990944,seed82021.png
-33.352867,20.75425,seed82022.png
16.4511,18.47717,seed82023.png
7.940129,4.5733886,seed82024.png
-29.08649,5.1311803,seed82025.png
-0.13256079,-17.635406,seed82026.png
20.632122,1.2792143,seed82027.png
16.046932,-38.197254,seed82028.png
36.507076,21.216234,seed82029.png
19.388575,9.517019,seed8203.png
11.099356,3.6567397,seed82030.png
10.380348,-0.97121865,seed82031.png
24.196005,19.814426,seed82032.png
-31.81459,18.098701,seed82033.png
-27.44809,9.922997,seed82034.png
28.7379,15.988213,seed82035.png
37.962868,26.123095,seed82036.png
9.728324,10.414977,seed82037.png
0.7542061,-11.035862,seed82038.png
18.668531,4.910603,seed82039.png
3.1975157,6.567922,seed8204.png
-39.327553,12.0333,seed82040.png
-18.925518,-21.068123,seed82041.png
-24.989729,-14.358825,seed82042.png
26.56692,3.381751,seed82043.png
40.8325,18.74979,seed82044.png
10.127756,-7.325883,seed82045.png
-19.629984,-23.748714,seed82046.png
2.7824469,16.58678,seed82047.png
-18.4563,6.14187,seed82048.png
-5.406454,8.306727,seed82049.png
29.100454,10.051665,seed8205.png
-22.154078,-3.5824258,seed82050.png
-13.246239,-29.981731,seed82051.png
6.86953,-3.3791394,seed82052.png
31.99265,29.20892,seed82053.png
-1.4504895,-9.666238,seed82054.png
15.236257,11.912698,seed82055.png
-21.86047,11.92791,seed82056.png
-16.644993,1.596446,seed82057.png
-1.6189328,13.919031,seed82058.png
-12.695865,9.338415,seed82059.png
24.85959,-0.43495655,seed8206.png
21.902735,25.069853,seed82060.png
-17.021872,-5.7770557,seed82061.png
15.253115,6.9392753,seed82062.png
34.99007,11.086164,seed82063.png
-2.42472,3.1420028,seed82064.png
1.7952385,11.147054,seed82065.png
30.055553,9.791834,seed82066.png
-23.454077,-26.064802,seed82067.png
-12.954037,-4.5676036,seed82068.png
-25.184546,-12.448822,seed82069.png
12.916443,-3.6163282,seed8207.png
9.290489,-1.82546,seed82070.png
-12.706195,-25.086094,seed82071.png
-27.351833,6.7368665,seed82072.png
-19.585918,-5.795187,seed82073.png
-25.772268,-7.8660517,seed82074.png
6.5391865,23.99567,seed82075.png
14.028667,-0.6187261,seed82076.png
30.808228,13.515972,seed82077.png
17.970236,23.874369,seed82078.png
7.2528405,12.555897,seed82079.png
34.38842,3.043563,seed8208.png
29.931414,24.35999,seed82080.png
-13.250437,-4.375139,seed82081.png
9.585558,-29.269764,seed82082.png
-33.216618,17.851152,seed82083.png
-32.075645,13.321597,seed82084.png
-26.712818,-1.1075854,seed82085.png
8.241659,-29.227398,seed82086.png
-20.42866,-2.1739047,seed82087.png
-8.485574,-5.16286,seed82088.png
26.730412,22.160791,seed82089.png
15.731702,13.717874,seed8209.png
-18.119263,-21.38584,seed82090.png
27.374365,14.956201,seed82091.png
3.202538,15.152727,seed82092.png
-24.215559,8.82447,seed82093.png
-24.411995,6.8537974,seed82094.png
-3.7837708,-14.47673,seed82095.png
7.873669,4.362028,seed82096.png
21.44824,21.007215,seed82097.png
-19.378258,-18.001785,seed82098.png
24.911772,-0.37935513,seed82099.png
-20.335978,0.2518974,seed8210.png
-8.912794,1.6144181,seed82100.png
16.788431,21.235039,seed82101.png
7.7649403,5.7735677,seed82102.png
-26.926,-19.114447,seed82103.png
-30.49109,-7.383233,seed82104.png
33.958004,17.403187,seed82105.png
22.997498,3.8912048,seed82106.png
26.332224,6.2463083,seed82107.png
26.780334,13.715768,seed82108.png
-2.8011887,14.958773,seed82109.png
23.267174,18.540825,seed8211.png
5.3041325,-26.701868,seed82110.png
-29.005285,-16.896006,seed82111.png
5.457521,-25.286818,seed82112.png
-12.609874,-21.613121,seed82113.png
17.3168,11.490455,seed82114.png
-16.66661,-26.009796,seed82115.png
17.469107,-7.3102913,seed82116.png
-29.65076,17.118666,seed82117.png
-9.50521,-18.059683,seed82118.png
-20.453022,-12.5302925,seed82119.png
-17.870127,-5.401622,seed8212.png
-32.291935,-7.5800176,seed82120.png
30.245329,7.371962,seed82121.png
-35.498043,-2.695969,seed82122.png
-13.263792,-14.636598,seed82123.png
-0.0006234183,-4.5292144,seed82124.png
-30.806744,0.31089953,seed82125.png
7.7877073,19.859514,seed82126.png
37.95708,23.478003,seed82127.png
-24.723581,-8.974213,seed82128.png
-29.996426,14.1735,seed82129.png
-28.024557,13.216182,seed8213.png
38.423206,23.24482,seed82130.png
34.223717,6.260835,seed82131.png
14.188787,-38.141514,seed82132.png
-16.491919,-23.414572,seed82133.png
7.3289986,-25.397945,seed82134.png
11.987521,10.082541,seed82135.png
-32.711815,25.182747,seed82136.png
5.6067405,15.783561,seed82137.png
-30.388298,-11.721505,seed82138.png
-12.320387,-11.746295,seed82139.png
-29.446957,18.211943,seed8214.png
-21.588352,-8.510379,seed82140.png
-13.9041,-12.638642,seed82141.png
22.590658,-0.9527705,seed82142.png
-21.705532,-22.363554,seed82143.png
-20.96609,-29.071356,seed82144.png
16.679237,26.092999,seed82145.png
-22.207445,15.90873,seed82146.png
-21.121004,-7.726601,seed82147.png
-20.864174,-17.828949,seed82148.png
16.320856,10.447813,seed82149.png
37.213135,18.553356,seed8215.png
-15.135787,-4.382606,seed82150.png
-18.288967,-4.9792194,seed82151.png
15.449152,-32.186195,seed82152.png
4.5210032,23.105663,seed82153.png
7.0678353,9.328732,seed82154.png
-21.489399,-27.684252,seed82155.png
-14.761151,-18.705706,seed82156.png
-30.017202,15.727621,seed82157.png
-19.903677,9.545277,seed82158.png
6.845337,-42.547245,seed82159.png
13.668537,1.6949912,seed8216.png
-33.346848,22.978174,seed82160.png
4.5605736,-36.970955,seed82161.png
-18.761915,-15.399924,seed82162.png
-7.971169,-3.8917181,seed82163.png
29.394573,15.226551,seed82164.png
19.6256,23.027493,seed82165.png
5.455967,-26.633509,seed82166.png
-30.964066,-9.974221,seed82167.png
38.13007,22.662971,seed82168.png
-29.592983,-4.592388,seed82169.png
38.981575,21.660343,seed8217.png
4.031289,2.9398525,seed82170.png
-15.283615,-7.1864686,seed82171.png
-34.087852,-8.020939,seed82172.png
-3.47248,18.505653,seed82173.png
14.933911,24.199154,seed82174.png
-18.649841,-22.607363,seed82175.png
-26.85179,-1.2496296,seed82176.png
25.204561,2.26504,seed82177.png
-16.541328,2.3924398,seed82178.png
24.781393,-2.3458562,seed82179.png
13.982639,1.1380973,seed8218.png
18.511595,-0.6565263,seed82180.png
3.7289653,8.010014,seed82181.png
-22.324846,1.6907693,seed82182.png
24.288105,19.856457,seed82183.png
4.3935575,-28.538582,seed82184.png
-29.77908,-6.590585,seed82185.png
-21.148933,12.248502,seed82186.png
-25.01316,-16.461441,seed82187.png
32.79733,25.157822,seed82188.png
6.93894,22.149683,seed82189.png
9.718514,-42.228653,seed8219.png
6.1284027,4.4921746,seed82190.png
12.650312,3.3568356,seed82191.png
11.420832,-11.8527775,seed82192.png
-31.054756,-6.0084696,seed82193.png
24.67641,-9.413637,seed82194.png
4.8540645,-1.4863124,seed82195.png
-2.5893958,-13.703415,seed82196.png
-17.218182,-1.1280639,seed82197.png
22.983576,21.490976,seed82198.png
-26.246044,-9.353522,seed82199.png
-33.18664,23.012856,seed8220.png
-18.368118,-21.93188,seed82200.png
-16.745272,-24.158113,seed82201.png
-30.033857,4.6947827,seed82202.png
26.053638,21.724499,seed82203.png
-13.23686,-2.423562,seed82204.png
-24.514656,-19.74752,seed82205.png
-14.593379,-18.086805,seed82206.png
24.747187,15.534473,seed82207.png
-31.345133,24.318756,seed82208.png
22.459162,0.052949935,seed82209.png
15.196364,-8.013866,seed8221.png
-10.965955,2.7897878,seed82210.png
7.1633615,-42.34078,seed82211.png
19.0812,-2.9419432,seed82212.png
19.442562,26.262999,seed82213.png
-34.916077,17.404762,seed82214.png
-10.998059,-25.413864,seed82215.png
32.70809,4.3426294,seed82216.png
21.063644,22.95157,seed82217.png
40.558674,21.442776,seed82218.png
-24.440939,-12.395439,seed82219.png
-25.383766,1.2336831,seed8222.png
4.7841344,12.1994505,seed82220.png
-18.161299,-9.183758,seed82221.png
-17.302391,-31.243168,seed82222.png
35.966988,19.390554,seed82223.png
2.4212184,22.465878,seed82224.png
19.845161,-9.716201,seed82225.png
7.0802593,10.5685625,seed82226.png
-22.816532,-16.203922,seed82227.png
11.68155,-42.201874,seed82228.png
29.757988,16.089748,seed82229.png
-27.17985,12.58674,seed8223.png
-8.346756,-7.2593904,seed82230.png
-16.440311,-16.294401,seed82231.png
-11.403894,-21.201448,seed82232.png
36.64089,7.7001743,seed82233.png
-12.886975,-11.5675535,seed82234.png
27.127241,12.454105,seed82235.png
30.914082,2.363232,seed82236.png
-22.161238,-29.476183,seed82237.png
-0.7134762,-17.19665,seed82238.png
-38.614815,15.310586,seed82239.png
14.935646,1.8447121,seed8224.png
-13.479181,-3.1162932,seed82240.png
-20.443733,-5.821323,seed82241.png
-8.753693,-18.205812,seed82242.png
32.53421,27.6197,seed82243.png
-19.394428,-23.646227,seed82244.png
3.7206414,-31.846333,seed82245.png
24.295082,19.634552,seed82246.png
22.857872,8.7291,seed82247.png
9.530269,21.931625,seed82248.png
13.02538,21.905094,seed82249.png
-15.439252,-13.822684,seed8225.png
7.736787,8.007242,seed82250.png
25.651546,10.590364,seed82251.png
39.270046,22.972265,seed82252.png
-22.352777,-18.574234,seed82253.png
-23.690022,-6.5575714,seed82254.png
-22.836718,14.133742,seed82255.png
-9.846777,1.9452384,seed82256.png
16.336292,-34.779137,seed82257.png
-28.569736,-11.859314,seed82258.png
22.443077,-5.3036523,seed82259.png
-35.70804,25.872166,seed8226.png
6.7005773,-36.380856,seed82260.png
4.8173933,-4.0975127,seed82261.png
-35.380898,8.077304,seed82262.png
17.4791,12.543311,seed82263.png
-18.457876,-1.6918564,seed82264.png
7.516029,-41.3092,seed82265.png
-2.9765522,-24.097216,seed82266.png
-16.786478,-3.1827269,seed82267.png
-33.868256,-4.1767426,seed82268.png
-0.38019443,19.653053,seed82269.png
32.105324,25.839327,seed8227.png
5.710297,6.413217,seed82270.png
-1.1640148,-15.398844,seed82271.png
-16.69206,-27.702452,seed82272.png
-8.773269,1.1938598,seed82273.png
12.921393,-29.51829,seed82274.png
-30.787218,-11.439897,seed82275.png
-30.584858,21.936731,seed82276.png
13.379631,17.929928,seed82277.png
13.449855,-37.716137,seed82278.png
23.407747,11.31185,seed82279.png
21.009205,24.931482,seed8228.png
-35.768364,-6.624682,seed82280.png
13.739496,-30.329874,seed82281.png
7.786121,5.484765,seed82282.png
-24.985798,1.30319,seed82283.png
-15.1994505,-13.957181,seed82284.png
10.106897,-29.989458,seed82285.png
26.94747,2.2772813,seed82286.png
13.40953,-40.94654,seed82287.png
26.744066,22.295624,seed82288.png
0.17865318,-1.8769754,seed82289.png
-20.868492,-16.33664,seed8229.png
15.645984,0.23036365,seed82290.png
32.08119,21.931242,seed82291.png
-24.746336,10.263878,seed82292.png
14.694948,0.20391399,seed82293.png
-4.6869373,-16.461975,seed82294.png
13.0027075,-0.7541576,seed82295.png
-20.276281,-0.041658007,seed82296.png
-15.8951,-24.869978,seed82297.png
-19.8912,-3.0028496,seed82298.png
17.765244,15.358435,seed82299.png
20.25605,14.605281,seed8230.png
8.744407,-41.515755,seed82300.png
-23.23669,-15.1765785,seed82301.png
33.913277,21.240662,seed82302.png
-13.868798,-10.039263,seed82303.png
-23.53645,5.3363237,seed82304.png
-11.397701,-23.626368,seed82305.png
-20.666788,-18.290998,seed82306.png
22.818977,16.632284,seed82307.png
-20.401688,5.088154,seed82308.png
-19.949852,3.9432824,seed82309.png
1.7676334,3.3502626,seed8231.png
-9.601439,0.89998984,seed82310.png
29.689978,16.779486,seed82311.png
-32.29287,2.394029,seed82312.png
21.771925,6.5334888,seed82313.png
-1.5445044,-17.126017,seed82314.png
16.38633,-2.4410887,seed82315.png
4.866072,11.686039,seed82316.png
-2.0434973,-0.09366676,seed82317.png
-14.458897,-11.271073,seed82318.png
-1.0825979,-6.9430017,seed82319.png
-24.752398,-20.907227,seed8232.png
-13.221439,5.92256,seed82320.png
39.061077,15.083827,seed82321.png
-28.807756,5.7058964,seed82322.png
5.1102133,-5.820137,seed82323.png
37.845802,4.56269,seed82324.png
-13.179461,-32.147305,seed82325.png
-11.022222,-11.393685,seed82326.png
-21.183609,11.867531,seed82327.png
0.66929525,13.409042,seed82328.png
-11.607171,-15.202349,seed82329.png
-20.851307,-24.83435,seed8233.png
-16.16794,-31.064379,seed82330.png
-23.617678,13.017902,seed82331.png
-28.131727,-19.409994,seed82332.png
12.15782,12.173732,seed82333.png
-11.225924,0.8761006,seed82334.png
38.502254,12.054254,seed82335.png
-16.600857,-16.445799,seed82336.png
-12.736465,-30.21701,seed82337.png
6.243976,-35.961853,seed82338.png
-3.6819386,-11.316227,seed82339.png
29.000023,0.13000283,seed8234.png
9.937015,29.245356,seed82340.png
31.548723,19.940765,seed82341.png
16.596107,22.807583,seed82342.png
16.908367,3.8515887,seed82343.png
12.760199,-2.06017,seed82344.png
11.047544,28.997435,seed82345.png
-24.627096,10.08215,seed82346.png
15.008025,-4.604945,seed82347.png
10.165611,-36.449425,seed82348.png
-9.71223,-27.515545,seed82349.png
9.582342,-3.0053759,seed8235.png
-30.469501,3.0524096,seed82350.png
-7.757151,-13.545097,seed82351.png
12.424667,-34.933186,seed82352.png
32.1692,14.080781,seed82353.png
-16.680576,-0.6542794,seed82354.png
16.818642,8.30665,seed82355.png
2.1085453,18.142164,seed82356.png
26.241133,12.094647,seed82357.png
-7.899618,-11.065728,seed82358.png
-29.863796,17.097214,seed82359.png
14.067173,8.94747,seed8236.png
8.181358,-27.643312,seed82360.png
32.623203,10.155387,seed82361.png
31.265099,10.028985,seed82362.png
9.74091,-25.190184,seed82363.png
-17.88826,0.993955,seed82364.png
-37.633236,2.6844127,seed82365.png
-8.502735,-0.03729397,seed82366.png
15.157733,-38.250835,seed82367.png
15.144148,27.858397,seed82368.png
-5.003775,-23.873972,seed82369.png
36.25959,5.8174934,seed8237.png
21.50289,24.456253,seed82370.png
-8.057226,4.0944085,seed82371.png
32.690655,25.95688,seed82372.png
-12.220996,-10.173327,seed82373.png
31.743654,18.349888,seed82374.png
13.026554,-7.544445,seed82375.png
16.866821,16.722631,seed82376.png
-28.088175,12.486666,seed82377.png
-20.337385,6.1830444,seed82378.png
0.88291126,24.909382,seed82379.png
8.44003,19.966875,seed8238.png
-32.72878,21.81553,seed82380.png
11.704869,-7.362205,seed82381.png
-22.623178,1.6694456,seed82382.png
32.001568,0.9743214,seed82383.png
-28.16739,0.9936341,seed82384.png
-8.492241,-22.41121,seed82385.png
12.927403,26.950285,seed82386.png
-33.35637,23.258524,seed82387.png
34.542778,18.70802,seed82388.png
31.671597,7.255046,seed82389.png
30.37996,7.458279,seed8239.png
24.646006,16.888844,seed82390.png
15.76128,-3.9774752,seed82391.png
17.849403,18.425955,seed82392.png
-22.139992,18.320913,seed82393.png
-16.64406,3.6404665,seed82394.png
-20.509401,-25.85359,seed82395.png
-5.479722,-15.080609,seed82396.png
25.87552,15.931366,seed82397.png
-11.559699,1.5910283,seed82398.png
16.892586,-34.780167,seed82399.png
-19.645592,-26.447514,seed8240.png
-18.139149,-28.331173,seed82400.png
-1.135912,-12.622068,seed82401.png
9.132327,-28.166212,seed82402.png
-27.911413,-5.998315,seed82403.png
-13.794107,-21.29879,seed82404.png
-28.427858,-21.395872,seed82405.png
4.341767,15.973501,seed82406.png
3.5949202,-13.388532,seed82407.png
-19.18747,6.9094043,seed82408.png
-25.160593,-23.948765,seed82409.png
-15.943633,-31.131931,seed8241.png
-9.828216,-20.69751,seed82410.png
-32.741047,-9.183611,seed82411.png
-11.487345,-2.63426,seed82412.png
3.8315709,24.993362,seed82413.png
39.95424,20.756239,seed82414.png
16.24643,-6.2791977,seed82415.png
16.286423,-3.93171,seed82416.png
-14.521022,-14.780877,seed82417.png
15.313503,-38.427822,seed82418.png
-3.4643824,-16.067186,seed82419.png
10.713656,-42.093536,seed8242.png
-27.371937,-8.74778,seed82420.png
32.333828,25.77492,seed82421.png
18.961851,-9.93134,seed82422.png
6.897855,-4.4028873,seed82423.png
28.582998,-2.122174,seed82424.png
-27.269018,19.990612,seed82425.png
-29.447157,18.701763,seed82426.png
-22.698263,-20.272894,seed82427.png
-32.32721,23.96689,seed82428.png
-6.533367,-26.596363,seed82429.png
18.402714,0.09768815,seed8243.png
2.3792832,-15.823981,seed82430.png
-15.842239,-25.455797,seed82431.png
5.6007385,-35.47705,seed82432.png
32.218235,15.49338,seed82433.png
24.228123,11.920793,seed82434.png
10.148841,1.867191,seed82435.png
35.02904,10.733772,seed82436.png
-14.2728815,-26.91763,seed82437.png
-9.108899,-17.086573,seed82438.png
-24.115705,-19.237265,seed82439.png
-31.350937,22.223755,seed8244.png
10.734581,-0.3532805,seed82440.png
-30.128033,-4.0451636,seed82441.png
-30.13262,4.861374,seed82442.png
6.8233204,-38.541714,seed82443.png
-18.223686,-0.061658904,seed82444.png
-15.086595,-27.389618,seed82445.png
17.804747,-5.501836,seed82446.png
-18.977037,-8.507987,seed82447.png
8.800518,10.645963,seed82448.png
12.3231,21.772436,seed82449.png
31.05498,12.5727625,seed8245.png
21.867878,21.87765,seed82450.png
39.337135,22.641973,seed82451.png
8.233546,0.6097019,seed82452.png
17.258572,20.163181,seed82453.png
-9.38957,-20.49295,seed82454.png
8.733521,10.078823,seed82455.png
-2.3306754,21.683338,seed82456.png
32.78372,26.81472,seed82457.png
-13.044502,-15.477652,seed82458.png
29.567038,16.882544,seed82459.png
-27.91282,-17.34244,seed8246.png
-18.343855,-17.70573,seed82460.png
-10.133884,-25.103243,seed82461.png
-32.87806,23.382982,seed82462.png
13.432611,-39.75657,seed82463.png
6.330326,-27.164959,seed82464.png
25.874693,22.132887,seed82465.png
25.754509,11.977103,seed82466.png
22.930779,-4.528406,seed82467.png
-18.964895,-20.017258,seed82468.png
31.853823,8.189424,seed82469.png
-10.427806,-22.389376,seed8247.png
-9.797191,-26.71835,seed82470.png
7.922451,12.753597,seed82471.png
34.738655,10.52293,seed82472.png
-7.4508247,-16.54535,seed82473.png
16.245022,-33.37668,seed82474.png
9.657589,-28.252012,seed82475.png
-31.881502,-1.9976901,seed82476.png
25.502537,15.795672,seed82477.png
35.77032,21.186335,seed82478.png
26.507483,5.104857,seed82479.png
30.280376,11.488375,seed8248.png
35.145138,15.838346,seed82480.png
5.3862624,17.164392,seed82481.png
-27.862448,6.5203977,seed82482.png
24.776052,-6.302757,seed82483.png
4.2962914,24.8424,seed82484.png
-29.036808,7.816063,seed82485.png
-35.96426,14.038593,seed82486.png
32.887104,20.535767,seed82487.png
-3.9768884,-13.597187,seed82488.png
11.780533,2.7234156,seed82489.png
18.643736,8.795086,seed8249.png
8.380909,-39.190155,seed82490.png
3.8005214,15.188872,seed82491.png
-31.753172,26.522,seed82492.png
17.47727,-2.3639276,seed82493.png
24.551872,18.205456,seed82494.png
8.687097,0.120356634,seed82495.png
-17.281834,-3.3314683,seed82496.png
26.746225,21.932404,seed82497.png
26.871283,11.492376,seed82498.png
40.738716,12.714888,seed82499.png
3.0669334,25.893862,seed8250.png
-1.8966751,-2.4001718,seed82500.png
29.208588,17.444471,seed82501.png
-0.9732331,-14.329415,seed82502.png
7.9875035,-4.699199,seed82503.png
9.510089,-26.33785,seed82504.png
19.36013,3.972701,seed82505.png
-7.3548303,8.482171,seed82506.png
-28.98001,-8.940843,seed82507.png
20.184744,3.7147322,seed82508.png
-22.987337,-18.021452,seed82509.png
17.932268,-2.716749,seed8251.png
18.368622,22.77884,seed82510.png
-37.643707,20.954794,seed82511.png
15.965027,11.006375,seed82512.png
11.331184,-36.43106,seed82513.png
-18.137678,-23.65664,seed82514.png
17.864197,7.129396,seed82515.png
33.902893,26.198088,seed82516.png
10.455889,-35.105106,seed82517.png
37.90266,8.53291,seed82518.png
-38.4285,17.001282,seed82519.png
-8.470473,-14.996642,seed8252.png
-19.106396,-12.384245,seed82520.png
-32.074932,15.652414,seed82521.png
38.49178,21.36985,seed82522.png
36.352325,23.741407,seed82523.png
-17.3536,-20.999636,seed82524.png
-12.874195,-30.751373,seed82525.png
7.0097666,-0.4628617,seed82526.png
-9.243132,-17.181566,seed82527.png
10.712409,-36.187428,seed82528.png
-12.173726,-22.665552,seed82529.png
-11.057251,-1.2595226,seed8253.png
2.502234,9.448121,seed82530.png
3.8123693,7.277909,seed82531.png
21.88156,-3.7800927,seed82532.png
2.6223588,12.890569,seed82533.png
-21.523344,-4.116717,seed82534.png
-22.095661,-9.253782,seed82535.png
26.581615,23.762573,seed82536.png
-15.2091055,-21.206585,seed82537.png
20.167177,6.0158634,seed82538.png
32.156513,4.1357875,seed82539.png
-33.370533,5.266632,seed8254.png
-10.913763,7.033571,seed82540.png
0.53789324,6.7093124,seed82541.png
3.2933605,20.743504,seed82542.png
-22.537668,-18.828934,seed82543.png
-18.812124,-28.21398,seed82544.png
15.622301,-34.774475,seed82545.png
-11.305398,8.605051,seed82546.png
-31.525364,10.276985,seed82547.png
-28.291805,-8.094029,seed82548.png
-31.53461,17.038912,seed82549.png
14.410959,-40.289417,seed8255.png
-25.558514,12.120069,seed82550.png
-14.935271,-16.031998,seed82551.png
-14.351482,-14.2160225,seed82552.png
-7.736873,-23.51376,seed82553.png
20.220795,14.01254,seed82554.png
-31.910694,-6.637172,seed82555.png
15.743748,-0.09921626,seed82556.png
-3.9138443,-16.31866,seed82557.png
-20.145737,11.154521,seed82558.png
15.162471,7.3205533,seed82559.png
22.762518,27.94966,seed8256.png
14.052422,5.2731905,seed82560.png
-19.36022,-5.543171,seed82561.png
-31.955381,24.952396,seed82562.png
25.337364,6.778599,seed82563.png
11.698909,-0.696089,seed82564.png
7.5934005,10.153331,seed82565.png
6.9585896,23.162094,seed82566.png
9.1584215,-4.8244796,seed82567.png
-35.547985,20.177057,seed82568.png
8.111182,16.810669,seed82569.png
-12.641986,-10.622476,seed8257.png
-5.141777,-15.265923,seed82570.png
-6.5303617,6.3581476,seed82571.png
9.139436,17.191677,seed82572.png
-27.719322,6.5657206,seed82573.png
14.732183,15.128885,seed82574.png
18.211792,11.705386,seed82575.png
-19.081573,6.883316,seed82576.png
22.81855,9.133872,seed82577.png
-18.09049,3.7603621,seed82578.png
12.181802,-34.00792,seed82579.png
-28.272182,0.2702156,seed8258.png
-8.408159,-20.053907,seed82580.png
-34.399014,5.6911654,seed82581.png
38.34888,12.301839,seed82582.png
-13.036466,-23.15493,seed82583.png
-1.5994465,24.37337,seed82584.png
-27.065477,-0.8555937,seed82585.png
-20.686546,-0.65365446,seed82586.png
16.116653,13.0038805,seed82587.png
-18.536451,-20.336054,seed82588.png
-17.187967,1.5050883,seed82589.png
37.97777,16.20477,seed8259.png
-31.627054,7.2852087,seed82590.png
10.961489,-19.222841,seed82591.png
-26.26993,0.21011862,seed82592.png
5.470574,-38.256264,seed82593.png
5.3151035,4.2402225,seed82594.png
22.44558,10.701098,seed82595.png
-33.80641,-4.60241,seed82596.png
9.204086,21.327158,seed82597.png
36.290478,3.296051,seed82598.png
-16.660034,-21.462557,seed82599.png
11.883541,10.788604,seed8260.png
7.131353,6.4585385,seed82600.png
-16.014608,-13.986386,seed82601.png
-11.313752,-7.887479,seed82602.png
-36.973286,17.135096,seed82603.png
-22.152142,8.6466465,seed82604.png
-12.843273,-14.735556,seed82605.png
15.293461,7.0303235,seed82606.png
4.083339,-31.986809,seed82607.png
15.730596,2.92162,seed82608.png
23.366655,17.8713,seed82609.png
25.138454,16.802414,seed8261.png
23.244965,21.857027,seed82610.png
-10.947341,-25.470417,seed82611.png
11.333588,-30.438488,seed82612.png
25.223635,19.854742,seed82613.png
-16.614721,-1.0516567,seed82614.png
37.237278,17.290535,seed82615.png
21.739492,-1.8563555,seed82616.png
16.168737,-33.16878,seed82617.png
-32.4618,21.783241,seed82618.png
22.774717,15.912357,seed82619.png
-11.637571,-29.012726,seed8262.png
33.970676,5.9947777,seed82620.png
-12.882329,-10.084031,seed82621.png
18.862257,-4.1421556,seed82622.png
-27.592121,2.6914313,seed82623.png
-22.380274,2.3825688,seed82624.png
16.551867,3.0869296,seed82625.png
-19.790585,7.5077486,seed82626.png
-16.828972,-22.163189,seed82627.png
24.358126,2.682059,seed82628.png
-25.524515,-2.3516443,seed82629.png
-19.39276,3.3952389,seed8263.png
-31.33439,-15.8780155,seed82630.png
-29.336409,7.184982,seed82631.png
-31.501984,-8.129093,seed82632.png
-1.4503063,-11.725341,seed82633.png
-33.932545,20.528103,seed82634.png
-18.969845,-15.833631,seed82635.png
-21.212137,18.20824,seed82636.png
-30.918583,16.577953,seed82637.png
13.776796,-9.0686655,seed82638.png
13.968545,7.959937,seed82639.png
3.668973,-24.645586,seed8264.png
-18.614944,-8.77647,seed82640.png
20.072254,15.018599,seed82641.png
28.273996,10.806776,seed82642.png
-30.358763,13.07756,seed82643.png
-21.64269,12.145236,seed82644.png
-37.55892,21.712677,seed82645.png
-23.353455,-10.394156,seed82646.png
-2.1544235,1.0824753,seed82647.png
-29.933958,-7.9405465,seed82648.png
9.887261,-32.10884,seed82649.png
-13.364452,-15.16206,seed8265.png
36.56869,15.453163,seed82650.png
1.9084759,-29.558199,seed82651.png
-17.992455,8.495798,seed82652.png
8.643864,16.363459,seed82653.png
-8.214729,-21.519562,seed82654.png
-20.523869,-1.1001813,seed82655.png
13.454134,-41.626953,seed82656.png
33.277782,19.274368,seed82657.png
22.743399,2.3459945,seed82658.png
29.516064,16.301117,seed82659.png
21.937412,-6.7579966,seed8266.png
-7.265841,0.6030689,seed82660.png
2.8276165,10.194263,seed82661.png
-17.442451,-18.643364,seed82662.png
-8.233763,-9.321959,seed82663.png
1.787485,11.246344,seed82664.png
26.732409,13.580589,seed82665.png
25.63659,8.443653,seed82666.png
-10.377357,-28.65242,seed82667.png
18.802494,-4.342815,seed82668.png
11.649788,-8.44469,seed82669.png
6.5405335,-6.2456474,seed8267.png
26.505543,10.803848,seed82670.png
10.087289,-10.774027,seed82671.png
-27.737846,15.066943,seed82672.png
-7.07657,15.081041,seed82673.png
-0.45781013,-16.27134,seed82674.png
24.57943,-9.395685,seed82675.png
25.024271,3.4641337,seed82676.png
22.232428,9.786643,seed82677.png
3.2497122,-0.6886429,seed82678.png
-24.239883,6.8932905,seed82679.png
-25.964863,2.7139366,seed8268.png
-0.7158429,-14.172906,seed82680.png
-18.543432,7.175231,seed82681.png
40.8545,20.63766,seed82682.png
6.4098988,13.128562,seed82683.png
40.75291,23.922243,seed82684.png
-25.430405,-10.662718,seed82685.png
13.638541,24.55199,seed82686.png
-21.040916,-30.126825,seed82687.png
-31.566538,-20.38548,seed82688.png
17.172724,15.473039,seed82689.png
19.49859,-7.686128,seed8269.png
4.8502293,6.228995,seed82690.png
-18.851627,-21.18973,seed82691.png
20.713734,13.319146,seed82692.png
-37.882404,26.447588,seed82693.png
35.59753,11.2684965,seed82694.png
-29.37554,7.764631,seed82695.png
-24.436787,-12.8762245,seed82696.png
-30.916561,7.458259,seed82697.png
15.459401,-38.49525,seed82698.png
9.215784,29.823797,seed82699.png
23.965006,2.9668584,seed8270.png
33.9552,5.2995224,seed82700.png
34.731873,10.671466,seed82701.png
-20.214108,-30.494455,seed82702.png
-19.803473,-7.1153193,seed82703.png
2.795452,20.452818,seed82704.png
12.89921,27.004116,seed82705.png
-6.8243775,-18.178392,seed82706.png
-27.720573,-13.321167,seed82707.png
-0.2361682,-4.9641614,seed82708.png
18.148973,29.706131,seed82709.png
-28.06179,-8.566265,seed8271.png
39.27202,20.569553,seed82710.png
-0.12576286,-13.743069,seed82711.png
26.666927,11.576761,seed82712.png
-15.612881,-5.1178765,seed82713.png
3.7431698,-30.110975,seed82714.png
34.288418,18.326433,seed82715.png
-23.905626,-5.375798,seed82716.png
12.727199,20.539177,seed82717.png
-14.625762,-7.177214,seed82718.png
-33.418694,11.792167,seed82719.png
24.63344,18.030613,seed8272.png
-32.24072,-12.659972,seed82720.png
-28.485939,-1.0061083,seed82721.png
10.61681,-32.80396,seed82722.png
-16.599209,-4.0097747,seed82723.png
-8.707978,-13.825794,seed82724.png
-34.148914,-2.9450421,seed82725.png
-0.13772452,7.366988,seed82726.png
32.3784,13.55256,seed82727.png
8.917785,5.934807,seed82728.png
7.1297016,-24.962875,seed82729.png
8.51295,8.4247055,seed8273.png
-20.943724,16.025534,seed82730.png
9.098661,4.55054,seed82731.png
-30.277811,15.193973,seed82732.png
-23.14105,-13.644666,seed82733.png
-31.450474,18.657232,seed82734.png
-17.85282,-9.955683,seed82735.png
10.773493,-38.51398,seed82736.png
-24.133345,-1.3809286,seed82737.png
-12.467619,-4.9853306,seed82738.png
-31.43203,19.07462,seed82739.png
-0.15083858,22.677057,seed8274.png
-9.445512,-19.928486,seed82740.png
-31.764328,12.553576,seed82741.png
28.494825,5.2551107,seed82742.png
-25.64387,6.6628447,seed82743.png
35.79802,9.100763,seed82744.png
-6.257382,-13.657798,seed82745.png
-23.321089,-17.353958,seed82746.png
-14.81245,-7.3081174,seed82747.png
8.859667,-30.290073,seed82748.png
24.521547,12.784802,seed82749.png
21.123611,3.4347644,seed8275.png
-14.573122,-14.628753,seed82750.png
-24.710777,-12.116562,seed82751.png
8.426026,-34.950512,seed82752.png
17.847965,26.282166,seed82753.png
12.722389,-25.277126,seed82754.png
31.444597,13.232761,seed82755.png
13.63016,5.9879856,seed82756.png
24.280424,17.8641,seed82757.png
-29.05335,-13.114686,seed82758.png
17.529547,7.525837,seed82759.png
13.661021,28.649834,seed8276.png
10.224954,-41.57059,seed82760.png
-7.8177624,8.783497,seed82761.png
9.687768,28.380243,seed82762.png
9.197367,-24.229164,seed82763.png
13.067812,11.869368,seed82764.png
-18.239065,12.449786,seed82765.png
-21.92041,9.863584,seed82766.png
18.9467,-1.8038001,seed82767.png
-10.024492,-2.3428128,seed82768.png
-5.5756173,2.5020783,seed82769.png
-33.33699,5.6993465,seed8277.png
7.6335225,0.50306374,seed82770.png
1.1870059,-18.137596,seed82771.png
-28.96142,-8.401428,seed82772.png
12.012001,-34.249573,seed82773.png
13.255725,-30.736391,seed82774.png
-9.326957,0.44701296,seed82775.png
19.609243,24.295551,seed82776.png
37.746674,23.260376,seed82777.png
15.041474,-35.0693,seed82778.png
5.265927,-6.341547,seed82779.png
38.18584,19.085243,seed8278.png
12.740874,-24.264347,seed82780.png
18.12096,-4.981934,seed82781.png
-5.566297,17.957745,seed82782.png
36.661217,9.430172,seed82783.png
12.337617,-30.721397,seed82784.png
34.11088,7.761754,seed82785.png
13.994274,-37.522354,seed82786.png
15.293216,17.003958,seed82787.png
10.741337,10.168164,seed82788.png
-15.229642,-13.789235,seed82789.png
15.484916,29.094532,seed8279.png
6.8112106,-39.338802,seed82790.png
13.1649,-4.209928,seed82791.png
2.8928065,10.329543,seed82792.png
-26.890768,-20.731394,seed82793.png
-18.921242,17.093185,seed82794.png
-35.093903,23.849407,seed82795.png
-32.3181,26.259865,seed82796.png
-2.5734837,-10.970402,seed82797.png
28.609285,4.5925117,seed82798.png
-12.209833,-16.780235,seed82799.png
38.357193,18.189339,seed8280.png
35.473186,26.778801,seed82800.png
27.499771,14.671362,seed82801.png
-16.666773,-28.677568,seed82802.png
-20.078705,-20.737164,seed82803.png
-34.178314,-3.1703792,seed82804.png
35.404526,22.807266,seed82805.png
-19.155905,-19.409771,seed82806.png
32.943375,2.2013643,seed82807.png
-17.684309,4.7066474,seed82808.png
10.362457,-41.43215,seed82809.png
-25.34118,19.32722,seed8281.png
6.9279165,-9.721931,seed82810.png
-30.891884,0.16371548,seed82811.png
-18.884747,-22.281607,seed82812.png
14.050486,26.702995,seed82813.png
22.191927,-7.4595833,seed82814.png
-26.634386,17.973452,seed82815.png
5.2423267,-2.769516,seed82816.png
-32.14496,19.766672,seed82817.png
13.060268,-22.70574,seed82818.png
27.417095,27.075779,seed82819.png
8.716406,22.705965,seed8282.png
-0.51924413,23.92288,seed82820.png
9.649554,-37.972656,seed82821.png
-13.829126,1.1832163,seed82822.png
-30.818708,19.412697,seed82823.png
10.310989,-40.38512,seed82824.png
18.78846,20.431965,seed82825.png
19.412313,12.681554,seed82826.png
2.3220532,18.20996,seed82827.png
18.114412,25.668505,seed82828.png
17.318336,12.420188,seed82829.png
-4.5425596,-16.499638,seed8283.png
-18.906443,-19.885077,seed82830.png
-0.6966249,-17.60347,seed82831.png
24.19088,2.6886926,seed82832.png
-8.372934,-11.851386,seed82833.png
7.24227,-26.37198,seed82834.png
1.9580927,-34.894676,seed82835.png
-23.51368,10.320581,seed82836.png
15.372128,0.5118615,seed82837.png
-20.761694,-18.58313,seed82838.png
-14.630653,-20.559399,seed82839.png
-26.136591,6.9220934,seed8284.png
27.85716,27.755386,seed82840.png
-33.393627,15.41156,seed82841.png
11.388678,-7.6852975,seed82842.png
8.359868,14.385711,seed82843.png
9.30366,12.935281,seed82844.png
-17.181643,-0.6663567,seed82845.png
33.342968,14.726443,seed82846.png
4.7648683,-27.728579,seed82847.png
-33.085773,17.173428,seed82848.png
16.759647,-5.233613,seed82849.png
-28.15837,3.7142236,seed8285.png
-6.8906,-25.081158,seed82850.png
31.286526,13.95394,seed82851.png
19.362535,-1.3773147,seed82852.png
-26.644499,-8.794079,seed82853.png
-19.85357,-23.912533,seed82854.png
-16.64648,-18.829317,seed82855.png
-22.55914,-4.5841246,seed82856.png
-28.696394,-2.1390774,seed82857.png
-25.129269,8.618842,seed82858.png
2.1466057,19.273626,seed82859.png
-23.275898,-11.309603,seed8286.png
14.715933,-37.517227,seed82860.png
-21.391037,12.79053,seed82861.png
24.561722,22.215546,seed82862.png
-11.250629,-20.733255,seed82863.png
25.046465,-0.85869163,seed82864.png
-34.113014,13.46236,seed82865.png
-21.614431,-22.351492,seed82866.png
-10.440627,-29.482569,seed82867.png
3.3401046,-34.074833,seed82868.png
-9.486214,-26.41608,seed82869.png
5.308771,0.020183133,seed8287.png
-9.050198,-2.7210002,seed82870.png
-15.714986,4.9612427,seed82871.png
-24.241304,-8.340215,seed82872.png
-8.752587,-12.208871,seed82873.png
-7.8322663,-11.335597,seed82874.png
-14.145034,-8.031127,seed82875.png
13.861253,-31.6103,seed82876.png
-27.896677,13.2133875,seed82877.png
17.293968,-33.487877,seed82878.png
-22.223413,-18.956194,seed82879.png
7.36516,-29.237566,seed8288.png
-16.851976,-9.120037,seed82880.png
-20.194157,1.1978858,seed82881.png
-22.071333,17.508593,seed82882.png
28.469975,6.5386486,seed82883.png
-32.282787,6.227926,seed82884.png
-35.565727,26.443203,seed82885.png
-28.98528,4.211173,seed82886.png
3.2128854,15.804082,seed82887.png
16.40932,11.003749,seed82888.png
30.123695,23.553566,seed82889.png
7.834227,-40.1508,seed8289.png
9.9024,-32.320812,seed82890.png
-31.82893,-3.7658396,seed82891.png
22.439585,-0.36220646,seed82892.png
-15.785312,-17.589813,seed82893.png
-28.81044,13.076556,seed82894.png
14.460215,-31.916433,seed82895.png
4.3763003,23.369524,seed82896.png
-3.6229317,16.426907,seed82897.png
18.086357,24.332027,seed82898.png
16.149967,7.316757,seed82899.png
-1.1530768,-18.14254,seed8290.png
-26.043615,-2.810544,seed82900.png
35.98453,18.485369,seed82901.png
7.636306,-0.597996,seed82902.png
38.483673,16.248127,seed82903.png
31.043755,25.20314,seed82904.png
-33.802063,-3.226389,seed82905.png
16.531805,-4.4117827,seed82906.png
-23.311104,-26.576307,seed82907.png
1.3731043,17.325247,seed82908.png
3.3170738,11.60231,seed82909.png
27.174694,-3.3146427,seed8291.png
32.27032,9.387081,seed82910.png
-1.1216358,-2.9954715,seed82911.png
30.39187,0.6850588,seed82912.png
19.46064,17.041582,seed82913.png
-23.07431,10.912873,seed82914.png
6.3375845,-32.910015,seed82915.png
28.786573,3.4292955,seed82916.png
6.1927724,16.30301,seed82917.png
9.893745,22.40405,seed82918.png
24.813864,12.932402,seed82919.png
22.526821,21.411749,seed8292.png
7.8280263,23.773611,seed82920.png
-22.91368,1.6884968,seed82921.png
-2.3965461,13.075832,seed82922.png
-23.092354,6.8759456,seed82923.png
1.8973858,15.429231,seed82924.png
8.6004305,1.0378313,seed82925.png
7.7907147,-41.74692,seed82926.png
25.721245,-8.770313,seed82927.png
35.30489,4.606939,seed82928.png
-19.097029,-18.692604,seed82929.png
-28.569506,7.7436266,seed8293.png
6.6101456,14.599207,seed82930.png
1.0255678,14.461328,seed82931.png
-33.057705,23.212786,seed82932.png
-34.551575,26.861965,seed82933.png
10.748362,-22.655586,seed82934.png
30.947191,13.729721,seed82935.png
28.355942,10.030178,seed82936.png
25.660446,12.1382885,seed82937.png
-9.741099,-23.678148,seed82938.png
36.758648,17.886797,seed82939.png
37.194347,23.67429,seed8294.png
-33.46077,10.768558,seed82940.png
13.894761,-35.736774,seed82941.png
13.173934,0.3333353,seed82942.png
16.432768,-4.897916,seed82943.png
-22.752113,10.5756645,seed82944.png
31.051136,1.4601353,seed82945.png
22.900682,-6.519364,seed82946.png
10.531453,-22.195148,seed82947.png
-26.272978,6.1854253,seed82948.png
-14.597766,-8.69163,seed82949.png
41.09867,20.193245,seed8295.png
-32.17301,-2.6518543,seed82950.png
-17.094038,-22.799747,seed82951.png
36.824646,6.10221,seed82952.png
-30.292675,-6.0696335,seed82953.png
-10.641027,1.4515327,seed82954.png
-30.578987,18.448568,seed82955.png
11.800474,-35.16584,seed82956.png
30.391129,11.210279,seed82957.png
-23.239883,-19.744045,seed82958.png
13.948335,-29.910122,seed82959.png
-35.525543,-2.3257875,seed8296.png
-19.884617,4.2703834,seed82960.png
4.815523,-25.660599,seed82961.png
28.764366,26.020395,seed82962.png
-17.177538,-14.616802,seed82963.png
-28.374582,17.877087,seed82964.png
-25.15001,12.38337,seed82965.png
39.392933,23.486128,seed82966.png
2.1087325,-26.615004,seed82967.png
18.702503,11.506636,seed82968.png
12.203737,-37.006393,seed82969.png
5.662778,-28.12553,seed8297.png
-25.887156,-4.6281567,seed82970.png
-19.992798,0.44597563,seed82971.png
34.009243,5.848526,seed82972.png
8.670757,5.8286247,seed82973.png
-17.497591,13.762601,seed82974.png
-24.724197,-20.283895,seed82975.png
-28.251188,-13.953999,seed82976.png
8.7148285,23.878359,seed82977.png
27.461746,1.6020151,seed82978.png
5.265963,19.200413,seed82979.png
-22.46991,-4.117338,seed8298.png
-4.3637443,-3.9163442,seed82980.png
36.636326,13.084431,seed82981.png
-32.64097,21.715178,seed82982.png
-27.955744,-14.158859,seed82983.png
-33.166656,25.320705,seed82984.png
3.3566267,-3.0097082,seed82985.png
-20.177197,-6.570404,seed82986.png
-6.4665236,-19.292786,seed82987.png
13.626439,-4.2280855,seed82988.png
7.046002,-6.839001,seed82989.png
16.606821,4.575569,seed8299.png
-17.386084,-29.542389,seed82990.png
-1.575822,25.110645,seed82991.png
-35.486927,24.528547,seed82992.png
10.481421,-29.004065,seed82993.png
15.2442665,0.40369514,seed82994.png
1.1958878,4.396882,seed82995.png
-23.25842,-9.538385,seed82996.png
5.7253,-28.764027,seed82997.png
-21.44676,1.6948332,seed82998.png
28.930344,1.198882,seed82999.png
24.39832,17.314016,seed8300.png
33.797596,9.468393,seed83000.png
25.564917,21.00768,seed83001.png
-26.81129,-14.944059,seed83002.png
26.718426,20.483297,seed83003.png
-33.164005,21.28649,seed83004.png
19.150915,26.379442,seed83005.png
-3.9300187,13.321241,seed83006.png
21.224512,22.191833,seed83007.png
21.448503,25.831692,seed83008.png
42.767387,18.20136,seed83009.png
-23.552576,-18.016977,seed8301.png
28.305008,12.909344,seed83010.png
24.141901,15.86907,seed83011.png
9.770139,-6.6350017,seed83012.png
20.918962,26.384056,seed83013.png
-31.965313,19.023476,seed83014.png
20.827116,25.052414,seed83015.png
17.109636,2.285203,seed83016.png
-34.371918,14.045354,seed83017.png
-34.197655,20.492384,seed83018.png
-16.838982,3.904686,seed83019.png
2.6660695,17.25605,seed8302.png
-17.319931,-23.155025,seed83020.png
2.8065856,-5.0148625,seed83021.png
-34.473705,8.805047,seed83022.png
-5.6831613,-10.149084,seed83023.png
-19.733599,-8.070711,seed83024.png
9.859279,-24.151375,seed83025.png
6.580682,7.733743,seed83026.png
-0.45317352,-15.551977,seed83027.png
-32.22294,21.396633,seed83028.png
-6.0549636,-23.222658,seed83029.png
9.3787365,27.104086,seed8303.png
13.380939,-4.2983904,seed83030.png
23.31997,21.867489,seed83031.png
14.320729,27.525387,seed83032.png
-21.089735,-17.176004,seed83033.png
-20.949738,-8.403691,seed83034.png
0.6971789,14.136619,seed83035.png
-26.520597,-4.591138,seed83036.png
-33.04792,22.199533,seed83037.png
4.6071086,5.4625907,seed83038.png
-35.684467,22.410028,seed83039.png
-17.806713,-21.303827,seed8304.png
-8.999082,-10.435425,seed83040.png
-29.011478,7.3849707,seed83041.png
21.40914,-4.66584,seed83042.png
6.4240766,-33.65287,seed83043.png
2.7425237,3.1482654,seed83044.png
39.93555,19.314505,seed83045.png
38.747288,22.495384,seed83046.png
12.550958,22.90453,seed83047.png
-19.465845,0.25560924,seed83048.png
1.5418433,-5.7912326,seed83049.png
25.248201,9.734033,seed8305.png
-19.818565,-27.851358,seed83050.png
18.683088,10.00965,seed83051.png
-21.40165,-16.987621,seed83052.png
14.145454,19.77608,seed83053.png
18.548632,16.797514,seed83054.png
17.482595,-6.468079,seed83055.png
-28.82498,4.2650347,seed83056.png
29.29729,2.886235,seed83057.png
6.018095,-35.4869,seed83058.png
-22.150894,-3.2854924,seed83059.png
15.871053,17.76863,seed8306.png
-17.85607,8.240866,seed83060.png
8.527786,11.719969,seed83061.png
-29.657825,21.277802,seed83062.png
-15.561547,-21.44412,seed83063.png
-15.414143,-12.562011,seed83064.png
-21.33766,11.459764,seed83065.png
17.154007,10.604355,seed83066.png
17.163399,-9.980809,seed83067.png
-15.024523,10.910191,seed83068.png
-18.95156,-31.709768,seed83069.png
-32.711815,-8.082385,seed8307.png
21.624554,5.395056,seed83070.png
15.060388,-33.076443,seed83071.png
-34.22354,18.221312,seed83072.png
-31.696606,24.358744,seed83073.png
23.431274,11.262348,seed83074.png
32.355843,0.00078421604,seed83075.png
-8.374024,0.8044026,seed83076.png
11.078086,4.231361,seed83077.png
1.0231731,23.622173,seed83078.png
-19.36277,15.425439,seed83079.png
8.809883,16.352636,seed8308.png
-16.856047,-17.425646,seed83080.png
33.84121,15.891975,seed83081.png
-3.3269932,17.389193,seed83082.png
21.661255,1.4452809,seed83083.png
11.721999,-7.5249643,seed83084.png
0.7470111,17.145508,seed83085.png
16.568972,2.2523403,seed83086.png
4.702139,-26.831429,seed83087.png
32.364902,12.573275,seed83088.png
9.710034,-10.788156,seed83089.png
6.7533283,16.386963,seed8309.png
-22.92683,-19.316956,seed83090.png
-29.866953,0.13059328,seed83091.png
19.58156,-7.8347774,seed83092.png
-26.096184,-4.160415,seed83093.png
-14.055508,-20.177391,seed83094.png
2.9973009,21.909744,seed83095.png
11.485206,-31.683586,seed83096.png
-28.107882,13.671284,seed83097.png
-30.461498,-3.9678278,seed83098.png
-8.167296,-13.936036,seed83099.png
22.52047,1.5415853,seed8310.png
-26.714928,16.111454,seed83100.png
-20.85599,10.812444,seed83101.png
14.15277,-38.320423,seed83102.png
-19.276005,-18.584715,seed83103.png
-32.44919,18.441586,seed83104.png
18.50845,-6.699484,seed83105.png
38.93894,21.938877,seed83106.png
13.379525,28.144358,seed83107.png
-22.800755,6.544173,seed83108.png
-10.713884,-24.39977,seed83109.png
-17.493906,-32.22088,seed8311.png
-3.9188006,14.60457,seed83110.png
-1.1717491,24.736242,seed83111.png
9.798486,-35.904984,seed83112.png
-9.744399,-12.329983,seed83113.png
14.045341,-6.0283,seed83114.png
10.3211355,27.036263,seed83115.png
-15.228403,-18.960781,seed83116.png
10.473388,-33.643913,seed83117.png
-23.30409,13.376947,seed83118.png
-22.07663,-15.247449,seed83119.png
37.989056,24.604094,seed8312.png
6.9814553,12.623657,seed83120.png
-12.157912,10.077957,seed83121.png
2.5332248,9.863249,seed83122.png
13.824438,13.191396,seed83123.png
26.06816,16.066456,seed83124.png
-23.829649,16.695093,seed83125.png
2.8158,-14.454658,seed83126.png
-17.41144,-16.458258,seed83127.png
5.355859,-40.57835,seed83128.png
8.452812,16.930214,seed83129.png
0.74385244,-18.361025,seed8313.png
-17.373587,-9.460466,seed83130.png
4.091709,-34.185425,seed83131.png
-26.268024,-7.0696936,seed83132.png
-18.499744,-21.100609,seed83133.png
-22.796017,8.449189,seed83134.png
-21.68311,17.843191,seed83135.png
-0.7766034,-2.2961662,seed83136.png
29.633173,23.20787,seed83137.png
23.572592,-5.7048807,seed83138.png
0.26364908,19.18083,seed83139.png
29.403921,24.946005,seed8314.png
27.31305,10.696304,seed83140.png
-8.02061,-18.331253,seed83141.png
-35.2922,18.407333,seed83142.png
-8.117303,-24.598427,seed83143.png
-18.45581,10.895558,seed83144.png
-12.524147,2.379671,seed83145.png
-24.407782,5.6156445,seed83146.png
22.381662,0.20287393,seed83147.png
14.676243,22.274761,seed83148.png
-32.149193,20.66336,seed83149.png
37.043903,9.402105,seed8315.png
30.888807,21.342218,seed83150.png
11.616861,-39.44809,seed83151.png
-38.078144,14.429741,seed83152.png
17.147095,14.104146,seed83153.png
-13.164143,-21.896036,seed83154.png
36.75704,18.438328,seed83155.png
-22.602076,19.416208,seed83156.png
-24.665125,18.767609,seed83157.png
31.732464,28.757498,seed83158.png
-23.174301,18.250154,seed83159.png
-25.269705,0.33685938,seed8316.png
9.290391,-31.760342,seed83160.png
11.235743,0.4572905,seed83161.png
-27.789562,11.7754965,seed83162.png
-21.014761,-28.790165,seed83163.png
-18.207987,-9.169519,seed83164.png
-15.547226,-28.18656,seed83165.png
-19.284933,-5.512641,seed83166.png
17.398113,-36.50677,seed83167.png
27.560745,25.631536,seed83168.png
-17.231173,1.3067143,seed83169.png
-19.706491,-22.40971,seed8317.png
4.1556044,-1.594416,seed83170.png
-12.948468,-16.51983,seed83171.png
-32.546383,17.588215,seed83172.png
13.811494,11.645635,seed83173.png
13.699464,-35.34978,seed83174.png
-21.4575,-22.374355,seed83175.png
-9.151201,3.4869301,seed83176.png
-12.914412,-4.1834774,seed83177.png
26.581205,9.224256,seed83178.png
-25.718573,3.0676,seed83179.png
-19.29408,8.645799,seed8318.png
37.309605,3.9467566,seed83180.png
2.0497122,1.0779262,seed83181.png
33.7151,18.537268,seed83182.png
18.075079,23.45715,seed83183.png
-10.564018,6.248721,seed83184.png
-9.238205,-28.86876,seed83185.png
31.12248,15.33853,seed83186.png
-24.276533,-24.295876,seed83187.png
-15.379747,-15.3268175,seed83188.png
35.39267,22.594988,seed83189.png
-22.650843,-5.2223444,seed8319.png
19.885378,-5.0716987,seed83190.png
-31.413118,26.01153,seed83191.png
-0.9238286,15.044511,seed83192.png
-20.930246,-20.101736,seed83193.png
10.660016,19.858246,seed83194.png
-22.152655,-11.626608,seed83195.png
-16.463541,-31.219591,seed83196.png
20.214952,8.534586,seed83197.png
14.1928425,-39.934887,seed83198.png
17.157227,-33.836796,seed83199.png
-21.510868,14.847995,seed8320.png
5.3423448,-32.717583,seed83200.png
19.669058,-4.04791,seed83201.png
-32.07295,9.834134,seed83202.png
0.29912975,-15.350398,seed83203.png
32.320576,10.966217,seed83204.png
-1.666881,24.396368,seed83205.png
32.205826,3.4690757,seed83206.png
19.33629,3.4088442,seed83207.png
3.3325472,2.9664295,seed83208.png
-32.804405,12.167392,seed83209.png
14.962502,20.32969,seed8321.png
-20.551872,3.904103,seed83210.png
38.44955,21.099436,seed83211.png
-29.436089,-11.435943,seed83212.png
16.736443,2.5128632,seed83213.png
35.39709,4.238121,seed83214.png
11.473972,-5.1156325,seed83215.png
36.67666,15.445715,seed83216.png
0.21907169,-19.956982,seed83217.png
6.0748596,-6.354871,seed83218.png
-20.478445,2.779851,seed83219.png
0.39542305,-0.3603706,seed8322.png
20.070833,12.174608,seed83220.png
8.924808,-10.954177,seed83221.png
10.616158,28.214815,seed83222.png
-28.629742,12.5297785,seed83223.png
-14.041099,-16.78814,seed83224.png
-28.110466,7.8279223,seed83225.png
6.1760697,-31.067068,seed83226.png
15.597705,22.343756,seed83227.png
15.020603,-9.246373,seed83228.png
-31.539923,23.660591,seed83229.png
7.6186395,-42.81177,seed8323.png
6.377909,-38.017593,seed83230.png
30.780638,14.938352,seed83231.png
16.045647,-39.114555,seed83232.png
-19.888433,-26.246058,seed83233.png
-33.088745,24.564262,seed83234.png
-2.4837928,-24.201553,seed83235.png
-24.159431,-9.675739,seed83236.png
9.186235,-9.4331875,seed83237.png
-21.542273,4.5431237,seed83238.png
34.241528,27.466066,seed83239.png
-18.171446,-14.38231,seed8324.png
14.6959,17.832026,seed83240.png
25.071997,22.245985,seed83241.png
19.25436,23.566994,seed83242.png
-2.940822,23.72931,seed83243.png
-3.661853,-13.759783,seed83244.png
13.044005,25.672392,seed83245.png
-14.20749,-30.40411,seed83246.png
27.623486,13.583204,seed83247.png
5.9007077,-4.4326606,seed83248.png
-2.4401205,-7.0712137,seed83249.png
14.683865,-2.3377118,seed8325.png
-20.601784,-18.173965,seed83250.png
-18.882706,-6.534495,seed83251.png
-12.211458,-11.941705,seed83252.png
-31.777029,21.013212,seed83253.png
-1.3596067,20.93372,seed83254.png
-15.904308,2.4237819,seed83255.png
-16.732388,-10.398453,seed83256.png
18.32562,18.337416,seed83257.png
-27.415619,11.710189,seed83258.png
29.739162,14.47163,seed83259.png
19.23866,-0.50351036,seed8326.png
18.600498,4.1816807,seed83260.png
26.025318,17.773235,seed83261.png
6.903774,-34.90124,seed83262.png
-4.7243443,6.4406385,seed83263.png
7.4235997,-28.803045,seed83264.png
-31.572302,-8.373928,seed83265.png
13.798505,3.583402,seed83266.png
-10.957146,-5.111194,seed83267.png
-19.11023,-3.9470534,seed83268.png
26.431236,10.44491,seed83269.png
33.046314,4.6062417,seed8327.png
27.848923,16.403502,seed83270.png
10.043251,17.872856,seed83271.png
-14.620587,-30.429907,seed83272.png
-17.792711,1.1578985,seed83273.png
-4.9446416,-3.1062636,seed83274.png
21.731861,23.366007,seed83275.png
-8.649734,-17.077295,seed83276.png
-21.869324,8.36836,seed83277.png
-30.358387,1.7106116,seed83278.png
-12.8189535,-27.119722,seed83279.png
-16.797739,5.8759265,seed8328.png
12.254286,4.2581034,seed83280.png
-18.921265,-6.221503,seed83281.png
26.645897,17.122746,seed83282.png
-29.765097,-8.430425,seed83283.png
28.482695,22.255217,seed83284.png
28.832148,11.518926,seed83285.png
-26.953457,-9.20641,seed83286.png
12.802793,-3.4958694,seed83287.png
-19.974815,-25.845465,seed83288.png
8.145628,21.58356,seed83289.png
14.143828,-34.448112,seed8329.png
12.9124565,-30.21461,seed83290.png
11.5150795,7.6066575,seed83291.png
29.815678,0.2404842,seed83292.png
-20.830545,-5.7487607,seed83293.png
-28.940979,3.5000572,seed83294.png
17.249537,5.496229,seed83295.png
28.205044,26.835215,seed83296.png
-18.664572,-4.2469134,seed83297.png
37.783104,18.558014,seed83298.png
4.3720584,12.036613,seed83299.png
-16.939781,6.4143777,seed8330.png
-11.584368,-19.319223,seed83300.png
5.5266476,12.763855,seed83301.png
-6.8108735,3.9858446,seed83302.png
20.145267,19.586973,seed83303.png
-16.59106,-10.163677,seed83304.png
-12.915954,-17.669744,seed83305.png
-14.762116,-7.682622,seed83306.png
34.309834,14.27437,seed83307.png
-16.916014,-4.1541533,seed83308.png
3.507454,9.939066,seed83309.png
-5.9659214,-6.497024,seed8331.png
-26.080238,-1.5150244,seed83310.png
7.8614864,23.9674,seed83311.png
23.942524,7.8862553,seed83312.png
-32.19777,-0.9725208,seed83313.png
10.424947,-34.985104,seed83314.png
-35.285843,10.005519,seed83315.png
-37.3251,15.629194,seed83316.png
14.982447,-38.010174,seed83317.png
7.131371,-10.886925,seed83318.png
11.123502,-25.454885,seed83319.png
6.5832,4.1994796,seed8332.png
19.463438,15.06872,seed83320.png
6.0579476,17.344011,seed83321.png
-11.361801,-16.189945,seed83322.png
12.428674,21.612263,seed83323.png
5.155508,-36.653034,seed83324.png
36.47338,22.055645,seed83325.png
27.6008,2.5461042,seed83326.png
9.005695,-42.591316,seed83327.png
28.004522,7.444075,seed83328.png
6.058548,-30.153835,seed83329.png
11.189225,-7.813757,seed8333.png
17.9132,-6.391959,seed83330.png
-1.9516566,15.929022,seed83331.png
13.781592,24.278816,seed83332.png
-4.144765,-12.217293,seed83333.png
8.578824,-0.698059,seed83334.png
-34.57242,27.113922,seed83335.png
-21.744188,1.6105896,seed83336.png
17.310167,-2.2841346,seed83337.png
9.1389265,-9.194805,seed83338.png
25.094576,20.016146,seed83339.png
22.647018,4.0880637,seed8334.png
-17.300724,-13.08004,seed83340.png
-0.1555811,13.648506,seed83341.png
11.522555,0.4090364,seed83342.png
-17.817385,-4.930647,seed83343.png
-2.899206,5.6557646,seed83344.png
29.113997,20.847668,seed83345.png
5.9000387,-3.927605,seed83346.png
20.428768,-5.268469,seed83347.png
-19.486233,0.72099924,seed83348.png
-1.3751516,24.266918,seed83349.png
-2.1513388,22.914948,seed8335.png
30.543257,15.184832,seed83350.png
29.489607,19.25724,seed83351.png
-0.1331136,24.688883,seed83352.png
-31.89765,-8.959162,seed83353.png
18.539118,11.482991,seed83354.png
24.893656,21.948397,seed83355.png
-25.55655,6.6492443,seed83356.png
0.7740438,-1.4942821,seed83357.png
-13.474541,8.993996,seed83358.png
-17.558502,-10.0123825,seed83359.png
4.2893314,-26.573196,seed8336.png
1.7559717,-22.814163,seed83360.png
-30.802202,-2.1263003,seed83361.png
21.040524,20.728975,seed83362.png
12.408008,-2.2471178,seed83363.png
-27.871222,13.289361,seed83364.png
14.797881,-38.45168,seed83365.png
-25.93204,12.474296,seed83366.png
5.7822833,-34.621445,seed83367.png
10.959879,-41.838413,seed83368.png
23.208977,19.013823,seed83369.png
-18.313732,-0.09516094,seed8337.png
-20.555677,1.6174746,seed83370.png
-18.597698,-5.9500713,seed83371.png
-10.452784,-26.237057,seed83372.png
-37.42019,14.806657,seed83373.png
16.610031,19.22936,seed83374.png
-21.872803,4.552124,seed83375.png
-27.658388,-0.41654497,seed83376.png
26.977097,-0.23097813,seed83377.png
14.525919,0.456141,seed83378.png
1.1334786,21.625301,seed83379.png
9.947151,-32.587383,seed8338.png
6.8744693,12.679127,seed83380.png
21.136696,17.846624,seed83381.png
-18.83928,3.356335,seed83382.png
-12.248982,-11.616904,seed83383.png
-33.63005,10.982264,seed83384.png
6.615639,-8.439418,seed83385.png
-22.81984,-12.542917,seed83386.png
22.168388,1.4749177,seed83387.png
-16.521587,-25.736097,seed83388.png
-34.874176,19.958979,seed83389.png
-25.171093,5.061526,seed8339.png
35.92481,16.096931,seed83390.png
-25.972082,5.39305,seed83391.png
11.327431,24.616144,seed83392.png
-29.510433,-5.9611044,seed83393.png
1.10065,7.1707907,seed83394.png
11.296391,-35.26614,seed83395.png
19.386679,15.085476,seed83396.png
-1.714656,23.932861,seed83397.png
-11.5251875,-13.053521,seed83398.png
-28.483845,5.817575,seed83399.png
7.2005477,-33.410828,seed8340.png
-15.823462,14.884214,seed83400.png
-12.939829,-25.252829,seed83401.png
25.210962,9.898866,seed83402.png
-17.107645,-15.649313,seed83403.png
36.25012,22.02672,seed83404.png
-35.277325,24.116398,seed83405.png
-36.780422,9.74866,seed83406.png
9.235071,8.459713,seed83407.png
6.5753202,-2.428426,seed83408.png
-5.3386965,3.075624,seed83409.png
-19.387842,3.0440657,seed8341.png
7.767573,-7.656958,seed83410.png
11.313476,-4.0772896,seed83411.png
-24.812016,-20.226053,seed83412.png
-21.871225,16.594378,seed83413.png
8.874619,-19.844095,seed83414.png
-29.879892,-11.904358,seed83415.png
-6.043791,-17.597597,seed83416.png
28.396011,1.3845567,seed83417.png
18.696133,-11.261333,seed83418.png
33.188866,3.02124,seed83419.png
-16.410444,-16.868443,seed8342.png
-0.051116228,2.1404004,seed83420.png
37.325413,19.191605,seed83421.png
14.556823,22.230642,seed83422.png
13.331957,20.155441,seed83423.png
37.26506,9.1153755,seed83424.png
18.73612,16.286757,seed83425.png
1.3690145,-27.36237,seed83426.png
-14.896246,-16.159319,seed83427.png
-28.096931,-13.383224,seed83428.png
5.476048,5.4765415,seed83429.png
38.953766,16.968332,seed8343.png
10.50152,-24.611204,seed83430.png
-32.842026,7.8380513,seed83431.png
-15.727026,-6.7658935,seed83432.png
18.548452,0.08704323,seed83433.png
-33.99323,24.759317,seed83434.png
11.286872,12.509003,seed83435.png
-33.52612,3.117061,seed83436.png
-33.679382,-9.717857,seed83437.png
19.417156,-2.3468056,seed83438.png
21.146893,19.486454,seed83439.png
-30.811546,5.7028875,seed8344.png
9.216006,29.872541,seed83440.png
-0.5296805,3.1275365,seed83441.png
23.07125,11.376908,seed83442.png
-19.440065,0.005242557,seed83443.png
10.427312,-8.136215,seed83444.png
3.7982152,16.629274,seed83445.png
20.056643,-5.639448,seed83446.png
31.966423,10.82842,seed83447.png
-17.926521,-3.390459,seed83448.png
-11.128731,-31.89444,seed83449.png
6.4462533,22.386389,seed8345.png
-14.593836,-20.816557,seed83450.png
20.231777,-4.175805,seed83451.png
-34.47212,12.324163,seed83452.png
18.640732,24.600203,seed83453.png
35.168858,16.858084,seed83454.png
15.910627,11.826916,seed83455.png
22.820873,-8.09981,seed83456.png
-34.470623,13.149267,seed83457.png
-32.948776,5.0674734,seed83458.png
-16.108608,-10.024226,seed83459.png
-14.456785,0.4045883,seed8346.png
-34.246513,-3.426557,seed83460.png
-17.574085,-8.026843,seed83461.png
36.229034,7.7441196,seed83462.png
-9.927643,-10.517185,seed83463.png
-29.674778,11.848243,seed83464.png
-34.81198,23.207285,seed83465.png
14.330441,-39.416405,seed83466.png
3.9531343,-2.5470784,seed83467.png
-14.083166,-24.460388,seed83468.png
-15.045768,-24.144676,seed83469.png
-18.05761,-1.359729,seed8347.png
4.187117,18.869371,seed83470.png
-1.9542161,-15.690127,seed83471.png
18.21649,7.426117,seed83472.png
32.417282,6.633924,seed83473.png
8.00563,-34.685253,seed83474.png
-17.974295,3.0091488,seed83475.png
-19.550999,-4.4698563,seed83476.png
15.826878,19.278824,seed83477.png
38.91292,13.99003,seed83478.png
-12.977764,-13.849922,seed83479.png
35.4215,9.879312,seed8348.png
-22.657843,-21.414003,seed83480.png
-2.85522,-3.9735513,seed83481.png
18.405853,3.9989119,seed83482.png
4.717045,-38.504673,seed83483.png
11.546214,-25.68959,seed83484.png
-2.6219914,-14.928887,seed83485.png
-2.5606124,1.0156249,seed83486.png
-26.138449,-19.58222,seed83487.png
-10.421412,-29.721073,seed83488.png
-22.737894,-25.85538,seed83489.png
-32.262924,20.901388,seed8349.png
-17.952896,-13.409851,seed83490.png
-31.984022,13.84095,seed83491.png
0.97569776,-14.538924,seed83492.png
-33.39843,16.045319,seed83493.png
-12.533928,-11.201453,seed83494.png
-25.394314,-1.5074565,seed83495.png
-0.1584537,15.992066,seed83496.png
-17.96915,-17.553442,seed83497.png
-17.54633,-3.8080955,seed83498.png
-30.357836,-1.2034111,seed83499.png
35.121758,9.4383335,seed8350.png
-32.902233,23.744825,seed83500.png
15.126062,22.927433,seed83501.png
5.1066566,-35.64988,seed83502.png
21.975075,12.004742,seed83503.png
-27.840233,2.5002167,seed83504.png
-3.9468033,-8.484253,seed83505.png
6.8328004,-37.513824,seed83506.png
-12.467505,4.313141,seed83507.png
-14.631783,-31.40791,seed83508.png
-2.9180872,-11.307511,seed83509.png
-31.075762,-9.270843,seed8351.png
17.625973,2.2013323,seed83510.png
10.100293,0.09365892,seed83511.png
33.40193,28.381634,seed83512.png
-3.9313872,18.773691,seed83513.png
-25.720432,1.9084231,seed83514.png
11.225394,-38.302895,seed83515.png
-9.325496,-3.9706113,seed83516.png
-12.677574,-21.921345,seed83517.png
-27.859068,15.50458,seed83518.png
28.718315,13.5878,seed83519.png
16.989029,4.1240873,seed8352.png
11.33581,-42.082893,seed83520.png
37.179703,19.87844,seed83521.png
38.202095,15.82942,seed83522.png
15.889383,15.998454,seed83523.png
-31.795574,15.539555,seed83524.png
-12.859247,-9.545559,seed83525.png
-34.53821,-7.0651116,seed83526.png
4.1820126,19.991598,seed83527.png
-32.106617,-9.667666,seed83528.png
2.3140876,25.718239,seed83529.png
-30.062796,15.089015,seed8353.png
6.7885776,-39.5093,seed83530.png
-25.189358,-19.696695,seed83531.png
35.07316,16.755981,seed83532.png
-10.276936,3.4722087,seed83533.png
-22.090744,11.251775,seed83534.png
39.489532,19.39401,seed83535.png
-32.016342,16.181238,seed83536.png
-2.4541118,15.690684,seed83537.png
20.221003,-5.130797,seed83538.png
10.446405,-32.047802,seed83539.png
1.7651526,-23.188793,seed8354.png
-31.233122,7.249077,seed83540.png
28.854088,3.518303,seed83541.png
36.275265,24.403812,seed83542.png
-12.313075,-15.7927475,seed83543.png
8.461625,-4.1083713,seed83544.png
-20.88532,-13.645712,seed83545.png
-27.039803,5.1735725,seed83546.png
36.146297,11.2983265,seed83547.png
8.797165,-38.731953,seed83548.png
-15.475985,-8.286026,seed83549.png
3.9083931,9.141913,seed8355.png
-18.869272,-13.993365,seed83550.png
30.542835,27.46416,seed83551.png
27.089642,6.036447,seed83552.png
-26.8044,-14.449114,seed83553.png
-36.856304,23.584656,seed83554.png
11.655913,-4.0150313,seed83555.png
8.23452,4.562367,seed83556.png
37.47776,11.297024,seed83557.png
-23.494646,-20.508444,seed83558.png
-1.5838228,24.150894,seed83559.png
-22.375385,-29.010437,seed8356.png
-21.480358,19.026518,seed83560.png
-16.839123,-31.513605,seed83561.png
6.993149,9.2963295,seed83562.png
-10.1046505,-24.197954,seed83563.png
14.9034815,-37.308727,seed83564.png
-21.414164,-14.3143425,seed83565.png
5.0929832,13.760883,seed83566.png
10.405608,6.8139896,seed83567.png
6.414146,8.407072,seed83568.png
-6.5825777,-22.690947,seed83569.png
-21.265186,-24.424995,seed8357.png
18.664635,-5.722717,seed83570.png
9.238422,25.43811,seed83571.png
-21.586332,-26.711731,seed83572.png
32.17968,16.30816,seed83573.png
-30.423868,16.010603,seed83574.png
-26.816214,-9.67212,seed83575.png
-17.58199,-27.060104,seed83576.png
36.566532,9.114807,seed83577.png
-5.9870367,-6.495467,seed83578.png
31.211092,9.676686,seed83579.png
26.64959,10.253934,seed8358.png
20.042215,-3.3513122,seed83580.png
5.622193,2.874157,seed83581.png
17.802444,-1.6287457,seed83582.png
-18.612629,-13.91021,seed83583.png
9.762289,-22.46127,seed83584.png
27.059467,-2.3338437,seed83585.png
9.359436,8.297515,seed83586.png
21.311216,24.710102,seed83587.png
-15.481474,-29.942812,seed83588.png
-19.43073,17.708582,seed83589.png
11.832589,-41.737194,seed8359.png
-11.264765,-26.98142,seed83590.png
-13.732292,-9.230175,seed83591.png
35.405724,12.4110565,seed83592.png
-36.80136,3.186655,seed83593.png
4.128399,-35.463055,seed83594.png
16.193003,-33.525127,seed83595.png
-34.963573,-1.8965908,seed83596.png
5.8652787,-6.4860244,seed83597.png
-1.8685288,2.2187529,seed83598.png
12.059418,19.10446,seed83599.png
-24.14533,-5.255857,seed8360.png
0.26561457,-19.059404,seed83600.png
24.208002,22.952242,seed83601.png
17.621643,6.788151,seed83602.png
9.57733,-27.857788,seed83603.png
-29.76522,5.288619,seed83604.png
10.307519,-39.7695,seed83605.png
10.408624,-28.621508,seed83606.png
23.686277,-6.6339946,seed83607.png
35.192944,9.214771,seed83608.png
9.236214,1.9177166,seed83609.png
15.655999,7.9377766,seed8361.png
9.719079,12.971259,seed83610.png
-25.257095,14.076685,seed83611.png
-21.931177,16.936375,seed83612.png
-10.554511,-19.115704,seed83613.png
31.998741,11.9355345,seed83614.png
-15.022236,4.0831327,seed83615.png
-22.683027,-26.768023,seed83616.png
17.979235,19.056934,seed83617.png
-31.50175,13.937543,seed83618.png
16.14391,-3.5800877,seed83619.png
-28.885098,3.5114117,seed8362.png
16.595095,-34.992012,seed83620.png
-23.128628,-24.885088,seed83621.png
-7.304225,-17.492207,seed83622.png
-20.068417,-15.864435,seed83623.png
8.281198,-6.180368,seed83624.png
-9.455743,-30.74152,seed83625.png
30.04303,19.304348,seed83626.png
-4.450467,-19.215693,seed83627.png
4.583251,-36.834686,seed83628.png
25.699484,-5.2109423,seed83629.png
-24.856289,11.5581455,seed8363.png
-25.523819,-1.4946208,seed83630.png
37.54437,17.259233,seed83631.png
12.051002,-24.981703,seed83632.png
7.8415647,25.592161,seed83633.png
-27.057726,5.9427543,seed83634.png
-28.928322,9.313523,seed83635.png
-33.712677,11.538455,seed83636.png
2.6446426,-2.5965924,seed83637.png
-31.134258,5.284773,seed83638.png
-4.383922,-10.426235,seed83639.png
-18.639708,-23.783228,seed8364.png
22.848423,5.494555,seed83640.png
22.943836,-7.2692857,seed83641.png
-32.9785,22.610605,seed83642.png
13.129305,6.925779,seed83643.png
36.410465,13.345805,seed83644.png
-3.9930358,3.942731,seed83645.png
-22.90271,-6.569676,seed83646.png
-21.035109,-15.305269,seed83647.png
27.249237,14.210547,seed83648.png
-6.1004796,-0.6478588,seed83649.png
-22.796001,-0.7709833,seed8365.png
41.493225,22.041882,seed83650.png
11.428461,-7.4110065,seed83651.png
15.035436,30.396816,seed83652.png
-18.258917,4.036851,seed83653.png
28.250307,13.19038,seed83654.png
26.865402,17.001305,seed83655.png
2.3686032,21.778486,seed83656.png
17.909735,17.597822,seed83657.png
3.3994536,-25.652847,seed83658.png
27.378963,9.84452,seed83659.png
-13.755073,-2.2782793,seed8366.png
-26.386736,13.21371,seed83660.png
39.372364,24.33873,seed83661.png
1.9105374,22.159512,seed83662.png
24.035446,6.2317495,seed83663.png
-10.87491,-11.194153,seed83664.png
11.093504,-7.272916,seed83665.png
2.9374917,-13.217602,seed83666.png
-21.244703,0.7887089,seed83667.png
28.57375,6.8042665,seed83668.png
38.074314,18.533957,seed83669.png
-19.738781,-23.309412,seed8367.png
-20.245974,-0.44063744,seed83670.png
29.37006,27.38114,seed83671.png
6.684798,-5.945371,seed83672.png
-21.926239,-17.604687,seed83673.png
-18.21221,-12.476398,seed83674.png
31.348295,19.628761,seed83675.png
-32.748394,22.153343,seed83676.png
29.44867,6.6387835,seed83677.png
-7.626707,-22.998817,seed83678.png
9.731311,-41.04584,seed83679.png
27.99126,28.408495,seed8368.png
7.0296707,15.312731,seed83680.png
28.047194,8.529941,seed83681.png
14.731544,26.677713,seed83682.png
-22.653692,-1.88901,seed83683.png
-1.4336041,-16.395699,seed83684.png
18.361519,-1.4032501,seed83685.png
30.366858,7.9895663,seed83686.png
36.47263,26.240528,seed83687.png
24.970865,16.460457,seed83688.png
13.805306,-7.603262,seed83689.png
16.285114,-32.12054,seed8369.png
26.967121,1.8125792,seed83690.png
12.238196,3.806569,seed83691.png
-12.989695,-19.861128,seed83692.png
35.45654,21.615429,seed83693.png
14.411299,24.574598,seed83694.png
-26.832561,-13.226567,seed83695.png
-26.621552,10.995113,seed83696.png
8.74939,11.412323,seed83697.png
19.798021,-7.0620384,seed83698.png
36.65207,22.110348,seed83699.png
-34.122337,15.804238,seed8370.png
14.181715,8.672372,seed83700.png
-1.640237,-11.737984,seed83701.png
-17.14369,-0.7859901,seed83702.png
-22.231165,14.143415,seed83703.png
26.267397,12.8804,seed83704.png
-28.645435,12.296109,seed83705.png
5.871744,-24.277903,seed83706.png
13.7899065,25.8589,seed83707.png
27.95883,18.238892,seed83708.png
3.8009598,17.157515,seed83709.png
14.746927,26.421358,seed8371.png
-15.963989,-19.23205,seed83710.png
-28.130386,-20.092218,seed83711.png
17.647179,-0.2965123,seed83712.png
15.722549,25.523829,seed83713.png
-29.353174,14.158113,seed83714.png
12.145995,-1.8792392,seed83715.png
-26.755621,3.0273945,seed83716.png
10.9316435,-38.604965,seed83717.png
14.507299,19.632292,seed83718.png
18.627605,21.017515,seed83719.png
18.81245,14.345519,seed8372.png
6.1811333,-25.577997,seed83720.png
29.292953,9.433506,seed83721.png
-30.373278,8.080914,seed83722.png
-9.616191,-10.423769,seed83723.png
-25.434076,-16.116117,seed83724.png
11.078002,-39.108856,seed83725.png
-6.5736113,11.040838,seed83726.png
-34.23559,11.136256,seed83727.png
4.3506417,13.200913,seed83728.png
-31.893621,-0.104770586,seed83729.png
-9.457231,-2.3944206,seed8373.png
19.374205,22.79432,seed83730.png
-6.1165996,-11.984209,seed83731.png
20.142097,-4.8090744,seed83732.png
19.542898,-4.0329185,seed83733.png
-21.029253,-20.480568,seed83734.png
-24.536396,-16.891672,seed83735.png
-22.862095,-8.144914,seed83736.png
-14.049623,-25.118433,seed83737.png
-30.818094,-9.219347,seed83738.png
36.585236,21.105629,seed83739.png
10.195985,-6.579917,seed8374.png
-19.650845,12.094411,seed83740.png
10.788459,17.33627,seed83741.png
15.878761,1.4714136,seed83742.png
21.674772,13.970286,seed83743.png
-39.091,23.879824,seed83744.png
33.746037,4.0836387,seed83745.png
-14.02568,-14.075109,seed83746.png
-8.26755,-20.104872,seed83747.png
27.102392,10.91526,seed83748.png
6.121559,-0.65580547,seed83749.png
-33.01965,13.454663,seed8375.png
-10.837781,-0.76510584,seed83750.png
-23.997353,-8.543243,seed83751.png
14.818665,-32.85254,seed83752.png
4.1878805,8.641815,seed83753.png
-10.584463,-15.608248,seed83754.png
-6.450077,-10.687346,seed83755.png
-24.083654,-19.453926,seed83756.png
11.348157,1.9660641,seed83757.png
7.8937397,8.447415,seed83758.png
-19.807434,-6.6536307,seed83759.png
7.536944,23.78347,seed8376.png
33.676624,10.942813,seed83760.png
-19.326393,-16.05358,seed83761.png
5.9746666,-0.2791388,seed83762.png
34.069744,20.60398,seed83763.png
-21.403564,12.504063,seed83764.png
-15.8864765,-13.751145,seed83765.png
-28.004843,9.48068,seed83766.png
19.616392,2.7574341,seed83767.png
30.068592,28.95345,seed83768.png
-22.143951,-18.243252,seed83769.png
-18.504017,-28.018759,seed8377.png
10.6542425,-3.050406,seed83770.png
-34.682186,27.866919,seed83771.png
18.991613,2.9668064,seed83772.png
13.549853,0.25126007,seed83773.png
30.704823,2.4644096,seed83774.png
3.1194992,-31.683203,seed83775.png
-3.5586448,-15.072735,seed83776.png
22.50137,-2.7452533,seed83777.png
39.09435,9.746636,seed83778.png
-34.130657,9.047196,seed83779.png
0.41666123,-18.314478,seed8378.png
-17.460981,-17.130508,seed83780.png
7.5757704,-4.093702,seed83781.png
-12.9722185,-6.226189,seed83782.png
39.243004,22.739403,seed83783.png
-33.956657,-9.012291,seed83784.png
3.3681564,-26.906708,seed83785.png
-15.4201355,-24.961794,seed83786.png
21.948204,10.793013,seed83787.png
0.70592326,-17.93837,seed83788.png
-1.3410697,15.382482,seed83789.png
-6.0581765,18.307713,seed8379.png
16.07108,20.253403,seed83790.png
17.597128,12.587807,seed83791.png
-5.5433764,-23.256666,seed83792.png
12.949643,-40.102974,seed83793.png
18.239006,0.511304,seed83794.png
-10.873567,-23.56469,seed83795.png
-4.8444257,12.712069,seed83796.png
18.841219,21.693373,seed83797.png
17.089724,7.2906947,seed83798.png
-1.1538752,-13.96141,seed83799.png
14.922902,-0.7766089,seed8380.png
22.800156,-2.7252967,seed83800.png
31.314865,12.130277,seed83801.png
2.3134344,15.112735,seed83802.png
29.803646,3.3590157,seed83803.png
-22.719137,-6.9719095,seed83804.png
30.319035,0.5492666,seed83805.png
12.540037,-7.3575277,seed83806.png
-18.474812,-14.94988,seed83807.png
11.645066,20.333271,seed83808.png
26.005882,11.316362,seed83809.png
27.204424,9.491158,seed8381.png
-31.700302,13.457567,seed83810.png
-13.618828,-29.995584,seed83811.png
10.838563,25.105637,seed83812.png
-13.957197,-12.148559,seed83813.png
-19.130798,-16.219824,seed83814.png
-34.580566,-3.3702316,seed83815.png
-22.178493,15.181815,seed83816.png
24.253958,14.66642,seed83817.png
13.288941,-25.407745,seed83818.png
-27.394287,10.942762,seed83819.png
-38.364872,22.669205,seed8382.png
-17.031935,-6.968373,seed83820.png
16.042212,-36.64303,seed83821.png
13.709941,-4.1185937,seed83822.png
-37.021736,22.372858,seed83823.png
-22.247995,0.80782044,seed83824.png
1.7565448,16.700914,seed83825.png
35.223564,19.916649,seed83826.png
9.80134,-33.9259,seed83827.png
-22.288094,-20.406485,seed83828.png
2.3861806,10.115523,seed83829.png
-36.30767,23.23386,seed8383.png
-34.294704,27.30259,seed83830.png
-32.580044,20.00497,seed83831.png
-12.430458,-23.4344,seed83832.png
-26.292116,-19.326443,seed83833.png
35.83334,7.561784,seed83834.png
12.584296,-36.785404,seed83835.png
0.7727742,-4.1289654,seed83836.png
-16.887636,-20.593822,seed83837.png
0.20747712,19.413118,seed83838.png
23.755522,-6.047891,seed83839.png
9.038156,-4.0814204,seed8384.png
-23.18312,18.474472,seed83840.png
-11.14383,0.9120257,seed83841.png
10.196266,2.53031,seed83842.png
37.37074,18.757282,seed83843.png
-30.537603,3.3691173,seed83844.png
12.675957,-4.0796313,seed83845.png
12.941758,27.45117,seed83846.png
24.533974,2.8157427,seed83847.png
-20.952162,8.408182,seed83848.png
17.797401,-7.2061205,seed83849.png
5.928929,-33.265003,seed8385.png
-24.362286,2.0758998,seed83850.png
-15.927866,-7.0051136,seed83851.png
-19.513878,-16.234745,seed83852.png
29.066763,17.364466,seed83853.png
31.770626,24.04926,seed83854.png
6.6429605,-30.878437,seed83855.png
12.127432,-1.6050167,seed83856.png
20.489527,3.4510229,seed83857.png
-6.607491,3.5269225,seed83858.png
-25.318096,-11.651505,seed83859.png
11.397543,-34.79816,seed8386.png
7.846084,-38.6129,seed83860.png
-22.790848,12.999246,seed83861.png
37.65496,25.623192,seed83862.png
-15.396543,0.62859297,seed83863.png
-14.400336,-16.11887,seed83864.png
6.033539,-10.004248,seed83865.png
-13.44191,-24.1482,seed83866.png
16.860365,3.3328385,seed83867.png
-5.7284465,-11.406645,seed83868.png
9.857432,-25.217808,seed83869.png
1.5934829,14.98738,seed8387.png
-2.4780855,-16.371937,seed83870.png
-17.178778,-18.192131,seed83871.png
7.414897,-5.292388,seed83872.png
-18.879442,-1.3051168,seed83873.png
38.842358,13.612571,seed83874.png
0.94281936,-16.705715,seed83875.png
-22.693579,-10.888256,seed83876.png
12.041562,-4.957357,seed83877.png
10.914042,23.218252,seed83878.png
-28.907436,12.340528,seed83879.png
13.769477,-3.6433525,seed8388.png
23.301952,23.897161,seed83880.png
-11.345675,-31.42314,seed83881.png
19.64836,0.6216221,seed83882.png
-25.119757,0.20776653,seed83883.png
22.89744,26.598812,seed83884.png
2.495984,-27.454187,seed83885.png
13.694699,26.626427,seed83886.png
-25.391428,-9.743612,seed83887.png
10.099616,22.24129,seed83888.png
-0.81247824,12.1917715,seed83889.png
10.273759,-27.958368,seed8389.png
-26.901943,-12.110011,seed83890.png
10.087732,-20.093315,seed83891.png
12.690977,8.757699,seed83892.png
-14.630314,-13.427071,seed83893.png
25.575388,14.830696,seed83894.png
-14.045688,8.372583,seed83895.png
-18.32451,-2.1677992,seed83896.png
15.657434,7.8198595,seed83897.png
13.30484,-38.955093,seed83898.png
13.973339,-28.839045,seed83899.png
-0.52270234,24.561426,seed8390.png
32.926662,21.888062,seed83900.png
-20.458641,-24.995558,seed83901.png
-9.595181,-20.885664,seed83902.png
-22.122358,-0.54443854,seed83903.png
-2.5160968,7.788466,seed83904.png
12.107628,-36.696957,seed83905.png
38.343678,17.843998,seed83906.png
2.5039866,15.739868,seed83907.png
-5.629416,12.357974,seed83908.png
-6.320455,-19.830706,seed83909.png
2.0213673,-30.939587,seed8391.png
-14.948254,-27.232439,seed83910.png
-13.786316,-25.51364,seed83911.png
4.9908247,-38.875114,seed83912.png
15.850962,0.9576904,seed83913.png
-13.194084,-11.767011,seed83914.png
30.520348,7.131421,seed83915.png
-14.577726,-13.581908,seed83916.png
-33.557835,22.829273,seed83917.png
-9.3892,-21.76937,seed83918.png
-26.694874,-5.503575,seed83919.png
14.967369,25.047697,seed8392.png
9.422281,-34.948425,seed83920.png
17.573957,5.8990808,seed83921.png
-11.671596,-5.1396494,seed83922.png
9.858877,-4.315274,seed83923.png
20.225042,16.195282,seed83924.png
-11.876835,-19.638287,seed83925.png
19.488632,22.376736,seed83926.png
27.53522,25.204397,seed83927.png
2.455102,16.74812,seed83928.png
-13.238816,-9.457091,seed83929.png
15.153203,23.645582,seed8393.png
-21.075903,-18.562868,seed83930.png
6.4811773,-35.84917,seed83931.png
35.17893,21.771734,seed83932.png
-37.97281,15.057137,seed83933.png
21.96241,15.890931,seed83934.png
27.360863,11.42071,seed83935.png
16.51569,2.6405342,seed83936.png
-1.5785584,15.523908,seed83937.png
31.197044,12.479358,seed83938.png
-2.4578702,-2.9518745,seed83939.png
5.3910246,0.30117336,seed8394.png
33.70413,8.465423,seed83940.png
-27.454437,-10.625775,seed83941.png
-0.97537094,24.853132,seed83942.png
38.279625,9.742297,seed83943.png
14.69774,-38.906384,seed83944.png
-24.38086,4.856578,seed83945.png
-31.17357,-13.400014,seed83946.png
-12.703273,7.4801397,seed83947.png
-10.446365,-3.6669352,seed83948.png
-7.3207808,-17.193258,seed83949.png
-12.063954,-30.944088,seed8395.png
20.776163,20.20164,seed83950.png
14.000798,9.2991705,seed83951.png
-2.1332836,-12.280452,seed83952.png
9.6875925,-28.956894,seed83953.png
-17.844093,-18.36791,seed83954.png
2.9494758,-33.564835,seed83955.png
34.872166,7.92614,seed83956.png
35.68428,6.041987,seed83957.png
5.5400925,-37.66436,seed83958.png
-3.446748,-3.1240213,seed83959.png
-4.7415047,19.107449,seed8396.png
15.4481945,20.322102,seed83960.png
16.7215,10.036599,seed83961.png
-20.320608,16.561909,seed83962.png
15.1519,22.97179,seed83963.png
4.647517,17.49532,seed83964.png
12.288347,-6.867977,seed83965.png
-17.541813,-13.752521,seed83966.png
12.979424,1.1220844,seed83967.png
-1.7014831,22.765518,seed83968.png
3.868639,-34.532288,seed83969.png
40.90738,18.775484,seed8397.png
21.131601,3.9693224,seed83970.png
-27.070364,1.6892729,seed83971.png
22.200644,20.526648,seed83972.png
-23.831507,-8.027597,seed83973.png
11.045665,-21.727982,seed83974.png
-0.067559816,-14.924348,seed83975.png
14.211605,6.4981813,seed83976.png
41.33626,18.685009,seed83977.png
-22.59188,-12.418921,seed83978.png
15.809092,2.2909234,seed83979.png
35.862247,20.414093,seed8398.png
-2.2854898,21.336826,seed83980.png
11.3560095,-32.500877,seed83981.png
8.485464,2.2624967,seed83982.png
20.007801,25.652533,seed83983.png
24.860228,4.891177,seed83984.png
-3.8581734,-11.856915,seed83985.png
5.3220882,-36.38694,seed83986.png
-22.37286,-20.323126,seed83987.png
16.122824,20.23541,seed83988.png
-26.56261,20.525593,seed83989.png
19.582174,22.234707,seed8399.png
29.09886,27.088083,seed83990.png
-8.5234,-23.794653,seed83991.png
-29.08479,-10.478579,seed83992.png
-7.8044095,-16.551315,seed83993.png
-24.451273,6.68932,seed83994.png
22.736237,3.1371493,seed83995.png
-0.3889095,22.427713,seed83996.png
-17.620087,-13.089688,seed83997.png
-18.821663,4.7946033,seed83998.png
-29.378033,10.115477,seed83999.png
-17.619791,-3.3388696,seed8400.png
-24.426819,-4.0421267,seed84000.png
-22.683289,-22.308386,seed84001.png
-26.645597,5.9758196,seed84002.png
34.42453,0.59393865,seed84003.png
16.925783,-2.7794895,seed84004.png
17.578655,26.299654,seed84005.png
-25.50274,3.5423582,seed84006.png
-23.908842,14.114551,seed84007.png
6.525123,15.110105,seed84008.png
-0.17839812,-1.4233779,seed84009.png
-2.4084306,18.617004,seed8401.png
27.81421,12.3526,seed84010.png
-19.620798,-20.59563,seed84011.png
-22.78638,-14.36404,seed84012.png
1.9693707,-2.5020466,seed84013.png
-18.87154,-9.417492,seed84014.png
19.618849,10.382396,seed84015.png
18.973883,9.48902,seed84016.png
-26.432348,-4.440775,seed84017.png
-11.11763,6.2189903,seed84018.png
9.040564,20.808155,seed84019.png
-16.519985,-29.634907,seed8402.png
10.997324,-34.212524,seed84020.png
-13.768097,-28.130417,seed84021.png
-10.15207,-21.027187,seed84022.png
-24.05063,13.935447,seed84023.png
10.669284,9.996301,seed84024.png
-12.0776,-26.7365,seed84025.png
-36.17792,14.324656,seed84026.png
-23.519855,-13.2564945,seed84027.png
26.501862,25.418085,seed84028.png
31.916574,9.07788,seed84029.png
-12.710431,-23.837713,seed8403.png
-10.147626,-25.520777,seed84030.png
-24.25514,-6.027785,seed84031.png
-4.019178,-14.993432,seed84032.png
-12.273418,-25.582685,seed84033.png
12.332681,11.8706665,seed84034.png
4.898241,25.20065,seed84035.png
-14.455695,-0.15288103,seed84036.png
16.263155,-6.95754,seed84037.png
8.058265,10.289532,seed84038.png
21.642075,-8.72463,seed84039.png
23.622732,27.701149,seed8404.png
38.486195,14.465988,seed84040.png
-31.421543,-15.748285,seed84041.png
-16.47346,-10.703474,seed84042.png
29.490856,11.420316,seed84043.png
-19.626623,-28.505245,seed84044.png
37.840878,11.775187,seed84045.png
-23.80482,0.22781603,seed84046.png
-20.193659,-25.996748,seed84047.png
13.660763,-21.910234,seed84048.png
13.529122,-9.250929,seed84049.png
-23.103258,-10.169228,seed8405.png
-21.879704,5.786266,seed84050.png
0.7595149,3.7167268,seed84051.png
-31.964182,18.587605,seed84052.png
11.575779,7.548408,seed84053.png
20.684258,-5.3096433,seed84054.png
-29.530523,12.637639,seed84055.png
-21.585964,9.182412,seed84056.png
35.37059,25.008991,seed84057.png
7.992278,21.24258,seed84058.png
35.31607,17.161556,seed84059.png
-14.332895,-26.011633,seed8406.png
-26.807371,20.20225,seed84060.png
6.585127,-24.977354,seed84061.png
-20.578781,-10.569951,seed84062.png
-14.920021,-29.820461,seed84063.png
29.675158,15.7657385,seed84064.png
-14.365527,-6.9354424,seed84065.png
18.823753,11.898738,seed84066.png
-9.473959,-12.503737,seed84067.png
11.868898,-6.470496,seed84068.png
-34.545628,26.420303,seed84069.png
-5.2905006,1.4670414,seed8407.png
-29.12699,13.369998,seed84070.png
39.316113,23.49997,seed84071.png
12.293513,-0.61294603,seed84072.png
-29.5961,1.57891,seed84073.png
16.529596,5.135685,seed84074.png
-24.94735,17.019224,seed84075.png
-30.533142,1.9732617,seed84076.png
-15.928075,10.089081,seed84077.png
17.160719,7.5740237,seed84078.png
19.22504,6.3260303,seed84079.png
-28.931635,-8.832297,seed8408.png
8.6488495,-39.431587,seed84080.png
33.242657,12.137734,seed84081.png
28.052647,-2.8378847,seed84082.png
31.362333,27.66049,seed84083.png
4.0997777,0.6306685,seed84084.png
36.100414,10.852274,seed84085.png
-24.960299,-0.6667448,seed84086.png
5.3224206,17.681208,seed84087.png
34.92122,11.723509,seed84088.png
-32.261715,5.747098,seed84089.png
-20.30065,16.82606,seed8409.png
10.9932575,-25.170624,seed84090.png
37.3487,16.180677,seed84091.png
-16.712587,-24.76067,seed84092.png
16.889397,16.057873,seed84093.png
10.167075,18.766314,seed84094.png
7.4632635,-30.515516,seed84095.png
11.21983,-32.176514,seed84096.png
15.137072,3.3988574,seed84097.png
18.468094,0.21418159,seed84098.png
-30.728874,4.6903653,seed84099.png
21.854557,13.550755,seed8410.png
14.723217,-6.63187,seed84100.png
-11.606204,-29.489542,seed84101.png
-30.908453,-10.653101,seed84102.png
7.0077057,-23.998676,seed84103.png
24.120874,11.393603,seed84104.png
8.421772,16.34433,seed84105.png
-33.90328,7.389613,seed84106.png
12.831607,-30.837492,seed84107.png
2.0674624,17.965176,seed84108.png
30.594032,13.919949,seed84109.png
36.981228,21.669228,seed8411.png
-10.880156,-6.4044127,seed84110.png
31.893707,29.478567,seed84111.png
12.57674,-10.943071,seed84112.png
-1.5061501,-1.700568,seed84113.png
25.219122,18.526356,seed84114.png
-16.862442,-25.93379,seed84115.png
27.767878,3.4177861,seed84116.png
18.884623,-0.5619853,seed84117.png
-30.08927,19.388996,seed84118.png
-36.659546,26.33201,seed84119.png
18.043997,-8.68567,seed8412.png
24.492622,17.548908,seed84120.png
30.795244,0.78959453,seed84121.png
21.12352,-4.8185306,seed84122.png
3.0249214,-16.194324,seed84123.png
11.645113,-24.102486,seed84124.png
5.939886,-30.341835,seed84125.png
-8.565822,-6.408829,seed84126.png
-2.11514,24.009066,seed84127.png
-28.736206,-13.239958,seed84128.png
-8.385574,-10.641428,seed84129.png
35.65202,9.261384,seed8413.png
-26.720875,4.778317,seed84130.png
12.375723,-30.663483,seed84131.png
-27.96938,1.2622064,seed84132.png
-0.7750587,18.118227,seed84133.png
11.594091,-37.97719,seed84134.png
25.325563,9.0999975,seed84135.png
20.19412,5.6707516,seed84136.png
18.401134,0.85346997,seed84137.png
-31.053831,-5.031352,seed84138.png
-7.251164,-25.71436,seed84139.png
8.51526,-9.3144045,seed8414.png
-1.523041,-11.941726,seed84140.png
-33.711147,15.755041,seed84141.png
31.009872,14.066042,seed84142.png
-31.057686,4.4991207,seed84143.png
29.051695,20.592216,seed84144.png
-18.29171,-13.527338,seed84145.png
5.447951,10.993584,seed84146.png
11.15962,-11.615431,seed84147.png
25.679678,10.594867,seed84148.png
14.512267,6.326834,seed84149.png
-20.503927,-29.08678,seed8415.png
-23.204735,8.455607,seed84150.png
3.5610611,1.8908247,seed84151.png
-15.965127,-21.71304,seed84152.png
9.137217,11.512174,seed84153.png
-19.364828,12.883472,seed84154.png
-21.795313,18.336555,seed84155.png
18.629509,-5.813134,seed84156.png
9.391363,-29.74987,seed84157.png
-34.203487,9.465766,seed84158.png
0.45892647,21.830242,seed84159.png
-34.173218,10.153461,seed8416.png
-14.665077,-2.514493,seed84160.png
40.100616,15.587028,seed84161.png
4.2165537,-16.021336,seed84162.png
26.481892,6.070745,seed84163.png
-12.05456,-7.400664,seed84164.png
9.928901,-30.564726,seed84165.png
13.7878065,-29.399128,seed84166.png
3.4261982,-9.964539,seed84167.png
-20.481472,-19.009731,seed84168.png
-10.88338,-30.039732,seed84169.png
6.410514,-40.21211,seed8417.png
10.041969,-36.479507,seed84170.png
-18.768593,-28.529745,seed84171.png
-25.43173,-10.680044,seed84172.png
14.23406,-37.748096,seed84173.png
5.1386194,3.6735532,seed84174.png
31.436148,20.800348,seed84175.png
23.095518,1.5299755,seed84176.png
13.578129,6.476586,seed84177.png
11.602149,25.065746,seed84178.png
-21.811262,19.265203,seed84179.png
2.9621649,21.208143,seed8418.png
6.5497627,-34.33417,seed84180.png
19.544428,-5.8484473,seed84181.png
8.11735,-1.3479224,seed84182.png
12.635813,-38.199783,seed84183.png
10.364278,21.906685,seed84184.png
-23.48086,17.223942,seed84185.png
22.156178,-5.4410424,seed84186.png
18.05084,1.540211,seed84187.png
-8.831941,-25.244335,seed84188.png
0.32732272,-7.9225764,seed84189.png
-36.356243,11.310632,seed8419.png
33.701298,22.124931,seed84190.png
22.848257,10.96212,seed84191.png
29.307629,8.886754,seed84192.png
-10.156872,-6.20714,seed84193.png
6.254093,-37.246284,seed84194.png
-29.944128,8.334928,seed84195.png
3.9784374,22.628445,seed84196.png
24.72951,1.1702,seed84197.png
-18.585798,-27.311165,seed84198.png
37.536934,21.22686,seed84199.png
24.753872,18.87274,seed8420.png
-1.0585622,-11.887776,seed84200.png
6.623453,-1.5294405,seed84201.png
-28.107126,-6.531032,seed84202.png
-35.642307,-3.766737,seed84203.png
11.792463,-0.7818583,seed84204.png
-16.537966,-5.3279543,seed84205.png
-30.095158,17.366179,seed84206.png
32.08792,21.700396,seed84207.png
19.233095,10.530451,seed84208.png
25.563295,-0.25552422,seed84209.png
42.131107,19.958118,seed8421.png
16.564997,-9.709648,seed84210.png
35.40005,20.879814,seed84211.png
13.399596,-2.8280694,seed84212.png
-30.823305,23.801125,seed84213.png
16.087202,-1.9345208,seed84214.png
-6.676005,-4.369756,seed84215.png
8.6867285,22.49879,seed84216.png
-18.366667,10.956757,seed84217.png
34.274704,10.092257,seed84218.png
-13.616596,4.6004686,seed84219.png
22.392332,17.62487,seed8422.png
-31.245783,3.9290628,seed84220.png
-21.73496,18.209343,seed84221.png
-18.90008,-20.180096,seed84222.png
15.025757,-38.98794,seed84223.png
32.49927,17.198809,seed84224.png
9.4437685,-0.8825341,seed84225.png
-18.002672,4.702703,seed84226.png
-16.022535,-29.893023,seed84227.png
-20.228247,-20.78926,seed84228.png
13.23391,5.773064,seed84229.png
9.036379,-5.5307455,seed8423.png
-19.79793,-7.170776,seed84230.png
14.12694,-4.1404085,seed84231.png
-32.712624,24.242775,seed84232.png
-14.089653,-5.647838,seed84233.png
-32.289505,24.54292,seed84234.png
-32.34425,18.56847,seed84235.png
9.674314,-29.406445,seed84236.png
16.011328,-10.534973,seed84237.png
-16.194742,5.770915,seed84238.png
15.5956135,19.735817,seed84239.png
11.295616,18.489964,seed8424.png
27.17996,18.822123,seed84240.png
2.3813348,-4.7318487,seed84241.png
-22.5933,-8.699636,seed84242.png
37.13832,22.119556,seed84243.png
-25.556047,18.033825,seed84244.png
13.454271,-36.772617,seed84245.png
-21.63529,-6.6969414,seed84246.png
-0.6290733,-14.183392,seed84247.png
33.633934,12.113774,seed84248.png
28.801842,27.801628,seed84249.png
6.801289,-11.6380205,seed8425.png
18.096321,-3.294032,seed84250.png
10.650694,-42.074047,seed84251.png
-29.506628,5.014166,seed84252.png
-14.407829,-19.388697,seed84253.png
20.259148,16.828487,seed84254.png
4.5127397,-34.057636,seed84255.png
34.661427,2.8923542,seed84256.png
16.217983,18.763535,seed84257.png
-7.676858,3.400165,seed84258.png
-18.809153,4.972013,seed84259.png
32.8997,4.033148,seed8426.png
-13.563365,-4.5680556,seed84260.png
34.581043,12.555742,seed84261.png
-0.3235837,-12.59814,seed84262.png
10.789837,28.46472,seed84263.png
-22.628124,13.663061,seed84264.png
-0.76507115,21.214462,seed84265.png
-29.888494,18.041199,seed84266.png
12.78482,-41.92,seed84267.png
32.932972,24.95232,seed84268.png
22.942816,-7.3539133,seed84269.png
-17.63692,-21.385489,seed8427.png
-32.891304,-0.24557032,seed84270.png
8.076373,18.32797,seed84271.png
14.0689,25.055824,seed84272.png
-3.0960786,-15.811811,seed84273.png
4.0114503,1.7248657,seed84274.png
23.730642,14.372893,seed84275.png
4.523725,-35.770473,seed84276.png
0.07034679,-13.383313,seed84277.png
-19.048433,-28.935919,seed84278.png
-25.830158,0.37954497,seed84279.png
-20.803951,-28.51098,seed8428.png
9.720328,29.953836,seed84280.png
31.621164,5.6592555,seed84281.png
-13.291864,-5.898748,seed84282.png
35.03464,8.936173,seed84283.png
-15.991039,-1.2989845,seed84284.png
-36.367306,17.340988,seed84285.png
7.869057,-37.357906,seed84286.png
3.2647417,-34.475327,seed84287.png
0.5368286,13.36529,seed84288.png
-22.30465,-3.7460206,seed84289.png
23.41017,15.35642,seed8429.png
-16.333088,-28.870762,seed84290.png
-27.73186,-10.028507,seed84291.png
29.374985,21.3353,seed84292.png
24.490862,-1.0401968,seed84293.png
-34.8258,14.996663,seed84294.png
15.287746,-7.694274,seed84295.png
15.722664,-5.3402743,seed84296.png
30.912998,27.101349,seed84297.png
-2.0254843,13.154191,seed84298.png
-31.066387,-6.048017,seed84299.png
8.973753,-27.815006,seed8430.png
-11.541033,-5.280546,seed84300.png
-27.265877,-20.664402,seed84301.png
11.851419,-5.1535172,seed84302.png
29.850233,27.033756,seed84303.png
-25.5142,0.8134516,seed84304.png
-11.244483,-18.929005,seed84305.png
-27.84345,4.3940554,seed84306.png
-2.0535827,-26.33584,seed84307.png
-24.390074,11.141763,seed84308.png
6.879464,10.578966,seed84309.png
17.819378,17.267838,seed8431.png
16.45539,18.212276,seed84310.png
17.994688,-8.769961,seed84311.png
-30.402279,-17.894093,seed84312.png
-0.7556368,25.116203,seed84313.png
-20.91812,8.102093,seed84314.png
22.640116,20.794823,seed84315.png
3.8850975,-2.9438925,seed84316.png
-23.25915,19.88567,seed84317.png
-23.271742,-11.954403,seed84318.png
-20.94056,-11.007558,seed84319.png
9.27762,6.7238708,seed8432.png
-14.966321,-29.500587,seed84320.png
21.140862,-3.2138906,seed84321.png
-11.97616,-16.920156,seed84322.png
-5.641412,-2.9424706,seed84323.png
0.51769215,-7.807788,seed84324.png
-22.276941,-24.613907,seed84325.png
-18.941147,-18.814327,seed84326.png
-17.49852,-29.25712,seed84327.png
10.398165,-6.788059,seed84328.png
13.604365,8.821204,seed84329.png
15.012492,20.277086,seed8433.png
-12.910023,-9.428311,seed84330.png
19.17485,17.965313,seed84331.png
7.4045453,-41.901608,seed84332.png
5.5993066,9.459061,seed84333.png
36.24736,5.3615556,seed84334.png
9.628626,-28.53687,seed84335.png
-22.104568,-21.804379,seed84336.png
14.829773,-30.891365,seed84337.png
31.307203,23.033276,seed84338.png
-13.150766,2.750018,seed84339.png
11.992471,-33.861126,seed8434.png
-17.432034,-27.633764,seed84340.png
5.096742,-3.0503833,seed84341.png
1.2974172,13.248309,seed84342.png
16.352585,-1.209183,seed84343.png
-34.74211,27.580332,seed84344.png
22.219048,-2.6043959,seed84345.png
-5.5893555,-8.419324,seed84346.png
-16.697512,-21.073189,seed84347.png
-24.797094,-6.9725266,seed84348.png
10.762535,3.1795402,seed84349.png
-10.202831,-9.557438,seed8435.png
12.460875,-39.955116,seed84350.png
-26.467289,18.12472,seed84351.png
-0.60035104,-14.8340645,seed84352.png
-28.136211,-12.857441,seed84353.png
19.023176,-7.27348,seed84354.png
-28.982323,-11.539148,seed84355.png
-29.5063,-22.555616,seed84356.png
-11.171638,-13.422321,seed84357.png
-16.297667,-15.361988,seed84358.png
-30.391502,13.717628,seed84359.png
27.66189,1.7165757,seed8436.png
1.4784703,2.2866013,seed84360.png
-28.279348,4.854236,seed84361.png
10.977486,7.882218,seed84362.png
17.626968,-1.0429909,seed84363.png
15.1517725,18.08619,seed84364.png
-11.042245,-8.063925,seed84365.png
-28.59607,10.471038,seed84366.png
18.107702,14.792693,seed84367.png
11.887291,-31.6141,seed84368.png
-3.239799,12.151132,seed84369.png
33.797016,26.408442,seed8437.png
34.10087,16.375408,seed84370.png
-21.04714,-17.715103,seed84371.png
38.00831,6.239582,seed84372.png
-13.018322,-20.82203,seed84373.png
29.34644,6.3729224,seed84374.png
35.837097,7.206168,seed84375.png
-26.95903,16.989302,seed84376.png
-35.682705,24.802662,seed84377.png
31.211174,22.68202,seed84378.png
-30.939709,17.35586,seed84379.png
-1.6118242,-17.031385,seed8438.png
-10.346937,-7.576334,seed84380.png
-21.31091,1.9193316,seed84381.png
28.901293,7.982349,seed84382.png
30.54643,16.228266,seed84383.png
-29.474537,-8.086991,seed84384.png
1.1451541,6.339479,seed84385.png
34.975647,11.631551,seed84386.png
-19.508356,-22.83293,seed84387.png
-24.072556,-11.612682,seed84388.png
16.01526,13.515882,seed84389.png
27.585642,7.7110324,seed8439.png
-18.113462,-2.4284277,seed84390.png
-32.18948,-14.948315,seed84391.png
5.9703436,-29.540457,seed84392.png
-0.1919146,-13.654037,seed84393.png
-2.7234235,21.885134,seed84394.png
13.544072,-28.519901,seed84395.png
-21.396593,19.727047,seed84396.png
13.193572,27.345428,seed84397.png
15.849321,-30.747814,seed84398.png
-0.7065652,14.772023,seed84399.png
-17.797798,-14.0802965,seed8440.png
8.443352,5.668898,seed84400.png
12.240517,-10.579747,seed84401.png
19.669018,15.044034,seed84402.png
-18.040405,-25.765306,seed84403.png
27.159052,11.055746,seed84404.png
-17.050161,-0.35811746,seed84405.png
9.113023,-39.04088,seed84406.png
37.841915,18.241098,seed84407.png
33.201202,19.784801,seed84408.png
9.103192,-40.23361,seed84409.png
12.960572,-40.503838,seed8441.png
4.6476145,5.227583,seed84410.png
37.3569,21.362999,seed84411.png
8.301804,-40.533062,seed84412.png
9.294427,18.428255,seed84413.png
20.631828,17.419472,seed84414.png
31.52051,21.752996,seed84415.png
10.828111,-22.87545,seed84416.png
12.0426035,-30.006725,seed84417.png
-15.062029,-11.061193,seed84418.png
-18.215597,-6.9675865,seed84419.png
-5.800555,-12.713986,seed8442.png
-11.918629,-19.56306,seed84420.png
23.777971,-5.9760823,seed84421.png
-11.403632,6.1613064,seed84422.png
-15.013097,10.382724,seed84423.png
17.481907,0.7885381,seed84424.png
37.167458,4.2790227,seed84425.png
0.22771667,1.3882071,seed84426.png
19.216724,8.561129,seed84427.png
14.18761,22.647205,seed84428.png
-28.75851,-10.697057,seed84429.png
-0.47111857,-14.342569,seed8443.png
10.729624,-39.218933,seed84430.png
-6.6431794,-3.9412675,seed84431.png
24.593561,15.657071,seed84432.png
-18.47971,-0.44037527,seed84433.png
-32.826862,22.07129,seed84434.png
-28.258898,-14.237138,seed84435.png
21.721592,-0.08949193,seed84436.png
20.453012,21.080326,seed84437.png
-4.632035,-11.357319,seed84438.png
9.714212,29.842192,seed84439.png
9.836371,-27.365646,seed8444.png
16.08937,27.981522,seed84440.png
-5.1443205,-2.8220472,seed84441.png
-22.593418,-14.380537,seed84442.png
9.842472,-27.677036,seed84443.png
-21.465506,19.64326,seed84444.png
-29.233355,6.7398252,seed84445.png
-20.149511,-29.651325,seed84446.png
-26.98563,17.952244,seed84447.png
4.0599027,-27.268702,seed84448.png
14.15289,-35.64511,seed84449.png
-24.174978,0.28987747,seed8445.png
-22.066916,-8.406284,seed84450.png
-21.769247,13.276253,seed84451.png
22.880577,-0.8450025,seed84452.png
14.05141,-28.224428,seed84453.png
-12.858298,-3.0488641,seed84454.png
25.050804,23.800346,seed84455.png
-15.243226,-14.593674,seed84456.png
-12.855358,-13.203931,seed84457.png
-32.816486,14.889648,seed84458.png
-26.429083,-9.822297,seed84459.png
-9.7283,0.4950695,seed8446.png
9.569306,13.268212,seed84460.png
-26.298111,-16.17842,seed84461.png
2.453385,3.2595353,seed84462.png
30.985912,25.168644,seed84463.png
-24.110968,7.883994,seed84464.png
-31.124647,11.721546,seed84465.png
-20.28268,-20.153862,seed84466.png
-22.220352,-11.042162,seed84467.png
-23.849464,-0.8066548,seed84468.png
-7.901616,-22.896984,seed84469.png
32.581753,18.73569,seed8447.png
-20.307507,-8.070561,seed84470.png
29.244278,2.867793,seed84471.png
34.274353,22.332182,seed84472.png
-25.221712,-15.024809,seed84473.png
-31.55272,-2.9922888,seed84474.png
24.88331,-0.52679086,seed84475.png
-8.623879,-26.255333,seed84476.png
4.075663,16.253065,seed84477.png
30.321972,23.470133,seed84478.png
4.409652,10.471484,seed84479.png
4.081378,20.090406,seed8448.png
-19.169546,11.156136,seed84480.png
10.67137,-10.277988,seed84481.png
-10.79323,-24.561695,seed84482.png
4.032616,-2.8742943,seed84483.png
-38.556644,13.877352,seed84484.png
-0.6359501,0.4497377,seed84485.png
-24.41271,5.90779,seed84486.png
9.729087,-23.491339,seed84487.png
-22.369236,5.6002464,seed84488.png
32.17397,26.494411,seed84489.png
11.048178,7.5952992,seed8449.png
2.4768286,-20.339891,seed84490.png
35.554832,17.036406,seed84491.png
9.068769,4.1683636,seed84492.png
-17.570538,-21.35291,seed84493.png
12.119806,1.8026325,seed84494.png
3.266283,8.796868,seed84495.png
-18.483091,-10.783852,seed84496.png
-9.663339,-16.382748,seed84497.png
-24.832941,12.550667,seed84498.png
29.664015,2.2157273,seed84499.png
-33.55544,17.397404,seed8450.png
10.470118,2.444964,seed84500.png
-31.956093,7.336227,seed84501.png
0.29083928,9.37247,seed84502.png
-35.255276,-0.9304753,seed84503.png
-33.53572,23.190048,seed84504.png
-3.1980455,-16.910412,seed84505.png
16.190575,22.828953,seed84506.png
-3.2945142,-3.0305293,seed84507.png
-20.206732,4.8745265,seed84508.png
-16.851694,-14.246083,seed84509.png
14.401054,23.266254,seed8451.png
-8.255159,-13.361019,seed84510.png
23.844568,23.11465,seed84511.png
-6.4939485,-6.2707953,seed84512.png
-18.007994,-4.0535746,seed84513.png
28.539663,12.1629505,seed84514.png
-1.5968348,4.7349334,seed84515.png
21.347486,4.873945,seed84516.png
-8.19918,7.3201714,seed84517.png
36.04877,12.819202,seed84518.png
-27.640062,10.265415,seed84519.png
-1.2692053,22.391838,seed8452.png
-33.314228,18.062431,seed84520.png
12.919527,-23.87432,seed84521.png
17.40327,17.850813,seed84522.png
8.046046,-40.096333,seed84523.png
33.748325,6.7639995,seed84524.png
-32.761177,-0.66266966,seed84525.png
-24.735664,14.139951,seed84526.png
-30.465406,-10.70317,seed84527.png
7.4788,-34.54806,seed84528.png
-32.991047,25.44655,seed84529.png
35.73657,23.541422,seed8453.png
-34.859695,14.908953,seed84530.png
6.30447,-37.76666,seed84531.png
-6.030379,-4.8761973,seed84532.png
-20.10436,8.950762,seed84533.png
-4.5223446,-25.14081,seed84534.png
-11.3740425,-23.62504,seed84535.png
12.876167,-30.233063,seed84536.png
39.756584,17.309029,seed84537.png
38.543648,14.867486,seed84538.png
-30.989244,22.919931,seed84539.png
35.561295,12.968806,seed8454.png
13.916762,-38.68429,seed84540.png
-3.381835,-12.7457905,seed84541.png
-21.286434,-1.590784,seed84542.png
4.5726585,13.718607,seed84543.png
-21.145485,-18.064209,seed84544.png
3.078267,-33.124325,seed84545.png
-19.743687,-4.9985423,seed84546.png
14.039969,1.992546,seed84547.png
-24.785467,3.401759,seed84548.png
-14.568386,6.7604856,seed84549.png
12.224246,-34.55397,seed8455.png
34.359295,17.535023,seed84550.png
22.401785,20.334955,seed84551.png
-17.543737,-2.2665286,seed84552.png
-9.35933,-8.884049,seed84553.png
-35.07274,22.061796,seed84554.png
5.25318,11.925583,seed84555.png
-0.998656,-15.608335,seed84556.png
7.162674,17.714079,seed84557.png
38.273415,18.195314,seed84558.png
-8.116103,11.85076,seed84559.png
34.62225,8.312302,seed8456.png
-5.3474298,3.4114192,seed84560.png
16.103003,-10.952324,seed84561.png
12.073397,25.881552,seed84562.png
-35.28586,25.52914,seed84563.png
-21.397366,-5.210113,seed84564.png
33.638218,25.507206,seed84565.png
-3.4971807,-8.503353,seed84566.png
27.804533,7.5380054,seed84567.png
10.440686,23.44721,seed84568.png
9.977403,26.933939,seed84569.png
13.862592,21.253952,seed8457.png
-26.870985,-11.743526,seed84570.png
9.475536,15.031235,seed84571.png
20.271946,-1.2729124,seed84572.png
-19.318064,-17.044838,seed84573.png
-9.408359,-11.943212,seed84574.png
-18.969345,-31.609198,seed84575.png
-26.272905,-7.575499,seed84576.png
-19.33089,-29.424313,seed84577.png
24.471281,8.312321,seed84578.png
-14.552746,-28.250572,seed84579.png
-0.76627547,21.922136,seed8458.png
-7.88276,-3.4233017,seed84580.png
17.048597,19.028267,seed84581.png
-12.5107765,-17.205944,seed84582.png
-31.271889,20.806784,seed84583.png
28.701899,5.8907833,seed84584.png
13.218918,-31.750217,seed84585.png
15.402441,6.5988693,seed84586.png
6.0516996,7.180495,seed84587.png
27.195545,-0.76846135,seed84588.png
14.165314,-40.895336,seed84589.png
34.28499,9.822321,seed8459.png
-29.286568,-14.669658,seed84590.png
-30.459656,-8.167441,seed84591.png
18.23758,17.37883,seed84592.png
12.366062,-5.333421,seed84593.png
-31.83692,14.940389,seed84594.png
27.023733,25.264978,seed84595.png
-36.313927,24.92326,seed84596.png
14.512355,16.774166,seed84597.png
13.16819,16.913113,seed84598.png
-28.227118,17.543055,seed84599.png
-7.750955,-10.650681,seed8460.png
-32.739773,27.122768,seed84600.png
-1.7934554,-13.217773,seed84601.png
-17.999012,-15.549877,seed84602.png
38.810986,15.885097,seed84603.png
-7.818333,6.872911,seed84604.png
12.544335,-37.905666,seed84605.png
-19.693073,-2.6154063,seed84606.png
-25.335537,-22.856642,seed84607.png
15.717841,-34.875813,seed84608.png
-4.525904,17.693623,seed84609.png
18.051027,-5.9537783,seed8461.png
-5.101357,3.092925,seed84610.png
-20.591333,14.905162,seed84611.png
17.59899,6.3749228,seed84612.png
3.1704211,3.0237527,seed84613.png
37.768005,17.282333,seed84614.png
37.604984,23.373713,seed84615.png
7.2576976,-31.782928,seed84616.png
-1.3530692,-2.9928298,seed84617.png
-22.586824,3.5808246,seed84618.png
40.697807,23.067457,seed84619.png
-13.452444,-27.147093,seed8462.png
-17.471987,1.5463039,seed84620.png
1.7465594,-23.619883,seed84621.png
15.228519,-38.50413,seed84622.png
41.40403,15.334651,seed84623.png
5.6597404,-25.373344,seed84624.png
27.523073,-0.9360613,seed84625.png
-26.292543,-20.16711,seed84626.png
13.09956,-31.358961,seed84627.png
12.272789,-37.967102,seed84628.png
-15.493891,-21.993362,seed84629.png
-22.468542,3.3220823,seed8463.png
-30.245337,8.13585,seed84630.png
24.84671,9.455249,seed84631.png
-14.083811,-15.364565,seed84632.png
-33.55636,21.160587,seed84633.png
-0.9936698,-12.140388,seed84634.png
-21.213455,10.85444,seed84635.png
25.836864,7.737618,seed84636.png
20.024942,-1.468864,seed84637.png
-10.296298,-8.88067,seed84638.png
10.860935,-6.954927,seed84639.png
-13.67627,-19.527418,seed8464.png
-26.59051,-5.9568686,seed84640.png
-2.7600365,-11.6200485,seed84641.png
38.908722,8.684428,seed84642.png
13.64069,-1.6752408,seed84643.png
-32.630318,20.427324,seed84644.png
-9.150651,-22.838758,seed84645.png
-15.2212925,-15.821696,seed84646.png
36.084644,25.769758,seed84647.png
15.823175,-2.671934,seed84648.png
-33.67616,20.487219,seed84649.png
22.466803,1.4519432,seed8465.png
15.015888,-13.005187,seed84650.png
23.214563,-6.1250167,seed84651.png
-11.342851,-22.880827,seed84652.png
-11.926492,-23.122175,seed84653.png
13.1209755,-33.800186,seed84654.png
-21.16962,-13.174789,seed84655.png
-19.846996,-22.4221,seed84656.png
-20.575481,11.075763,seed84657.png
18.758183,25.832148,seed84658.png
-4.3165245,-14.8737135,seed84659.png
12.960189,-34.605324,seed8466.png
-18.057083,-22.755335,seed84660.png
-10.207603,-3.1929092,seed84661.png
-17.837933,-16.622509,seed84662.png
-14.982306,-16.99752,seed84663.png
10.493603,0.06625541,seed84664.png
-22.62484,-16.93512,seed84665.png
-6.3799105,2.253947,seed84666.png
11.766592,-42.108253,seed84667.png
-7.576742,-11.390331,seed84668.png
29.6052,27.591078,seed84669.png
-25.898355,9.31791,seed8467.png
11.159035,20.809084,seed84670.png
-2.0689247,23.599697,seed84671.png
-28.366371,-19.165289,seed84672.png
26.086998,-0.6932549,seed84673.png
22.226076,13.486381,seed84674.png
35.318344,3.8070023,seed84675.png
36.064686,15.794273,seed84676.png
30.702885,15.208548,seed84677.png
-12.832768,-30.043978,seed84678.png
8.623307,3.8828998,seed84679.png
-17.356512,-18.120255,seed8468.png
33.294167,8.297208,seed84680.png
-25.53121,10.981669,seed84681.png
24.255074,-0.09944663,seed84682.png
-0.71624243,-16.518545,seed84683.png
20.798828,20.514423,seed84684.png
14.864887,29.142214,seed84685.png
-20.661093,7.41566,seed84686.png
18.305607,4.5588512,seed84687.png
11.348834,16.134933,seed84688.png
-30.913012,2.0831308,seed84689.png
28.69016,10.653754,seed8469.png
-26.002289,10.1687565,seed84690.png
13.726802,20.044151,seed84691.png
0.62088066,-14.166659,seed84692.png
11.1329775,7.732796,seed84693.png
16.741686,14.823605,seed84694.png
30.61096,8.425293,seed84695.png
-17.45007,1.0318859,seed84696.png
29.762396,4.821921,seed84697.png
8.665161,-1.7459072,seed84698.png
-29.568499,-15.546849,seed84699.png
24.674973,18.300787,seed8470.png
17.026789,13.7570505,seed84700.png
5.4881077,11.674243,seed84701.png
11.282507,-43.033672,seed84702.png
11.0634165,-41.116955,seed84703.png
-20.794294,-22.627207,seed84704.png
15.460963,24.142239,seed84705.png
-4.31637,11.430199,seed84706.png
-19.750376,0.3575213,seed84707.png
11.069779,13.152785,seed84708.png
19.777618,8.546959,seed84709.png
8.381991,-27.222544,seed8471.png
11.49833,-40.55775,seed84710.png
34.17021,20.462782,seed84711.png
18.510843,7.4676747,seed84712.png
-16.63462,1.1730907,seed84713.png
17.011417,13.706822,seed84714.png
22.229782,-8.128409,seed84715.png
4.6840787,-36.952076,seed84716.png
27.05296,-0.8607985,seed84717.png
13.791753,0.5870429,seed84718.png
5.025189,0.5560262,seed84719.png
-33.39212,23.332409,seed8472.png
7.764652,18.54483,seed84720.png
9.347628,5.4335346,seed84721.png
6.1026773,11.733262,seed84722.png
3.9278574,0.82800317,seed84723.png
-29.786556,-8.363813,seed84724.png
34.303234,13.5141325,seed84725.png
16.976404,-0.85058355,seed84726.png
-18.428682,-14.037699,seed84727.png
-1.239759,14.737691,seed84728.png
21.44954,12.121294,seed84729.png
38.85865,22.720087,seed8473.png
8.05359,-28.902529,seed84730.png
26.972378,22.139257,seed84731.png
-12.837725,-12.578006,seed84732.png
-21.936268,-16.282602,seed84733.png
20.874725,24.3177,seed84734.png
-4.819764,-27.207005,seed84735.png
12.344727,-25.806519,seed84736.png
-18.645687,3.175089,seed84737.png
28.524998,14.90816,seed84738.png
-22.061094,-29.797094,seed84739.png
7.0026026,4.575738,seed8474.png
6.5464005,5.016411,seed84740.png
-14.185091,-25.153141,seed84741.png
29.877989,27.895834,seed84742.png
-28.447998,0.59932166,seed84743.png
19.204113,18.309734,seed84744.png
-23.271618,20.224018,seed84745.png
-28.511465,-5.573528,seed84746.png
-22.083887,-27.082767,seed84747.png
-34.796036,18.384008,seed84748.png
17.891691,18.530586,seed84749.png
-12.1673155,-17.565311,seed8475.png
-10.192595,-10.544131,seed84750.png
-26.00454,-9.563562,seed84751.png
-0.433254,-1.6901954,seed84752.png
-12.796165,-26.248531,seed84753.png
16.109262,-35.937794,seed84754.png
6.595133,7.5603156,seed84755.png
-15.125517,-11.365575,seed84756.png
28.457415,5.010755,seed84757.png
9.500493,-34.104595,seed84758.png
-13.800742,-21.727068,seed84759.png
30.768658,2.8080761,seed8476.png
23.605103,25.601889,seed84760.png
-17.70822,4.9961143,seed84761.png
-11.942693,-14.481944,seed84762.png
19.154366,-3.9225268,seed84763.png
-23.552114,2.006573,seed84764.png
11.492872,-23.586224,seed84765.png
-22.322409,18.007637,seed84766.png
-21.169138,17.6243,seed84767.png
23.958817,23.789255,seed84768.png
6.454449,1.2086263,seed84769.png
6.8900027,-23.74335,seed8477.png
4.4612513,-34.626812,seed84770.png
-34.933594,-4.432178,seed84771.png
-25.343145,-12.162095,seed84772.png
8.407961,7.1505737,seed84773.png
-9.184688,-25.526785,seed84774.png
-0.6751983,-27.29692,seed84775.png
38.000896,11.165925,seed84776.png
-33.148285,7.077189,seed84777.png
-15.463858,-11.456226,seed84778.png
-16.240257,-29.991537,seed84779.png
13.124233,20.062838,seed8478.png
-18.31118,0.076717936,seed84780.png
6.578815,-29.137568,seed84781.png
-10.381133,-30.27609,seed84782.png
-27.218866,3.0506744,seed84783.png
11.743007,23.706749,seed84784.png
7.531797,-32.349064,seed84785.png
14.982679,3.9046302,seed84786.png
-29.45262,-0.03703593,seed84787.png
3.3074977,5.6111164,seed84788.png
-24.820549,-3.774836,seed84789.png
-18.866072,3.1626716,seed8479.png
5.4555044,-37.166794,seed84790.png
15.126345,-30.584866,seed84791.png
-16.124737,8.042194,seed84792.png
21.70846,-0.7541867,seed84793.png
21.627243,24.211227,seed84794.png
-0.6368794,23.611174,seed84795.png
-24.043886,-12.495909,seed84796.png
-12.833008,-18.20891,seed84797.png
4.8242655,2.1702664,seed84798.png
-28.748074,-5.0373077,seed84799.png
10.420887,-23.641058,seed8480.png
-0.49664328,-7.2281947,seed84800.png
-20.450764,-27.680592,seed84801.png
24.670311,10.485918,seed84802.png
7.1438794,22.81895,seed84803.png
25.413534,3.5399551,seed84804.png
13.001138,-1.6372658,seed84805.png
-11.299115,-24.224335,seed84806.png
-19.079477,-12.502979,seed84807.png
-25.713427,-8.7641325,seed84808.png
-23.41853,11.334611,seed84809.png
-31.796497,20.626373,seed8481.png
-17.086329,6.9304843,seed84810.png
-22.168861,17.965117,seed84811.png
29.92638,18.358284,seed84812.png
-33.455727,13.745519,seed84813.png
-18.019085,2.4731846,seed84814.png
3.1634836,5.0156884,seed84815.png
13.974099,26.448595,seed84816.png
-24.000095,-17.927479,seed84817.png
-8.791764,-11.68213,seed84818.png
-25.445452,14.087312,seed84819.png
-19.160503,-12.049436,seed8482.png
32.667778,15.297865,seed84820.png
-24.683731,4.552791,seed84821.png
-11.564042,-25.845823,seed84822.png
-18.13067,-31.167976,seed84823.png
8.204577,2.6091576,seed84824.png
-23.798283,11.323728,seed84825.png
-2.914,11.515715,seed84826.png
9.879676,1.1753869,seed84827.png
11.911251,-8.889351,seed84828.png
-25.408697,7.860381,seed84829.png
-24.300703,10.871398,seed8483.png
-8.126631,-24.509487,seed84830.png
32.549965,3.3300867,seed84831.png
-20.38546,15.06507,seed84832.png
-4.6956935,1.3822517,seed84833.png
-29.519087,7.0196013,seed84834.png
-4.723011,17.438871,seed84835.png
15.901294,24.6907,seed84836.png
9.741752,4.8160167,seed84837.png
-17.110798,5.1890616,seed84838.png
-6.250092,-23.824547,seed84839.png
6.221256,5.3429823,seed8484.png
-37.632587,15.246312,seed84840.png
24.673857,6.3894086,seed84841.png
20.776764,27.887857,seed84842.png
-17.344887,-2.738317,seed84843.png
-31.124289,14.360868,seed84844.png
7.1095614,-31.543547,seed84845.png
-14.024519,-27.429142,seed84846.png
16.204382,-37.135384,seed84847.png
-19.51297,-27.614157,seed84848.png
34.65509,25.683153,seed84849.png
-17.846203,7.291202,seed8485.png
31.2998,-2.0801954,seed84850.png
-19.927727,-22.587141,seed84851.png
3.5963957,14.528116,seed84852.png
32.41777,22.733788,seed84853.png
23.134125,10.107768,seed84854.png
-27.979414,6.130263,seed84855.png
9.296423,6.409455,seed84856.png
-20.76239,-18.587433,seed84857.png
-24.842112,4.7623987,seed84858.png
5.321847,8.968606,seed84859.png
-22.400194,-11.985266,seed8486.png
9.718858,21.637657,seed84860.png
-27.265965,0.06519462,seed84861.png
-37.17832,9.415772,seed84862.png
17.371237,-1.3734605,seed84863.png
-8.368482,-18.793743,seed84864.png
-27.51464,-10.606806,seed84865.png
10.733287,-40.74288,seed84866.png
20.078377,-0.24516113,seed84867.png
-11.266831,-16.311361,seed84868.png
21.493704,18.464474,seed84869.png
-30.90249,-0.6416437,seed8487.png
6.745728,7.3890195,seed84870.png
7.848383,5.321527,seed84871.png
32.73627,17.307678,seed84872.png
-11.631827,-27.314363,seed84873.png
-17.168045,-8.072178,seed84874.png
37.194798,20.443245,seed84875.png
17.920147,20.716576,seed84876.png
25.086311,15.938824,seed84877.png
1.3105414,23.874939,seed84878.png
-10.694202,-31.09901,seed84879.png
21.566158,1.8739765,seed8488.png
25.11713,13.551908,seed84880.png
-36.66224,16.356792,seed84881.png
-29.284302,4.1000786,seed84882.png
-4.0281515,-3.4959114,seed84883.png
25.263393,-0.3842182,seed84884.png
-34.30373,-9.057636,seed84885.png
13.80222,11.248996,seed84886.png
25.492767,19.359251,seed84887.png
7.2006054,25.236942,seed84888.png
14.133595,-5.3958354,seed84889.png
29.007662,2.4268045,seed8489.png
31.006826,21.984848,seed84890.png
2.7355573,6.858669,seed84891.png
35.52903,24.00884,seed84892.png
-4.6343207,6.213538,seed84893.png
-14.51255,5.1299086,seed84894.png
35.519577,2.8273861,seed84895.png
21.806234,4.817336,seed84896.png
-1.7632387,-10.905823,seed84897.png
-20.927002,-14.966747,seed84898.png
-17.718597,-7.1938467,seed84899.png
27.041864,22.575415,seed8490.png
-31.628443,-7.1226163,seed84900.png
-15.700706,2.2371774,seed84901.png
-32.35701,-13.725429,seed84902.png
-13.465473,-31.35328,seed84903.png
4.68017,20.085709,seed84904.png
-10.1475,-27.72144,seed84905.png
20.684933,25.244686,seed84906.png
17.019165,-7.6770067,seed84907.png
-20.922424,-13.717967,seed84908.png
-15.316452,0.89162487,seed84909.png
-26.295954,9.741023,seed8491.png
-6.951477,-14.896964,seed84910.png
14.332798,1.5445217,seed84911.png
-29.854301,16.92407,seed84912.png
-3.1798353,17.42378,seed84913.png
-15.148885,-30.148233,seed84914.png
-25.896938,7.963641,seed84915.png
-11.712149,-4.875745,seed84916.png
3.0598269,0.5677387,seed84917.png
30.93431,17.902512,seed84918.png
31.468018,8.91619,seed84919.png
-11.679609,1.6409935,seed8492.png
5.3247313,-27.509428,seed84920.png
-21.599358,3.9849286,seed84921.png
2.372949,22.957216,seed84922.png
4.1449423,-0.002943159,seed84923.png
-8.909394,-23.967928,seed84924.png
-8.471385,-25.965675,seed84925.png
-11.51722,-26.205229,seed84926.png
13.798798,7.7201505,seed84927.png
8.543058,17.993196,seed84928.png
21.416845,21.032598,seed84929.png
34.48737,8.488763,seed8493.png
-16.42466,-12.444062,seed84930.png
32.20181,6.336687,seed84931.png
32.62034,19.79988,seed84932.png
9.315454,0.42586577,seed84933.png
10.788971,-27.24846,seed84934.png
31.623547,9.229189,seed84935.png
5.9325495,-32.0188,seed84936.png
-6.9182973,-26.52406,seed84937.png
-16.720833,-22.437878,seed84938.png
6.790914,-33.34112,seed84939.png
-17.414362,-8.7824135,seed8494.png
6.2639794,-37.839977,seed84940.png
29.918602,1.5282176,seed84941.png
-15.833274,-10.081912,seed84942.png
-15.803766,-3.6046221,seed84943.png
-16.183191,-5.625565,seed84944.png
-25.324867,-5.6198015,seed84945.png
3.772727,17.988243,seed84946.png
7.3241134,12.382794,seed84947.png
33.042385,27.587347,seed84948.png
35.081844,12.65521,seed84949.png
34.034073,14.408617,seed8495.png
4.758659,19.82506,seed84950.png
30.078209,10.289176,seed84951.png
26.738596,11.949203,seed84952.png
12.280294,-42.960854,seed84953.png
-30.736237,21.038517,seed84954.png
-13.722812,-10.353202,seed84955.png
24.82782,15.027915,seed84956.png
-30.991896,9.791827,seed84957.png
-28.686666,7.180583,seed84958.png
28.669065,25.343227,seed84959.png
26.751505,-3.990723,seed8496.png
-26.336702,0.40140682,seed84960.png
-6.066344,18.631502,seed84961.png
-25.373196,0.96183866,seed84962.png
16.06626,25.73873,seed84963.png
-10.884296,-2.5411255,seed84964.png
-24.94165,-5.13956,seed84965.png
-10.600722,-12.790294,seed84966.png
33.3413,24.545366,seed84967.png
29.536804,22.157106,seed84968.png
-28.456837,5.339509,seed84969.png
-25.03475,15.924788,seed8497.png
-14.316246,-9.103253,seed84970.png
24.941605,1.9848187,seed84971.png
-23.421783,-14.617343,seed84972.png
-34.932533,9.386103,seed84973.png
10.95884,-28.22422,seed84974.png
18.036142,-2.5543196,seed84975.png
19.97759,26.889809,seed84976.png
-30.486225,11.89288,seed84977.png
-17.924706,-2.723355,seed84978.png
23.549911,5.86526,seed84979.png
8.433257,5.5571547,seed8498.png
25.797077,3.2144563,seed84980.png
-28.085901,-11.239075,seed84981.png
-11.472451,-6.998712,seed84982.png
17.784807,27.38578,seed84983.png
-28.304996,8.099711,seed84984.png
-15.350339,-30.272537,seed84985.png
-7.5751286,-17.245693,seed84986.png
13.889646,-6.592728,seed84987.png
-33.330666,8.039452,seed84988.png
-2.6414123,-7.121189,seed84989.png
-8.1739645,-1.6837072,seed8499.png
1.7725093,-26.032543,seed84990.png
15.694948,24.260632,seed84991.png
7.077517,-12.168619,seed84992.png
36.1102,22.530893,seed84993.png
-17.241535,-1.2492905,seed84994.png
11.925078,-38.169865,seed84995.png
24.205557,18.789553,seed84996.png
-13.937436,-9.589614,seed84997.png
-15.982739,-9.096986,seed84998.png
3.5507245,-32.69596,seed84999.png
17.592,15.204448,seed8500.png
13.580973,-1.140808,seed85000.png
7.3365817,9.887752,seed85001.png
-20.398624,9.870915,seed85002.png
-28.286337,14.158109,seed85003.png
-14.290013,-19.622105,seed85004.png
-12.318213,-7.5500126,seed85005.png
-25.464989,3.6418033,seed85006.png
-11.024788,-17.262243,seed85007.png
25.476942,20.773443,seed85008.png
30.74983,0.6863572,seed85009.png
-0.45109972,-13.035084,seed8501.png
-18.144127,1.530411,seed85010.png
-5.18788,-9.054379,seed85011.png
-29.19886,-9.146544,seed85012.png
12.855905,-7.16203,seed85013.png
-13.237836,-15.026664,seed85014.png
17.23202,-7.151357,seed85015.png
-1.0633596,-0.62577665,seed85016.png
-17.061613,-2.1105766,seed85017.png
17.149849,-7.263709,seed85018.png
-32.693104,8.014981,seed85019.png
6.458062,23.163157,seed8502.png
-23.007006,9.741688,seed85020.png
-23.438375,-12.232967,seed85021.png
3.6622417,-11.49783,seed85022.png
9.688488,15.190912,seed85023.png
-7.0912247,-5.579225,seed85024.png
-28.606876,-3.175619,seed85025.png
16.570961,-35.32265,seed85026.png
0.5032446,-13.360455,seed85027.png
22.827826,15.364416,seed85028.png
-15.300605,-17.561201,seed85029.png
-21.514925,19.33174,seed8503.png
-27.962685,16.194262,seed85030.png
7.8408575,-34.681988,seed85031.png
17.615845,-8.8804455,seed85032.png
-7.0196133,-20.174553,seed85033.png
-2.014845,15.739021,seed85034.png
3.6329217,-29.815887,seed85035.png
14.853084,-37.26275,seed85036.png
-23.981289,3.1944501,seed85037.png
14.108639,-36.586864,seed85038.png
-22.622705,-0.25025603,seed85039.png
7.6138043,-4.238291,seed8504.png
6.2481723,0.31183463,seed85040.png
1.8149767,10.915896,seed85041.png
-32.020947,21.29979,seed85042.png
35.115402,11.205302,seed85043.png
11.9857025,24.378866,seed85044.png
4.5363717,-24.585825,seed85045.png
13.509094,26.614706,seed85046.png
-9.712854,-23.860765,seed85047.png
39.23613,22.693903,seed85048.png
25.916685,24.734827,seed85049.png
-18.0312,-15.130952,seed8505.png
-33.752758,24.618801,seed85050.png
29.362455,27.78637,seed85051.png
2.461251,-18.49707,seed85052.png
14.522514,15.404243,seed85053.png
-12.14142,-29.051498,seed85054.png
-18.488941,12.041961,seed85055.png
-19.09921,-24.549324,seed85056.png
37.702896,8.753177,seed85057.png
11.89886,-41.657894,seed85058.png
30.219498,28.336784,seed85059.png
21.275555,13.14447,seed8506.png
-27.86851,3.3527462,seed85060.png
18.557842,23.184092,seed85061.png
-19.712708,-29.534021,seed85062.png
22.782389,18.272997,seed85063.png
-15.798148,2.9528506,seed85064.png
35.306942,7.628315,seed85065.png
23.81254,0.10915396,seed85066.png
-19.664999,6.2454786,seed85067.png
-0.9459017,-13.638878,seed85068.png
-29.567083,13.964132,seed85069.png
5.8991528,19.447058,seed8507.png
5.097435,4.0639763,seed85070.png
28.897875,14.277552,seed85071.png
33.90222,25.10133,seed85072.png
-9.514487,-16.749702,seed85073.png
-27.139858,17.406246,seed85074.png
-25.741285,-11.767863,seed85075.png
-0.95566875,22.140053,seed85076.png
12.258649,-40.839363,seed85077.png
-34.00354,9.819113,seed85078.png
-33.347763,15.2001915,seed85079.png
-11.338396,-11.034798,seed8508.png
-36.792988,11.572414,seed85080.png
18.960762,14.070808,seed85081.png
-8.123975,-29.711817,seed85082.png
23.335413,0.14028037,seed85083.png
-25.808311,22.024267,seed85084.png
5.0760713,-37.418335,seed85085.png
-29.849657,-7.9987965,seed85086.png
19.815554,-6.94628,seed85087.png
29.850529,15.740161,seed85088.png
-27.21146,-15.753639,seed85089.png
8.567502,-41.44655,seed8509.png
20.135551,15.113523,seed85090.png
-4.943612,7.8233247,seed85091.png
-21.752474,10.077909,seed85092.png
-30.215961,-3.5932846,seed85093.png
-4.285138,-8.443744,seed85094.png
-19.247263,8.837505,seed85095.png
-28.832964,7.0989857,seed85096.png
-15.631672,-17.371756,seed85097.png
10.259604,-34.918556,seed85098.png
-3.4085,-3.603436,seed85099.png
9.075038,-2.1296701,seed8510.png
20.924295,-7.2632837,seed85100.png
15.264774,19.410042,seed85101.png
7.2082586,-1.6805589,seed85102.png
29.328411,9.789504,seed85103.png
25.85502,-4.006903,seed85104.png
-0.57050914,-0.9946732,seed85105.png
39.624905,20.866415,seed85106.png
-11.861937,-11.966047,seed85107.png
-23.820803,-14.92628,seed85108.png
-35.572624,7.97649,seed85109.png
-9.820015,-26.49433,seed8511.png
35.9445,3.188432,seed85110.png
-23.52248,-2.6630945,seed85111.png
18.129595,8.589721,seed85112.png
-20.66339,-15.320295,seed85113.png
8.063302,-8.4769535,seed85114.png
-20.081247,-3.934211,seed85115.png
-21.653585,-2.570125,seed85116.png
19.770966,-4.8471923,seed85117.png
16.765303,-7.229019,seed85118.png
8.077149,3.971298,seed85119.png
-10.631182,0.26631883,seed8512.png
-7.8543267,-6.0126247,seed85120.png
17.80291,-5.5700502,seed85121.png
32.52684,5.395786,seed85122.png
5.073396,11.787982,seed85123.png
3.0027142,-26.27441,seed85124.png
-14.138252,-13.290134,seed85125.png
2.8144584,-1.9685956,seed85126.png
35.92576,15.084558,seed85127.png
34.48063,27.580484,seed85128.png
-13.3823185,-24.90706,seed85129.png
8.488854,3.2391422,seed8513.png
13.286829,-23.068247,seed85130.png
19.23639,0.78247184,seed85131.png
16.259214,2.4991434,seed85132.png
-22.608562,-7.5380425,seed85133.png
-14.215806,-13.296399,seed85134.png
-0.78384024,15.210328,seed85135.png
-31.492489,23.371208,seed85136.png
-31.981918,-4.677528,seed85137.png
-19.338968,7.3702674,seed85138.png
9.967966,-26.99023,seed85139.png
25.506508,2.1795692,seed8514.png
34.6866,25.611511,seed85140.png
-9.809185,-3.9898806,seed85141.png
10.793754,-23.457832,seed85142.png
12.8803625,21.313282,seed85143.png
5.6996813,-5.083375,seed85144.png
10.495669,-22.077272,seed85145.png
-4.841974,13.220208,seed85146.png
-28.793417,-10.16556,seed85147.png
11.283494,-35.65304,seed85148.png
11.20458,-25.23114,seed85149.png
-28.75704,-4.319423,seed8515.png
10.658491,15.911379,seed85150.png
-16.97128,-7.0213737,seed85151.png
34.245705,7.3427663,seed85152.png
6.506734,-34.553253,seed85153.png
21.341152,3.7039144,seed85154.png
-24.200134,10.145705,seed85155.png
-32.513397,16.712072,seed85156.png
-12.786228,-9.352743,seed85157.png
-4.001819,4.082165,seed85158.png
10.507793,-42.78897,seed85159.png
-12.091505,-11.508612,seed8516.png
38.592335,15.9330435,seed85160.png
-19.762098,-8.891861,seed85161.png
11.385567,-21.25677,seed85162.png
23.396553,17.264097,seed85163.png
-7.8298297,11.839116,seed85164.png
2.502273,7.95374,seed85165.png
12.006631,25.503223,seed85166.png
32.36794,8.359492,seed85167.png
-12.39876,-19.073145,seed85168.png
29.698284,18.666468,seed85169.png
10.75871,-39.047615,seed8517.png
12.405717,-30.724424,seed85170.png
-15.774713,-20.139585,seed85171.png
18.620178,16.71277,seed85172.png
15.618799,-5.027842,seed85173.png
25.27757,-2.5064404,seed85174.png
40.092625,19.93133,seed85175.png
11.034302,-30.604467,seed85176.png
-35.911243,23.464773,seed85177.png
-25.440863,12.470561,seed85178.png
28.478798,18.038544,seed85179.png
3.6438239,25.372202,seed8518.png
-22.913763,10.22345,seed85180.png
9.819268,-38.62733,seed85181.png
4.543138,13.751896,seed85182.png
17.775595,24.178423,seed85183.png
15.509318,-0.7313119,seed85184.png
-6.825005,-5.81534,seed85185.png
10.638044,20.891521,seed85186.png
3.0039232,12.4958105,seed85187.png
-15.68342,-4.815214,seed85188.png
-9.726478,-11.709912,seed85189.png
19.060883,15.614661,seed8519.png
-11.348793,2.5696704,seed85190.png
9.316989,23.749794,seed85191.png
1.1063008,-7.5913815,seed85192.png
2.7799635,-14.508883,seed85193.png
30.21599,5.28525,seed85194.png
29.367119,9.645437,seed85195.png
-20.224361,-15.061521,seed85196.png
-14.350891,-17.879324,seed85197.png
-22.647402,-22.18977,seed85198.png
40.1038,22.228945,seed85199.png
-17.87058,-13.27419,seed8520.png
2.1523166,15.811663,seed85200.png
11.684646,23.169258,seed85201.png
35.481613,24.85492,seed85202.png
23.209196,-0.7045008,seed85203.png
-22.724003,-7.6901107,seed85204.png
31.064466,8.298932,seed85205.png
-26.387583,-6.40301,seed85206.png
-27.399233,-0.53739166,seed85207.png
-26.78434,-20.736479,seed85208.png
-20.312069,-8.690915,seed85209.png
4.8740535,-36.59132,seed8521.png
22.198046,20.899824,seed85210.png
-20.599224,-9.421986,seed85211.png
29.980583,28.139091,seed85212.png
-6.124808,0.7399249,seed85213.png
17.435041,0.86844826,seed85214.png
23.13057,21.58378,seed85215.png
-21.378084,-22.492338,seed85216.png
-33.113003,20.242256,seed85217.png
34.380424,24.843006,seed85218.png
20.648565,0.063097805,seed85219.png
-29.550146,15.781831,seed8522.png
16.297205,12.48078,seed85220.png
-25.846241,-21.469728,seed85221.png
17.008837,24.86119,seed85222.png
12.363898,-39.311455,seed85223.png
37.998848,21.276905,seed85224.png
-30.87155,-6.7822213,seed85225.png
-23.902393,-19.581362,seed85226.png
-31.162237,-13.38294,seed85227.png
10.477894,-41.838688,seed85228.png
13.337618,-29.720816,seed85229.png
11.936885,6.527303,seed8523.png
-19.209776,5.5005593,seed85230.png
6.637671,16.5938,seed85231.png
-4.397195,-15.369339,seed85232.png
-22.384882,11.895572,seed85233.png
14.07631,7.944749,seed85234.png
34.985714,1.9202614,seed85235.png
12.9012985,21.808756,seed85236.png
16.083296,11.61746,seed85237.png
13.346121,-37.888966,seed85238.png
-14.401989,10.371033,seed85239.png
-31.108929,15.224121,seed8524.png
13.7477865,-29.501354,seed85240.png
29.961288,15.006105,seed85241.png
0.78728896,-15.41564,seed85242.png
19.619339,9.302364,seed85243.png
-15.478909,8.4167795,seed85244.png
5.6315455,-4.606722,seed85245.png
-16.372875,-24.772924,seed85246.png
-17.769482,17.463264,seed85247.png
18.27467,3.2213347,seed85248.png
14.130878,4.9350977,seed85249.png
-22.86668,18.10448,seed8525.png
1.567677,-31.523577,seed85250.png
25.243528,8.324395,seed85251.png
-37.666122,14.666059,seed85252.png
9.923738,-6.107946,seed85253.png
-24.854021,-19.281225,seed85254.png
14.810879,20.036633,seed85255.png
-9.122892,-8.471919,seed85256.png
10.463321,-42.245674,seed85257.png
-30.52255,-19.694057,seed85258.png
20.638523,-10.346185,seed85259.png
-24.577951,-14.255441,seed8526.png
14.428014,21.870617,seed85260.png
32.81842,22.38081,seed85261.png
-5.791057,-18.539822,seed85262.png
-28.574936,-0.9536752,seed85263.png
27.711449,5.64886,seed85264.png
-32.951103,24.612076,seed85265.png
-23.172169,1.0366285,seed85266.png
6.61232,20.711628,seed85267.png
29.300598,3.196399,seed85268.png
6.891408,-34.57932,seed85269.png
-24.285345,-14.736736,seed8527.png
-21.642193,11.4586,seed85270.png
36.694004,16.318785,seed85271.png
23.182884,27.301119,seed85272.png
20.130102,16.300646,seed85273.png
12.598267,15.528537,seed85274.png
6.4952703,7.4266796,seed85275.png
-27.943333,1.6635666,seed85276.png
-12.212498,-31.586922,seed85277.png
24.306114,17.419788,seed85278.png
8.306828,14.224287,seed85279.png
24.38331,13.896376,seed8528.png
4.3385324,8.017149,seed85280.png
12.370657,-37.405792,seed85281.png
-16.849133,2.0567474,seed85282.png
37.940468,15.067539,seed85283.png
-20.98028,12.042102,seed85284.png
19.58585,19.894676,seed85285.png
-6.201121,-16.343435,seed85286.png
2.7561185,6.3965883,seed85287.png
8.848933,-33.891144,seed85288.png
-13.687806,10.135467,seed85289.png
36.656895,23.982296,seed8529.png
-17.52825,2.17476,seed85290.png
12.345646,-1.1812611,seed85291.png
-20.70627,7.432718,seed85292.png
26.709686,1.1205927,seed85293.png
-32.697144,20.964256,seed85294.png
31.445097,4.4125175,seed85295.png
14.040139,-12.971036,seed85296.png
-33.430164,20.033068,seed85297.png
12.716012,-8.1096,seed85298.png
7.138804,21.104364,seed85299.png
-20.039974,14.197155,seed8530.png
-20.097471,6.5020795,seed85300.png
-22.064224,2.8119059,seed85301.png
-14.259398,0.05092964,seed85302.png
-18.585464,-23.858152,seed85303.png
-13.482548,-13.118862,seed85304.png
-18.04402,-6.1072745,seed85305.png
-35.654087,7.2458277,seed85306.png
-15.569579,-31.733564,seed85307.png
24.067644,5.0844007,seed85308.png
11.800827,3.9290106,seed85309.png
-14.390786,-12.323677,seed8531.png
-31.590834,19.838717,seed85310.png
10.704857,-35.662697,seed85311.png
26.723015,1.2341975,seed85312.png
-32.293186,13.467443,seed85313.png
-27.524624,-9.131787,seed85314.png
-14.175806,-28.706547,seed85315.png
-21.762245,-1.5139694,seed85316.png
27.823833,3.3226624,seed85317.png
26.048218,-1.5958523,seed85318.png
-30.059244,-13.486576,seed85319.png
-27.398321,-4.7871785,seed8532.png
-15.848416,-7.8774176,seed85320.png
-34.944744,12.68629,seed85321.png
6.5253487,15.970084,seed85322.png
14.865161,13.332195,seed85323.png
16.761406,13.06705,seed85324.png
-26.441103,-5.927135,seed85325.png
28.700714,24.245575,seed85326.png
29.23118,16.732841,seed85327.png
10.653073,-42.013515,seed85328.png
15.461591,-32.822998,seed85329.png
20.866312,25.226547,seed8533.png
2.312443,-7.872511,seed85330.png
-29.027607,-5.399753,seed85331.png
-6.0918293,-16.219604,seed85332.png
12.7373085,22.813194,seed85333.png
-25.974936,-10.18971,seed85334.png
-22.82495,-15.990886,seed85335.png
-22.068579,-21.852697,seed85336.png
-12.10152,-2.4088807,seed85337.png
31.623558,16.297247,seed85338.png
20.522648,4.6225514,seed85339.png
1.5705984,12.274152,seed8534.png
15.4209585,-33.864357,seed85340.png
2.3768566,-28.74807,seed85341.png
-17.758993,-3.9620426,seed85342.png
-21.568491,-21.150398,seed85343.png
13.561324,15.8475895,seed85344.png
37.53635,19.979023,seed85345.png
-29.524857,16.946386,seed85346.png
12.067851,26.21479,seed85347.png
11.883727,24.976488,seed85348.png
-15.101535,1.514251,seed85349.png
9.751555,3.7741997,seed8535.png
10.755731,2.0947623,seed85350.png
-15.035284,-32.240166,seed85351.png
8.799643,28.918468,seed85352.png
36.693504,12.569292,seed85353.png
-0.43064904,-17.774124,seed85354.png
20.57937,18.479816,seed85355.png
22.783842,12.979016,seed85356.png
37.26521,13.797821,seed85357.png
18.541126,7.7543473,seed85358.png
32.001965,28.05975,seed85359.png
-26.03001,-7.1000953,seed8536.png
-11.424646,-26.022314,seed85360.png
-27.598854,-8.205158,seed85361.png
0.064097166,17.988934,seed85362.png
16.944866,-36.25372,seed85363.png
23.0051,-8.199941,seed85364.png
11.736177,-38.60336,seed85365.png
35.822784,15.251556,seed85366.png
35.77194,19.89075,seed85367.png
-21.413095,-16.448503,seed85368.png
37.262096,26.202995,seed85369.png
28.440502,13.971257,seed8537.png
9.015518,19.013151,seed85370.png
9.601243,-29.73518,seed85371.png
-12.179307,-10.474503,seed85372.png
32.42755,22.993404,seed85373.png
9.06408,-6.8587294,seed85374.png
-18.258688,-13.280462,seed85375.png
35.71353,25.277302,seed85376.png
26.781605,11.110592,seed85377.png
-8.264412,-20.90468,seed85378.png
2.0789852,5.6718154,seed85379.png
9.117314,-7.742913,seed8538.png
1.8677083,15.875034,seed85380.png
-24.106558,6.406932,seed85381.png
-15.341409,-28.738512,seed85382.png
-32.831017,-6.2091956,seed85383.png
37.900703,16.801664,seed85384.png
-35.455807,-4.029459,seed85385.png
17.879488,-2.9507215,seed85386.png
14.218164,7.0451,seed85387.png
1.5005964,12.6343,seed85388.png
-27.905008,12.111256,seed85389.png
10.540851,-39.59094,seed8539.png
-24.126694,-16.97039,seed85390.png
-5.467801,-15.967972,seed85391.png
-15.774225,-15.707064,seed85392.png
-24.487312,12.303496,seed85393.png
31.437864,8.15485,seed85394.png
-17.33115,-29.941294,seed85395.png
-29.63737,17.84473,seed85396.png
12.399647,4.481071,seed85397.png
-6.991276,-5.5541244,seed85398.png
22.227665,15.932363,seed85399.png
23.658596,17.915333,seed8540.png
29.344906,5.441126,seed85400.png
22.981073,-3.021461,seed85401.png
6.1303034,7.858446,seed85402.png
-1.2237821,15.365106,seed85403.png
-7.460639,-19.069626,seed85404.png
38.907555,15.778137,seed85405.png
25.883392,5.2783203,seed85406.png
-11.37934,-13.466924,seed85407.png
0.19382265,19.898928,seed85408.png
30.873446,25.992006,seed85409.png
31.978315,25.374123,seed8541.png
-27.90601,-3.3621376,seed85410.png
-9.487779,-13.158696,seed85411.png
13.640865,-35.93613,seed85412.png
10.948379,28.963766,seed85413.png
32.738804,6.8004427,seed85414.png
-10.491043,-20.954508,seed85415.png
9.249345,-41.67718,seed85416.png
33.063446,21.69382,seed85417.png
26.851955,-3.4309633,seed85418.png
13.509997,-30.452526,seed85419.png
10.599234,-25.632332,seed8542.png
18.520243,-5.82562,seed85420.png
3.6660342,21.208817,seed85421.png
18.050303,19.865395,seed85422.png
34.582527,4.0486903,seed85423.png
-0.89643216,-13.534422,seed85424.png
-30.742706,-8.712312,seed85425.png
-35.678402,-1.010412,seed85426.png
-25.308474,-10.60939,seed85427.png
-19.35866,16.202887,seed85428.png
-32.575134,11.262133,seed85429.png
10.490297,-41.677143,seed8543.png
-2.806772,-22.493616,seed85430.png
-0.0133794,-18.296356,seed85431.png
41.254295,14.355828,seed85432.png
25.97388,21.971018,seed85433.png
3.3935888,-13.736608,seed85434.png
-22.228233,-16.145548,seed85435.png
26.307392,17.377703,seed85436.png
16.462498,29.917997,seed85437.png
-20.2275,1.9755404,seed85438.png
28.844433,3.461893,seed85439.png
-11.108326,2.0810974,seed8544.png
21.956419,11.739577,seed85440.png
-33.818867,17.188316,seed85441.png
15.432615,0.80681324,seed85442.png
31.636475,24.118534,seed85443.png
-20.248907,-23.255383,seed85444.png
33.48455,15.758102,seed85445.png
-12.55706,-0.34827897,seed85446.png
13.641599,0.15697281,seed85447.png
-23.530931,-24.628601,seed85448.png
16.488058,7.0019054,seed85449.png
-16.061592,-30.060347,seed8545.png
-20.036278,17.302004,seed85450.png
1.7519454,21.086771,seed85451.png
-16.632807,-1.0004268,seed85452.png
16.684355,14.513855,seed85453.png
33.571712,10.662174,seed85454.png
12.597868,-32.32025,seed85455.png
9.684883,-32.777477,seed85456.png
-31.535364,17.395372,seed85457.png
-35.765327,17.402197,seed85458.png
36.897976,22.510021,seed85459.png
-18.664999,-19.988136,seed8546.png
-30.885277,-13.656037,seed85460.png
14.311055,-41.029156,seed85461.png
5.4104934,-39.024776,seed85462.png
33.05392,14.423772,seed85463.png
22.796848,-3.610247,seed85464.png
32.609173,30.562815,seed85465.png
6.4758997,-32.675083,seed85466.png
-36.385868,13.176561,seed85467.png
-36.13963,27.08076,seed85468.png
28.214392,23.586567,seed85469.png
-33.43557,24.834755,seed8547.png
10.431999,6.751578,seed85470.png
2.6976185,-15.324056,seed85471.png
-33.20939,23.504103,seed85472.png
-32.392212,-15.454687,seed85473.png
0.37077317,0.1633198,seed85474.png
1.8688567,2.5782106,seed85475.png
25.56529,5.302364,seed85476.png
-17.725428,-29.918688,seed85477.png
-6.263007,15.831583,seed85478.png
-20.779684,13.723031,seed85479.png
-23.159475,-24.768047,seed8548.png
-15.873535,-2.4398954,seed85480.png
11.537238,-42.095863,seed85481.png
-15.605399,-15.873268,seed85482.png
-14.210773,-30.340305,seed85483.png
19.775806,23.389648,seed85484.png
-32.00971,20.53372,seed85485.png
-12.934812,-22.100382,seed85486.png
33.427727,7.5049396,seed85487.png
-6.4584827,5.8852124,seed85488.png
35.893658,17.194994,seed85489.png
-12.902718,-5.8054395,seed8549.png
9.708676,-43.41739,seed85490.png
-3.2894402,-11.501232,seed85491.png
-9.6393795,-19.010988,seed85492.png
-14.110989,1.7876004,seed85493.png
-6.5722837,-3.9639158,seed85494.png
-21.921244,-17.282133,seed85495.png
-4.463842,-3.757227,seed85496.png
10.626644,3.5109024,seed85497.png
-14.1599245,-17.494062,seed85498.png
-30.116978,18.006271,seed85499.png
-21.200056,-4.1564016,seed8550.png
11.382683,-42.97717,seed85500.png
-31.201347,-8.219363,seed85501.png
-11.3498335,-16.401012,seed85502.png
-26.677547,-20.773869,seed85503.png
27.275204,17.596245,seed85504.png
10.075584,-42.333385,seed85505.png
21.257957,20.010256,seed85506.png
-18.005774,1.0383856,seed85507.png
7.705421,-39.105103,seed85508.png
-31.496853,14.057766,seed85509.png
16.918451,-0.23021448,seed8551.png
-7.3713083,-6.325547,seed85510.png
15.327025,-38.27658,seed85511.png
17.157795,0.67388344,seed85512.png
-23.325554,15.376626,seed85513.png
6.2753615,18.350065,seed85514.png
11.514571,-37.893723,seed85515.png
-4.111426,-21.993105,seed85516.png
36.837246,11.760395,seed85517.png
10.577116,-4.4690847,seed85518.png
13.02528,-9.297175,seed85519.png
-17.633795,9.094249,seed8552.png
39.565033,25.271294,seed85520.png
-11.849762,-15.443099,seed85521.png
1.7060974,20.365705,seed85522.png
26.541065,8.399777,seed85523.png
-35.156143,27.293999,seed85524.png
-6.8503222,-21.974096,seed85525.png
2.7530975,-14.096013,seed85526.png
11.728046,-39.498783,seed85527.png
-15.983021,-0.6763157,seed85528.png
42.070797,21.321568,seed85529.png
19.008774,2.2612438,seed8553.png
-29.291039,22.609781,seed85530.png
-13.071337,-23.734816,seed85531.png
-21.248735,15.100532,seed85532.png
25.80664,4.2661376,seed85533.png
-31.895346,12.960307,seed85534.png
27.298225,-1.1153241,seed85535.png
9.8250065,-0.47684595,seed85536.png
-1.3745288,24.070301,seed85537.png
13.264579,-38.085464,seed85538.png
13.695986,-32.58578,seed85539.png
4.3822346,-4.0922894,seed8554.png
-22.44031,-3.2017844,seed85540.png
9.769555,9.134555,seed85541.png
-7.339424,-12.951152,seed85542.png
-26.340916,-0.03436081,seed85543.png
0.657217,22.614,seed85544.png
11.7772045,11.280511,seed85545.png
17.4316,-1.2440405,seed85546.png
29.246183,13.675553,seed85547.png
11.4281025,-39.732616,seed85548.png
-10.951068,-18.985456,seed85549.png
3.9816387,-20.795431,seed8555.png
-14.355252,-3.8280885,seed85550.png
31.898912,11.532592,seed85551.png
13.148469,27.865616,seed85552.png
29.186722,3.2109187,seed85553.png
-16.773123,1.2831125,seed85554.png
5.7711353,-30.506464,seed85555.png
-25.759195,2.3987007,seed85556.png
-28.646627,6.48815,seed85557.png
-32.67122,-1.8661329,seed85558.png
-6.1354456,-13.989538,seed85559.png
11.7950115,25.736368,seed8556.png
-22.103588,2.1028047,seed85560.png
-15.53013,4.375428,seed85561.png
14.804417,-2.892177,seed85562.png
-20.068405,-20.840187,seed85563.png
14.904935,-3.7277768,seed85564.png
13.614119,-23.074303,seed85565.png
-33.84145,15.7000675,seed85566.png
-29.369394,15.286672,seed85567.png
36.207874,13.646801,seed85568.png
-32.847797,21.598661,seed85569.png
-6.796216,0.5132971,seed8557.png
-4.145245,-12.12759,seed85570.png
-16.087242,1.057511,seed85571.png
18.887543,10.438845,seed85572.png
-11.716044,3.4917986,seed85573.png
6.726527,23.967737,seed85574.png
29.313658,13.363126,seed85575.png
20.016247,-3.8976529,seed85576.png
-23.875105,19.636421,seed85577.png
-19.699574,-22.85026,seed85578.png
-15.092504,-1.7972971,seed85579.png
-4.586326,9.221105,seed8558.png
-18.539099,-23.79503,seed85580.png
-14.751249,-13.510452,seed85581.png
-2.7052531,17.289568,seed85582.png
13.305235,-28.14933,seed85583.png
-24.06872,8.019127,seed85584.png
-24.956982,-19.929474,seed85585.png
-27.49271,-10.326131,seed85586.png
25.39759,-0.6947456,seed85587.png
-11.015312,-25.576948,seed85588.png
19.81283,16.613152,seed85589.png
8.596601,29.605963,seed8559.png
13.930228,24.496408,seed85590.png
28.779247,1.4563385,seed85591.png
-23.819874,-6.0720706,seed85592.png
-20.869875,3.0684638,seed85593.png
10.872112,-30.87969,seed85594.png
-11.242919,2.7145486,seed85595.png
14.413927,-32.41839,seed85596.png
30.60288,19.193773,seed85597.png
-19.016813,-3.9481127,seed85598.png
9.3904705,-35.572224,seed85599.png
-2.4880993,-27.443148,seed8560.png
6.6143327,-27.794891,seed85600.png
-35.344982,23.332802,seed85601.png
-20.217403,-22.024126,seed85602.png
-30.550692,8.857294,seed85603.png
0.9655407,1.6204189,seed85604.png
19.634083,-0.26719275,seed85605.png
33.98,22.98585,seed85606.png
-20.464989,4.7861934,seed85607.png
12.623833,6.677612,seed85608.png
-23.91971,-17.667953,seed85609.png
-17.999796,-20.213581,seed8561.png
-1.4990338,-4.4461036,seed85610.png
-6.4584823,-3.0686264,seed85611.png
22.349783,22.13785,seed85612.png
-35.869965,25.938744,seed85613.png
32.85361,19.230072,seed85614.png
-16.103539,11.920559,seed85615.png
-22.110933,-0.4912842,seed85616.png
37.98865,21.713541,seed85617.png
-23.32822,-12.63015,seed85618.png
25.680864,7.793509,seed85619.png
4.264656,-30.993052,seed8562.png
9.959641,-35.88234,seed85620.png
10.255279,-41.85177,seed85621.png
3.2132246,-34.775745,seed85622.png
-4.504486,-14.267155,seed85623.png
-33.0193,19.026161,seed85624.png
31.010378,2.7972572,seed85625.png
-13.579447,-10.17793,seed85626.png
-20.238514,-22.793797,seed85627.png
-19.672853,-25.727926,seed85628.png
-33.40254,5.781218,seed85629.png
-19.711462,17.70094,seed8563.png
-10.683297,-28.251688,seed85630.png
6.6487246,-4.824172,seed85631.png
-10.212315,-1.7022816,seed85632.png
6.2503843,-38.43605,seed85633.png
14.49079,-9.372216,seed85634.png
-15.959378,-25.85791,seed85635.png
-21.8368,7.61273,seed85636.png
-17.573225,-18.391386,seed85637.png
-9.832627,-22.73721,seed85638.png
-28.767103,8.886334,seed85639.png
25.40344,9.005062,seed8564.png
-6.3485928,-17.160305,seed85640.png
-24.667566,14.927917,seed85641.png
-34.59258,-7.484951,seed85642.png
23.708574,22.817469,seed85643.png
5.9030976,22.236975,seed85644.png
-16.031208,-24.145327,seed85645.png
15.448171,7.621811,seed85646.png
6.919318,6.5406923,seed85647.png
-18.591438,7.0991826,seed85648.png
3.640564,-34.724827,seed85649.png
-25.218367,-11.232752,seed8565.png
32.883205,14.818537,seed85650.png
14.161972,29.291544,seed85651.png
7.7614503,15.703336,seed85652.png
20.719133,22.120844,seed85653.png
6.837138,-32.28835,seed85654.png
-12.849134,-5.2519727,seed85655.png
21.150023,7.456679,seed85656.png
-22.369425,-13.376748,seed85657.png
12.297451,15.484296,seed85658.png
13.134605,-30.115705,seed85659.png
9.879056,20.75013,seed8566.png
11.134743,-5.37949,seed85660.png
-9.458133,9.582034,seed85661.png
10.284267,-24.760317,seed85662.png
-2.1794944,5.4170837,seed85663.png
-8.802485,-1.3903952,seed85664.png
10.106077,-38.344982,seed85665.png
0.895941,6.2053533,seed85666.png
12.963951,-39.796356,seed85667.png
-11.319569,-2.6665905,seed85668.png
-10.49294,-1.8393707,seed85669.png
-20.355133,-13.447162,seed8567.png
0.74259496,12.354791,seed85670.png
-6.251528,-15.461476,seed85671.png
8.681209,-38.69363,seed85672.png
-20.705914,8.6722765,seed85673.png
-25.284039,-17.927395,seed85674.png
-31.881817,-1.7788295,seed85675.png
-0.53353757,-5.6993723,seed85676.png
-15.542778,-1.5832936,seed85677.png
-9.049715,-11.676612,seed85678.png
-25.824196,9.819082,seed85679.png
-26.241432,9.814914,seed8568.png
16.436031,-36.33752,seed85680.png
28.075075,6.111555,seed85681.png
-29.182676,8.066282,seed85682.png
2.4501348,-0.08353425,seed85683.png
10.441911,-27.741854,seed85684.png
21.547264,-5.955815,seed85685.png
22.980944,-7.718411,seed85686.png
-14.402513,-30.933386,seed85687.png
15.590588,8.200283,seed85688.png
33.292637,5.413194,seed85689.png
24.576857,6.171398,seed8569.png
35.729477,20.944057,seed85690.png
13.601511,-37.1098,seed85691.png
35.134323,13.434682,seed85692.png
1.014524,14.278407,seed85693.png
11.620319,-3.3099337,seed85694.png
11.655247,-28.26786,seed85695.png
-8.326413,0.3388252,seed85696.png
9.6283865,-43.553757,seed85697.png
-17.542847,-9.093533,seed85698.png
-11.040176,-3.0138419,seed85699.png
30.757486,22.959448,seed8570.png
-29.995146,5.1137033,seed85700.png
-25.546087,-6.040555,seed85701.png
6.4608836,24.891619,seed85702.png
2.6693077,-3.4414816,seed85703.png
-28.131113,10.403006,seed85704.png
-2.2617273,-14.724011,seed85705.png
12.826338,3.0479164,seed85706.png
7.118177,-34.404057,seed85707.png
-1.4765657,-13.33108,seed85708.png
-10.282458,-20.76837,seed85709.png
23.536098,19.114151,seed8571.png
33.823704,8.277863,seed85710.png
11.770875,-25.712576,seed85711.png
7.994044,-32.549915,seed85712.png
-34.493176,9.147969,seed85713.png
8.233149,-1.7395115,seed85714.png
-5.195677,-8.280845,seed85715.png
9.356217,0.22649103,seed85716.png
-9.8970375,-20.425362,seed85717.png
-36.453983,12.803878,seed85718.png
2.982793,-14.116554,seed85719.png
27.488264,1.2864263,seed8572.png
-23.638199,3.02546,seed85720.png
13.422781,-36.36586,seed85721.png
-17.066725,-2.0854096,seed85722.png
11.06957,-28.150808,seed85723.png
-11.983518,4.261373,seed85724.png
0.5062101,9.404906,seed85725.png
-26.341343,9.644865,seed85726.png
24.933113,-6.657156,seed85727.png
-31.708855,10.675067,seed85728.png
36.209614,26.42048,seed85729.png
-25.67774,5.3471932,seed8573.png
-14.388318,-21.990345,seed85730.png
26.536943,10.954139,seed85731.png
-18.119984,-10.302698,seed85732.png
-14.324362,-13.446365,seed85733.png
22.178879,16.83723,seed85734.png
-1.0859132,-2.4918118,seed85735.png
-18.175966,-2.5097167,seed85736.png
21.244198,0.87033397,seed85737.png
24.775343,11.239144,seed85738.png
0.2036013,-17.757124,seed85739.png
-25.556393,10.022374,seed8574.png
15.22554,-30.945103,seed85740.png
-24.488297,-19.780096,seed85741.png
-11.243652,-25.24122,seed85742.png
3.5564754,-26.047018,seed85743.png
24.298855,1.8762023,seed85744.png
30.797487,5.355432,seed85745.png
-17.76679,-18.784613,seed85746.png
9.451119,-40.733295,seed85747.png
-33.618626,-1.4912493,seed85748.png
-10.722359,-1.6832316,seed85749.png
40.94623,16.508362,seed8575.png
-6.4681144,-1.6896099,seed85750.png
2.432381,-2.6926103,seed85751.png
26.829079,7.389955,seed85752.png
15.3595705,-3.6593769,seed85753.png
-12.1026745,5.760269,seed85754.png
31.443068,27.106895,seed85755.png
-14.986627,4.0975866,seed85756.png
-1.0666652,-3.904583,seed85757.png
23.01855,-1.8538038,seed85758.png
7.6136413,-27.878061,seed85759.png
32.13306,8.504086,seed8576.png
-9.21015,-17.596676,seed85760.png
6.2542996,19.88577,seed85761.png
16.32405,6.9405355,seed85762.png
-26.57944,-2.9528172,seed85763.png
13.458967,10.7449045,seed85764.png
-5.1756816,-3.8426542,seed85765.png
5.0514274,0.3872393,seed85766.png
18.216888,23.76374,seed85767.png
-24.883598,-11.324388,seed85768.png
-20.561073,7.5430555,seed85769.png
-25.876265,-2.597623,seed8577.png
-15.947247,-8.09591,seed85770.png
22.876465,22.62092,seed85771.png
35.060246,27.950197,seed85772.png
-10.468112,-18.814344,seed85773.png
24.130928,6.206175,seed85774.png
37.662025,23.419008,seed85775.png
8.236375,24.219677,seed85776.png
-33.342793,20.219395,seed85777.png
15.627038,18.262356,seed85778.png
14.9342375,29.384188,seed85779.png
0.5573146,11.238533,seed8578.png
11.565485,-41.10279,seed85780.png
-34.707874,16.389042,seed85781.png
-31.896906,7.6078773,seed85782.png
32.642082,12.151616,seed85783.png
-2.1260428,24.957022,seed85784.png
20.114311,24.531178,seed85785.png
14.603154,-39.911922,seed85786.png
7.9192357,-28.38807,seed85787.png
34.247566,8.978459,seed85788.png
-38.83422,13.037197,seed85789.png
29.774738,21.97965,seed8579.png
-31.559772,6.19714,seed85790.png
16.733095,7.8484063,seed85791.png
36.97462,14.348732,seed85792.png
-15.129357,-5.9911485,seed85793.png
-24.482737,4.107453,seed85794.png
36.56145,21.24037,seed85795.png
-16.119537,-20.743282,seed85796.png
20.887335,10.065456,seed85797.png
26.620926,10.132404,seed85798.png
-14.833731,-16.726795,seed85799.png
13.56611,-19.434793,seed8580.png
-36.217117,0.9353631,seed85800.png
-7.064424,1.6300887,seed85801.png
-31.446177,8.286555,seed85802.png
-12.181791,-4.235681,seed85803.png
14.65188,-34.974277,seed85804.png
-20.122532,-7.319231,seed85805.png
7.646327,17.92219,seed85806.png
9.002986,-27.48546,seed85807.png
24.638706,21.393286,seed85808.png
35.331783,3.6828883,seed85809.png
-34.05634,19.1037,seed8581.png
5.3714542,-36.60396,seed85810.png
-0.24741983,-9.006607,seed85811.png
-2.5976696,-13.731079,seed85812.png
33.97394,27.74695,seed85813.png
20.728533,13.771848,seed85814.png
-30.833769,16.396582,seed85815.png
8.036434,14.851855,seed85816.png
-16.900642,-7.649024,seed85817.png
18.28219,20.731201,seed85818.png
31.671555,12.055398,seed85819.png
-1.6636181,18.12739,seed8582.png
36.09275,21.7093,seed85820.png
-0.49473637,3.5725925,seed85821.png
-18.397976,-3.3468504,seed85822.png
-18.846064,2.2751958,seed85823.png
-0.65768594,0.26207548,seed85824.png
-11.085731,-12.093684,seed85825.png
14.324188,0.16496676,seed85826.png
15.42552,24.744936,seed85827.png
39.497803,22.054182,seed85828.png
2.8477247,13.66929,seed85829.png
23.222317,19.183037,seed8583.png
8.409836,-31.31034,seed85830.png
25.97377,19.393608,seed85831.png
-31.793434,17.786604,seed85832.png
28.823647,7.770363,seed85833.png
11.234837,25.73126,seed85834.png
-20.917229,7.9375834,seed85835.png
25.244614,22.943956,seed85836.png
-14.720645,-28.797005,seed85837.png
-27.693161,8.686528,seed85838.png
16.08465,13.386965,seed85839.png
15.964295,-2.1520503,seed8584.png
-20.328218,-15.4974785,seed85840.png
20.745308,10.938425,seed85841.png
-22.84288,5.470143,seed85842.png
-26.437592,-21.580418,seed85843.png
7.730272,9.051001,seed85844.png
-24.77979,-9.98042,seed85845.png
-21.062101,17.448578,seed85846.png
-11.523049,-28.144276,seed85847.png
-15.147805,-18.276112,seed85848.png
12.42067,-9.422702,seed85849.png
6.5482135,11.105667,seed8585.png
33.88795,17.624813,seed85850.png
-34.415966,16.569466,seed85851.png
-11.890415,2.7904663,seed85852.png
4.1477833,12.619692,seed85853.png
-10.294896,-28.475643,seed85854.png
14.7477455,-9.9805355,seed85855.png
-25.862906,15.362388,seed85856.png
-30.962416,14.402807,seed85857.png
-16.354559,-20.893965,seed85858.png
37.54383,24.027822,seed85859.png
6.6809998,-34.635628,seed8586.png
15.605878,27.367254,seed85860.png
-32.465057,-7.3059287,seed85861.png
-28.96715,2.4115489,seed85862.png
7.3155475,-5.6012053,seed85863.png
-29.226782,4.0882163,seed85864.png
-0.31944892,-12.446414,seed85865.png
-33.34367,22.622036,seed85866.png
4.5388923,-36.533245,seed85867.png
-21.236977,-6.8807526,seed85868.png
-13.452076,-23.472761,seed85869.png
0.6451891,2.6421785,seed8587.png
17.517979,25.282099,seed85870.png
10.240849,2.922168,seed85871.png
10.5165615,22.8906,seed85872.png
33.78345,27.604935,seed85873.png
-18.105244,-24.10893,seed85874.png
24.328688,11.951734,seed85875.png
10.675828,20.110117,seed85876.png
7.2856183,-2.933862,seed85877.png
24.22321,-2.5945685,seed85878.png
16.785429,-3.2119799,seed85879.png
20.207144,3.3924005,seed8588.png
20.788311,11.752128,seed85880.png
14.129044,13.0250025,seed85881.png
-16.554026,-28.052876,seed85882.png
-10.8436,2.707162,seed85883.png
-0.73241615,17.730623,seed85884.png
0.9020779,-1.9212579,seed85885.png
-35.13233,25.897902,seed85886.png
30.179306,6.2588344,seed85887.png
-31.698048,18.846296,seed85888.png
-30.6541,3.9580727,seed85889.png
16.866,17.565762,seed8589.png
33.9855,17.530058,seed85890.png
27.465672,3.5847824,seed85891.png
-31.690695,-1.168551,seed85892.png
19.684229,20.600737,seed85893.png
24.081148,5.9541526,seed85894.png
-18.867695,-8.049357,seed85895.png
8.982816,9.217188,seed85896.png
-31.589088,10.081111,seed85897.png
-12.4977255,-20.854761,seed85898.png
27.361021,-0.0705473,seed85899.png
-2.292427,21.875624,seed8590.png
-15.000496,-2.1594946,seed85900.png
7.5454416,-25.588331,seed85901.png
12.558954,23.240244,seed85902.png
-19.785273,-17.963717,seed85903.png
13.808172,-31.378744,seed85904.png
17.769022,28.649723,seed85905.png
3.608367,-28.766768,seed85906.png
25.546253,7.2364535,seed85907.png
-7.02441,-15.591939,seed85908.png
14.218692,14.655661,seed85909.png
30.743055,27.8836,seed8591.png
5.42924,-35.465527,seed85910.png
-0.5301792,-14.065579,seed85911.png
-8.179466,-12.229256,seed85912.png
11.515328,18.128292,seed85913.png
32.466927,11.936413,seed85914.png
0.048009362,18.315235,seed85915.png
-23.313782,4.876976,seed85916.png
-10.708589,6.533649,seed85917.png
-25.642467,7.940636,seed85918.png
-30.705172,-3.499049,seed85919.png
-10.58111,-12.2138,seed8592.png
-29.610022,14.374767,seed85920.png
-11.774782,-25.897295,seed85921.png
14.618668,27.229498,seed85922.png
-12.77911,-28.967249,seed85923.png
27.180206,29.82691,seed85924.png
2.527874,1.0030757,seed85925.png
10.476177,23.254519,seed85926.png
-12.419672,-7.7901363,seed85927.png
31.303843,16.204168,seed85928.png
-28.064764,-10.50169,seed85929.png
27.600328,25.33233,seed8593.png
25.839233,15.901287,seed85930.png
-26.94079,16.745369,seed85931.png
-19.718294,-14.639564,seed85932.png
-9.867078,-7.894973,seed85933.png
32.4816,7.1453547,seed85934.png
30.709425,-1.6508644,seed85935.png
-13.479682,-21.223064,seed85936.png
-26.58764,4.9415426,seed85937.png
-31.052288,14.863491,seed85938.png
-30.369076,21.458113,seed85939.png
-15.818754,-8.927583,seed8594.png
-33.52969,23.350508,seed85940.png
7.3550487,-38.603558,seed85941.png
20.34751,25.122711,seed85942.png
-8.311826,-23.192558,seed85943.png
-2.31199,-17.124842,seed85944.png
-22.877296,-1.5757483,seed85945.png
18.558332,21.765514,seed85946.png
27.929691,18.235422,seed85947.png
-3.7329044,-20.047293,seed85948.png
14.627521,5.5827312,seed85949.png
-20.007385,-18.99561,seed8595.png
7.4870095,5.276291,seed85950.png
-17.476194,-21.46769,seed85951.png
-13.328731,-5.590985,seed85952.png
-19.161467,11.282645,seed85953.png
-18.456413,-9.641762,seed85954.png
34.680058,19.125675,seed85955.png
-14.834147,-6.0344915,seed85956.png
20.694841,23.782501,seed85957.png
-9.485239,-31.404966,seed85958.png
-26.266275,12.319278,seed85959.png
-35.043415,26.685541,seed8596.png
19.940332,18.410744,seed85960.png
34.325634,11.797783,seed85961.png
-33.50689,-0.8538993,seed85962.png
-17.981455,1.2251178,seed85963.png
-31.56972,16.943037,seed85964.png
0.68350816,-9.997333,seed85965.png
32.207058,17.304848,seed85966.png
34.396202,13.001812,seed85967.png
-11.997909,-5.915135,seed85968.png
-32.76756,15.528402,seed85969.png
-14.074562,-26.970667,seed8597.png
-23.049652,2.8774283,seed85970.png
-33.185806,25.839893,seed85971.png
-25.944084,-15.244229,seed85972.png
4.346559,-15.618975,seed85973.png
38.025547,8.660549,seed85974.png
9.62806,-8.770779,seed85975.png
18.239742,-2.409011,seed85976.png
22.288353,2.4486718,seed85977.png
21.994387,27.108963,seed85978.png
-18.581419,-9.573447,seed85979.png
-21.465132,-28.634563,seed8598.png
-3.1721072,-2.702136,seed85980.png
21.698996,22.311338,seed85981.png
-19.499763,-4.603573,seed85982.png
-24.142345,17.920258,seed85983.png
-29.244612,22.918713,seed85984.png
8.652462,-34.520184,seed85985.png
-15.218148,-28.62456,seed85986.png
-33.07706,-6.046063,seed85987.png
-15.850269,-3.486468,seed85988.png
11.55942,-20.480503,seed85989.png
37.190567,16.751123,seed8599.png
-31.467768,-8.019513,seed85990.png
-12.411994,-24.826057,seed85991.png
25.72991,14.225115,seed85992.png
-8.768494,12.310275,seed85993.png
14.84054,-0.59696674,seed85994.png
-22.754549,5.276131,seed85995.png
31.947199,1.7950833,seed85996.png
-35.42964,-7.9857607,seed85997.png
-0.39717153,-15.338926,seed85998.png
27.9655,10.603492,seed85999.png
-17.570942,8.810694,seed8600.png
-18.170216,-12.998935,seed86000.png
39.895058,14.410509,seed86001.png
22.795408,9.619546,seed86002.png
-34.551502,-9.621638,seed86003.png
3.8949006,12.794891,seed86004.png
31.86874,20.054346,seed86005.png
40.991375,23.015486,seed86006.png
-3.4146683,11.6104,seed86007.png
-7.640054,-25.174305,seed86008.png
-21.02954,1.6975628,seed86009.png
5.64509,-0.49925148,seed8601.png
9.254944,-32.68211,seed86010.png
3.7571926,9.937246,seed86011.png
21.915611,23.93642,seed86012.png
3.249884,-33.739998,seed86013.png
-30.995022,9.134241,seed86014.png
-25.742289,10.116755,seed86015.png
-19.4465,3.3972375,seed86016.png
29.737473,26.593582,seed86017.png
-5.10133,12.713987,seed86018.png
25.26857,10.3837,seed86019.png
22.910275,0.6169245,seed8602.png
17.737581,21.607603,seed86020.png
-0.48319474,-19.054983,seed86021.png
32.81842,26.322062,seed86022.png
7.061813,24.046894,seed86023.png
33.990837,22.547918,seed86024.png
-31.732218,24.779589,seed86025.png
-19.188921,-15.12274,seed86026.png
-11.877698,-26.183098,seed86027.png
-0.68577373,-6.1586814,seed86028.png
-15.7839775,-1.2520722,seed86029.png
36.957943,24.49295,seed8603.png
-0.1808,-16.81744,seed86030.png
21.864307,10.332529,seed86031.png
-21.073137,-0.6366839,seed86032.png
-25.627827,-0.5474539,seed86033.png
11.275777,-21.083927,seed86034.png
30.547424,28.506872,seed86035.png
-2.1557164,-7.321887,seed86036.png
9.576196,29.017582,seed86037.png
9.223596,-11.629224,seed86038.png
14.176465,-10.084216,seed86039.png
11.429008,-30.324625,seed8604.png
2.6551347,-11.465962,seed86040.png
-0.50813174,14.376461,seed86041.png
14.072235,26.56082,seed86042.png
5.067181,11.651693,seed86043.png
23.48998,0.6808878,seed86044.png
36.85492,15.515957,seed86045.png
31.670471,4.2746787,seed86046.png
17.114017,-6.364515,seed86047.png
29.153257,1.9377799,seed86048.png
-32.24659,18.120735,seed86049.png
7.812852,-25.977457,seed8605.png
-23.710428,-18.790197,seed86050.png
7.4508667,-5.7444353,seed86051.png
-13.784317,-19.971518,seed86052.png
-33.805416,-8.234251,seed86053.png
-13.820895,-29.219004,seed86054.png
-30.656567,-13.525993,seed86055.png
24.46558,2.817733,seed86056.png
-37.36715,22.07109,seed86057.png
30.438602,14.303425,seed86058.png
14.206505,26.074966,seed86059.png
-13.895011,-12.991283,seed8606.png
10.027162,15.68435,seed86060.png
33.559963,13.402017,seed86061.png
0.7047926,5.407101,seed86062.png
-19.950586,-23.413216,seed86063.png
21.10589,20.56005,seed86064.png
11.30603,-38.127125,seed86065.png
12.471774,14.924296,seed86066.png
36.51638,6.170904,seed86067.png
-25.465082,16.647404,seed86068.png
37.87628,18.408104,seed86069.png
17.379446,8.195424,seed8607.png
3.9456856,-29.216143,seed86070.png
-10.249106,-17.21218,seed86071.png
26.58597,6.3795342,seed86072.png
-33.271465,12.912188,seed86073.png
-32.18644,19.73651,seed86074.png
-14.096718,1.8420693,seed86075.png
-15.359824,-12.459206,seed86076.png
7.902678,-28.661682,seed86077.png
35.9322,20.31668,seed86078.png
-22.723658,7.027636,seed86079.png
-10.615992,-25.438734,seed8608.png
10.628055,-27.87491,seed86080.png
-23.536404,4.3238263,seed86081.png
15.415113,9.128623,seed86082.png
-10.666984,-27.212091,seed86083.png
-28.965511,-4.889706,seed86084.png
-30.924757,7.7796974,seed86085.png
31.978851,13.837926,seed86086.png
27.697128,13.377189,seed86087.png
32.732777,9.3875675,seed86088.png
-13.89889,-12.982244,seed86089.png
10.939182,-38.043953,seed8609.png
-11.245263,2.0029557,seed86090.png
38.614407,19.525475,seed86091.png
-29.226465,17.167221,seed86092.png
2.3744795,6.8143005,seed86093.png
13.089287,2.1231918,seed86094.png
-6.098367,-17.620752,seed86095.png
-15.457664,2.8206751,seed86096.png
31.522902,25.506832,seed86097.png
16.583803,-9.531666,seed86098.png
12.324173,-2.3706188,seed86099.png
30.021143,11.307289,seed8610.png
37.40181,15.488201,seed86100.png
4.2828536,-29.986847,seed86101.png
-16.618559,-17.366714,seed86102.png
-17.72329,-14.2199745,seed86103.png
11.632596,-39.366108,seed86104.png
-12.017593,-19.716623,seed86105.png
13.994463,24.859089,seed86106.png
34.70754,8.48617,seed86107.png
1.4506232,-4.4934344,seed86108.png
-12.024929,-13.819589,seed86109.png
-35.2723,-4.7495427,seed8611.png
-2.2005882,11.413998,seed86110.png
-3.4433494,-24.521282,seed86111.png
19.845219,21.457941,seed86112.png
11.796747,5.062532,seed86113.png
-17.92186,-17.058407,seed86114.png
-11.541787,-17.057333,seed86115.png
-35.824486,8.079497,seed86116.png
22.113829,20.545065,seed86117.png
-27.380737,-14.612705,seed86118.png
-13.9794655,-31.49359,seed86119.png
-1.1260614,-7.5008492,seed8612.png
5.8239098,-28.09501,seed86120.png
-23.858492,6.438655,seed86121.png
12.125319,-27.111012,seed86122.png
19.974077,6.437857,seed86123.png
-22.901167,-9.732063,seed86124.png
10.506291,24.577477,seed86125.png
-19.447367,7.4921885,seed86126.png
18.06574,-3.0652664,seed86127.png
16.740686,2.0030704,seed86128.png
-13.563866,-20.804764,seed86129.png
-4.9675612,-8.995912,seed8613.png
-0.60989136,24.13099,seed86130.png
3.90109,-4.6017537,seed86131.png
21.80681,-8.070011,seed86132.png
26.899044,-0.7972949,seed86133.png
-38.334724,3.701011,seed86134.png
-16.55488,-0.20945257,seed86135.png
1.1585156,-3.7503703,seed86136.png
-28.736435,20.579762,seed86137.png
-19.705854,5.5163994,seed86138.png
1.4024774,18.43257,seed86139.png
11.205676,0.2536141,seed8614.png
9.005666,-35.82473,seed86140.png
8.418284,-6.5543156,seed86141.png
-24.62126,-26.409819,seed86142.png
25.139807,18.695253,seed86143.png
34.582314,2.879415,seed86144.png
2.44429,2.6985946,seed86145.png
7.457106,-32.429787,seed86146.png
12.050575,5.081818,seed86147.png
15.239768,-35.092827,seed86148.png
27.3304,25.140581,seed86149.png
-30.772501,16.518503,seed8615.png
15.291842,7.5440164,seed86150.png
-0.16234559,-11.784741,seed86151.png
23.012756,20.66023,seed86152.png
12.545999,7.611686,seed86153.png
-23.351408,20.036499,seed86154.png
-12.283549,-26.29759,seed86155.png
-33.658108,20.975784,seed86156.png
12.645486,-33.97958,seed86157.png
14.436386,-34.222095,seed86158.png
16.252571,-34.67641,seed86159.png
-0.1658241,-17.23919,seed8616.png
4.829109,18.733862,seed86160.png
-26.786196,14.764817,seed86161.png
33.254177,23.310026,seed86162.png
-6.2965016,-25.95728,seed86163.png
-19.970613,5.4138417,seed86164.png
24.68462,5.9250016,seed86165.png
-19.686964,4.719535,seed86166.png
-35.0378,26.452368,seed86167.png
-36.997814,17.997211,seed86168.png
-11.9333935,-4.204805,seed86169.png
12.103686,18.847153,seed8617.png
19.61544,23.99747,seed86170.png
32.91844,10.97014,seed86171.png
-20.913015,-27.468628,seed86172.png
14.842113,16.185633,seed86173.png
-29.881939,-10.184986,seed86174.png
14.10957,16.927626,seed86175.png
4.4224796,13.161675,seed86176.png
29.190237,22.31778,seed86177.png
-7.713226,-7.9229436,seed86178.png
-15.7290325,-30.694103,seed86179.png
26.407055,5.424026,seed8618.png
-5.1766224,-15.180293,seed86180.png
17.940441,23.805285,seed86181.png
-15.598534,-3.2337146,seed86182.png
36.55907,11.499326,seed86183.png
12.455608,-38.231613,seed86184.png
-6.0729346,13.657656,seed86185.png
14.103966,-31.70067,seed86186.png
12.489975,10.242578,seed86187.png
-20.659588,-14.386065,seed86188.png
-31.721725,14.1370325,seed86189.png
-16.050686,-9.211102,seed8619.png
-12.817958,-4.738912,seed86190.png
-18.664654,1.1212467,seed86191.png
38.433735,21.554913,seed86192.png
13.960553,3.6454632,seed86193.png
-31.55692,19.543789,seed86194.png
6.1958666,-2.2338536,seed86195.png
-19.13486,-17.686068,seed86196.png
17.394926,0.7819283,seed86197.png
-23.952827,13.367807,seed86198.png
-7.683476,-3.2274182,seed86199.png
-2.995395,-12.081831,seed8620.png
34.409,16.811815,seed86200.png
-22.167217,-14.833828,seed86201.png
17.143496,26.70555,seed86202.png
35.7034,8.243668,seed86203.png
-21.082184,-0.030105192,seed86204.png
3.2258475,-27.689384,seed86205.png
-22.613426,-4.6341786,seed86206.png
22.999977,-0.36545765,seed86207.png
-27.020967,-16.992052,seed86208.png
-11.288005,-19.505413,seed86209.png
-20.632177,-29.710747,seed8621.png
14.421944,21.74667,seed86210.png
28.022568,16.608335,seed86211.png
31.753138,24.164616,seed86212.png
-12.424412,-12.421075,seed86213.png
11.37693,-35.16694,seed86214.png
16.169426,-35.857136,seed86215.png
19.0034,17.743181,seed86216.png
-20.694218,-27.416842,seed86217.png
6.256648,8.722979,seed86218.png
-19.505674,0.26137128,seed86219.png
-12.52971,-29.281519,seed8622.png
6.8563004,-28.224003,seed86220.png
4.722782,16.24651,seed86221.png
-31.305256,9.904279,seed86222.png
-14.062719,-14.522763,seed86223.png
-5.0796485,5.063985,seed86224.png
12.654548,-40.89865,seed86225.png
9.594442,3.2352126,seed86226.png
7.5504923,8.592042,seed86227.png
19.759306,23.647692,seed86228.png
-26.827919,-17.928116,seed86229.png
-33.763496,20.922428,seed8623.png
7.3180485,-34.81629,seed86230.png
-26.588415,-13.453484,seed86231.png
-7.338085,5.908179,seed86232.png
34.042995,5.8257413,seed86233.png
0.6362393,-14.126295,seed86234.png
-11.724635,-18.648186,seed86235.png
35.01591,12.424068,seed86236.png
28.187883,2.6921873,seed86237.png
8.715767,12.039387,seed86238.png
12.82352,0.41968533,seed86239.png
12.187684,-22.855726,seed8624.png
-32.57344,19.37807,seed86240.png
13.0949745,-35.981438,seed86241.png
6.48481,-32.213413,seed86242.png
26.576742,11.03974,seed86243.png
5.951754,10.794125,seed86244.png
19.245632,19.73562,seed86245.png
-18.532986,0.81049365,seed86246.png
-15.073997,-17.460287,seed86247.png
-33.0216,23.114271,seed86248.png
10.121791,5.496275,seed86249.png
24.83536,17.844048,seed8625.png
25.869259,6.9211497,seed86250.png
20.338354,21.748749,seed86251.png
18.522125,-4.7467656,seed86252.png
26.185648,7.842704,seed86253.png
-26.801739,15.794879,seed86254.png
-0.021442918,9.782535,seed86255.png
-14.142523,-30.370676,seed86256.png
-36.76425,10.938134,seed86257.png
39.628258,25.975615,seed86258.png
-30.646507,13.591276,seed86259.png
2.2978437,21.081572,seed8626.png
8.154984,19.612175,seed86260.png
9.306495,-34.3967,seed86261.png
-36.642555,11.671299,seed86262.png
-17.913433,-4.7914333,seed86263.png
5.887517,-37.01849,seed86264.png
24.297077,2.925637,seed86265.png
26.952822,20.279675,seed86266.png
-23.35804,-17.419203,seed86267.png
-19.004326,1.3572583,seed86268.png
-1.8674307,23.384874,seed86269.png
-17.991474,-17.094393,seed8627.png
-21.929447,-8.600015,seed86270.png
-26.772238,14.454933,seed86271.png
-25.455372,16.401155,seed86272.png
-18.619432,-0.803524,seed86273.png
-20.63667,-26.325516,seed86274.png
15.496851,-33.41769,seed86275.png
15.523433,1.6418109,seed86276.png
30.128336,16.313362,seed86277.png
33.21629,12.634504,seed86278.png
-15.544943,-18.126104,seed86279.png
-28.788956,17.268093,seed8628.png
14.510214,-33.614254,seed86280.png
-12.059962,7.3676605,seed86281.png
-24.681704,-23.652525,seed86282.png
1.8396423,24.517012,seed86283.png
10.211481,12.593637,seed86284.png
15.05273,-37.76259,seed86285.png
-24.974348,0.0942836,seed86286.png
-17.411337,-16.267086,seed86287.png
-11.460313,-21.429789,seed86288.png
8.311074,-23.010206,seed86289.png
20.77966,17.658552,seed8629.png
-12.655536,-1.5072421,seed86290.png
20.91492,-8.436077,seed86291.png
27.725391,3.8679948,seed86292.png
-0.47666088,-14.228481,seed86293.png
19.794447,-1.1943411,seed86294.png
-2.3764722,11.716075,seed86295.png
30.876633,-1.4337524,seed86296.png
-32.603184,3.2143757,seed86297.png
-15.185298,-24.048222,seed86298.png
-10.138551,-25.863333,seed86299.png
33.354347,8.674464,seed8630.png
17.572094,-35.90831,seed86300.png
-32.953167,12.4530735,seed86301.png
-20.680885,-5.7336802,seed86302.png
19.209942,12.422866,seed86303.png
4.8550706,-26.8027,seed86304.png
-8.088321,-7.985467,seed86305.png
-6.4391003,-9.176939,seed86306.png
-21.279774,18.796806,seed86307.png
0.40984845,15.980981,seed86308.png
28.623466,7.084398,seed86309.png
32.370056,25.036903,seed8631.png
8.781594,7.8536553,seed86310.png
17.004238,2.66928,seed86311.png
-31.492443,10.910364,seed86312.png
-5.560132,-13.923653,seed86313.png
-17.265928,-20.505632,seed86314.png
1.6765549,-3.3052063,seed86315.png
26.335016,19.820322,seed86316.png
-29.333363,-14.698112,seed86317.png
-23.494663,19.811115,seed86318.png
6.4514203,-41.076378,seed86319.png
-11.444435,-27.476223,seed8632.png
32.326668,28.55463,seed86320.png
16.41923,27.252016,seed86321.png
13.77316,-42.18431,seed86322.png
28.224176,8.17359,seed86323.png
8.697963,-2.71108,seed86324.png
37.349777,25.890837,seed86325.png
-32.42332,12.294351,seed86326.png
27.4041,16.670319,seed86327.png
-2.7826335,-15.95736,seed86328.png
-8.329043,7.1954565,seed86329.png
-31.67933,19.343855,seed8633.png
19.40289,7.684664,seed86330.png
-22.671255,-18.908785,seed86331.png
-17.345562,-14.101186,seed86332.png
33.30161,25.619022,seed86333.png
-11.561421,-28.023174,seed86334.png
10.600067,13.934644,seed86335.png
27.250843,-1.1074526,seed86336.png
24.297466,3.582278,seed86337.png
-10.905258,-22.40834,seed86338.png
-31.45149,-13.852502,seed86339.png
-28.409023,4.34149,seed8634.png
-12.877614,-7.4207635,seed86340.png
-11.912531,-19.411224,seed86341.png
-29.270735,12.606028,seed86342.png
-10.996243,-27.341879,seed86343.png
24.304844,21.109924,seed86344.png
-5.9646807,-21.812235,seed86345.png
30.708887,16.883213,seed86346.png
15.988469,-4.953721,seed86347.png
37.379463,24.261757,seed86348.png
-31.462278,21.348627,seed86349.png
6.6807475,1.0347495,seed8635.png
-22.501543,13.970504,seed86350.png
-21.482195,19.794868,seed86351.png
21.386131,0.57614946,seed86352.png
-4.168723,8.697927,seed86353.png
-30.961115,-9.021283,seed86354.png
-32.286236,14.674438,seed86355.png
10.0507555,-3.751481,seed86356.png
10.631372,21.99639,seed86357.png
-28.726484,-6.2562175,seed86358.png
-7.891248,-1.7526522,seed86359.png
10.711713,-31.640589,seed8636.png
29.492863,2.7737443,seed86360.png
-34.492626,27.440376,seed86361.png
38.057503,21.032728,seed86362.png
-33.86862,16.250597,seed86363.png
-11.715972,-5.386771,seed86364.png
5.473565,15.511959,seed86365.png
31.593725,20.70154,seed86366.png
5.710955,16.429852,seed86367.png
-18.493227,-11.979658,seed86368.png
-20.597788,8.501725,seed86369.png
-2.5051692,16.462622,seed8637.png
6.975513,-30.896196,seed86370.png
12.280782,24.14892,seed86371.png
36.80613,7.227175,seed86372.png
10.952004,5.1560483,seed86373.png
31.581165,19.14703,seed86374.png
-23.966621,-8.502435,seed86375.png
5.5101714,-31.291897,seed86376.png
30.438204,16.418724,seed86377.png
9.645341,11.630334,seed86378.png
-18.199848,-22.09236,seed86379.png
-20.208912,-2.6218326,seed8638.png
0.19672541,17.828495,seed86380.png
38.607994,17.34198,seed86381.png
-6.0865474,-25.033659,seed86382.png
22.58223,7.5668726,seed86383.png
24.655022,-4.92866,seed86384.png
-22.60467,-8.378374,seed86385.png
15.680289,-37.2389,seed86386.png
12.738233,-37.856213,seed86387.png
26.483866,13.868545,seed86388.png
-13.441784,-7.5620766,seed86389.png
15.683638,5.3886056,seed8639.png
-6.346221,-19.232079,seed86390.png
-34.066536,7.945178,seed86391.png
-0.45060888,23.244383,seed86392.png
7.494598,-24.025703,seed86393.png
1.1838003,-25.230707,seed86394.png
34.38265,2.7028718,seed86395.png
-9.763949,-26.351067,seed86396.png
-3.2914572,-22.086308,seed86397.png
-8.774342,8.312039,seed86398.png
8.9089985,-27.382376,seed86399.png
38.294327,13.641183,seed8640.png
10.069492,-29.312275,seed86400.png
-2.346215,11.018897,seed86401.png
-11.91463,-16.567207,seed86402.png
31.922215,29.416992,seed86403.png
36.28162,16.796097,seed86404.png
21.619507,15.660514,seed86405.png
-32.36306,2.3119202,seed86406.png
5.4534993,-32.349075,seed86407.png
-1.4106861,-16.133144,seed86408.png
-22.235231,-5.377518,seed86409.png
-4.7400665,-26.016438,seed8641.png
24.99384,-3.6221206,seed86410.png
6.72644,15.577523,seed86411.png
-6.243625,-16.053663,seed86412.png
-22.161179,12.348117,seed86413.png
25.217571,23.927513,seed86414.png
-6.8528843,9.792906,seed86415.png
27.211994,-4.2612095,seed86416.png
31.674072,8.172685,seed86417.png
-14.444502,-7.3359194,seed86418.png
12.121086,-24.6942,seed86419.png
32.83395,10.2078905,seed8642.png
26.420044,3.5677505,seed86420.png
-17.867094,-18.251268,seed86421.png
17.052485,-10.247737,seed86422.png
1.1606122,10.610591,seed86423.png
-28.905533,13.893111,seed86424.png
4.0043077,-29.23603,seed86425.png
25.551485,-5.1812468,seed86426.png
31.47121,27.272093,seed86427.png
39.05192,22.410074,seed86428.png
12.181337,-30.82509,seed86429.png
10.846991,-35.05301,seed8643.png
-23.82879,14.0377245,seed86430.png
13.928018,-35.49269,seed86431.png
-22.19887,-13.464902,seed86432.png
-14.334378,-16.599184,seed86433.png
-1.083967,7.606446,seed86434.png
-25.15437,-20.26161,seed86435.png
-26.707884,-16.233145,seed86436.png
-1.1836036,24.85425,seed86437.png
-26.7666,16.911919,seed86438.png
-12.130149,-20.006512,seed86439.png
38.942467,7.5191965,seed8644.png
-23.93083,-9.301167,seed86440.png
-32.69679,21.832842,seed86441.png
11.956254,-39.9494,seed86442.png
38.629005,24.832968,seed86443.png
14.328024,-7.3136406,seed86444.png
40.662598,16.929428,seed86445.png
30.638525,16.810602,seed86446.png
-5.0110126,-9.629474,seed86447.png
30.419641,8.325534,seed86448.png
-7.9729905,-24.429625,seed86449.png
33.143944,27.195057,seed8645.png
18.118315,-7.2087693,seed86450.png
-7.149514,-7.2065625,seed86451.png
27.896088,14.97221,seed86452.png
12.268821,9.806535,seed86453.png
8.138745,-29.244516,seed86454.png
19.647734,4.801995,seed86455.png
-1.9259413,-13.218556,seed86456.png
25.775072,28.519835,seed86457.png
-7.685331,-2.123187,seed86458.png
-14.487747,-0.90869176,seed86459.png
-2.6085944,-12.459601,seed8646.png
-29.849173,-9.782031,seed86460.png
19.561342,0.8437085,seed86461.png
-25.87678,-9.19844,seed86462.png
-32.729767,-13.268784,seed86463.png
21.98443,0.25560513,seed86464.png
9.5724745,-25.146519,seed86465.png
-20.593655,1.317869,seed86466.png
1.7582476,-31.035656,seed86467.png
-31.060196,7.4521713,seed86468.png
-22.857813,-17.460884,seed86469.png
-17.252224,-5.015508,seed8647.png
-18.823383,-15.147903,seed86470.png
-34.185627,26.99425,seed86471.png
11.8646555,-42.833347,seed86472.png
-11.195924,-2.2820375,seed86473.png
-15.954476,-12.381179,seed86474.png
-19.089792,-3.71058,seed86475.png
5.2225475,13.06692,seed86476.png
19.376553,20.262415,seed86477.png
6.2994137,-32.150555,seed86478.png
8.182263,2.2150943,seed86479.png
29.85605,21.628323,seed8648.png
-24.730194,-0.44400212,seed86480.png
36.928936,4.8004026,seed86481.png
13.635318,18.581896,seed86482.png
31.714193,1.4351602,seed86483.png
16.558033,-3.1509187,seed86484.png
-35.71853,-5.5883904,seed86485.png
-26.308865,4.362516,seed86486.png
-27.081491,20.958471,seed86487.png
15.358012,8.146737,seed86488.png
-8.338323,-2.0825696,seed86489.png
23.920301,0.63842916,seed8649.png
27.72681,27.807512,seed86490.png
-35.94105,12.418604,seed86491.png
12.353127,1.697734,seed86492.png
-32.214565,-0.8224231,seed86493.png
19.457794,-6.224066,seed86494.png
31.526676,28.561789,seed86495.png
6.226128,-7.6175866,seed86496.png
-34.468346,6.596819,seed86497.png
24.556917,13.53928,seed86498.png
18.74977,24.529764,seed86499.png
2.329981,-28.730743,seed8650.png
-16.10033,8.22217,seed86500.png
-27.193016,-8.313284,seed86501.png
-28.522064,19.554697,seed86502.png
25.7884,1.54578,seed86503.png
-26.059124,0.23055601,seed86504.png
-17.548649,-16.764418,seed86505.png
-4.114256,19.623577,seed86506.png
31.218048,9.407091,seed86507.png
18.850874,14.661297,seed86508.png
-7.296651,-23.61951,seed86509.png
-20.648388,17.925463,seed8651.png
32.906246,9.182519,seed86510.png
9.729633,-28.86212,seed86511.png
-29.217299,11.823269,seed86512.png
13.4602,29.381357,seed86513.png
-27.483145,-19.23327,seed86514.png
-0.10050298,-17.073347,seed86515.png
-0.7142768,17.466957,seed86516.png
41.45717,19.69508,seed86517.png
38.05876,9.84196,seed86518.png
-17.114885,0.52729326,seed86519.png
25.046776,-2.4231899,seed8652.png
-12.513266,-12.180061,seed86520.png
4.687483,24.37066,seed86521.png
-34.33661,7.5084724,seed86522.png
-7.1682034,9.577427,seed86523.png
11.96092,27.079712,seed86524.png
-32.560642,-1.045476,seed86525.png
11.629784,-2.006308,seed86526.png
10.30736,25.5356,seed86527.png
13.171098,-42.937336,seed86528.png
28.460844,-1.6616896,seed86529.png
26.834057,22.776373,seed8653.png
-15.70895,-14.728136,seed86530.png
-29.258905,21.85857,seed86531.png
21.934223,26.93582,seed86532.png
-28.298496,-13.831122,seed86533.png
-21.573675,18.154604,seed86534.png
-21.22876,-21.823975,seed86535.png
10.422065,-7.2699685,seed86536.png
20.365711,-5.098981,seed86537.png
-17.646563,-27.288057,seed86538.png
-26.245052,5.0225234,seed86539.png
-20.601244,0.7359027,seed8654.png
5.9534626,19.34837,seed86540.png
17.42391,13.326432,seed86541.png
-19.487368,-13.114376,seed86542.png
13.498156,-23.000267,seed86543.png
-18.376707,-22.218618,seed86544.png
-27.16365,12.934837,seed86545.png
-12.7227125,-1.8637449,seed86546.png
-23.644487,-9.429075,seed86547.png
18.961699,21.366726,seed86548.png
-31.812946,23.131575,seed86549.png
4.596157,-25.615221,seed8655.png
3.9280503,4.536033,seed86550.png
13.771063,23.766432,seed86551.png
13.41981,-27.374994,seed86552.png
-32.236687,5.7351475,seed86553.png
16.924458,25.47453,seed86554.png
6.675313,-24.455128,seed86555.png
-20.678246,-23.444775,seed86556.png
-0.64480174,-4.534213,seed86557.png
26.039015,14.746469,seed86558.png
4.120652,13.396938,seed86559.png
-20.93347,16.726927,seed8656.png
20.76302,25.282732,seed86560.png
27.156132,3.5134132,seed86561.png
-27.719023,17.96298,seed86562.png
30.032843,19.800531,seed86563.png
0.7813767,-18.634727,seed86564.png
13.620331,24.948427,seed86565.png
7.0443344,-6.3841114,seed86566.png
30.120035,17.838856,seed86567.png
-3.5041168,21.74464,seed86568.png
-29.544422,18.212933,seed86569.png
-25.869263,-6.4294825,seed8657.png
10.376231,27.98171,seed86570.png
-16.613462,-26.952726,seed86571.png
-24.555147,-11.735907,seed86572.png
7.312494,-32.45183,seed86573.png
15.084743,23.180376,seed86574.png
14.883545,19.750072,seed86575.png
-0.43059307,19.249178,seed86576.png
6.4508953,3.313812,seed86577.png
-20.315521,-17.519316,seed86578.png
-8.699102,-20.294655,seed86579.png
-11.118822,-28.553116,seed8658.png
16.906672,-2.3451164,seed86580.png
-30.694212,22.04326,seed86581.png
36.855644,10.502168,seed86582.png
-22.949444,11.310713,seed86583.png
-10.283901,-25.61026,seed86584.png
11.16663,-26.87268,seed86585.png
31.786943,27.813948,seed86586.png
33.000385,12.028932,seed86587.png
-0.76642245,24.931347,seed86588.png
-27.00974,-2.9899561,seed86589.png
12.332229,-36.521137,seed8659.png
-23.686115,8.190249,seed86590.png
13.401365,-39.020683,seed86591.png
-32.968784,-10.789817,seed86592.png
23.698774,2.1114552,seed86593.png
-31.231024,1.4804674,seed86594.png
16.41818,14.423466,seed86595.png
28.641161,8.3464775,seed86596.png
-4.167445,-16.76134,seed86597.png
41.875816,20.410091,seed86598.png
-19.75637,-20.731956,seed86599.png
-22.789177,-11.35007,seed8660.png
10.909944,3.3708801,seed86600.png
-10.409182,-7.317386,seed86601.png
-32.908382,5.451152,seed86602.png
-19.05469,-27.226442,seed86603.png
19.252579,2.9694128,seed86604.png
4.914232,-28.925402,seed86605.png
-37.27911,5.333895,seed86606.png
-32.733334,17.584063,seed86607.png
-18.110731,-18.934958,seed86608.png
-23.89498,-14.03739,seed86609.png
-30.273487,10.086674,seed8661.png
-27.434132,-13.105657,seed86610.png
-27.073421,-8.524653,seed86611.png
27.53718,17.018768,seed86612.png
4.5212636,5.354275,seed86613.png
-5.14989,10.086864,seed86614.png
4.032048,-35.382473,seed86615.png
21.51112,20.45522,seed86616.png
5.9746633,11.0054035,seed86617.png
15.610345,5.476569,seed86618.png
-29.629564,8.376284,seed86619.png
5.9637628,-38.155846,seed8662.png
7.0031137,13.7659025,seed86620.png
-9.991038,-24.027645,seed86621.png
-30.29543,-9.44326,seed86622.png
-20.657843,8.076252,seed86623.png
-24.106102,2.235852,seed86624.png
-33.16465,7.7194405,seed86625.png
29.335648,12.029472,seed86626.png
-15.833681,-3.4837317,seed86627.png
37.557884,19.353275,seed86628.png
15.374422,2.3065238,seed86629.png
3.611978,17.378508,seed8663.png
-10.438519,-8.90099,seed86630.png
9.55319,-3.035937,seed86631.png
-27.419561,11.162452,seed86632.png
16.401737,24.364529,seed86633.png
19.509296,24.69608,seed86634.png
21.96531,5.1510544,seed86635.png
21.34596,-7.8750095,seed86636.png
-15.63176,-31.868736,seed86637.png
30.639929,15.251835,seed86638.png
-23.108015,7.062696,seed86639.png
1.0907543,22.838875,seed8664.png
-37.68621,6.562037,seed86640.png
25.09129,13.384157,seed86641.png
-12.131113,-27.131432,seed86642.png
-10.234789,-28.698448,seed86643.png
7.8390875,-6.2080255,seed86644.png
5.20965,7.0633893,seed86645.png
31.25469,9.778541,seed86646.png
-16.039995,-22.338043,seed86647.png
-14.410184,-12.59676,seed86648.png
1.3788419,-1.380616,seed86649.png
-36.875084,22.366331,seed8665.png
39.795944,22.823,seed86650.png
-30.608719,8.571621,seed86651.png
28.334223,6.3752303,seed86652.png
-11.5204315,-17.44559,seed86653.png
5.1369777,9.234877,seed86654.png
-31.296368,3.7560825,seed86655.png
-32.927795,16.695751,seed86656.png
-16.113081,-16.5343,seed86657.png
-16.560923,-28.829397,seed86658.png
32.713585,24.77065,seed86659.png
-18.850998,-1.0574557,seed8666.png
28.558846,14.774258,seed86660.png
-19.464796,-12.260042,seed86661.png
13.602078,0.48791933,seed86662.png
-8.563613,-25.070934,seed86663.png
2.0675445,-26.728676,seed86664.png
-21.425032,10.296751,seed86665.png
-22.241299,-26.944227,seed86666.png
2.7037926,12.553908,seed86667.png
-3.3614073,-8.198222,seed86668.png
-12.241161,-27.798908,seed86669.png
30.468985,27.633488,seed8667.png
2.185366,21.437607,seed86670.png
-1.8803087,-11.89002,seed86671.png
2.4410102,15.7275505,seed86672.png
-30.965029,18.0446,seed86673.png
3.5337975,-3.412764,seed86674.png
1.8757551,23.036913,seed86675.png
-21.232779,-19.579878,seed86676.png
-0.74511766,10.150499,seed86677.png
-27.839464,-9.835892,seed86678.png
-22.438297,-19.437351,seed86679.png
-13.920441,-29.293314,seed8668.png
-29.06871,1.0246358,seed86680.png
-7.618552,-17.668465,seed86681.png
38.62627,8.974596,seed86682.png
23.12383,7.1260495,seed86683.png
-23.960608,9.98407,seed86684.png
-18.404839,-29.707417,seed86685.png
-20.053877,-21.22843,seed86686.png
0.33110347,-18.229496,seed86687.png
37.335068,17.612719,seed86688.png
11.84995,24.299892,seed86689.png
23.056108,3.8871272,seed8669.png
16.028463,-0.3311393,seed86690.png
-4.9028554,-18.326843,seed86691.png
35.639217,12.55929,seed86692.png
13.662181,7.5439563,seed86693.png
-14.645944,10.724812,seed86694.png
-3.92259,-16.226044,seed86695.png
20.441357,12.656358,seed86696.png
-33.690826,13.788575,seed86697.png
-34.971455,16.659754,seed86698.png
14.658117,26.010622,seed86699.png
-6.1592703,4.7542253,seed8670.png
10.549418,-39.731045,seed86700.png
-33.081017,23.350462,seed86701.png
3.988773,9.188326,seed86702.png
-26.500177,17.105621,seed86703.png
26.155098,-4.138201,seed86704.png
34.389885,2.1984584,seed86705.png
-18.754639,13.720502,seed86706.png
21.190468,13.137803,seed86707.png
-28.218857,-9.238283,seed86708.png
15.623474,22.10472,seed86709.png
10.728443,-28.750004,seed8671.png
-23.551142,-7.1686497,seed86710.png
8.711974,-41.570557,seed86711.png
21.510092,20.645681,seed86712.png
22.908508,25.909664,seed86713.png
14.883278,26.071648,seed86714.png
-28.576101,-8.931626,seed86715.png
33.06717,16.356861,seed86716.png
25.994257,-0.8060511,seed86717.png
26.664427,19.129637,seed86718.png
3.7781055,-28.927006,seed86719.png
12.302996,14.400196,seed8672.png
-27.972599,5.03741,seed86720.png
-6.7600365,-3.0091848,seed86721.png
-17.930815,0.48384735,seed86722.png
15.315952,28.584648,seed86723.png
17.702112,16.035656,seed86724.png
-12.591666,-29.18048,seed86725.png
8.663133,-25.74098,seed86726.png
-16.190836,-18.71342,seed86727.png
-24.058565,6.501554,seed86728.png
-21.812904,2.157554,seed86729.png
-25.551136,14.778056,seed8673.png
-16.885242,-21.989716,seed86730.png
-19.020197,-18.953697,seed86731.png
-18.452206,-20.316904,seed86732.png
10.766807,26.353783,seed86733.png
-32.490673,2.5008516,seed86734.png
34.786736,17.362242,seed86735.png
-36.264404,8.070465,seed86736.png
-6.6106896,-17.635164,seed86737.png
6.4511056,-41.76393,seed86738.png
29.277473,5.368795,seed86739.png
-22.211979,16.839935,seed8674.png
-11.715146,-27.063763,seed86740.png
14.268615,13.723302,seed86741.png
8.225954,25.731224,seed86742.png
4.7186146,-27.223251,seed86743.png
11.116235,5.227842,seed86744.png
15.348339,22.702242,seed86745.png
9.413163,8.143041,seed86746.png
-25.766447,5.216513,seed86747.png
-32.72187,22.653566,seed86748.png
3.848798,12.415551,seed86749.png
-33.207027,-2.9727795,seed8675.png
29.037329,24.15058,seed86750.png
-35.452866,26.566027,seed86751.png
-24.49138,-4.705669,seed86752.png
35.90938,6.584858,seed86753.png
33.99274,25.354631,seed86754.png
-22.114412,-10.388429,seed86755.png
10.87091,22.65746,seed86756.png
28.875732,26.421673,seed86757.png
37.208363,23.597986,seed86758.png
-12.568801,2.5409968,seed86759.png
20.527721,14.755046,seed8676.png
-19.757938,-14.532092,seed86760.png
-15.500493,9.2188225,seed86761.png
8.945497,-5.5996003,seed86762.png
-21.819185,-16.396856,seed86763.png
24.22106,0.9685205,seed86764.png
-26.605066,17.92255,seed86765.png
-21.201015,13.316965,seed86766.png
13.918233,-1.2200927,seed86767.png
27.323437,2.417985,seed86768.png
33.201115,25.165682,seed86769.png
26.79492,13.098102,seed8677.png
10.288833,23.250044,seed86770.png
25.193434,-3.6682081,seed86771.png
-3.9673054,-20.600449,seed86772.png
31.130613,14.777311,seed86773.png
5.3679657,-37.836033,seed86774.png
36.80864,9.887681,seed86775.png
-18.283302,-20.8278,seed86776.png
38.56262,6.055151,seed86777.png
20.811054,-1.626105,seed86778.png
35.849903,19.022741,seed86779.png
-13.595055,-28.873665,seed8678.png
-16.460955,5.9304013,seed86780.png
-28.754845,10.618604,seed86781.png
-16.715422,-15.830462,seed86782.png
26.488573,13.8473835,seed86783.png
15.56414,18.11334,seed86784.png
26.197334,6.153406,seed86785.png
10.772783,1.0110635,seed86786.png
17.612808,-6.3868065,seed86787.png
12.113921,-30.876005,seed86788.png
27.221573,9.650016,seed86789.png
-23.700222,-17.33937,seed8679.png
36.52563,17.363295,seed86790.png
28.215858,11.88605,seed86791.png
-32.555424,0.8009912,seed86792.png
-19.024109,-23.80711,seed86793.png
-12.052783,-22.091692,seed86794.png
8.844077,-34.48751,seed86795.png
13.33528,-40.947273,seed86796.png
-20.793053,0.2782978,seed86797.png
19.859964,-3.0409255,seed86798.png
21.822607,-5.8438525,seed86799.png
15.755074,21.167349,seed8680.png
2.949012,9.227447,seed86800.png
28.513636,11.259064,seed86801.png
-20.641348,-29.389275,seed86802.png
16.919514,-9.746729,seed86803.png
15.302064,-35.069008,seed86804.png
-32.209282,18.061003,seed86805.png
11.78575,-39.19574,seed86806.png
-29.967096,15.831278,seed86807.png
13.081066,27.46885,seed86808.png
31.80365,17.399359,seed86809.png
26.566782,14.915855,seed8681.png
-26.101524,-11.164044,seed86810.png
32.97124,17.368946,seed86811.png
-24.422274,5.7353053,seed86812.png
14.51572,-39.38033,seed86813.png
-19.261492,-2.2145581,seed86814.png
-18.104275,-9.959376,seed86815.png
-16.240532,0.011178886,seed86816.png
14.765103,-29.478472,seed86817.png
18.33884,-8.338097,seed86818.png
1.0564867,20.611061,seed86819.png
31.120323,18.871077,seed8682.png
9.143663,-31.828861,seed86820.png
-20.074743,-21.332905,seed86821.png
-14.250492,-8.091362,seed86822.png
-11.170448,1.2686824,seed86823.png
15.560761,-34.253624,seed86824.png
13.762186,8.097114,seed86825.png
-13.659232,-11.601742,seed86826.png
-30.218443,0.8267296,seed86827.png
13.851137,1.1222682,seed86828.png
-27.409004,-1.5937108,seed86829.png
31.828661,6.8763814,seed8683.png
15.080915,-34.004765,seed86830.png
25.637093,10.69972,seed86831.png
-35.297207,15.208948,seed86832.png
-16.12734,-0.9807441,seed86833.png
9.968356,26.344046,seed86834.png
-8.335828,-5.783905,seed86835.png
9.884175,-36.241646,seed86836.png
10.636795,21.99124,seed86837.png
26.493383,1.8325083,seed86838.png
19.39577,21.60452,seed86839.png
9.042261,14.083488,seed8684.png
-26.744514,2.9495895,seed86840.png
-23.508545,12.208131,seed86841.png
12.28349,-27.274853,seed86842.png
9.2057705,-31.536053,seed86843.png
-1.4084525,-24.712044,seed86844.png
8.190863,-0.76971865,seed86845.png
-27.392857,-1.1793059,seed86846.png
39.001686,13.491923,seed86847.png
13.945501,26.200354,seed86848.png
-31.007618,25.020012,seed86849.png
14.912818,7.58625,seed8685.png
-8.518705,-4.5881023,seed86850.png
24.01849,18.353502,seed86851.png
15.872513,-35.474354,seed86852.png
-4.187504,16.96898,seed86853.png
11.359782,-27.185339,seed86854.png
-9.110433,-4.529981,seed86855.png
16.53924,-9.07848,seed86856.png
31.425344,3.5923204,seed86857.png
-32.35882,-3.5758018,seed86858.png
18.485762,-6.6160774,seed86859.png
-29.45843,-6.2733254,seed8686.png
-0.9668684,-15.641183,seed86860.png
33.959934,4.840667,seed86861.png
-22.954737,-22.765589,seed86862.png
5.9726806,2.1396186,seed86863.png
-23.768597,-4.1919208,seed86864.png
-21.994738,-21.525187,seed86865.png
-27.953608,-11.777425,seed86866.png
19.520075,13.718274,seed86867.png
25.079828,-1.2049602,seed86868.png
-33.563152,-12.994433,seed86869.png
35.238403,25.611935,seed8687.png
14.548618,-34.9212,seed86870.png
10.642131,-38.872517,seed86871.png
-2.3896852,-15.784752,seed86872.png
9.009981,-33.498978,seed86873.png
-23.178392,8.915504,seed86874.png
-2.210075,-20.207874,seed86875.png
-31.514503,11.200991,seed86876.png
1.3747966,-11.078565,seed86877.png
-21.548365,17.468557,seed86878.png
-24.834023,14.200592,seed86879.png
1.7649304,13.96306,seed8688.png
34.173084,24.8317,seed86880.png
-21.67218,-14.693263,seed86881.png
9.858074,-29.635633,seed86882.png
39.20597,8.278189,seed86883.png
-30.953274,9.220771,seed86884.png
-31.49817,17.5279,seed86885.png
-21.644363,7.678864,seed86886.png
-32.407406,9.239318,seed86887.png
25.734406,12.457061,seed86888.png
9.852324,-24.312399,seed86889.png
11.2065735,-26.987177,seed8689.png
-22.668026,-2.182127,seed86890.png
7.3631454,-0.12396711,seed86891.png
10.417865,-2.1146228,seed86892.png
-18.021776,-8.812006,seed86893.png
-12.127544,-27.986233,seed86894.png
10.956906,16.443548,seed86895.png
-2.9875343,-6.031545,seed86896.png
-13.015492,-18.321424,seed86897.png
-20.975769,-2.7523003,seed86898.png
12.5281515,-10.138324,seed86899.png
-26.28355,13.457826,seed8690.png
35.190674,12.133776,seed86900.png
9.086826,-5.63857,seed86901.png
3.0448513,-2.9603927,seed86902.png
-32.829353,24.381306,seed86903.png
-7.7046123,-25.002993,seed86904.png
28.067465,11.723344,seed86905.png
27.95087,8.443405,seed86906.png
-32.299576,6.7996,seed86907.png
30.161741,29.215422,seed86908.png
-22.69192,10.943427,seed86909.png
-23.378622,-6.386646,seed8691.png
12.488636,26.667362,seed86910.png
10.47381,1.4925857,seed86911.png
31.25073,28.426712,seed86912.png
-26.17676,-12.934032,seed86913.png
-29.740046,2.3453305,seed86914.png
-23.895319,11.892649,seed86915.png
10.756546,-25.345524,seed86916.png
-33.462917,21.38348,seed86917.png
-32.461044,6.6680098,seed86918.png
-33.52914,21.743723,seed86919.png
33.350628,25.860054,seed8692.png
29.112967,6.041427,seed86920.png
-10.697932,-17.162172,seed86921.png
30.247086,27.850458,seed86922.png
-28.65107,17.283916,seed86923.png
6.7578964,-39.074028,seed86924.png
-10.1589155,-16.302563,seed86925.png
21.834894,25.301516,seed86926.png
-26.437092,13.074275,seed86927.png
-30.9186,7.4373655,seed86928.png
-36.466724,21.253822,seed86929.png
-12.652982,-27.936855,seed8693.png
11.164208,-7.8548913,seed86930.png
23.857666,0.06489175,seed86931.png
10.081108,-28.25539,seed86932.png
29.194355,17.157793,seed86933.png
33.51823,24.89605,seed86934.png
-15.015231,-9.895029,seed86935.png
-15.011148,-23.432325,seed86936.png
26.649744,15.994906,seed86937.png
5.12076,25.279827,seed86938.png
32.154446,24.701479,seed86939.png
9.893758,20.478436,seed8694.png
12.201837,29.510275,seed86940.png
29.785751,11.515652,seed86941.png
-34.943485,27.12165,seed86942.png
-25.52139,-8.248695,seed86943.png
-23.806969,-5.878021,seed86944.png
-18.532417,-28.450163,seed86945.png
-15.360353,-2.0942147,seed86946.png
-26.104843,3.8424864,seed86947.png
13.187396,11.824841,seed86948.png
0.9434135,6.035232,seed86949.png
33.044804,13.944374,seed8695.png
-2.424456,16.753672,seed86950.png
20.204092,-1.7524039,seed86951.png
11.466038,1.1563925,seed86952.png
-19.703789,-21.129982,seed86953.png
26.255314,10.511163,seed86954.png
-17.236181,-8.779274,seed86955.png
34.72368,25.25182,seed86956.png
-31.074963,22.282852,seed86957.png
12.832848,16.037764,seed86958.png
-26.967274,1.2494376,seed86959.png
-19.604717,-6.7034726,seed8696.png
-18.684305,5.880371,seed86960.png
-6.731822,-10.387535,seed86961.png
-15.744831,-6.8565373,seed86962.png
-4.1763015,-11.927234,seed86963.png
-32.87938,12.1269865,seed86964.png
-23.11236,-23.075,seed86965.png
15.266818,24.424112,seed86966.png
-12.740216,-14.014992,seed86967.png
10.908682,-33.471027,seed86968.png
27.790415,20.135885,seed86969.png
38.207077,11.038389,seed8697.png
-11.565701,-8.968896,seed86970.png
-25.321487,-13.316237,seed86971.png
11.581604,27.63406,seed86972.png
3.726842,6.8962345,seed86973.png
29.300203,11.084715,seed86974.png
-2.4104092,8.745523,seed86975.png
-4.569299,-16.88045,seed86976.png
35.51527,17.77453,seed86977.png
-13.914283,-9.224914,seed86978.png
33.007317,23.492281,seed86979.png
-33.48779,9.69351,seed8698.png
-33.363705,27.633022,seed86980.png
1.3718326,-17.304672,seed86981.png
-31.305252,-7.326328,seed86982.png
-12.757953,-12.49133,seed86983.png
30.87629,5.611774,seed86984.png
-11.219183,-10.203839,seed86985.png
4.031679,-31.337425,seed86986.png
15.579084,12.639953,seed86987.png
-26.99734,8.831509,seed86988.png
-7.8286943,-21.462566,seed86989.png
12.273053,29.794228,seed8699.png
24.415157,16.479155,seed86990.png
-5.6487265,-24.507425,seed86991.png
-5.687702,-12.873386,seed86992.png
9.428541,14.171631,seed86993.png
13.764528,3.9167738,seed86994.png
-12.99377,-21.860353,seed86995.png
28.209194,9.411564,seed86996.png
-18.926527,11.228465,seed86997.png
23.485607,9.919159,seed86998.png
-1.2674054,-4.5129395,seed86999.png
-25.717232,12.421276,seed8700.png
12.743084,-39.104668,seed87000.png
-23.583467,0.59394556,seed87001.png
17.762379,17.855652,seed87002.png
-10.794884,-25.038713,seed87003.png
-26.14309,-19.489355,seed87004.png
31.21014,9.251578,seed87005.png
13.186907,4.23398,seed87006.png
2.2961326,19.421343,seed87007.png
35.183025,24.820715,seed87008.png
24.222616,-0.9230856,seed87009.png
10.055257,7.6339483,seed8701.png
-37.451103,13.734986,seed87010.png
-29.039967,7.57391,seed87011.png
-31.98491,11.360136,seed87012.png
3.7098649,11.584629,seed87013.png
3.3661263,9.685711,seed87014.png
11.424154,-37.81518,seed87015.png
26.461567,10.175354,seed87016.png
-22.137718,13.164296,seed87017.png
-1.2461988,19.856457,seed87018.png
-5.2436576,-17.47483,seed87019.png
-26.073208,5.8268976,seed8702.png
-1.2816643,24.370651,seed87020.png
2.1021435,-32.12413,seed87021.png
-22.817694,9.4814415,seed87022.png
-14.279126,-0.3721093,seed87023.png
-29.474108,15.641213,seed87024.png
14.645286,-0.26804367,seed87025.png
-22.32788,-25.883537,seed87026.png
12.99763,-31.426594,seed87027.png
-13.627955,-3.02329,seed87028.png
24.71343,14.292989,seed87029.png
33.66276,4.561097,seed8703.png
16.934572,3.7025216,seed87030.png
5.6479,10.356424,seed87031.png
23.57771,18.279457,seed87032.png
2.66995,-29.965515,seed87033.png
11.1563425,-33.176025,seed87034.png
30.999493,11.968437,seed87035.png
30.12042,16.6157,seed87036.png
-27.104887,-12.453406,seed87037.png
4.0179234,-35.220493,seed87038.png
-25.598782,-4.0334744,seed87039.png
-17.263645,-21.990534,seed8704.png
-12.818177,-16.279873,seed87040.png
19.457657,6.337399,seed87041.png
-20.810986,15.926301,seed87042.png
-18.499619,-12.30228,seed87043.png
5.243748,-31.272259,seed87044.png
23.665493,-7.698032,seed87045.png
-23.739902,10.084728,seed87046.png
33.13787,3.691133,seed87047.png
0.1449926,-17.505775,seed87048.png
28.975504,19.048212,seed87049.png
29.679707,4.7493215,seed8705.png
25.836454,3.1197317,seed87050.png
-19.948265,-13.054642,seed87051.png
16.902464,-36.900387,seed87052.png
-21.520863,9.231397,seed87053.png
36.40391,11.158004,seed87054.png
14.284066,-34.38704,seed87055.png
5.9655757,23.436085,seed87056.png
35.95113,11.358056,seed87057.png
30.779173,-0.9851552,seed87058.png
-12.776983,-28.22279,seed87059.png
-34.184856,27.117271,seed8706.png
17.647633,-9.411796,seed87060.png
12.901588,-11.958915,seed87061.png
7.403501,-5.3742714,seed87062.png
17.486399,-36.186237,seed87063.png
36.779152,9.928532,seed87064.png
-23.201015,-10.332235,seed87065.png
2.7661572,7.9862022,seed87066.png
11.112132,-1.6940095,seed87067.png
-3.758315,-24.045786,seed87068.png
-35.560345,1.435516,seed87069.png
10.182485,3.5737445,seed8707.png
-32.697437,-9.923934,seed87070.png
-31.712444,1.654546,seed87071.png
-11.323188,-3.4809654,seed87072.png
32.345383,9.853478,seed87073.png
29.0374,19.461428,seed87074.png
13.49519,-33.29763,seed87075.png
-33.048428,-0.6357327,seed87076.png
27.180578,4.824291,seed87077.png
21.098711,0.33603963,seed87078.png
24.570154,10.499836,seed87079.png
0.32965875,19.306965,seed8708.png
10.426853,5.000452,seed87080.png
-31.39919,23.428827,seed87081.png
28.6468,6.805482,seed87082.png
28.005949,17.116531,seed87083.png
37.40946,5.6943507,seed87084.png
-12.84825,-20.601189,seed87085.png
-21.1174,5.6235857,seed87086.png
-5.140615,-13.5676985,seed87087.png
-19.040615,16.586872,seed87088.png
-23.198887,-9.814977,seed87089.png
10.254633,-39.99375,seed8709.png
8.037646,-38.147602,seed87090.png
15.302622,11.066083,seed87091.png
27.91298,12.197606,seed87092.png
6.3091016,12.738447,seed87093.png
25.148333,3.0986497,seed87094.png
4.0072284,-26.817379,seed87095.png
-12.645752,10.22651,seed87096.png
-21.07228,-31.521996,seed87097.png
-11.754516,-7.716705,seed87098.png
-13.342033,4.129271,seed87099.png
1.4483757,10.390004,seed8710.png
-23.651382,1.960396,seed87100.png
16.331573,-0.9877053,seed87101.png
6.0309935,7.10212,seed87102.png
27.891972,-1.9047716,seed87103.png
15.8169985,20.803019,seed87104.png
30.146774,11.155403,seed87105.png
6.9720635,-21.105032,seed87106.png
2.998234,-3.642113,seed87107.png
-24.000563,14.06369,seed87108.png
18.589104,23.903969,seed87109.png
-13.351468,0.6166934,seed8711.png
-27.273705,-24.420265,seed87110.png
25.86222,3.6188004,seed87111.png
23.83914,5.7364264,seed87112.png
2.2797277,16.368513,seed87113.png
7.7142262,23.828213,seed87114.png
2.061625,-25.571877,seed87115.png
7.2849965,-39.048405,seed87116.png
29.905842,14.973126,seed87117.png
-31.069216,1.1533923,seed87118.png
-3.8948226,-18.25704,seed87119.png
34.703037,22.916767,seed8712.png
8.435115,28.224287,seed87120.png
-24.356792,-13.354278,seed87121.png
11.486854,26.85601,seed87122.png
15.843931,-33.402885,seed87123.png
-17.532187,-0.404465,seed87124.png
10.26543,23.96705,seed87125.png
-19.337791,-7.601047,seed87126.png
-16.808632,-2.763104,seed87127.png
-4.715451,-21.38313,seed87128.png
-21.032858,1.0566344,seed87129.png
23.403759,11.490163,seed8713.png
24.934978,10.311485,seed87130.png
27.108341,22.28485,seed87131.png
-28.905134,0.41578156,seed87132.png
39.104633,22.632484,seed87133.png
2.7855194,22.092455,seed87134.png
-35.529606,14.062751,seed87135.png
-16.993004,-7.6307316,seed87136.png
11.916102,-7.288975,seed87137.png
13.433367,0.23868589,seed87138.png
15.060528,-32.360073,seed87139.png
-35.172924,5.2795014,seed8714.png
32.395607,23.453346,seed87140.png
24.553165,21.981176,seed87141.png
-16.93697,4.003684,seed87142.png
-33.79046,-2.168714,seed87143.png
-15.876757,-24.0816,seed87144.png
-10.620041,12.625694,seed87145.png
-9.455977,-21.941853,seed87146.png
36.175526,7.0551724,seed87147.png
36.930336,19.038988,seed87148.png
4.914773,-33.516594,seed87149.png
-24.190191,13.590302,seed8715.png
30.19865,10.137198,seed87150.png
-15.380542,-4.815242,seed87151.png
23.567963,24.57302,seed87152.png
-26.231688,-17.549612,seed87153.png
9.151233,18.907513,seed87154.png
37.18023,17.812979,seed87155.png
-24.87795,7.206597,seed87156.png
-32.666374,-1.1453896,seed87157.png
2.887613,-25.888638,seed87158.png
-27.353506,-0.03439565,seed87159.png
-19.006353,-20.962004,seed8716.png
-17.654863,-16.264187,seed87160.png
-26.064928,9.021852,seed87161.png
1.2653322,2.963033,seed87162.png
25.169207,12.932419,seed87163.png
35.6405,22.011124,seed87164.png
-34.81539,27.436077,seed87165.png
-28.983814,12.797854,seed87166.png
31.135853,8.909204,seed87167.png
-31.041677,9.524436,seed87168.png
-19.562534,-16.643583,seed87169.png
-32.270313,22.932417,seed8717.png
9.08705,19.198467,seed87170.png
-20.463154,9.4753065,seed87171.png
34.739594,9.639388,seed87172.png
5.9618707,-38.350163,seed87173.png
10.435566,9.048807,seed87174.png
11.903868,-36.620132,seed87175.png
17.921919,18.415031,seed87176.png
4.541033,-35.28792,seed87177.png
26.676683,15.692323,seed87178.png
-17.864193,-19.478891,seed87179.png
3.5858796,19.062813,seed8718.png
-23.04502,-12.296147,seed87180.png
16.055363,8.413541,seed87181.png
19.077068,23.088823,seed87182.png
20.33064,-2.0091193,seed87183.png
-34.52922,27.083513,seed87184.png
-17.992601,-6.752941,seed87185.png
-16.3452,-23.360014,seed87186.png
-17.069319,-8.460752,seed87187.png
-35.956947,10.919453,seed87188.png
22.278011,5.9866242,seed87189.png
33.9507,9.429576,seed8719.png
2.7233505,4.960925,seed87190.png
2.323611,-2.855753,seed87191.png
-14.944093,-15.82363,seed87192.png
14.100717,25.416737,seed87193.png
-30.305773,23.332088,seed87194.png
8.136085,7.100541,seed87195.png
-22.919125,-22.40289,seed87196.png
-3.6940608,-14.51395,seed87197.png
-17.704327,-0.24418813,seed87198.png
-25.525,-1.1470276,seed87199.png
-34.474373,-2.9821708,seed8720.png
31.903463,27.67744,seed87200.png
14.286712,-35.694885,seed87201.png
35.4337,19.914122,seed87202.png
-28.648993,-13.461482,seed87203.png
-11.154022,-22.293762,seed87204.png
28.32168,12.757661,seed87205.png
30.84507,19.416452,seed87206.png
-12.930308,-28.216808,seed87207.png
24.6995,-4.769793,seed87208.png
4.8884716,4.3117437,seed87209.png
-0.76303023,-6.69779,seed8721.png
27.599285,27.0248,seed87210.png
29.222454,19.340582,seed87211.png
14.275557,-29.371393,seed87212.png
8.928143,10.05941,seed87213.png
4.3995323,-30.307951,seed87214.png
-2.8465974,-22.025185,seed87215.png
-17.6918,-9.1841135,seed87216.png
-22.693865,4.363393,seed87217.png
-9.419633,-12.00215,seed87218.png
-34.840572,-4.793313,seed87219.png
-12.245454,-24.428415,seed8722.png
-23.944178,14.199182,seed87220.png
18.332047,23.365738,seed87221.png
-21.50584,-15.5503845,seed87222.png
-10.785687,-9.593119,seed87223.png
-8.191148,-17.37658,seed87224.png
-18.925034,-20.352781,seed87225.png
30.024696,14.431555,seed87226.png
-9.238107,-18.574558,seed87227.png
26.843313,14.503572,seed87228.png
-16.890114,-19.349602,seed87229.png
-7.9457264,0.021808125,seed8723.png
-20.502243,-8.226163,seed87230.png
8.054822,-42.42266,seed87231.png
-2.1098309,-24.635336,seed87232.png
28.415445,22.560553,seed87233.png
37.829998,14.624585,seed87234.png
14.146127,-34.5044,seed87235.png
8.805213,21.476437,seed87236.png
-5.284015,-12.578453,seed87237.png
-22.943909,2.8815827,seed87238.png
10.020806,-32.624146,seed87239.png
36.82835,22.015675,seed8724.png
-16.446125,-20.106342,seed87240.png
31.448345,22.631329,seed87241.png
16.014551,7.5959682,seed87242.png
-26.953304,-14.003879,seed87243.png
-27.418608,-9.864333,seed87244.png
-6.079156,-9.406498,seed87245.png
25.168322,3.1377375,seed87246.png
17.956966,20.496592,seed87247.png
26.799782,9.414019,seed87248.png
39.328594,23.991007,seed87249.png
9.667711,2.9287112,seed8725.png
38.692608,5.7099967,seed87250.png
-17.716215,11.020764,seed87251.png
2.879287,-11.962184,seed87252.png
2.0984423,11.666452,seed87253.png
8.731265,0.19793226,seed87254.png
26.866093,13.544947,seed87255.png
10.446693,4.593743,seed87256.png
1.8037999,-15.770333,seed87257.png
15.9594,-0.23739095,seed87258.png
27.571287,6.0515447,seed87259.png
-13.861671,-25.519907,seed8726.png
32.879467,18.638718,seed87260.png
3.4202228,-15.809169,seed87261.png
-25.217161,6.275696,seed87262.png
33.69547,20.923958,seed87263.png
-13.560673,0.2090927,seed87264.png
-24.818253,14.966326,seed87265.png
-29.649813,2.598652,seed87266.png
-18.910131,15.680301,seed87267.png
-38.460636,13.468635,seed87268.png
1.0446212,-17.939001,seed87269.png
5.3630934,14.734286,seed8727.png
24.46064,9.825475,seed87270.png
11.093112,-30.65366,seed87271.png
21.353857,26.01664,seed87272.png
-11.982092,-26.00321,seed87273.png
8.763711,-6.92464,seed87274.png
-19.726097,12.367501,seed87275.png
-33.8949,-6.6937537,seed87276.png
9.415981,-28.118551,seed87277.png
15.706465,-33.267433,seed87278.png
33.193157,8.134295,seed87279.png
14.646085,17.759527,seed8728.png
-17.338026,-8.928224,seed87280.png
35.83612,22.64947,seed87281.png
29.439396,24.473349,seed87282.png
-1.6303599,5.4715695,seed87283.png
-1.5444257,15.20128,seed87284.png
-31.701048,-10.075786,seed87285.png
-8.908498,-19.796946,seed87286.png
30.87228,13.677538,seed87287.png
-19.066498,-23.145906,seed87288.png
-28.518814,10.239253,seed87289.png
26.95443,20.806656,seed8729.png
12.8111925,-35.87764,seed87290.png
22.343992,-7.135431,seed87291.png
35.94325,20.09886,seed87292.png
32.83203,18.251438,seed87293.png
16.363783,-3.7961555,seed87294.png
-35.242535,-6.0412683,seed87295.png
39.865726,19.225956,seed87296.png
11.249191,-36.893738,seed87297.png
32.733707,21.188326,seed87298.png
1.0131384,-23.592638,seed87299.png
-8.092801,-12.0056925,seed8730.png
11.816254,-22.322075,seed87300.png
-31.428936,-12.154254,seed87301.png
30.572826,26.865927,seed87302.png
20.553,20.69013,seed87303.png
13.446434,-30.650549,seed87304.png
-0.40347546,6.67918,seed87305.png
-11.360794,-17.423714,seed87306.png
24.655775,7.6326876,seed87307.png
21.876337,21.90025,seed87308.png
-15.41818,-16.25502,seed87309.png
-18.58189,-2.738683,seed8731.png
0.9174889,-18.862316,seed87310.png
9.252065,-1.0930287,seed87311.png
-16.365057,-14.1303,seed87312.png
8.081813,-40.630924,seed87313.png
30.706654,22.072472,seed87314.png
17.796047,24.612263,seed87315.png
-1.0694187,-14.981909,seed87316.png
37.039623,6.652269,seed87317.png
-23.076542,20.54321,seed87318.png
-34.88817,20.023214,seed87319.png
-20.951529,9.52287,seed8732.png
-18.931612,9.963691,seed87320.png
-22.547272,-20.381578,seed87321.png
4.967456,-30.179232,seed87322.png
-13.758321,-17.191425,seed87323.png
-21.71554,17.72297,seed87324.png
14.011988,23.365952,seed87325.png
12.682495,-30.262703,seed87326.png
-33.658115,15.157832,seed87327.png
29.211443,18.27111,seed87328.png
16.74271,26.817192,seed87329.png
34.071987,13.5375395,seed8733.png
1.3359348,13.561143,seed87330.png
-35.592297,26.049923,seed87331.png
-17.18656,-16.429071,seed87332.png
3.8697608,15.857437,seed87333.png
-31.157307,18.308971,seed87334.png
-17.318964,-26.076283,seed87335.png
5.861778,-3.4412084,seed87336.png
-21.76785,-7.323264,seed87337.png
3.5424957,2.2015252,seed87338.png
-13.021021,3.066687,seed87339.png
14.09603,14.414047,seed8734.png
35.421333,20.930408,seed87340.png
-3.867666,-20.094973,seed87341.png
21.627138,-1.8855022,seed87342.png
14.424086,-37.308716,seed87343.png
15.39081,15.306504,seed87344.png
-12.638083,-21.42819,seed87345.png
24.563795,23.518864,seed87346.png
7.1565576,7.5580525,seed87347.png
34.942635,5.9930854,seed87348.png
-34.197353,4.2264147,seed87349.png
-16.030779,6.820716,seed8735.png
-20.381153,-16.027744,seed87350.png
-30.7268,9.643887,seed87351.png
31.236923,2.6967902,seed87352.png
-35.149555,16.161825,seed87353.png
-21.273886,-15.661832,seed87354.png
-6.5309706,7.723478,seed87355.png
9.0743265,18.649937,seed87356.png
8.837712,-37.32153,seed87357.png
24.833225,19.61799,seed87358.png
34.968403,12.32421,seed87359.png
-32.5719,-5.242915,seed8736.png
-37.315197,23.739006,seed87360.png
-4.499133,-12.788103,seed87361.png
11.45563,-31.249842,seed87362.png
-36.101093,25.73875,seed87363.png
-11.622977,-12.25636,seed87364.png
19.397276,27.78416,seed87365.png
33.033577,24.074982,seed87366.png
30.780495,15.115508,seed87367.png
-19.58135,-19.650368,seed87368.png
-1.7853053,-4.937578,seed87369.png
-22.352926,-24.396393,seed8737.png
35.992325,4.515859,seed87370.png
16.347609,-37.128555,seed87371.png
-1.325593,24.9544,seed87372.png
-16.377125,-9.293583,seed87373.png
-0.63170356,14.324035,seed87374.png
3.938722,1.8650577,seed87375.png
-19.790026,-19.903437,seed87376.png
0.90894574,9.158969,seed87377.png
22.567713,5.7839212,seed87378.png
-21.524357,-13.27212,seed87379.png
3.191907,4.0825825,seed8738.png
-3.5127685,-18.03827,seed87380.png
11.952871,-34.67346,seed87381.png
30.209133,13.653538,seed87382.png
6.675913,-2.4432542,seed87383.png
2.7212083,-6.115918,seed87384.png
28.466091,28.625547,seed87385.png
8.176261,-9.406235,seed87386.png
-5.18017,-22.436493,seed87387.png
-21.061522,-3.4276373,seed87388.png
2.5953176,-3.7289906,seed87389.png
-21.782045,14.524181,seed8739.png
-16.132395,-17.122341,seed87390.png
-5.494153,-17.06568,seed87391.png
-15.107901,1.2649019,seed87392.png
14.935445,22.422304,seed87393.png
26.761162,4.409789,seed87394.png
-22.271194,3.7530077,seed87395.png
-6.4640064,-6.715691,seed87396.png
-3.3371992,-13.72813,seed87397.png
-22.518362,6.716316,seed87398.png
-30.39361,2.6584864,seed87399.png
21.632301,15.458771,seed8740.png
-19.92523,-11.353761,seed87400.png
-12.284213,-10.284907,seed87401.png
-8.028785,-26.639233,seed87402.png
35.014103,20.11664,seed87403.png
-5.875045,-2.2316806,seed87404.png
-32.74544,20.927994,seed87405.png
16.312126,24.258759,seed87406.png
-20.783371,9.407163,seed87407.png
-22.535084,-10.723257,seed87408.png
13.447137,-7.7673945,seed87409.png
9.51432,15.122525,seed8741.png
-12.927954,-18.696836,seed87410.png
23.914396,-3.6591632,seed87411.png
-18.824278,-24.322199,seed87412.png
25.035765,12.881726,seed87413.png
-27.062494,15.797974,seed87414.png
7.187282,9.549092,seed87415.png
31.580103,19.89922,seed87416.png
-21.51495,19.699091,seed87417.png
30.685005,12.528537,seed87418.png
7.7223434,-22.867527,seed87419.png
41.046223,23.624249,seed8742.png
-18.481367,-9.824983,seed87420.png
34.721016,16.569197,seed87421.png
41.313915,21.731731,seed87422.png
-27.574306,-0.8200812,seed87423.png
-12.215107,-13.642706,seed87424.png
32.272068,14.562238,seed87425.png
-17.664621,-28.235626,seed87426.png
-37.901527,14.516928,seed87427.png
10.710505,-8.027647,seed87428.png
-12.088369,-14.01842,seed87429.png
-25.976284,5.919173,seed8743.png
11.587011,20.616203,seed87430.png
3.728022,-31.835747,seed87431.png
-21.568449,-11.389671,seed87432.png
-26.320114,12.443248,seed87433.png
12.537715,-35.636063,seed87434.png
23.784605,-2.3068533,seed87435.png
17.279268,15.111978,seed87436.png
26.9715,12.670532,seed87437.png
30.757963,16.876236,seed87438.png
-11.384791,-19.917643,seed87439.png
-16.143827,-2.9529371,seed8744.png
0.009070235,-6.475847,seed87440.png
10.743539,25.842707,seed87441.png
-8.315336,3.1475806,seed87442.png
-11.7740345,-5.379481,seed87443.png
4.942124,11.231403,seed87444.png
40.52075,21.58354,seed87445.png
0.78950053,16.022743,seed87446.png
4.47045,-24.096218,seed87447.png
-33.2905,14.674996,seed87448.png
-17.748346,-11.989755,seed87449.png
0.4370456,20.884132,seed8745.png
31.432056,25.25823,seed87450.png
-25.770496,8.72938,seed87451.png
25.900133,4.5471497,seed87452.png
-18.823288,-8.436741,seed87453.png
1.8626151,-11.656861,seed87454.png
34.899597,7.0120277,seed87455.png
37.45207,13.122059,seed87456.png
-16.129839,-11.252537,seed87457.png
9.39778,6.2763443,seed87458.png
-34.641026,22.2276,seed87459.png
-33.817337,19.794573,seed8746.png
19.929918,18.151104,seed87460.png
-17.442528,-14.011516,seed87461.png
-31.488754,16.38663,seed87462.png
6.5895076,-25.328194,seed87463.png
-17.8718,1.8894522,seed87464.png
-29.357655,1.4086802,seed87465.png
3.8935957,17.957008,seed87466.png
-4.699733,-6.6511784,seed87467.png
-15.3221245,-3.0754683,seed87468.png
-22.206175,-2.9170277,seed87469.png
-0.4425225,19.165632,seed8747.png
-26.633324,5.165594,seed87470.png
-22.191341,-6.5008,seed87471.png
18.096998,-6.4909143,seed87472.png
-9.5040245,-17.617016,seed87473.png
-31.665956,16.320595,seed87474.png
-32.970436,22.266483,seed87475.png
28.455893,11.082324,seed87476.png
-29.085152,9.31281,seed87477.png
-25.24198,-2.7217627,seed87478.png
37.67484,12.4387,seed87479.png
14.531483,-7.5180817,seed8748.png
-23.817125,9.529792,seed87480.png
8.490415,14.686908,seed87481.png
11.487088,2.2569337,seed87482.png
-10.965466,-20.393108,seed87483.png
-33.573914,18.722673,seed87484.png
-12.280506,-28.810472,seed87485.png
29.907318,11.068318,seed87486.png
14.342727,-40.141304,seed87487.png
-32.991108,4.7915697,seed87488.png
6.104593,23.37827,seed87489.png
10.656296,-28.65715,seed8749.png
-11.373418,-11.858781,seed87490.png
-6.3943105,-19.049582,seed87491.png
-32.831142,1.0366557,seed87492.png
29.809319,11.969481,seed87493.png
-25.050444,-1.7688566,seed87494.png
24.69819,10.394119,seed87495.png
-15.716873,-22.163403,seed87496.png
-15.253886,-23.321686,seed87497.png
-13.112928,1.4880353,seed87498.png
-35.827415,10.815173,seed87499.png
-29.043373,19.10843,seed8750.png
33.239494,27.686403,seed87500.png
-35.259563,13.27974,seed87501.png
11.176295,-32.13116,seed87502.png
-11.67446,-20.097637,seed87503.png
-33.89265,-14.346815,seed87504.png
24.930174,11.766319,seed87505.png
-32.894356,24.363607,seed87506.png
-24.756002,13.199806,seed87507.png
-26.5256,3.5376127,seed87508.png
-25.6943,-15.027776,seed87509.png
-25.437855,-14.624418,seed8751.png
4.4794745,15.400129,seed87510.png
33.533863,5.0605173,seed87511.png
33.414265,27.843443,seed87512.png
39.95873,15.527506,seed87513.png
-33.101845,21.108036,seed87514.png
-17.558388,-17.877285,seed87515.png
18.373232,26.463795,seed87516.png
27.659025,0.6219371,seed87517.png
9.926242,-2.046059,seed87518.png
-23.013166,-2.4580104,seed87519.png
-13.900285,0.99492943,seed8752.png
10.71339,-36.42058,seed87520.png
-26.835184,17.188768,seed87521.png
20.403864,12.801084,seed87522.png
-30.647354,3.887819,seed87523.png
-35.682518,-2.6961517,seed87524.png
11.192822,7.8766203,seed87525.png
4.588864,11.465252,seed87526.png
-24.375885,-16.892376,seed87527.png
-17.159904,-16.872341,seed87528.png
8.636024,-3.695873,seed87529.png
-31.743937,22.044401,seed8753.png
-3.1926806,23.944117,seed87530.png
-0.37160748,-18.73188,seed87531.png
-34.557297,26.961468,seed87532.png
-10.283923,-1.1545199,seed87533.png
30.753145,-0.07070438,seed87534.png
-18.89776,-18.284325,seed87535.png
33.642406,8.709662,seed87536.png
-11.3432665,-25.350096,seed87537.png
4.979953,2.2523572,seed87538.png
26.232347,17.82732,seed87539.png
-21.027729,-6.322508,seed8754.png
32.721405,13.98262,seed87540.png
-4.342276,2.5572624,seed87541.png
-17.080217,-12.129777,seed87542.png
12.998616,29.775404,seed87543.png
28.002337,13.63326,seed87544.png
17.315496,22.331877,seed87545.png
-30.990772,23.52138,seed87546.png
-25.389894,13.055718,seed87547.png
5.7851286,-21.762693,seed87548.png
16.448753,3.6556668,seed87549.png
31.527328,18.140465,seed8755.png
36.69365,9.583204,seed87550.png
11.003156,-37.410145,seed87551.png
8.8561,-42.403446,seed87552.png
10.0926075,-24.952713,seed87553.png
-21.750467,11.727909,seed87554.png
-12.782496,-29.891077,seed87555.png
-26.23213,-11.328084,seed87556.png
11.838443,1.8523073,seed87557.png
24.200432,10.683935,seed87558.png
-30.790834,17.374222,seed87559.png
22.866016,11.361729,seed8756.png
33.961468,19.500067,seed87560.png
8.713209,14.167837,seed87561.png
3.1034992,1.8130305,seed87562.png
-23.170551,-18.123266,seed87563.png
-20.395132,-1.7447084,seed87564.png
-32.475754,18.704111,seed87565.png
0.50316685,16.529066,seed87566.png
28.850552,9.932756,seed87567.png
3.8168385,-26.71836,seed87568.png
30.2832,2.7118845,seed87569.png
24.283218,7.1536536,seed8757.png
7.8921175,-28.543604,seed87570.png
6.3670497,-24.71259,seed87571.png
-28.306343,2.910962,seed87572.png
27.16363,29.194525,seed87573.png
5.731423,-40.28061,seed87574.png
2.3170524,-28.326653,seed87575.png
-34.36607,6.6028867,seed87576.png
11.0252285,25.998205,seed87577.png
-1.496344,24.617847,seed87578.png
-27.840973,-11.363569,seed87579.png
3.774179,5.9488482,seed8758.png
-21.472038,-15.963794,seed87580.png
-24.407707,12.727483,seed87581.png
-29.411797,18.027662,seed87582.png
13.962203,-2.7916136,seed87583.png
19.786112,25.73688,seed87584.png
17.94322,24.304459,seed87585.png
7.1324825,-27.635342,seed87586.png
24.85958,6.6453295,seed87587.png
-18.123835,-0.50704646,seed87588.png
-22.617327,-5.134889,seed87589.png
2.2881036,-30.322407,seed8759.png
1.4181671,10.730172,seed87590.png
27.656944,2.5348568,seed87591.png
35.636303,24.143715,seed87592.png
5.622284,5.0113006,seed87593.png
38.124874,16.452873,seed87594.png
-33.863075,-2.785818,seed87595.png
-35.57151,16.258718,seed87596.png
1.8363376,-4.5413465,seed87597.png
-16.873003,0.6681522,seed87598.png
4.9800415,-9.819445,seed87599.png
13.585369,-28.730772,seed8760.png
9.676281,-8.081152,seed87600.png
19.021473,25.522532,seed87601.png
19.36208,-2.1600544,seed87602.png
33.229736,20.619823,seed87603.png
10.648331,-12.13884,seed87604.png
7.7742877,-7.739598,seed87605.png
-4.748565,-13.454815,seed87606.png
7.0664144,0.24683796,seed87607.png
-37.891254,16.70864,seed87608.png
-26.055758,-3.913755,seed87609.png
21.93579,16.861153,seed8761.png
0.18042213,-9.843921,seed87610.png
25.591867,3.6919527,seed87611.png
-34.524075,19.323015,seed87612.png
2.6341562,5.196389,seed87613.png
11.521658,-41.59767,seed87614.png
-30.479216,20.608278,seed87615.png
-18.621098,2.6097517,seed87616.png
8.324442,6.020843,seed87617.png
-35.6907,16.479967,seed87618.png
34.71144,6.5906157,seed87619.png
-16.099962,-0.63954264,seed8762.png
-34.09189,26.947802,seed87620.png
5.5447564,8.701325,seed87621.png
-29.942715,17.541393,seed87622.png
-27.859434,-13.994496,seed87623.png
-22.18865,-0.24705692,seed87624.png
-31.832895,1.4537134,seed87625.png
33.175423,25.515686,seed87626.png
18.21956,24.072283,seed87627.png
19.758804,13.498238,seed87628.png
-8.148356,-4.8115926,seed87629.png
-12.514945,5.764845,seed8763.png
-13.341303,-15.485266,seed87630.png
-22.962082,7.58275,seed87631.png
31.989632,1.3044276,seed87632.png
1.9302124,-16.433834,seed87633.png
4.568855,-2.8508015,seed87634.png
37.444405,12.5164385,seed87635.png
-13.691654,-4.098953,seed87636.png
-19.467583,-17.792534,seed87637.png
28.431883,5.005945,seed87638.png
0.42039925,20.30332,seed87639.png
-6.0294085,-2.3915489,seed8764.png
-33.707184,-10.570384,seed87640.png
-22.739408,0.014886681,seed87641.png
-2.6091945,-22.964767,seed87642.png
21.56856,15.036332,seed87643.png
-29.675005,10.368979,seed87644.png
-1.4457628,-9.708488,seed87645.png
29.520504,13.43931,seed87646.png
-0.13989186,1.240714,seed87647.png
7.1741333,10.165112,seed87648.png
-2.2258854,23.40155,seed87649.png
21.61107,19.846504,seed8765.png
12.115437,-40.054806,seed87650.png
-36.653908,19.966846,seed87651.png
-26.203566,-5.273254,seed87652.png
35.130974,12.458645,seed87653.png
-28.243889,-15.487054,seed87654.png
30.546518,24.643023,seed87655.png
39.14777,24.547153,seed87656.png
-25.1975,4.385066,seed87657.png
-6.1490545,-24.937075,seed87658.png
-32.159435,-11.538902,seed87659.png
-32.749805,19.080463,seed8766.png
-6.9599323,-16.413145,seed87660.png
-22.32234,7.02852,seed87661.png
2.7816293,-29.722973,seed87662.png
-18.455528,3.3319197,seed87663.png
37.858852,22.701912,seed87664.png
33.184647,5.940482,seed87665.png
-26.023884,-2.9376323,seed87666.png
37.60921,9.408239,seed87667.png
-32.160725,17.087948,seed87668.png
-18.989456,-4.833581,seed87669.png
9.392313,-3.604116,seed8767.png
23.926876,20.878126,seed87670.png
-10.633399,-19.265007,seed87671.png
7.911693,-31.77949,seed87672.png
-32.982628,23.187849,seed87673.png
-26.714024,15.749541,seed87674.png
1.992934,3.6058087,seed87675.png
-18.306587,-26.413774,seed87676.png
-2.5516608,-1.6935842,seed87677.png
5.37109,12.057934,seed87678.png
-14.359328,-8.124028,seed87679.png
12.383853,-30.83553,seed8768.png
10.888355,-23.477297,seed87680.png
25.591034,16.229769,seed87681.png
-28.64453,11.786182,seed87682.png
-28.406769,7.6926174,seed87683.png
27.962816,0.80172795,seed87684.png
37.652107,4.575709,seed87685.png
10.508613,-42.02673,seed87686.png
-27.436695,-15.432801,seed87687.png
-24.10118,9.8471775,seed87688.png
-30.438807,-11.167167,seed87689.png
2.5981185,10.945063,seed8769.png
37.02361,5.9585276,seed87690.png
-27.466303,11.228483,seed87691.png
-20.192257,-25.061708,seed87692.png
-26.520006,-8.988105,seed87693.png
22.675533,2.6281903,seed87694.png
-15.289643,-26.518787,seed87695.png
-32.01025,25.970577,seed87696.png
16.519712,11.735078,seed87697.png
-33.15441,8.149322,seed87698.png
-29.869764,9.64898,seed87699.png
-32.684807,24.370462,seed8770.png
-1.5049392,-14.357291,seed87700.png
37.044476,21.129047,seed87701.png
24.346825,13.509437,seed87702.png
14.305055,11.760712,seed87703.png
6.344409,12.922308,seed87704.png
6.515354,-3.7140305,seed87705.png
38.138714,16.149014,seed87706.png
11.233189,21.533167,seed87707.png
7.3059325,20.26255,seed87708.png
5.5530057,4.173176,seed87709.png
35.694073,18.719341,seed8771.png
3.9415007,1.9422556,seed87710.png
-33.02373,23.897274,seed87711.png
-13.228589,-17.468014,seed87712.png
-17.280653,-26.743832,seed87713.png
-9.632353,-11.15465,seed87714.png
31.066545,6.8704596,seed87715.png
-26.290562,-6.7476254,seed87716.png
20.996977,5.7750993,seed87717.png
33.593136,14.346334,seed87718.png
-32.32244,-2.071016,seed87719.png
19.867174,-9.459105,seed8772.png
40.346382,23.898918,seed87720.png
-8.294036,-0.76206964,seed87721.png
9.309531,18.034351,seed87722.png
-29.209463,2.6701047,seed87723.png
-19.819977,12.383938,seed87724.png
-22.566471,12.633912,seed87725.png
24.456865,11.752531,seed87726.png
-22.396414,-8.523373,seed87727.png
40.17457,15.542954,seed87728.png
-7.2711844,-2.8598397,seed87729.png
37.54208,21.41469,seed8773.png
-32.222095,-3.3067026,seed87730.png
26.16658,12.464444,seed87731.png
-11.156901,-26.755278,seed87732.png
11.750903,-35.27291,seed87733.png
14.2412615,-28.62572,seed87734.png
5.579339,-37.602158,seed87735.png
-6.637988,-22.72093,seed87736.png
15.508328,0.33974382,seed87737.png
36.075893,11.700793,seed87738.png
3.171747,-26.026896,seed87739.png
21.388985,5.3836484,seed8774.png
-35.54348,12.294918,seed87740.png
23.702326,20.651999,seed87741.png
-22.266375,-17.235088,seed87742.png
1.8268871,17.71778,seed87743.png
26.517996,19.834879,seed87744.png
-35.446476,15.560834,seed87745.png
-34.216244,24.113459,seed87746.png
21.090279,-1.7941935,seed87747.png
0.65137047,-8.836981,seed87748.png
8.318213,0.26284775,seed87749.png
-25.613644,-12.356421,seed8775.png
-19.606949,13.508284,seed87750.png
-9.58063,-8.106471,seed87751.png
13.686643,-40.627346,seed87752.png
18.322557,3.1170022,seed87753.png
12.943173,-9.588372,seed87754.png
-24.405859,5.8497987,seed87755.png
-26.719135,-3.9443667,seed87756.png
15.457663,-2.0646596,seed87757.png
2.96174,8.075418,seed87758.png
31.692299,5.407829,seed87759.png
-16.357267,-15.063296,seed8776.png
-21.002787,-16.159521,seed87760.png
22.69554,21.617758,seed87761.png
14.87902,22.491163,seed87762.png
-14.860603,1.8988909,seed87763.png
36.09765,6.4279304,seed87764.png
9.434398,21.852114,seed87765.png
-25.446295,-15.479953,seed87766.png
-20.51956,-12.169405,seed87767.png
13.059658,-34.02552,seed87768.png
-6.9132614,-16.63442,seed87769.png
2.6236687,-5.6314993,seed8777.png
37.504433,12.37615,seed87770.png
-29.264668,18.836031,seed87771.png
-13.970126,-24.116514,seed87772.png
27.807665,26.672058,seed87773.png
-15.515166,-22.746649,seed87774.png
-16.55668,-23.096771,seed87775.png
8.263941,-5.1822677,seed87776.png
-5.5987763,13.322874,seed87777.png
8.817284,22.097607,seed87778.png
23.399235,7.633587,seed87779.png
9.583946,24.55968,seed8778.png
-16.191917,3.5325725,seed87780.png
10.493071,-3.0391192,seed87781.png
12.309318,-35.058193,seed87782.png
-14.399834,-3.8918939,seed87783.png
12.975459,-37.443203,seed87784.png
5.9231625,13.96457,seed87785.png
0.4702224,-15.10061,seed87786.png
12.031552,-24.810873,seed87787.png
-1.1828038,-5.7136965,seed87788.png
33.302116,22.89832,seed87789.png
3.5463512,25.809969,seed8779.png
-20.63362,8.980587,seed87790.png
-30.262627,6.559225,seed87791.png
-16.809782,-28.05486,seed87792.png
-30.79962,-11.50605,seed87793.png
-28.756372,20.040417,seed87794.png
23.841732,7.823308,seed87795.png
26.664913,22.580418,seed87796.png
25.524231,19.993916,seed87797.png
25.550741,15.526042,seed87798.png
21.156034,4.454153,seed87799.png
37.641838,14.185599,seed8780.png
-3.4791367,-15.770358,seed87800.png
-23.81285,13.703538,seed87801.png
-16.282919,-26.879179,seed87802.png
6.8957415,9.658613,seed87803.png
25.155798,17.066616,seed87804.png
-9.791612,-23.15174,seed87805.png
10.148652,-6.150622,seed87806.png
9.393114,-40.474487,seed87807.png
-17.236935,3.7837837,seed87808.png
-1.4985627,-14.0144415,seed87809.png
31.065504,18.358587,seed8781.png
11.799188,-31.477554,seed87810.png
-13.798401,-21.720657,seed87811.png
-35.536407,20.493402,seed87812.png
-35.727966,6.948498,seed87813.png
10.544533,6.482994,seed87814.png
21.868305,17.680899,seed87815.png
-15.582518,-22.525732,seed87816.png
6.350298,10.234053,seed87817.png
3.8247414,7.101783,seed87818.png
39.754326,13.284899,seed87819.png
-11.30343,-1.3632627,seed8782.png
9.847556,2.5274496,seed87820.png
11.649451,5.758102,seed87821.png
-21.517315,-28.326027,seed87822.png
5.4963636,-12.989425,seed87823.png
-27.167791,-9.691648,seed87824.png
-34.207314,-3.3883846,seed87825.png
1.2667912,12.442609,seed87826.png
-14.525321,-7.2575254,seed87827.png
-22.509295,-17.621489,seed87828.png
-23.932447,-9.924808,seed87829.png
32.75491,25.674686,seed8783.png
28.689138,12.977484,seed87830.png
-9.237402,-3.7042143,seed87831.png
-4.110602,-12.98022,seed87832.png
24.060211,-2.108741,seed87833.png
-7.632678,-24.479715,seed87834.png
-8.218377,13.109997,seed87835.png
-2.5141535,-18.847351,seed87836.png
22.721102,6.5201826,seed87837.png
-34.271908,16.775719,seed87838.png
-26.171387,-9.09318,seed87839.png
-2.4725378,4.0916524,seed8784.png
-16.483147,-3.7386823,seed87840.png
10.045426,-34.604748,seed87841.png
-28.568048,7.4323087,seed87842.png
-11.028006,-23.060526,seed87843.png
23.148928,27.235695,seed87844.png
20.827854,13.382968,seed87845.png
18.879444,-6.763122,seed87846.png
25.348145,26.306082,seed87847.png
31.350582,5.500644,seed87848.png
36.850803,10.180283,seed87849.png
7.5418315,-31.686443,seed8785.png
26.751022,15.508776,seed87850.png
16.467999,12.146002,seed87851.png
-12.817016,-21.957071,seed87852.png
-28.403282,22.064693,seed87853.png
18.925076,9.603575,seed87854.png
-23.836132,7.5093393,seed87855.png
15.650477,2.7003748,seed87856.png
-23.3461,-13.976813,seed87857.png
-37.248684,24.387949,seed87858.png
11.0995655,14.112524,seed87859.png
11.743138,28.434778,seed8786.png
4.7709174,15.850861,seed87860.png
5.4153194,21.254553,seed87861.png
-32.565388,11.678595,seed87862.png
27.677776,9.9355955,seed87863.png
-12.7776,-24.179943,seed87864.png
15.520783,25.518053,seed87865.png
3.4742334,-29.986956,seed87866.png
35.946472,22.275082,seed87867.png
-1.2978176,-19.243452,seed87868.png
9.072097,-9.724426,seed87869.png
-3.2550828,-12.314274,seed8787.png
9.993193,12.433426,seed87870.png
23.915972,13.752728,seed87871.png
14.546921,-39.030994,seed87872.png
33.904057,11.10296,seed87873.png
-20.70538,-23.039997,seed87874.png
9.046409,-38.326714,seed87875.png
-32.98321,-4.33963,seed87876.png
-16.542791,-5.433044,seed87877.png
20.632181,5.86077,seed87878.png
-1.4997928,-10.655776,seed87879.png
41.762188,19.673216,seed8788.png
26.483852,24.701178,seed87880.png
27.394562,12.457219,seed87881.png
-26.423939,3.546752,seed87882.png
34.35534,16.070461,seed87883.png
8.403308,-41.83613,seed87884.png
-24.459715,-24.347965,seed87885.png
-31.887852,24.352514,seed87886.png
-11.906987,-9.37323,seed87887.png
13.248289,7.465713,seed87888.png
-22.360178,17.552668,seed87889.png
-19.028534,-24.006178,seed8789.png
-16.98423,-26.26623,seed87890.png
26.352587,19.075754,seed87891.png
-26.599087,-16.944672,seed87892.png
-19.006544,-19.69058,seed87893.png
-11.460631,-11.252328,seed87894.png
-18.591793,-3.3894477,seed87895.png
-10.857451,-6.959452,seed87896.png
-26.29512,14.012517,seed87897.png
-11.340342,-24.79997,seed87898.png
-10.318779,-16.696218,seed87899.png
22.588203,-3.1106207,seed8790.png
-11.6213875,-13.5449705,seed87900.png
28.901932,5.8513846,seed87901.png
2.0730584,9.447703,seed87902.png
-18.061789,-18.209787,seed87903.png
11.4103365,-17.691685,seed87904.png
-1.2578858,-11.288907,seed87905.png
-34.369423,27.355883,seed87906.png
-30.167732,12.208981,seed87907.png
8.077385,-28.143261,seed87908.png
13.431434,22.731022,seed87909.png
38.63896,9.488094,seed8791.png
-17.504255,-20.00961,seed87910.png
13.880454,-38.575176,seed87911.png
9.876363,-24.956846,seed87912.png
-21.404243,-26.181862,seed87913.png
-18.301805,-11.06823,seed87914.png
-19.851604,-24.956646,seed87915.png
-2.98433,-2.4485168,seed87916.png
4.619202,8.329979,seed87917.png
-32.404514,22.132908,seed87918.png
27.239199,4.586757,seed87919.png
16.736853,4.5040092,seed8792.png
7.8465996,-40.673775,seed87920.png
10.217242,-21.949665,seed87921.png
-15.466076,-10.757842,seed87922.png
9.488901,24.116636,seed87923.png
-18.615694,-1.1383532,seed87924.png
-14.503373,-31.126678,seed87925.png
-12.692911,-25.687931,seed87926.png
-14.07898,6.4080677,seed87927.png
-12.108235,-12.407006,seed87928.png
19.43184,1.7051481,seed87929.png
1.919453,10.857117,seed8793.png
17.123907,25.924988,seed87930.png
-6.649243,10.940236,seed87931.png
-20.408064,-15.6177025,seed87932.png
29.383417,5.519881,seed87933.png
8.291671,12.76107,seed87934.png
22.943676,-6.9481997,seed87935.png
10.919127,-40.82444,seed87936.png
1.2959226,-25.86904,seed87937.png
9.560097,17.715322,seed87938.png
-20.38297,8.072483,seed87939.png
5.3335447,-33.12638,seed8794.png
-6.218272,-0.42762038,seed87940.png
25.723295,-4.2673554,seed87941.png
-30.443804,13.637616,seed87942.png
-18.21683,3.1628754,seed87943.png
-27.835897,8.887555,seed87944.png
-0.80786717,12.23249,seed87945.png
30.624584,16.306456,seed87946.png
-15.337786,-4.7228737,seed87947.png
37.21184,24.171885,seed87948.png
20.69948,9.176376,seed87949.png
-31.143757,16.997969,seed8795.png
1.4353081,9.462144,seed87950.png
37.102978,17.813292,seed87951.png
6.6709833,-40.44991,seed87952.png
23.68557,3.901747,seed87953.png
3.3345358,25.059103,seed87954.png
29.481543,30.143246,seed87955.png
-21.957367,7.845518,seed87956.png
-26.2689,-10.491341,seed87957.png
-33.575348,17.578283,seed87958.png
-22.749123,20.960766,seed87959.png
29.718895,25.208876,seed8796.png
-12.467511,-2.8522549,seed87960.png
29.383486,2.4728703,seed87961.png
-20.780993,-16.93447,seed87962.png
-32.596832,10.179339,seed87963.png
14.16639,-38.14815,seed87964.png
-16.71653,10.768649,seed87965.png
-3.705641,-10.218437,seed87966.png
-10.024568,-7.409639,seed87967.png
-29.622337,14.042197,seed87968.png
12.630549,-8.847341,seed87969.png
-0.25614402,-18.954475,seed8797.png
-31.03273,17.429918,seed87970.png
7.218986,-35.324726,seed87971.png
23.267637,7.511315,seed87972.png
20.010647,13.360575,seed87973.png
-20.45047,-2.3941786,seed87974.png
8.81051,20.152359,seed87975.png
32.440773,27.580547,seed87976.png
-23.783724,-4.471701,seed87977.png
-33.15667,20.953686,seed87978.png
-4.2184777,-16.504627,seed87979.png
24.437141,15.647432,seed8798.png
3.1750145,-12.409049,seed87980.png
-17.305386,-17.0333,seed87981.png
11.5264845,3.7154396,seed87982.png
-36.921597,-1.9360075,seed87983.png
-24.64037,0.22391634,seed87984.png
1.3968294,-18.822159,seed87985.png
-11.758373,-21.018093,seed87986.png
-33.725063,26.572947,seed87987.png
6.420744,-25.527115,seed87988.png
10.353322,-3.987133,seed87989.png
-26.798367,-20.436522,seed8799.png
28.392942,9.318701,seed87990.png
-16.051296,-1.3302556,seed87991.png
-20.915386,-7.3351965,seed87992.png
29.560795,29.282183,seed87993.png
12.233973,-22.784557,seed87994.png
-14.15206,-18.295681,seed87995.png
33.558304,25.445955,seed87996.png
-5.69535,-13.915974,seed87997.png
8.758831,-29.935791,seed87998.png
-25.842619,-3.091732,seed87999.png
28.576803,4.758314,seed8800.png
-31.500395,9.605313,seed88000.png
14.772172,-36.707737,seed88001.png
8.280059,-32.45612,seed88002.png
-14.709496,7.0146556,seed88003.png
36.55054,22.755957,seed88004.png
14.068251,8.532397,seed88005.png
-8.843675,8.786262,seed88006.png
8.811545,-7.0369434,seed88007.png
-31.60185,-8.5718,seed88008.png
-25.937883,8.645857,seed88009.png
-23.9387,-30.083426,seed8801.png
18.845827,9.673594,seed88010.png
8.848254,-38.574303,seed88011.png
38.07351,23.951004,seed88012.png
34.93819,11.911355,seed88013.png
-1.2308635,-9.65378,seed88014.png
-27.61779,7.2943673,seed88015.png
35.268322,20.644426,seed88016.png
30.092548,26.504374,seed88017.png
12.102351,-41.137012,seed88018.png
10.772696,-42.8033,seed88019.png
17.475245,9.758531,seed8802.png
-32.760136,7.1455865,seed88020.png
25.529509,16.068066,seed88021.png
-24.038858,-10.329467,seed88022.png
3.9231787,7.4881454,seed88023.png
11.849049,-34.361065,seed88024.png
-33.237103,9.878087,seed88025.png
-7.4788995,-22.38426,seed88026.png
-30.63022,9.004435,seed88027.png
18.501543,-4.973417,seed88028.png
13.837465,17.54784,seed88029.png
9.879481,25.470675,seed8803.png
12.622105,-36.358845,seed88030.png
0.05628116,24.525257,seed88031.png
-21.368439,-19.34816,seed88032.png
9.197499,-39.3771,seed88033.png
-15.2887535,-29.96105,seed88034.png
21.380554,9.154723,seed88035.png
40.04724,15.777332,seed88036.png
10.295808,8.54122,seed88037.png
-34.28151,5.8764677,seed88038.png
1.6173674,-5.534534,seed88039.png
-23.313997,-14.914378,seed8804.png
-34.588654,27.110521,seed88040.png
-13.430393,-10.628854,seed88041.png
-16.55004,3.572669,seed88042.png
-29.35815,-5.5340323,seed88043.png
-29.550747,12.373206,seed88044.png
-22.965023,4.1086955,seed88045.png
25.255587,-4.2699337,seed88046.png
-22.719389,-1.9245759,seed88047.png
41.625397,21.255606,seed88048.png
-2.186956,-20.085419,seed88049.png
38.695217,26.02484,seed8805.png
11.204319,-38.437145,seed88050.png
14.1608095,-9.570237,seed88051.png
-31.438108,8.68484,seed88052.png
-10.109812,-6.2726183,seed88053.png
38.917835,21.23877,seed88054.png
34.92254,10.0147705,seed88055.png
-23.837593,-20.690641,seed88056.png
4.7516294,3.5871723,seed88057.png
15.257319,-32.909946,seed88058.png
17.986698,3.5710356,seed88059.png
9.713267,-39.837593,seed8806.png
-11.109731,-11.084652,seed88060.png
12.671371,19.08227,seed88061.png
17.408031,18.69825,seed88062.png
1.1456267,-18.598822,seed88063.png
-21.588463,-2.6972272,seed88064.png
-33.370907,2.7488358,seed88065.png
34.78996,25.142153,seed88066.png
-31.470907,7.6866875,seed88067.png
-27.093018,-15.903956,seed88068.png
-20.891006,-21.30244,seed88069.png
-11.100645,-26.538937,seed8807.png
-15.737604,-14.114016,seed88070.png
-13.292362,5.8280478,seed88071.png
14.639683,21.993357,seed88072.png
9.884769,-1.0480416,seed88073.png
-9.522728,-17.185844,seed88074.png
35.26081,6.1681876,seed88075.png
-30.160217,16.94994,seed88076.png
-21.62388,-13.909853,seed88077.png
-28.370451,9.324788,seed88078.png
6.31813,-37.71167,seed88079.png
35.988083,9.556943,seed8808.png
-17.417933,-30.617594,seed88080.png
-26.750208,-2.0178883,seed88081.png
-18.97102,-24.169819,seed88082.png
3.7806845,25.297209,seed88083.png
10.839551,7.029714,seed88084.png
-1.5798006,12.650685,seed88085.png
34.889423,22.278273,seed88086.png
13.506374,-34.469383,seed88087.png
-2.987296,-12.627312,seed88088.png
7.2024646,-29.042444,seed88089.png
-13.198592,1.4169488,seed8809.png
-24.162266,-0.7958806,seed88090.png
-18.615124,7.2656527,seed88091.png
-19.681524,-15.403197,seed88092.png
16.064213,17.603952,seed88093.png
-5.819417,-23.21208,seed88094.png
31.407997,6.0291457,seed88095.png
12.201063,-39.84992,seed88096.png
35.681778,23.882797,seed88097.png
-3.4291937,-2.2862644,seed88098.png
29.883255,14.489734,seed88099.png
7.6728005,-7.308085,seed8810.png
-14.228995,-11.116352,seed88100.png
-12.97677,-14.327189,seed88101.png
25.86743,10.459789,seed88102.png
-14.034356,-3.6777875,seed88103.png
5.9514956,-25.483133,seed88104.png
-19.45021,2.9702384,seed88105.png
-16.701035,-22.14888,seed88106.png
-15.614197,-13.016157,seed88107.png
-21.511742,-13.595858,seed88108.png
14.464736,22.6245,seed88109.png
-31.191532,15.560271,seed8811.png
18.181232,19.066,seed88110.png
7.0897827,7.110743,seed88111.png
-19.394182,-9.100127,seed88112.png
-34.922905,6.180523,seed88113.png
-16.200123,4.3307867,seed88114.png
20.956526,11.114165,seed88115.png
24.798447,2.8217502,seed88116.png
-34.48344,22.12954,seed88117.png
32.191067,17.948572,seed88118.png
3.9268026,-0.86177284,seed88119.png
39.193398,12.537926,seed8812.png
12.574341,-35.16009,seed88120.png
25.075045,2.8813848,seed88121.png
8.561457,-2.5533757,seed88122.png
-19.111958,-17.843246,seed88123.png
-1.9949329,-3.388249,seed88124.png
15.214937,23.375685,seed88125.png
-0.05684806,-21.459885,seed88126.png
-2.105541,13.615983,seed88127.png
4.946896,9.303317,seed88128.png
5.7349005,-27.95606,seed88129.png
-14.59819,-30.945467,seed8813.png
35.81061,13.496225,seed88130.png
3.5227509,18.823805,seed88131.png
36.477345,11.20025,seed88132.png
19.545614,23.926977,seed88133.png
6.521899,-39.647964,seed88134.png
7.058108,9.14393,seed88135.png
-12.80303,-10.178858,seed88136.png
-9.205794,-20.500887,seed88137.png
33.692753,6.1799536,seed88138.png
0.79480296,3.2172785,seed88139.png
-24.383636,-0.36514953,seed8814.png
-3.7641692,-3.3775017,seed88140.png
-1.664409,-10.672155,seed88141.png
23.687712,18.715313,seed88142.png
-24.420288,10.902468,seed88143.png
20.700588,8.754805,seed88144.png
26.097124,15.863801,seed88145.png
17.264448,-7.5893283,seed88146.png
-25.561785,-8.626747,seed88147.png
38.987087,19.59422,seed88148.png
-29.969624,-15.804757,seed88149.png
-8.062903,-20.049356,seed8815.png
28.21379,21.815374,seed88150.png
-31.77723,18.631582,seed88151.png
20.996,21.971577,seed88152.png
12.452613,-29.126423,seed88153.png
14.00088,5.667452,seed88154.png
-23.890266,-13.009161,seed88155.png
-26.163887,3.252961,seed88156.png
37.059975,16.5108,seed88157.png
-24.002483,-26.268995,seed88158.png
-7.3453865,9.424741,seed88159.png
27.110579,14.87433,seed8816.png
-37.44249,14.966992,seed88160.png
-17.23857,-6.929417,seed88161.png
-14.044807,-17.996698,seed88162.png
31.286324,16.124212,seed88163.png
10.870046,-42.353558,seed88164.png
-28.616516,19.057238,seed88165.png
5.23446,7.9384274,seed88166.png
-31.079226,-10.211004,seed88167.png
-32.62887,11.236795,seed88168.png
0.9359554,6.8617644,seed88169.png
-11.34565,-23.850294,seed8817.png
6.429287,-37.5528,seed88170.png
-27.18032,19.321686,seed88171.png
35.944016,12.089879,seed88172.png
-33.90054,25.810364,seed88173.png
32.867767,17.9356,seed88174.png
41.123116,22.282068,seed88175.png
-31.257004,-0.86865956,seed88176.png
6.9890804,-41.40203,seed88177.png
-16.615467,5.0801954,seed88178.png
-23.349777,20.519758,seed88179.png
1.1985058,-27.277607,seed8818.png
18.55781,22.200636,seed88180.png
-24.830324,12.004352,seed88181.png
8.765412,23.053347,seed88182.png
5.6695385,-13.890978,seed88183.png
15.333886,-3.2739131,seed88184.png
2.9153159,-11.937577,seed88185.png
-25.394934,-17.13801,seed88186.png
15.667854,14.70549,seed88187.png
19.326834,26.34339,seed88188.png
-9.731016,-7.4620566,seed88189.png
-23.683884,0.84504175,seed8819.png
27.531614,24.554817,seed88190.png
21.208616,0.2881236,seed88191.png
32.202682,25.911116,seed88192.png
4.438664,7.23063,seed88193.png
-31.370707,-3.2472625,seed88194.png
-0.24145877,26.31979,seed88195.png
2.6907337,13.639921,seed88196.png
-18.77597,-26.806711,seed88197.png
-8.335301,-6.2271924,seed88198.png
11.6098995,-3.8178062,seed88199.png
-32.914993,17.231985,seed8820.png
-32.437874,-8.323022,seed88200.png
-13.975746,5.061626,seed88201.png
-14.105244,-8.538212,seed88202.png
-11.83951,-3.6760738,seed88203.png
-29.278269,-3.9681447,seed88204.png
40.355022,15.364704,seed88205.png
-11.530275,-19.859486,seed88206.png
-25.592968,-25.194208,seed88207.png
17.200882,5.562583,seed88208.png
-16.193628,-4.976805,seed88209.png
1.7523066,-15.667439,seed8821.png
-19.819355,5.57569,seed88210.png
-13.610425,-7.551182,seed88211.png
-38.04188,12.678089,seed88212.png
-5.566845,-2.843044,seed88213.png
9.585523,-33.801464,seed88214.png
-9.555932,-6.116494,seed88215.png
19.102547,-2.0406358,seed88216.png
24.409712,20.93064,seed88217.png
-22.337091,2.12941,seed88218.png
23.022045,12.395758,seed88219.png
16.252203,13.338611,seed8822.png
-22.388123,-22.41994,seed88220.png
26.36708,18.439983,seed88221.png
-14.567093,-30.947691,seed88222.png
-19.088366,2.1918783,seed88223.png
1.1482049,24.310083,seed88224.png
15.616532,-34.207836,seed88225.png
6.4920397,10.1854105,seed88226.png
14.317535,-34.57311,seed88227.png
15.049303,-36.87101,seed88228.png
9.619195,-2.233236,seed88229.png
29.832613,24.33508,seed8823.png
-8.302031,-4.6624217,seed88230.png
2.6059637,-30.316181,seed88231.png
39.9513,11.26428,seed88232.png
23.253529,12.986788,seed88233.png
-10.048721,0.5343476,seed88234.png
28.874361,-0.19127147,seed88235.png
14.398293,2.2952466,seed88236.png
-33.066044,10.326171,seed88237.png
30.899012,25.60539,seed88238.png
7.220161,-9.292845,seed88239.png
16.820923,-35.689487,seed8824.png
-8.627439,-11.76679,seed88240.png
-10.042675,-21.303982,seed88241.png
7.643735,-38.17652,seed88242.png
-32.472042,-3.9057693,seed88243.png
5.2956896,11.790272,seed88244.png
36.85978,6.644975,seed88245.png
-26.124235,15.60564,seed88246.png
9.366951,-40.572636,seed88247.png
6.8878446,10.718955,seed88248.png
15.857756,22.230219,seed88249.png
22.73995,18.420416,seed8825.png
10.160616,-35.54835,seed88250.png
-32.549324,24.055445,seed88251.png
9.725478,22.026073,seed88252.png
20.652617,21.594633,seed88253.png
32.540035,23.72151,seed88254.png
-24.758665,-15.730002,seed88255.png
-4.0005155,5.1413355,seed88256.png
10.183811,9.922405,seed88257.png
-30.847893,6.7707267,seed88258.png
11.185004,-1.1545675,seed88259.png
12.302696,4.1632423,seed8826.png
-25.421984,5.2586308,seed88260.png
12.713174,1.7558303,seed88261.png
19.852728,23.86664,seed88262.png
-16.50499,-1.2596573,seed88263.png
-27.92591,-4.9162993,seed88264.png
5.7131877,-31.218056,seed88265.png
-11.294205,-23.211428,seed88266.png
27.314146,9.007658,seed88267.png
-25.143991,1.7086982,seed88268.png
5.3365226,-7.610525,seed88269.png
-30.916306,16.461224,seed8827.png
1.630986,22.735909,seed88270.png
-19.922382,19.225338,seed88271.png
21.400831,-3.1746092,seed88272.png
26.518581,9.8164625,seed88273.png
39.23793,10.926101,seed88274.png
32.695,16.700674,seed88275.png
-28.906155,-13.918672,seed88276.png
11.109387,9.691921,seed88277.png
-22.205948,13.674078,seed88278.png
-35.655647,-6.1088877,seed88279.png
-30.010477,0.1263321,seed8828.png
4.848981,24.897913,seed88280.png
9.850943,-42.438313,seed88281.png
4.6835847,12.697155,seed88282.png
-33.62426,-7.4965625,seed88283.png
21.359997,24.085028,seed88284.png
-15.859392,-23.104008,seed88285.png
28.333254,5.1815186,seed88286.png
19.176477,24.683313,seed88287.png
-5.7682242,-3.9414449,seed88288.png
13.578926,5.230304,seed88289.png
11.100272,-33.138664,seed8829.png
-31.84044,13.263325,seed88290.png
-12.511842,0.41141877,seed88291.png
-34.901653,3.0326393,seed88292.png
28.640053,-3.7897782,seed88293.png
30.155552,5.5301156,seed88294.png
13.815191,-32.029957,seed88295.png
-2.7978904,-19.688229,seed88296.png
28.784472,15.931577,seed88297.png
4.956767,13.423917,seed88298.png
-22.561062,-10.437758,seed88299.png
17.293343,24.782526,seed8830.png
-11.977013,-1.2402846,seed88300.png
-27.013577,20.369791,seed88301.png
-25.069777,-25.176466,seed88302.png
-32.149834,-1.0669708,seed88303.png
15.873359,-2.1868365,seed88304.png
14.015334,-34.903275,seed88305.png
-7.1255035,2.039882,seed88306.png
-32.877766,16.58427,seed88307.png
14.780769,-0.8985477,seed88308.png
-20.438667,-0.7287498,seed88309.png
-11.229951,-18.882818,seed8831.png
7.5214353,1.1748134,seed88310.png
-5.918978,-6.3275595,seed88311.png
13.223264,5.362947,seed88312.png
11.718534,-37.113274,seed88313.png
-6.951764,-6.1815267,seed88314.png
12.201747,28.56097,seed88315.png
6.0731726,10.961877,seed88316.png
15.421251,6.604793,seed88317.png
0.51102996,8.355504,seed88318.png
-26.55627,8.605908,seed88319.png
29.904902,3.6721387,seed8832.png
14.330032,23.593311,seed88320.png
17.895214,-5.1178913,seed88321.png
4.7968535,-34.844933,seed88322.png
40.804256,19.538551,seed88323.png
-8.910788,-8.784969,seed88324.png
-20.966766,14.88938,seed88325.png
25.328566,23.013641,seed88326.png
25.97935,27.299532,seed88327.png
37.617428,6.3462267,seed88328.png
36.0855,18.42389,seed88329.png
9.414146,-25.483675,seed8833.png
12.116852,-29.59527,seed88330.png
-21.096762,-0.2858449,seed88331.png
6.818149,-28.604492,seed88332.png
26.053827,5.586389,seed88333.png
-21.496819,-20.247717,seed88334.png
-31.365007,-0.85445637,seed88335.png
6.7752566,2.4426155,seed88336.png
29.565977,25.076576,seed88337.png
-8.415511,-17.558577,seed88338.png
29.085657,8.825443,seed88339.png
-25.797104,-12.560381,seed8834.png
10.934533,15.807063,seed88340.png
-24.336529,15.454255,seed88341.png
-20.555935,-6.735984,seed88342.png
-24.223366,-14.538169,seed88343.png
-30.867064,25.317442,seed88344.png
13.084871,-5.9879527,seed88345.png
30.924873,18.97319,seed88346.png
33.81959,12.664964,seed88347.png
2.4647555,17.112732,seed88348.png
12.547752,-7.6538,seed88349.png
4.5003576,-0.23994897,seed8835.png
-31.970072,12.878768,seed88350.png
32.31033,14.46249,seed88351.png
-12.67999,-13.954151,seed88352.png
-23.18078,-0.3369119,seed88353.png
24.854288,7.5766826,seed88354.png
-32.735706,24.058994,seed88355.png
-34.339573,22.249475,seed88356.png
-34.005695,14.750432,seed88357.png
31.165318,17.083513,seed88358.png
10.381355,-34.650917,seed88359.png
2.915131,22.552185,seed8836.png
14.845632,-2.4559495,seed88360.png
7.5506816,-38.445557,seed88361.png
-3.5882938,12.368463,seed88362.png
21.933834,21.771944,seed88363.png
-29.908981,21.94276,seed88364.png
16.573793,21.3015,seed88365.png
13.082994,-0.036221743,seed88366.png
-36.900455,22.649544,seed88367.png
-6.7981586,0.5496187,seed88368.png
-30.808956,5.346861,seed88369.png
17.599419,20.785114,seed8837.png
-36.169117,15.078448,seed88370.png
-21.852432,13.90611,seed88371.png
16.53778,19.972147,seed88372.png
-26.821486,-4.835462,seed88373.png
20.235468,-6.0661793,seed88374.png
-21.00976,-24.442003,seed88375.png
0.5735853,-14.246039,seed88376.png
10.168531,0.3967038,seed88377.png
8.698696,-29.262825,seed88378.png
5.3088784,-38.63054,seed88379.png
-26.143843,2.4492188,seed8838.png
11.048436,-31.307762,seed88380.png
11.916164,16.792149,seed88381.png
29.496094,14.839671,seed88382.png
16.035189,24.153316,seed88383.png
1.9561669,7.977492,seed88384.png
23.049759,7.555109,seed88385.png
11.684814,-23.080666,seed88386.png
2.4594092,19.21354,seed88387.png
3.3069746,-36.938873,seed88388.png
-14.862747,-16.151695,seed88389.png
0.9072974,-1.8003749,seed8839.png
29.661848,20.539835,seed88390.png
6.723092,9.866782,seed88391.png
18.257137,25.646353,seed88392.png
-8.673466,-20.17975,seed88393.png
12.934378,-27.355522,seed88394.png
-19.260412,-8.280291,seed88395.png
37.736294,11.8047085,seed88396.png
11.869722,25.926836,seed88397.png
-21.721205,-11.177267,seed88398.png
12.440997,12.801292,seed88399.png
-25.221766,-28.155075,seed8840.png
29.815876,0.7686566,seed88400.png
-15.469141,-16.55703,seed88401.png
34.021175,10.889324,seed88402.png
-27.609756,6.242139,seed88403.png
-19.971382,-16.585634,seed88404.png
14.448285,4.2735972,seed88405.png
-17.291992,-6.3936915,seed88406.png
0.46725765,9.385405,seed88407.png
-2.5995612,23.477505,seed88408.png
-16.258549,-14.875337,seed88409.png
33.059677,22.947842,seed8841.png
-1.168808,-24.361586,seed88410.png
28.138113,8.124843,seed88411.png
-25.455523,-16.217299,seed88412.png
-19.155252,12.009508,seed88413.png
23.130508,14.070998,seed88414.png
-24.28814,7.665083,seed88415.png
9.997873,-5.3306932,seed88416.png
15.408731,20.74551,seed88417.png
14.076895,-22.098063,seed88418.png
-14.291074,-11.831303,seed88419.png
38.550774,6.677424,seed8842.png
8.598035,-32.7582,seed88420.png
-22.677746,14.002782,seed88421.png
20.706612,2.6344347,seed88422.png
18.9244,16.14144,seed88423.png
-30.3017,12.337015,seed88424.png
-3.9151344,-1.4248453,seed88425.png
-14.469729,5.0743413,seed88426.png
5.186666,-7.88076,seed88427.png
-24.603674,10.82532,seed88428.png
34.407623,10.38201,seed88429.png
-6.3644977,5.8872004,seed8843.png
3.959349,17.088333,seed88430.png
7.919803,2.0509436,seed88431.png
1.528581,7.223199,seed88432.png
-34.720085,7.949813,seed88433.png
12.807957,13.193722,seed88434.png
14.712316,22.134588,seed88435.png
21.61474,13.520517,seed88436.png
-20.232723,7.107393,seed88437.png
28.062494,12.17056,seed88438.png
7.831339,-36.600986,seed88439.png
1.952442,-27.007664,seed8844.png
33.084034,19.028831,seed88440.png
-15.614864,4.602664,seed88441.png
-26.374811,-2.868836,seed88442.png
-19.854998,-25.292454,seed88443.png
-12.661047,-13.832368,seed88444.png
-16.887339,-11.375451,seed88445.png
36.334026,13.357018,seed88446.png
-19.527311,-31.293604,seed88447.png
-19.944359,-4.259112,seed88448.png
7.1449313,13.192551,seed88449.png
38.69778,6.27767,seed8845.png
-14.16044,-26.69745,seed88450.png
6.170349,20.151863,seed88451.png
-36.268333,-5.3720407,seed88452.png
8.257569,-29.479124,seed88453.png
11.438697,19.040247,seed88454.png
7.70998,8.147456,seed88455.png
-19.544712,-26.49492,seed88456.png
-9.4204855,-21.070076,seed88457.png
13.443687,-6.1508822,seed88458.png
35.910744,27.906008,seed88459.png
14.041849,-3.6409972,seed8846.png
-8.413331,-4.586566,seed88460.png
-29.514456,5.524859,seed88461.png
8.670675,16.129898,seed88462.png
3.3288927,10.872593,seed88463.png
-29.798588,-2.308209,seed88464.png
5.4157934,-32.69321,seed88465.png
28.319773,0.9537228,seed88466.png
15.301235,17.434122,seed88467.png
-26.38355,-4.3409357,seed88468.png
29.683115,26.3171,seed88469.png
-23.55529,6.2415295,seed8847.png
3.6278696,23.546465,seed88470.png
-15.364588,-28.55747,seed88471.png
7.304087,-29.556667,seed88472.png
-30.601269,21.694645,seed88473.png
-28.030542,19.953377,seed88474.png
-33.81799,23.525667,seed88475.png
-23.52179,-8.909067,seed88476.png
12.655904,-21.60353,seed88477.png
15.020973,-2.2291675,seed88478.png
10.35647,2.186716,seed88479.png
-20.066898,-30.425184,seed8848.png
28.846323,12.778372,seed88480.png
-27.00439,-1.3775328,seed88481.png
-18.647852,6.165526,seed88482.png
-18.851904,-21.145563,seed88483.png
29.27372,7.988729,seed88484.png
34.14162,18.103798,seed88485.png
-33.344666,-2.82104,seed88486.png
-21.828896,11.676292,seed88487.png
-21.566727,-24.445225,seed88488.png
13.624485,-32.190083,seed88489.png
18.182116,11.248615,seed8849.png
29.091547,15.365109,seed88490.png
18.74421,12.99328,seed88491.png
20.085226,4.5367355,seed88492.png
3.1019135,-11.253662,seed88493.png
-1.3900101,13.878541,seed88494.png
13.971964,-40.164684,seed88495.png
-32.198006,21.620174,seed88496.png
5.5276237,11.834763,seed88497.png
39.352486,23.984415,seed88498.png
-29.988106,-16.946495,seed88499.png
-25.958061,-15.103038,seed8850.png
-21.96306,10.94697,seed88500.png
-15.455272,-20.604876,seed88501.png
-22.62769,2.0605443,seed88502.png
11.862425,24.695875,seed88503.png
-10.597912,12.611448,seed88504.png
19.872211,2.198741,seed88505.png
-20.47275,-5.9096913,seed88506.png
14.739994,3.163354,seed88507.png
-24.991465,-2.269348,seed88508.png
-8.34906,0.77446574,seed88509.png
40.468502,17.224241,seed8851.png
-29.59432,-3.3072643,seed88510.png
9.594986,-40.740704,seed88511.png
9.245814,-1.9358872,seed88512.png
-22.602476,5.868483,seed88513.png
-6.9236174,10.323912,seed88514.png
15.059333,-29.873684,seed88515.png
16.20964,13.442507,seed88516.png
16.390158,-9.314053,seed88517.png
-20.61857,7.0638275,seed88518.png
-10.668966,-23.303637,seed88519.png
-29.122395,14.373178,seed8852.png
9.57372,28.945448,seed88520.png
22.591215,22.337898,seed88521.png
-29.79934,-3.7035747,seed88522.png
-34.77673,-1.8301886,seed88523.png
30.055328,28.132029,seed88524.png
19.013605,2.3072653,seed88525.png
-30.743029,12.39923,seed88526.png
-17.555338,-10.250138,seed88527.png
19.733898,-0.5712489,seed88528.png
9.602792,28.840298,seed88529.png
22.756989,5.1280437,seed8853.png
14.735451,-35.09055,seed88530.png
-21.940891,-1.7937467,seed88531.png
24.111122,17.321808,seed88532.png
32.14641,8.765153,seed88533.png
-16.844004,8.869531,seed88534.png
7.7653384,-8.035582,seed88535.png
-19.14105,6.5940385,seed88536.png
30.044548,25.858862,seed88537.png
-15.924221,-7.9504786,seed88538.png
35.87109,7.2087374,seed88539.png
-27.095926,9.498284,seed8854.png
-28.859627,18.625513,seed88540.png
-32.123676,21.716042,seed88541.png
8.388328,-32.25654,seed88542.png
0.48232618,-16.489065,seed88543.png
-25.232727,1.0927179,seed88544.png
6.081476,21.776102,seed88545.png
-13.051619,-13.0329275,seed88546.png
-9.1825695,-3.3680894,seed88547.png
-2.6319897,-12.135172,seed88548.png
-29.11709,-13.1104965,seed88549.png
-11.663047,1.00311,seed8855.png
-26.048561,-4.166073,seed88550.png
-12.783531,-8.619068,seed88551.png
-27.32254,-8.020939,seed88552.png
12.741635,-30.284481,seed88553.png
-25.481783,15.281379,seed88554.png
-7.6050076,11.008772,seed88555.png
0.6788905,22.821579,seed88556.png
6.072385,-29.329672,seed88557.png
-33.240852,26.268793,seed88558.png
-20.908098,-15.054581,seed88559.png
13.092938,17.920568,seed8856.png
22.937832,6.0874724,seed88560.png
-18.002285,-15.065302,seed88561.png
-20.240314,-0.29874042,seed88562.png
11.54889,-42.46985,seed88563.png
-24.891796,12.839859,seed88564.png
-25.22612,-10.329042,seed88565.png
25.029514,18.144173,seed88566.png
40.649548,19.286467,seed88567.png
-1.7497361,19.542204,seed88568.png
-15.096189,-31.849049,seed88569.png
10.080893,7.306154,seed8857.png
-9.632886,-16.111244,seed88570.png
2.2308903,19.555262,seed88571.png
37.051666,13.085837,seed88572.png
-33.934967,-2.0523648,seed88573.png
38.551094,24.607853,seed88574.png
5.598806,-38.15281,seed88575.png
4.9701934,21.711676,seed88576.png
-14.513641,-7.1395006,seed88577.png
39.80446,18.891981,seed88578.png
2.0782285,17.265324,seed88579.png
-15.137042,-28.5856,seed8858.png
8.189518,-34.830677,seed88580.png
21.334108,5.1176505,seed88581.png
-2.756889,2.6871102,seed88582.png
-22.856474,-7.0137095,seed88583.png
-13.8158455,-17.191721,seed88584.png
12.737466,-39.96694,seed88585.png
-27.088251,15.005547,seed88586.png
-1.5737983,20.850304,seed88587.png
3.2469625,-25.142654,seed88588.png
-24.868406,10.001957,seed88589.png
30.94856,26.430424,seed8859.png
-22.885069,-16.84201,seed88590.png
-32.456264,24.786303,seed88591.png
20.00329,14.484377,seed88592.png
-14.022721,-3.1397321,seed88593.png
25.74303,8.5543,seed88594.png
3.7054307,-34.23261,seed88595.png
-21.324583,17.853796,seed88596.png
12.228215,10.787346,seed88597.png
-25.942156,13.615461,seed88598.png
-26.560009,-9.881539,seed88599.png
-16.967722,-27.254225,seed8860.png
-24.108473,10.162404,seed88600.png
29.413723,5.1523514,seed88601.png
18.112497,-2.3674977,seed88602.png
-26.980915,15.614682,seed88603.png
24.837204,12.152453,seed88604.png
-0.9248105,-27.048954,seed88605.png
27.410461,9.750479,seed88606.png
32.458866,10.617251,seed88607.png
-11.887835,-1.9191501,seed88608.png
-25.905413,-21.073723,seed88609.png
-19.461027,9.623516,seed8861.png
33.176083,8.98629,seed88610.png
22.488317,16.462433,seed88611.png
19.554188,2.9884653,seed88612.png
36.122593,7.6782794,seed88613.png
-3.6338809,-16.404417,seed88614.png
-34.31663,-4.4171686,seed88615.png
-22.643784,-23.883211,seed88616.png
-17.547514,-26.93232,seed88617.png
-2.1172485,8.699445,seed88618.png
11.136427,25.949074,seed88619.png
-27.89065,-9.383524,seed8862.png
-11.849098,-12.173357,seed88620.png
9.424306,-5.4837403,seed88621.png
39.607582,26.314053,seed88622.png
0.7417481,17.992102,seed88623.png
-27.82428,-20.269533,seed88624.png
1.8540742,2.49081,seed88625.png
-8.939144,-22.023767,seed88626.png
25.473328,13.82425,seed88627.png
24.274364,15.893117,seed88628.png
-13.192735,-2.6036742,seed88629.png
6.1253247,-4.4242854,seed8863.png
5.914318,6.760912,seed88630.png
9.776379,-39.952644,seed88631.png
24.96308,26.536322,seed88632.png
-37.73087,14.308015,seed88633.png
23.635862,18.618065,seed88634.png
-34.288395,22.342869,seed88635.png
13.968561,23.083359,seed88636.png
15.14122,-3.4747732,seed88637.png
-34.307167,-4.301,seed88638.png
-24.784662,3.5666625,seed88639.png
22.380049,23.446905,seed8864.png
37.79514,23.807093,seed88640.png
16.876406,-31.932674,seed88641.png
7.255168,13.76377,seed88642.png
19.993704,-0.5205725,seed88643.png
-5.3838444,-0.98741204,seed88644.png
14.485467,-30.69056,seed88645.png
13.575716,-35.223446,seed88646.png
-33.01753,4.0517054,seed88647.png
-14.265734,-1.406237,seed88648.png
35.60894,26.732227,seed88649.png
-34.203117,22.928482,seed8865.png
36.9548,22.160372,seed88650.png
-28.11858,14.980528,seed88651.png
-30.212328,12.502572,seed88652.png
-9.951863,-12.077826,seed88653.png
-15.456353,-14.740343,seed88654.png
39.28048,24.305975,seed88655.png
14.647893,-35.973484,seed88656.png
-17.456789,-21.92239,seed88657.png
4.229164,22.793175,seed88658.png
-17.24298,-8.50854,seed88659.png
-13.04542,-26.428509,seed8866.png
-5.460517,-24.148413,seed88660.png
-22.894768,-9.036801,seed88661.png
-33.208836,-3.984266,seed88662.png
31.732069,15.998326,seed88663.png
-32.800343,16.20037,seed88664.png
3.9009984,10.856044,seed88665.png
11.166782,3.973086,seed88666.png
25.841133,17.715979,seed88667.png
15.744237,16.302376,seed88668.png
36.247326,20.988691,seed88669.png
-23.485535,2.0460083,seed8867.png
14.6708765,12.607237,seed88670.png
-2.9483032,-15.709972,seed88671.png
-7.014695,-4.0093045,seed88672.png
-17.237406,-14.267096,seed88673.png
34.992664,22.647213,seed88674.png
3.367993,17.253475,seed88675.png
18.742455,-0.91675895,seed88676.png
-26.053307,-11.697891,seed88677.png
-6.9389386,3.3008435,seed88678.png
15.783113,18.133984,seed88679.png
2.3860946,-5.1922226,seed8868.png
-23.263626,-24.99654,seed88680.png
-25.811686,-3.5869086,seed88681.png
27.86314,23.39094,seed88682.png
-2.1930265,23.792824,seed88683.png
30.673584,22.740702,seed88684.png
-8.387352,-17.703156,seed88685.png
5.7139096,10.903423,seed88686.png
-13.70833,-24.689348,seed88687.png
-6.1198835,3.8150804,seed88688.png
4.629238,-36.475662,seed88689.png
-33.72362,21.178085,seed8869.png
-29.9409,5.3203173,seed88690.png
30.459148,20.195955,seed88691.png
-17.982573,-23.8806,seed88692.png
-14.710365,-23.800087,seed88693.png
24.152782,19.754797,seed88694.png
-21.255207,-13.096439,seed88695.png
-18.458149,-19.620872,seed88696.png
20.197334,-2.5568204,seed88697.png
-13.202686,-12.869579,seed88698.png
-31.520761,8.210781,seed88699.png
3.0710502,-4.7711716,seed8870.png
23.549208,2.8817596,seed88700.png
22.736422,8.717106,seed88701.png
3.4919467,1.6556292,seed88702.png
-28.457825,3.5146472,seed88703.png
38.186375,16.745663,seed88704.png
33.3606,25.226149,seed88705.png
18.775724,-7.875116,seed88706.png
3.9719849,12.309788,seed88707.png
-15.890441,-11.207809,seed88708.png
35.486965,23.459982,seed88709.png
-17.734665,-16.454533,seed8871.png
5.837396,-28.379541,seed88710.png
33.49908,10.769413,seed88711.png
19.254646,8.489986,seed88712.png
8.228582,-37.802223,seed88713.png
31.4623,4.853011,seed88714.png
-28.322712,9.00345,seed88715.png
7.5035996,-33.325092,seed88716.png
36.052944,16.13293,seed88717.png
-13.958771,2.6231549,seed88718.png
7.232992,-27.553732,seed88719.png
17.56526,16.157143,seed8872.png
15.897529,1.6166638,seed88720.png
8.9850645,-9.434294,seed88721.png
-20.657984,6.8343415,seed88722.png
-2.4555497,21.79189,seed88723.png
36.998642,26.006725,seed88724.png
24.8379,24.336355,seed88725.png
-5.099215,3.9923527,seed88726.png
-25.826231,-1.884506,seed88727.png
-2.6139553,-15.834559,seed88728.png
32.075226,28.017036,seed88729.png
7.1475854,-4.8992386,seed8873.png
12.021229,10.390359,seed88730.png
8.795738,11.401073,seed88731.png
-13.408977,-20.329554,seed88732.png
-26.198954,7.444002,seed88733.png
-17.472935,-23.059473,seed88734.png
-0.66129476,16.796553,seed88735.png
11.630121,14.364474,seed88736.png
-31.73054,6.9741864,seed88737.png
20.519756,-4.8943157,seed88738.png
21.32705,19.158144,seed88739.png
35.220654,9.964333,seed8874.png
-22.464771,1.37027,seed88740.png
38.19313,21.620285,seed88741.png
-23.673485,17.521532,seed88742.png
-6.4229393,-11.938519,seed88743.png
6.1200233,-28.954666,seed88744.png
11.295722,-7.092841,seed88745.png
35.913513,13.509283,seed88746.png
-19.893337,-4.6850157,seed88747.png
10.234089,-30.441416,seed88748.png
38.587288,18.432745,seed88749.png
-18.80839,-2.0114722,seed8875.png
-14.435063,-11.413764,seed88750.png
-10.032895,-17.49837,seed88751.png
2.4598877,13.225155,seed88752.png
-22.001099,-3.9436266,seed88753.png
0.29959524,23.604177,seed88754.png
20.3264,-6.359714,seed88755.png
2.4599879,7.010392,seed88756.png
-21.939262,4.246653,seed88757.png
-23.18279,18.89002,seed88758.png
-20.134232,-14.749532,seed88759.png
14.189772,-33.294624,seed8876.png
23.054432,-5.8408422,seed88760.png
13.228581,-37.383934,seed88761.png
23.041508,13.5702095,seed88762.png
-0.29243916,-0.055709522,seed88763.png
-18.843098,8.548878,seed88764.png
2.2871952,-33.267445,seed88765.png
-17.395618,1.7179699,seed88766.png
21.244694,-3.5999846,seed88767.png
9.099695,-35.363144,seed88768.png
11.746216,-4.181133,seed88769.png
1.058133,16.432362,seed8877.png
11.837264,10.963449,seed88770.png
0.9772537,25.155184,seed88771.png
5.679798,-33.085167,seed88772.png
21.848988,16.248886,seed88773.png
-29.662107,-6.1242228,seed88774.png
11.707696,-5.3836975,seed88775.png
-21.656511,-6.8920455,seed88776.png
-7.5457087,-8.422285,seed88777.png
17.308975,-35.138954,seed88778.png
29.547285,10.792033,seed88779.png
-8.321559,-17.371302,seed8878.png
-30.597977,16.020538,seed88780.png
7.618705,14.156474,seed88781.png
9.135107,18.492376,seed88782.png
10.44609,-28.3928,seed88783.png
-5.5833344,-17.363634,seed88784.png
-34.452785,27.355036,seed88785.png
-28.12412,6.636711,seed88786.png
-30.6063,-8.586127,seed88787.png
-3.2367313,-1.7445222,seed88788.png
29.492222,25.901659,seed88789.png
23.144745,10.535711,seed8879.png
-24.514837,9.93195,seed88790.png
34.316326,4.579355,seed88791.png
-28.667793,17.027601,seed88792.png
-0.7922094,-11.727175,seed88793.png
-10.540686,-20.886784,seed88794.png
-11.34108,-21.911566,seed88795.png
-28.48896,-8.291019,seed88796.png
-17.927177,-25.46904,seed88797.png
38.959705,15.332119,seed88798.png
-9.290107,-7.7803802,seed88799.png
-3.7986453,-16.319374,seed8880.png
21.545633,-3.3178833,seed88800.png
-32.05939,23.762114,seed88801.png
27.502752,-5.4313154,seed88802.png
34.98758,11.820345,seed88803.png
21.340553,-3.668257,seed88804.png
10.715384,16.47061,seed88805.png
28.963604,26.36988,seed88806.png
-17.149794,-4.3134174,seed88807.png
22.721878,17.769125,seed88808.png
-7.8994203,-26.417728,seed88809.png
-28.851007,6.962528,seed8881.png
-9.824789,-5.345545,seed88810.png
21.607395,-2.2285838,seed88811.png
33.38872,26.427153,seed88812.png
7.180203,-6.548846,seed88813.png
5.612066,5.076439,seed88814.png
-18.080795,-16.016382,seed88815.png
5.3239727,-2.9275675,seed88816.png
1.1266266,7.2157764,seed88817.png
13.619341,-35.271824,seed88818.png
-25.614439,-22.051441,seed88819.png
32.481293,26.999352,seed8882.png
15.854801,-35.137527,seed88820.png
11.702738,-2.4977343,seed88821.png
-2.5948386,-17.816334,seed88822.png
15.398485,15.142793,seed88823.png
21.54122,25.441133,seed88824.png
3.3119586,-36.311684,seed88825.png
16.403172,-35.51368,seed88826.png
34.804832,8.557159,seed88827.png
-8.593659,-21.736883,seed88828.png
-33.107517,13.079105,seed88829.png
8.3477955,6.2537756,seed8883.png
35.300194,15.212418,seed88830.png
40.34453,20.060001,seed88831.png
-28.9931,22.757906,seed88832.png
-16.928543,-31.413082,seed88833.png
-13.710764,-10.614774,seed88834.png
-20.217772,0.4363264,seed88835.png
4.3561015,19.380415,seed88836.png
39.0068,18.081179,seed88837.png
-21.469992,15.613677,seed88838.png
-26.613882,-9.6828,seed88839.png
-32.65206,16.735971,seed8884.png
-25.734919,2.9891264,seed88840.png
9.381902,29.465334,seed88841.png
10.871152,-13.609344,seed88842.png
-24.329607,4.8287644,seed88843.png
-23.563154,-24.810913,seed88844.png
18.619345,6.3178883,seed88845.png
-19.887436,-2.6723657,seed88846.png
17.663692,-34.69374,seed88847.png
9.728771,-39.689182,seed88848.png
18.477968,22.403263,seed88849.png
-26.551788,10.582686,seed8885.png
-3.4456732,13.873865,seed88850.png
12.294593,29.610022,seed88851.png
27.460258,15.140016,seed88852.png
-11.045422,-27.035135,seed88853.png
-11.850193,-1.2963686,seed88854.png
-21.338438,19.695154,seed88855.png
-6.579217,-27.852827,seed88856.png
-15.716465,1.7613164,seed88857.png
30.01596,0.6423412,seed88858.png
-16.211912,8.410563,seed88859.png
-19.017405,13.267531,seed8886.png
12.961687,-34.751877,seed88860.png
30.914083,0.80956966,seed88861.png
-16.57993,0.33954418,seed88862.png
8.616803,14.622323,seed88863.png
-32.087387,13.432039,seed88864.png
12.7139635,-26.964401,seed88865.png
-22.269812,17.93584,seed88866.png
10.7408,-1.2173955,seed88867.png
3.7198992,-27.958397,seed88868.png
-31.695099,21.361822,seed88869.png
21.925625,3.127783,seed8887.png
-25.7086,-4.2213917,seed88870.png
2.7519536,20.302565,seed88871.png
15.797816,-36.1658,seed88872.png
4.2855697,-24.817017,seed88873.png
-14.726351,-16.44645,seed88874.png
-18.405811,0.5861535,seed88875.png
-18.827448,11.300846,seed88876.png
-7.758236,-19.468395,seed88877.png
0.16049549,-13.609733,seed88878.png
-27.400644,-12.311333,seed88879.png
31.518465,10.088837,seed8888.png
10.848389,22.453856,seed88880.png
-28.836752,3.830077,seed88881.png
8.288798,3.2403438,seed88882.png
-21.971132,15.310183,seed88883.png
-3.0827413,-17.029476,seed88884.png
12.456807,-32.24769,seed88885.png
9.666963,23.867624,seed88886.png
-16.630442,5.1273417,seed88887.png
36.20029,25.453068,seed88888.png
26.28804,-2.6443694,seed88889.png
-18.868593,-7.8338246,seed8889.png
-19.078966,-18.791842,seed88890.png
11.314078,24.191448,seed88891.png
16.264408,-0.46206546,seed88892.png
11.353238,-23.866137,seed88893.png
10.899932,-3.1851978,seed88894.png
32.48967,16.564848,seed88895.png
12.532726,-36.944355,seed88896.png
-31.485907,3.3524277,seed88897.png
34.11987,6.6545396,seed88898.png
-18.6681,-26.298952,seed88899.png
-25.491045,10.998024,seed8890.png
37.27944,20.081528,seed88900.png
-10.583521,-24.788378,seed88901.png
11.822244,20.992798,seed88902.png
-13.990465,-12.999891,seed88903.png
39.022133,17.476301,seed88904.png
18.787052,26.250885,seed88905.png
16.670898,-9.119002,seed88906.png
13.127341,24.20526,seed88907.png
10.714549,-2.297295,seed88908.png
-4.594079,-11.096143,seed88909.png
13.161482,-14.547551,seed8891.png
10.166382,1.3770491,seed88910.png
-12.279848,0.8766554,seed88911.png
-4.145695,-9.615639,seed88912.png
-17.105843,-10.872661,seed88913.png
7.2538013,-37.31857,seed88914.png
-18.329752,-11.475763,seed88915.png
1.6857685,19.75355,seed88916.png
30.804708,8.511915,seed88917.png
-0.47241816,20.896854,seed88918.png
4.1910677,10.169324,seed88919.png
36.6289,7.5404186,seed8892.png
10.665252,-34.191776,seed88920.png
5.0832267,-37.96406,seed88921.png
6.616724,-36.56116,seed88922.png
12.441887,-25.999434,seed88923.png
-31.130032,-13.356036,seed88924.png
-1.9992969,1.690722,seed88925.png
25.54515,22.410616,seed88926.png
-23.717472,2.7417536,seed88927.png
-25.992617,-11.460166,seed88928.png
-35.329647,1.1338472,seed88929.png
-11.635233,-28.643988,seed8893.png
21.508165,7.543914,seed88930.png
-1.340031,-22.3601,seed88931.png
-8.138619,-12.042982,seed88932.png
-12.935176,5.5055647,seed88933.png
19.566713,-4.0501094,seed88934.png
10.365697,-37.611725,seed88935.png
-13.691537,-19.67269,seed88936.png
-16.383879,-14.779311,seed88937.png
-0.98841447,24.736698,seed88938.png
-24.494635,10.3775215,seed88939.png
7.73019,9.766109,seed8894.png
-29.037779,-20.710836,seed88940.png
-14.087511,4.8080635,seed88941.png
12.027039,18.42576,seed88942.png
-16.63904,-19.552507,seed88943.png
19.112898,23.9575,seed88944.png
4.341412,9.683911,seed88945.png
20.697166,22.119167,seed88946.png
-28.770567,16.173021,seed88947.png
-1.936729,-17.874414,seed88948.png
-15.547069,-8.328141,seed88949.png
-4.333519,-28.020313,seed8895.png
-34.708122,13.556619,seed88950.png
5.486863,-20.739237,seed88951.png
-22.742792,-23.338673,seed88952.png
-14.906893,-16.691196,seed88953.png
-11.962439,-8.120978,seed88954.png
11.751318,-38.997467,seed88955.png
36.353355,24.550682,seed88956.png
-17.693277,-14.875073,seed88957.png
-8.617346,-27.088385,seed88958.png
11.218521,10.0233965,seed88959.png
-15.967035,-13.57063,seed8896.png
-17.808273,-0.55299306,seed88960.png
26.081589,2.934154,seed88961.png
-25.205187,13.868599,seed88962.png
-0.032557715,-18.64019,seed88963.png
-1.4831582,-10.372035,seed88964.png
12.230596,-38.02558,seed88965.png
4.622522,13.662657,seed88966.png
-30.951885,25.721506,seed88967.png
16.17671,13.149752,seed88968.png
-2.4288936,20.534878,seed88969.png
37.814148,20.051678,seed8897.png
-9.53834,-15.929206,seed88970.png
-29.29943,7.2983,seed88971.png
10.701478,-23.252533,seed88972.png
-9.96673,-13.432344,seed88973.png
-13.479904,-28.07822,seed88974.png
-24.670803,-12.300741,seed88975.png
17.78868,5.2495074,seed88976.png
-22.39795,7.233267,seed88977.png
37.742905,8.365285,seed88978.png
8.418907,17.045702,seed88979.png
6.702792,25.108664,seed8898.png
-29.72127,6.324885,seed88980.png
-14.4059515,-8.651403,seed88981.png
12.971913,1.4664571,seed88982.png
-14.985888,-17.373062,seed88983.png
7.369187,7.7498198,seed88984.png
12.538108,15.825652,seed88985.png
-20.721529,12.719375,seed88986.png
-27.317886,6.5294547,seed88987.png
-0.9067861,-16.111725,seed88988.png
20.39819,0.4627357,seed88989.png
5.7916417,-33.890835,seed8899.png
41.723804,13.718449,seed88990.png
-16.38249,-28.016954,seed88991.png
30.041428,27.093346,seed88992.png
-21.42852,19.694866,seed88993.png
31.982904,5.837998,seed88994.png
3.3695967,22.916544,seed88995.png
12.932345,-33.038948,seed88996.png
12.643536,-26.583593,seed88997.png
25.869244,20.150269,seed88998.png
-0.9270117,-1.2322794,seed88999.png
-32.841164,-0.9398135,seed8900.png
6.1385384,-37.011482,seed89000.png
-4.068177,4.377713,seed89001.png
27.373672,16.2376,seed89002.png
18.64864,20.854773,seed89003.png
-15.249856,3.2180312,seed89004.png
-26.604944,-11.719629,seed89005.png
-12.51429,3.139443,seed89006.png
10.490462,-29.092695,seed89007.png
-23.147125,13.541326,seed89008.png
-31.258148,-10.00356,seed89009.png
-27.525427,15.787625,seed8901.png
40.286922,16.21996,seed89010.png
-14.543435,-19.551998,seed89011.png
3.0644667,-5.0476365,seed89012.png
-32.299458,22.491318,seed89013.png
-35.553444,25.287989,seed89014.png
32.18534,26.210806,seed89015.png
-19.196173,-31.449305,seed89016.png
5.880625,9.947701,seed89017.png
22.772194,10.830733,seed89018.png
-31.728506,22.764704,seed89019.png
7.58248,7.53343,seed8902.png
-27.360771,-13.519446,seed89020.png
-29.955906,1.9529107,seed89021.png
26.528358,19.14588,seed89022.png
-32.93519,-2.191926,seed89023.png
-18.046335,-17.013569,seed89024.png
8.51751,23.356781,seed89025.png
-19.658989,-7.5253015,seed89026.png
14.076443,-36.0013,seed89027.png
18.91278,11.235077,seed89028.png
-26.225685,-3.0009532,seed89029.png
16.120602,20.928404,seed8903.png
20.910295,4.3575125,seed89030.png
30.218641,16.69927,seed89031.png
26.82002,-1.559855,seed89032.png
-10.179697,-21.105661,seed89033.png
-20.094778,2.6801777,seed89034.png
-13.389267,-10.313728,seed89035.png
32.123272,18.177942,seed89036.png
24.337513,21.635141,seed89037.png
20.517645,27.022717,seed89038.png
-31.122187,-7.6802,seed89039.png
-22.099442,-15.1905,seed8904.png
-4.610691,2.1648736,seed89040.png
3.4279637,16.429886,seed89041.png
-18.627352,-13.795734,seed89042.png
-32.87439,18.866869,seed89043.png
8.55184,-41.660854,seed89044.png
-20.377338,16.713587,seed89045.png
-37.844322,8.652569,seed89046.png
12.983047,-41.589943,seed89047.png
-2.9556944,-15.368445,seed89048.png
18.566322,-1.417429,seed89049.png
14.902116,23.737085,seed8905.png
14.927724,19.637394,seed89050.png
22.85072,-2.9169273,seed89051.png
7.26788,8.208266,seed89052.png
-12.939521,-30.74271,seed89053.png
9.021031,1.25343,seed89054.png
-22.44854,-0.97241014,seed89055.png
14.116834,-33.75841,seed89056.png
-21.089146,-22.210312,seed89057.png
-21.044926,11.891416,seed89058.png
-25.745558,14.848342,seed89059.png
-32.20128,6.9934707,seed8906.png
12.872216,-39.00206,seed89060.png
13.987175,26.930544,seed89061.png
-25.581743,-17.13356,seed89062.png
36.82266,12.708171,seed89063.png
8.947708,-41.98039,seed89064.png
-34.670143,-6.201012,seed89065.png
-31.945816,16.453386,seed89066.png
-22.276878,10.610407,seed89067.png
19.072426,12.923276,seed89068.png
5.8908224,2.9534433,seed89069.png
-18.742058,1.7754703,seed8907.png
16.212736,19.316362,seed89070.png
18.632734,18.259216,seed89071.png
11.918874,-37.53724,seed89072.png
-17.270409,-22.894285,seed89073.png
-2.532726,-16.20716,seed89074.png
-7.848311,-9.280173,seed89075.png
-31.539959,12.689212,seed89076.png
13.077287,-37.993423,seed89077.png
14.487627,-33.676353,seed89078.png
6.431671,-0.32246342,seed89079.png
-21.520472,-23.184645,seed8908.png
-17.034657,-17.67855,seed89080.png
-29.63045,-2.6475148,seed89081.png
-19.551634,-28.104301,seed89082.png
3.2863638,5.0635905,seed89083.png
-6.8535523,-23.069088,seed89084.png
-29.44241,-15.859946,seed89085.png
-32.079254,11.30227,seed89086.png
-18.902716,3.728352,seed89087.png
13.343477,23.268623,seed89088.png
11.154764,25.291492,seed89089.png
17.363573,6.065181,seed8909.png
-31.056978,21.71822,seed89090.png
26.440615,16.61207,seed89091.png
35.52428,13.526181,seed89092.png
2.2659776,-29.787046,seed89093.png
13.150336,19.480627,seed89094.png
34.482094,24.729801,seed89095.png
32.0933,18.604155,seed89096.png
-19.418415,-4.4725,seed89097.png
-17.529005,6.469342,seed89098.png
-22.689953,14.164891,seed89099.png
-15.149601,0.92437613,seed8910.png
10.828535,-43.471867,seed89100.png
23.605766,18.283249,seed89101.png
7.3766413,-36.111496,seed89102.png
-1.9371419,22.727102,seed89103.png
7.5961356,-0.259903,seed89104.png
17.407389,0.5396077,seed89105.png
32.968925,8.273626,seed89106.png
-14.081773,-7.6954207,seed89107.png
-15.096321,-28.699883,seed89108.png
8.598545,-26.804005,seed89109.png
-5.7450542,2.7740362,seed8911.png
31.2752,11.3904295,seed89110.png
0.70238996,-7.705401,seed89111.png
-23.770727,16.408882,seed89112.png
-26.712,13.664367,seed89113.png
-25.302347,19.692432,seed89114.png
-3.0573401,10.446539,seed89115.png
10.024486,-37.774418,seed89116.png
-22.137577,17.672453,seed89117.png
13.098675,-8.23081,seed89118.png
-20.34221,0.38074163,seed89119.png
36.061108,4.082598,seed8912.png
-21.42454,-23.758068,seed89120.png
37.34698,19.964336,seed89121.png
-24.11546,20.98928,seed89122.png
-38.441814,14.108771,seed89123.png
19.844337,17.939894,seed89124.png
-4.5228724,-17.735348,seed89125.png
37.303963,13.230764,seed89126.png
31.166851,18.361095,seed89127.png
-26.237156,6.539511,seed89128.png
-27.492414,2.942286,seed89129.png
12.644371,14.2775345,seed8913.png
14.429362,-30.742079,seed89130.png
-19.144299,10.5898905,seed89131.png
26.225622,-3.562229,seed89132.png
19.39736,15.329124,seed89133.png
35.458805,2.5720816,seed89134.png
-17.078547,-11.203625,seed89135.png
7.6369133,-2.2322354,seed89136.png
-19.572115,-23.711931,seed89137.png
24.48203,0.29041293,seed89138.png
1.7917013,16.70269,seed89139.png
29.958668,18.131248,seed8914.png
23.297705,-0.093305066,seed89140.png
-24.952286,19.099554,seed89141.png
20.423798,12.087051,seed89142.png
33.101353,9.283911,seed89143.png
21.531094,25.588564,seed89144.png
36.331604,16.600512,seed89145.png
-11.398378,-22.081846,seed89146.png
9.185304,-1.2428985,seed89147.png
-32.942787,21.514109,seed89148.png
4.104865,4.694186,seed89149.png
-18.88824,-22.423267,seed8915.png
-20.708462,-6.0317655,seed89150.png
8.151297,-0.054190867,seed89151.png
-23.454922,11.561453,seed89152.png
35.21472,18.615324,seed89153.png
23.6387,5.3999276,seed89154.png
-3.0725741,10.945155,seed89155.png
-23.237938,-5.550233,seed89156.png
10.002986,-31.276016,seed89157.png
36.09965,9.306333,seed89158.png
-23.179567,-25.39993,seed89159.png
12.303363,-34.230133,seed8916.png
16.240583,20.751562,seed89160.png
-11.309573,-28.477037,seed89161.png
-1.7654415,14.011251,seed89162.png
-20.924301,2.8428762,seed89163.png
20.190409,12.682465,seed89164.png
-16.77869,-12.12093,seed89165.png
23.061348,24.849182,seed89166.png
-5.750025,18.072453,seed89167.png
40.990753,22.661285,seed89168.png
-18.953094,0.90762943,seed89169.png
-27.893604,-10.112607,seed8917.png
6.756551,-24.572447,seed89170.png
12.756794,-3.2906048,seed89171.png
13.399966,5.821953,seed89172.png
-22.05824,-16.797642,seed89173.png
-4.509799,-16.263006,seed89174.png
15.337587,-36.08303,seed89175.png
-0.762599,24.795486,seed89176.png
-22.23225,-8.161071,seed89177.png
0.55533504,-3.7861161,seed89178.png
-37.501747,10.591047,seed89179.png
8.85221,-7.617284,seed8918.png
37.673683,22.79485,seed89180.png
-19.26389,-25.888218,seed89181.png
12.942352,-28.579746,seed89182.png
-24.324991,3.4375918,seed89183.png
-18.804026,-17.440836,seed89184.png
-26.058098,3.9056077,seed89185.png
-15.322832,-19.551132,seed89186.png
-27.577112,2.6882725,seed89187.png
-15.169661,-30.64993,seed89188.png
-19.023117,5.5604515,seed89189.png
24.969973,14.401565,seed8919.png
-10.354806,7.849119,seed89190.png
-23.888515,16.045975,seed89191.png
-35.01166,-8.437505,seed89192.png
-10.998475,-13.159747,seed89193.png
22.749739,15.065729,seed89194.png
10.547795,5.5614614,seed89195.png
34.010033,24.685,seed89196.png
7.3174987,0.30063894,seed89197.png
29.46507,2.477369,seed89198.png
14.805557,-29.263428,seed89199.png
-25.790304,14.635889,seed8920.png
-11.433221,2.1233249,seed89200.png
-19.408081,-7.5360026,seed89201.png
-7.660041,-26.817198,seed89202.png
-30.234661,15.053772,seed89203.png
5.241132,-33.23577,seed89204.png
-8.717784,-14.273807,seed89205.png
-22.801487,8.611766,seed89206.png
-2.4167373,21.682379,seed89207.png
-17.616194,-20.616142,seed89208.png
-19.328203,-16.40957,seed89209.png
-25.614769,-25.91973,seed8921.png
36.48135,12.749621,seed89210.png
-22.851484,-8.069165,seed89211.png
-27.592941,11.19931,seed89212.png
27.613655,16.977528,seed89213.png
-10.90122,-4.5726147,seed89214.png
-24.257998,6.3429055,seed89215.png
-20.551382,-11.034481,seed89216.png
12.839651,21.321562,seed89217.png
17.33975,14.436177,seed89218.png
21.355778,9.656854,seed89219.png
-34.431797,-2.1707706,seed8922.png
21.522984,19.411425,seed89220.png
21.723137,-5.0467844,seed89221.png
26.597387,17.144375,seed89222.png
3.4627995,4.711426,seed89223.png
20.756273,-4.9839516,seed89224.png
16.679342,8.116019,seed89225.png
17.474747,21.07964,seed89226.png
10.695609,-21.975018,seed89227.png
31.114365,14.709738,seed89228.png
-16.320421,-17.238718,seed89229.png
10.222953,-29.29173,seed8923.png
-1.4768456,19.065807,seed89230.png
-9.869904,-4.6303144,seed89231.png
-29.15673,-8.111462,seed89232.png
-12.513575,-16.153353,seed89233.png
16.705708,-1.0331151,seed89234.png
-33.982468,20.098219,seed89235.png
35.95622,6.37732,seed89236.png
-29.3076,-12.334156,seed89237.png
22.531181,11.401944,seed89238.png
0.061370015,-14.776053,seed89239.png
-21.314013,-22.56966,seed8924.png
16.649939,-35.73885,seed89240.png
29.307821,19.137238,seed89241.png
-21.584534,-11.893626,seed89242.png
-7.907444,11.106942,seed89243.png
15.2336,-34.25843,seed89244.png
-18.450256,-3.85443,seed89245.png
32.907597,21.897612,seed89246.png
3.9708414,-21.40083,seed89247.png
-33.230537,23.624556,seed89248.png
7.764257,0.97798973,seed89249.png
3.9240713,5.8528576,seed8925.png
-0.032558702,23.381779,seed89250.png
-21.107233,12.67048,seed89251.png
-20.788292,16.891272,seed89252.png
-14.005687,-7.1434975,seed89253.png
-27.526955,15.115579,seed89254.png
24.288805,12.586519,seed89255.png
36.792553,9.460584,seed89256.png
-26.70485,-5.7894244,seed89257.png
-14.747363,-23.362837,seed89258.png
4.8754315,-6.062722,seed89259.png
-37.84761,21.064047,seed8926.png
8.000699,22.696724,seed89260.png
38.802372,9.066472,seed89261.png
14.220282,21.76536,seed89262.png
10.784286,-27.497572,seed89263.png
8.958639,-5.8932447,seed89264.png
3.173718,-31.244322,seed89265.png
-16.399502,-19.5566,seed89266.png
-36.384754,17.759079,seed89267.png
29.312168,12.02628,seed89268.png
-20.17932,-20.647797,seed89269.png
1.6983345,13.821677,seed8927.png
12.224988,2.4369104,seed89270.png
17.776777,20.998062,seed89271.png
-12.335265,3.0573757,seed89272.png
-32.023228,-14.877058,seed89273.png
30.937185,13.26318,seed89274.png
35.445496,18.468712,seed89275.png
5.316278,-26.979156,seed89276.png
-32.098095,24.296165,seed89277.png
7.9495277,16.384695,seed89278.png
6.827115,11.510037,seed89279.png
0.21687654,0.2630877,seed8928.png
-18.032639,-2.6729527,seed89280.png
5.304033,16.842258,seed89281.png
-1.3087466,-16.850084,seed89282.png
2.6573658,23.584887,seed89283.png
12.992364,12.502384,seed89284.png
1.0509787,16.667519,seed89285.png
-36.74971,26.323547,seed89286.png
-23.736923,-25.441307,seed89287.png
-18.748308,-15.541226,seed89288.png
-10.296589,-10.156118,seed89289.png
-25.954172,-2.4479482,seed8929.png
-30.159039,-15.511322,seed89290.png
29.737198,8.735402,seed89291.png
-31.818897,18.995039,seed89292.png
-7.2285404,-15.193459,seed89293.png
38.66236,17.572836,seed89294.png
-6.690555,-16.653566,seed89295.png
21.579208,4.111166,seed89296.png
-3.4254806,16.264961,seed89297.png
12.333276,15.60659,seed89298.png
-17.429012,-19.343082,seed89299.png
11.058235,-37.053112,seed8930.png
4.1790323,-34.77775,seed89300.png
-11.135701,-9.690682,seed89301.png
39.094822,21.726738,seed89302.png
-27.455278,17.928724,seed89303.png
-20.448889,-21.336111,seed89304.png
12.191339,2.839539,seed89305.png
1.0957693,19.6004,seed89306.png
10.472018,-3.6643507,seed89307.png
23.164347,2.0101578,seed89308.png
-5.9275646,-6.0228195,seed89309.png
-23.854883,21.326729,seed8931.png
12.588981,-25.924833,seed89310.png
8.346243,-29.913868,seed89311.png
1.4000468,18.337132,seed89312.png
17.252642,-35.251343,seed89313.png
34.082462,16.930367,seed89314.png
-9.401522,-12.329921,seed89315.png
9.827024,-39.61284,seed89316.png
16.6255,17.43152,seed89317.png
13.787189,-31.384005,seed89318.png
-17.130764,-26.452705,seed89319.png
36.71691,8.780037,seed8932.png
-19.078245,-4.0933313,seed89320.png
16.063812,18.862062,seed89321.png
33.35956,17.018543,seed89322.png
-26.413506,12.5963125,seed89323.png
-22.573137,11.924305,seed89324.png
11.814899,4.1587124,seed89325.png
6.531055,6.2700796,seed89326.png
28.780306,24.83039,seed89327.png
-24.890299,-13.120883,seed89328.png
24.308067,14.665958,seed89329.png
19.986874,-1.2289588,seed8933.png
-34.269485,-3.4033623,seed89330.png
-37.313263,22.867212,seed89331.png
16.502304,-34.89514,seed89332.png
27.818237,14.189383,seed89333.png
-11.043385,-21.34284,seed89334.png
15.871781,-2.2993193,seed89335.png
-13.175945,-9.340545,seed89336.png
-10.541591,8.153067,seed89337.png
4.377989,-28.491335,seed89338.png
11.864094,-40.868095,seed89339.png
13.039728,-37.20385,seed8934.png
19.9758,22.834684,seed89340.png
26.255861,14.5116415,seed89341.png
20.297092,16.241404,seed89342.png
-20.859196,-5.6603374,seed89343.png
-31.938232,6.367176,seed89344.png
-22.925333,-1.6696001,seed89345.png
-26.493292,5.0222993,seed89346.png
-30.084934,19.5008,seed89347.png
-18.91972,-5.632215,seed89348.png
-21.984735,-25.972723,seed89349.png
15.138834,-33.39447,seed8935.png
-32.845814,15.594571,seed89350.png
-11.12156,5.8284163,seed89351.png
1.0037475,-3.8979373,seed89352.png
-20.27269,-9.474297,seed89353.png
12.769071,-22.595877,seed89354.png
32.42118,28.303568,seed89355.png
-37.722885,5.4394274,seed89356.png
-23.796154,-18.172884,seed89357.png
-28.864014,-9.534426,seed89358.png
-22.607393,-25.98926,seed89359.png
-30.411434,19.816967,seed8936.png
10.834544,-10.427369,seed89360.png
39.382256,21.163836,seed89361.png
-1.6206533,9.490739,seed89362.png
-14.4753895,-31.253565,seed89363.png
25.836538,18.09488,seed89364.png
-26.283895,-10.963908,seed89365.png
12.072166,-29.541508,seed89366.png
-29.505486,13.225148,seed89367.png
-30.799374,18.203142,seed89368.png
-15.724614,-23.520126,seed89369.png
21.882038,24.763783,seed8937.png
-20.957499,-28.777971,seed89370.png
-19.45309,-5.7841988,seed89371.png
11.978287,21.280155,seed89372.png
5.2581334,-30.026115,seed89373.png
19.285011,-4.909799,seed89374.png
8.99142,5.702991,seed89375.png
36.698997,19.960848,seed89376.png
-20.45275,-3.4413273,seed89377.png
-30.721796,-11.187403,seed89378.png
-6.0443263,-2.7274377,seed89379.png
19.506033,18.253252,seed8938.png
22.020058,27.333057,seed89380.png
16.398958,-9.237615,seed89381.png
22.04849,3.2644885,seed89382.png
-13.259143,-29.192816,seed89383.png
-30.807526,22.126312,seed89384.png
22.723667,19.945557,seed89385.png
11.023641,-23.192408,seed89386.png
37.168907,17.070127,seed89387.png
2.3059933,24.718891,seed89388.png
-26.265661,-5.209203,seed89389.png
-13.330091,-10.313112,seed8939.png
20.32396,6.175709,seed89390.png
41.243923,19.503098,seed89391.png
1.565156,16.244774,seed89392.png
36.244606,21.606174,seed89393.png
34.178333,1.6252253,seed89394.png
-38.35611,14.238878,seed89395.png
12.804033,-38.820976,seed89396.png
15.92455,18.59363,seed89397.png
-23.121614,5.0851135,seed89398.png
-24.946224,-11.86577,seed89399.png
-0.40232787,-18.061693,seed8940.png
10.612627,0.4281163,seed89400.png
31.805649,27.445019,seed89401.png
-13.6521845,-18.491217,seed89402.png
11.908964,-22.141804,seed89403.png
7.648742,-37.670387,seed89404.png
14.068093,-28.49008,seed89405.png
-26.57729,10.64317,seed89406.png
21.717882,20.064373,seed89407.png
15.599054,6.421191,seed89408.png
22.011013,23.429035,seed89409.png
-1.0155332,17.180044,seed8941.png
-20.8209,-5.322681,seed89410.png
16.126196,-13.022428,seed89411.png
6.3691673,-6.871185,seed89412.png
9.044292,20.76199,seed89413.png
14.701241,-37.511234,seed89414.png
10.61556,-5.581727,seed89415.png
6.481934,3.871343,seed89416.png
3.8233557,4.105142,seed89417.png
25.360313,-2.1344383,seed89418.png
22.547997,20.123148,seed89419.png
12.266662,-41.668434,seed8942.png
14.035689,5.5687275,seed89420.png
37.571842,22.01746,seed89421.png
26.36078,10.308565,seed89422.png
-36.235107,18.028103,seed89423.png
-37.183502,14.740386,seed89424.png
12.93637,22.777754,seed89425.png
-21.506804,3.421027,seed89426.png
8.4286995,-33.942944,seed89427.png
-22.053356,-7.7588577,seed89428.png
-22.94529,-9.289198,seed89429.png
-26.028622,-14.275197,seed8943.png
22.27379,-3.9593494,seed89430.png
-15.376155,-10.423698,seed89431.png
-31.720982,22.525883,seed89432.png
36.73876,22.05699,seed89433.png
25.22918,1.441087,seed89434.png
-14.066869,-28.904894,seed89435.png
22.592554,1.7349292,seed89436.png
14.352291,-38.966568,seed89437.png
9.293153,29.37323,seed89438.png
-18.878544,-15.968212,seed89439.png
31.815973,25.684181,seed8944.png
12.69864,20.589285,seed89440.png
13.264778,6.097046,seed89441.png
-29.349997,-13.8144045,seed89442.png
-13.029989,-9.481108,seed89443.png
36.34082,5.730257,seed89444.png
-21.34805,7.409167,seed89445.png
-32.61744,26.075714,seed89446.png
25.774338,16.420097,seed89447.png
8.9409,0.39547148,seed89448.png
7.731924,-30.9348,seed89449.png
37.45342,19.390572,seed8945.png
-30.403503,15.512547,seed89450.png
-22.798803,-21.4033,seed89451.png
22.692427,10.0661545,seed89452.png
-22.792126,-0.8573037,seed89453.png
-14.087966,-9.161046,seed89454.png
24.181942,2.0760717,seed89455.png
7.7038326,-35.032406,seed89456.png
-17.890984,-13.935351,seed89457.png
29.74915,26.154253,seed89458.png
2.2925215,9.42789,seed89459.png
31.218382,22.826471,seed8946.png
-29.904331,22.190638,seed89460.png
27.866056,27.716356,seed89461.png
1.238691,-16.43675,seed89462.png
26.184565,13.968879,seed89463.png
-15.345955,-25.120205,seed89464.png
-26.424034,11.182862,seed89465.png
-31.192667,0.97714907,seed89466.png
35.216377,26.255816,seed89467.png
-33.830498,13.213213,seed89468.png
-1.2060375,24.655464,seed89469.png
-1.8185859,16.672161,seed8947.png
-35.892487,1.2502439,seed89470.png
1.1413105,13.093109,seed89471.png
25.270445,13.188362,seed89472.png
3.7550623,-1.6493421,seed89473.png
10.674863,-28.245445,seed89474.png
5.6854944,-1.7221242,seed89475.png
-3.3752882,11.246223,seed89476.png
11.509542,-34.84568,seed89477.png
10.680287,20.294632,seed89478.png
0.861386,14.62309,seed89479.png
-21.431639,19.761543,seed8948.png
35.20836,19.929934,seed89480.png
21.25499,10.156855,seed89481.png
17.776749,-1.8465909,seed89482.png
-11.569275,-10.300822,seed89483.png
3.42386,-4.286804,seed89484.png
-22.35072,13.9958515,seed89485.png
28.07283,3.104525,seed89486.png
38.3524,23.960571,seed89487.png
-29.869694,11.977496,seed89488.png
28.87606,27.914286,seed89489.png
-25.161304,15.162274,seed8949.png
-28.770206,-16.657948,seed89490.png
-33.42046,14.018867,seed89491.png
-2.152578,23.838997,seed89492.png
25.216578,9.154303,seed89493.png
26.257025,-2.781232,seed89494.png
38.452057,25.205463,seed89495.png
15.7834015,25.121763,seed89496.png
-17.648336,-16.37575,seed89497.png
2.9994442,20.955547,seed89498.png
15.64455,1.348071,seed89499.png
-26.137949,17.895927,seed8950.png
-27.780466,-17.596775,seed89500.png
-11.279913,-9.794241,seed89501.png
-32.92905,-7.417412,seed89502.png
-16.191313,-14.451514,seed89503.png
3.5799785,-1.5017446,seed89504.png
8.089099,-22.823328,seed89505.png
-19.590258,17.862444,seed89506.png
2.5554304,18.296682,seed89507.png
17.648355,-31.320555,seed89508.png
6.7917557,-27.76229,seed89509.png
-1.012855,-17.21214,seed8951.png
14.607779,-21.048428,seed89510.png
-11.928487,-16.64159,seed89511.png
18.276329,-5.749741,seed89512.png
10.627377,-29.604507,seed89513.png
3.6100237,-1.1855904,seed89514.png
-19.333937,5.3411493,seed89515.png
23.630707,2.3762481,seed89516.png
-13.8714905,-0.41445133,seed89517.png
-29.47214,16.162134,seed89518.png
-7.4243317,-16.333464,seed89519.png
-21.356915,-13.872373,seed8952.png
-13.786288,-29.039888,seed89520.png
-3.5020268,-5.1065903,seed89521.png
-21.969406,-18.816013,seed89522.png
-33.54225,22.583601,seed89523.png
-9.567521,-3.6790113,seed89524.png
-32.341137,15.754423,seed89525.png
-13.444935,-10.799134,seed89526.png
8.9180355,-23.847971,seed89527.png
-23.123652,17.026644,seed89528.png
-18.83797,-1.4931024,seed89529.png
15.432285,6.561266,seed8953.png
-12.140387,-15.155255,seed89530.png
12.639767,0.12724458,seed89531.png
20.119534,-1.4673938,seed89532.png
25.008211,19.976294,seed89533.png
1.0352991,-11.962343,seed89534.png
28.907394,26.649576,seed89535.png
-29.86706,2.9647312,seed89536.png
32.237934,25.163105,seed89537.png
-23.405054,-12.374462,seed89538.png
-26.384546,3.2718558,seed89539.png
13.035534,-36.37234,seed8954.png
-0.5385951,18.81367,seed89540.png
-15.640459,-16.343763,seed89541.png
-33.224133,-5.492528,seed89542.png
5.3491764,-3.7913334,seed89543.png
14.738412,0.53767246,seed89544.png
-33.498592,7.6227846,seed89545.png
0.9735285,-16.083757,seed89546.png
-11.4816885,-11.420594,seed89547.png
-30.284845,-0.8760607,seed89548.png
-12.61813,-31.705528,seed89549.png
28.56653,19.143005,seed8955.png
-19.7852,-11.042315,seed89550.png
-17.901566,-14.230205,seed89551.png
-18.418613,-4.2985783,seed89552.png
5.614043,7.6473465,seed89553.png
6.318121,-39.55129,seed89554.png
-31.26173,-4.3365903,seed89555.png
-1.6452107,-10.755048,seed89556.png
7.560292,-31.051743,seed89557.png
-19.165464,-7.3827004,seed89558.png
-33.19433,4.1606717,seed89559.png
2.3395302,14.763053,seed8956.png
-25.395033,4.054557,seed89560.png
17.590155,14.233447,seed89561.png
-0.24954487,24.247364,seed89562.png
10.676016,-42.4901,seed89563.png
34.61102,26.882647,seed89564.png
5.0950227,19.138535,seed89565.png
-19.030596,-12.111488,seed89566.png
22.5421,-3.8411639,seed89567.png
-33.167866,-2.8085742,seed89568.png
-23.722271,2.08702,seed89569.png
26.859247,14.6461315,seed8957.png
5.324434,-29.239637,seed89570.png
-36.064026,12.062111,seed89571.png
18.472584,-4.635186,seed89572.png
15.836179,-1.7517558,seed89573.png
-5.3413506,5.1366463,seed89574.png
-29.722542,4.175149,seed89575.png
34.302322,11.8620405,seed89576.png
12.556006,-42.053936,seed89577.png
21.83738,16.864594,seed89578.png
11.398841,-38.59151,seed89579.png
-29.484892,-3.7324471,seed8958.png
-24.46336,-0.5848142,seed89580.png
15.045647,-7.136637,seed89581.png
7.491432,-36.343487,seed89582.png
-28.747023,15.898075,seed89583.png
15.953346,24.520794,seed89584.png
37.01616,23.447817,seed89585.png
6.5142884,-27.37507,seed89586.png
39.5837,22.961956,seed89587.png
-7.598163,-26.317194,seed89588.png
7.0000253,-17.995121,seed89589.png
22.079166,-3.8002183,seed8959.png
22.308256,-7.829959,seed89590.png
11.700186,-39.108665,seed89591.png
27.421385,9.639882,seed89592.png
-25.671568,-8.24646,seed89593.png
39.45923,19.633518,seed89594.png
-19.021957,-3.5438073,seed89595.png
21.370054,-6.830166,seed89596.png
13.631121,-39.59759,seed89597.png
-5.004624,8.121844,seed89598.png
6.923293,5.028593,seed89599.png
38.02979,22.76312,seed8960.png
-16.716614,1.8104923,seed89600.png
-21.248283,5.6566854,seed89601.png
31.791994,26.816868,seed89602.png
-20.856369,-14.339796,seed89603.png
-16.051697,-27.044275,seed89604.png
13.629201,14.423197,seed89605.png
4.115651,0.9248293,seed89606.png
30.605408,17.548395,seed89607.png
22.615408,-5.970771,seed89608.png
-8.885896,-0.74301946,seed89609.png
27.760735,4.520018,seed8961.png
-18.590725,-3.4970062,seed89610.png
-21.446297,-30.497614,seed89611.png
-21.491634,-27.016535,seed89612.png
-11.6981735,-19.425777,seed89613.png
-18.334036,0.7730055,seed89614.png
-12.874862,-4.632033,seed89615.png
38.387638,16.71382,seed89616.png
9.157815,1.1788045,seed89617.png
16.079762,11.330891,seed89618.png
1.7974452,-3.205715,seed89619.png
21.825487,-0.52929085,seed8962.png
-0.4241889,-16.252754,seed89620.png
-19.133139,-0.9271741,seed89621.png
0.8542031,18.149378,seed89622.png
6.8811536,-36.85484,seed89623.png
-10.064158,-3.9087002,seed89624.png
38.588516,16.325287,seed89625.png
-19.18005,-24.577888,seed89626.png
11.245401,19.907036,seed89627.png
-12.761074,-11.7660675,seed89628.png
-23.54408,1.8870432,seed89629.png
10.398803,-1.8643899,seed8963.png
-24.47877,-8.705724,seed89630.png
-14.396343,-22.056358,seed89631.png
-12.266652,-2.4456613,seed89632.png
-21.505304,15.013452,seed89633.png
-17.39345,-15.447884,seed89634.png
24.86552,26.009409,seed89635.png
18.270414,21.947094,seed89636.png
12.0328865,-7.7937846,seed89637.png
-31.569138,12.548328,seed89638.png
-31.663494,-15.189618,seed89639.png
1.6059797,-0.80450726,seed8964.png
18.870743,-5.4551835,seed89640.png
32.1674,16.221523,seed89641.png
21.311628,-0.109196745,seed89642.png
20.368351,26.716444,seed89643.png
-23.209229,-23.20667,seed89644.png
30.459454,26.068733,seed89645.png
14.026846,-34.256954,seed89646.png
-18.923197,1.0735313,seed89647.png
16.85419,-1.2884053,seed89648.png
8.375006,18.911774,seed89649.png
9.451679,-26.69249,seed8965.png
9.454318,-28.760622,seed89650.png
-25.905958,-7.249543,seed89651.png
31.373339,9.500952,seed89652.png
7.4732714,-28.375727,seed89653.png
11.123382,-39.41051,seed89654.png
26.742292,2.329251,seed89655.png
29.217152,13.436034,seed89656.png
-29.621462,14.86794,seed89657.png
-11.421821,-26.15686,seed89658.png
-0.8043053,-14.653226,seed89659.png
12.601878,-38.330685,seed8966.png
30.425623,7.056483,seed89660.png
6.6731815,9.655782,seed89661.png
9.555546,2.4814723,seed89662.png
8.906664,-28.508604,seed89663.png
7.720102,5.043227,seed89664.png
21.604668,16.688742,seed89665.png
29.96848,0.62100375,seed89666.png
-30.180927,7.0846143,seed89667.png
-21.346752,1.4102424,seed89668.png
-21.249186,-31.09648,seed89669.png
-10.767675,-17.274265,seed8967.png
39.63685,23.432613,seed89670.png
-18.293226,-30.550024,seed89671.png
-26.806974,-4.623593,seed89672.png
-20.151814,-11.634028,seed89673.png
-12.778732,-19.387453,seed89674.png
-11.407759,-11.189843,seed89675.png
26.342318,14.315636,seed89676.png
0.11128183,7.1025543,seed89677.png
7.403272,22.758986,seed89678.png
4.725878,1.6060941,seed89679.png
-13.076796,-7.329475,seed8968.png
31.170158,5.3957624,seed89680.png
12.1047945,-42.054214,seed89681.png
-31.19402,23.708563,seed89682.png
-25.682318,-15.874139,seed89683.png
-16.78012,10.2152195,seed89684.png
-26.359518,6.75395,seed89685.png
7.1346745,4.190357,seed89686.png
-15.635782,-15.075387,seed89687.png
-26.771566,13.122922,seed89688.png
24.828102,12.552618,seed89689.png
-32.004883,17.341806,seed8969.png
-24.35321,2.5942318,seed89690.png
8.758446,-16.867275,seed89691.png
8.553171,1.585333,seed89692.png
37.848747,22.338919,seed89693.png
30.4562,9.7849865,seed89694.png
-27.602663,-6.8079395,seed89695.png
15.782429,23.758835,seed89696.png
27.324163,22.568815,seed89697.png
8.304125,-36.661766,seed89698.png
-21.185595,-6.951803,seed89699.png
-31.999989,-10.325594,seed8970.png
16.926575,-0.4824856,seed89700.png
-1.5907196,0.44255292,seed89701.png
15.043024,-30.66236,seed89702.png
28.37163,10.00737,seed89703.png
22.28038,13.046261,seed89704.png
18.770964,-0.65861934,seed89705.png
-12.467257,-0.046386007,seed89706.png
-27.10748,1.5601465,seed89707.png
17.24847,-3.6115487,seed89708.png
2.000655,2.9515564,seed89709.png
-3.982877,14.643631,seed8971.png
23.113443,8.691074,seed89710.png
13.707247,21.391062,seed89711.png
38.476192,20.729101,seed89712.png
9.158906,-41.77502,seed89713.png
29.693424,17.184832,seed89714.png
-28.207169,-0.6128683,seed89715.png
-35.48992,13.458443,seed89716.png
-0.25992912,23.127823,seed89717.png
20.030603,-5.3108525,seed89718.png
-2.2730727,18.390501,seed89719.png
17.205784,5.3695574,seed8972.png
14.556197,-37.997276,seed89720.png
15.194033,-3.9738486,seed89721.png
-31.170343,26.43304,seed89722.png
-22.52596,-14.563997,seed89723.png
12.851952,-39.14673,seed89724.png
-24.73323,-11.358174,seed89725.png
21.986639,5.711541,seed89726.png
-24.43256,-13.242236,seed89727.png
-23.428318,-10.800493,seed89728.png
29.194706,26.143456,seed89729.png
-25.430408,-13.080282,seed8973.png
29.320835,17.6722,seed89730.png
13.320035,15.811284,seed89731.png
5.0725985,0.32618478,seed89732.png
35.573906,16.624832,seed89733.png
24.040033,-6.948702,seed89734.png
31.219416,2.0017848,seed89735.png
14.135515,25.082895,seed89736.png
8.532352,-39.2739,seed89737.png
-19.077845,-7.9362307,seed89738.png
-9.613199,-26.840322,seed89739.png
-3.464768,14.126104,seed8974.png
-15.275806,-6.952137,seed89740.png
10.957257,4.4327607,seed89741.png
3.5121772,-2.4133384,seed89742.png
-13.15524,-16.415035,seed89743.png
13.231397,-27.924984,seed89744.png
-16.365057,-20.536259,seed89745.png
-20.392668,-1.4145508,seed89746.png
8.307582,8.946551,seed89747.png
11.215336,27.971897,seed89748.png
-32.982574,-8.641853,seed89749.png
4.3801484,-31.83546,seed8975.png
11.60221,21.849245,seed89750.png
32.982193,24.855589,seed89751.png
-34.059486,-6.634121,seed89752.png
16.357807,2.4135497,seed89753.png
11.210956,-38.971436,seed89754.png
-15.160836,-26.329859,seed89755.png
-3.1178792,13.275447,seed89756.png
-22.583395,9.631023,seed89757.png
17.56562,-37.34701,seed89758.png
7.1229854,-2.838771,seed89759.png
-22.780865,-2.4093266,seed8976.png
18.450848,10.376517,seed89760.png
22.544704,-1.776991,seed89761.png
-16.93999,-25.98038,seed89762.png
-0.7336524,-16.751343,seed89763.png
2.0807893,-10.575454,seed89764.png
25.578785,12.647043,seed89765.png
-21.630293,15.140387,seed89766.png
11.38525,-43.10531,seed89767.png
-26.139603,-12.154742,seed89768.png
-31.907757,6.8367124,seed89769.png
-14.863413,-28.708927,seed8977.png
-37.191795,22.537683,seed89770.png
-17.746714,-15.564279,seed89771.png
-19.38365,-20.165354,seed89772.png
-17.082115,-10.953858,seed89773.png
-21.168756,1.0950432,seed89774.png
37.48215,18.72151,seed89775.png
-17.82423,3.6609056,seed89776.png
2.0993764,17.00856,seed89777.png
21.598547,23.033205,seed89778.png
-34.242,13.763887,seed89779.png
-4.383608,6.090982,seed8978.png
-19.007578,-18.73952,seed89780.png
4.720365,-36.987343,seed89781.png
21.376001,17.380327,seed89782.png
-34.337288,21.583519,seed89783.png
-21.790003,10.993091,seed89784.png
-37.436073,12.754927,seed89785.png
15.117245,13.393674,seed89786.png
-14.181239,6.2670794,seed89787.png
12.8911295,-42.753086,seed89788.png
16.915665,-31.986897,seed89789.png
-33.226322,13.953271,seed8979.png
36.42559,7.8695846,seed89790.png
19.658548,20.761608,seed89791.png
32.082485,11.09838,seed89792.png
-23.200008,15.36433,seed89793.png
19.03269,9.351167,seed89794.png
16.910069,3.4965115,seed89795.png
39.77405,9.826656,seed89796.png
-13.613682,-12.774717,seed89797.png
13.396791,-32.258762,seed89798.png
4.382992,23.982794,seed89799.png
-3.6215441,15.95806,seed8980.png
-20.546007,5.4332633,seed89800.png
-29.06494,-10.237983,seed89801.png
10.07642,-2.7700055,seed89802.png
13.714012,24.874075,seed89803.png
9.352076,2.7673373,seed89804.png
-34.527542,27.045828,seed89805.png
-3.7926826,12.136444,seed89806.png
-22.193739,-10.417335,seed89807.png
-26.287802,1.6442593,seed89808.png
-22.702923,0.62325984,seed89809.png
9.583914,-34.214897,seed8981.png
-19.26701,1.6837183,seed89810.png
1.9112873,20.311089,seed89811.png
8.134279,-19.492697,seed89812.png
24.138689,5.1202188,seed89813.png
-17.828545,-29.764435,seed89814.png
2.017377,-31.213577,seed89815.png
12.226127,-27.776806,seed89816.png
-27.563023,-20.7081,seed89817.png
21.327526,8.356806,seed89818.png
5.277697,-3.7148004,seed89819.png
-12.58503,-24.374624,seed8982.png
9.40001,23.28233,seed89820.png
-18.72452,-24.760973,seed89821.png
-32.2101,5.9081845,seed89822.png
8.381282,7.890388,seed89823.png
-31.588518,18.166677,seed89824.png
20.859785,-0.8362322,seed89825.png
16.378149,8.054572,seed89826.png
2.1433856,7.8800454,seed89827.png
-30.25418,21.473995,seed89828.png
26.886414,9.343064,seed89829.png
27.064106,15.426233,seed8983.png
19.875559,-3.5959153,seed89830.png
-0.4817876,25.363304,seed89831.png
-12.938608,-26.984947,seed89832.png
17.30919,2.054499,seed89833.png
-19.826544,-18.630207,seed89834.png
6.9743857,-35.225727,seed89835.png
-1.8473532,22.760317,seed89836.png
-33.346752,22.163427,seed89837.png
-17.835314,-6.390594,seed89838.png
-26.352465,-0.57226694,seed89839.png
24.500551,-3.3236048,seed8984.png
17.989923,23.780893,seed89840.png
-19.434473,-26.045952,seed89841.png
0.27560803,-18.03471,seed89842.png
-9.258315,-4.5631847,seed89843.png
10.009604,-10.188932,seed89844.png
-31.19658,-4.7080946,seed89845.png
8.053389,-40.7231,seed89846.png
20.914286,19.72426,seed89847.png
9.8838415,-0.2605725,seed89848.png
-18.831833,-3.220124,seed89849.png
9.401794,24.637459,seed8985.png
-21.914373,-12.609979,seed89850.png
-17.172894,-13.274504,seed89851.png
6.071685,-6.664636,seed89852.png
-29.659388,-8.436674,seed89853.png
-19.76044,1.3457847,seed89854.png
-3.6174893,11.950565,seed89855.png
12.59207,-3.1427,seed89856.png
-12.325162,-16.441422,seed89857.png
-28.01377,19.803673,seed89858.png
2.485832,23.467602,seed89859.png
-32.617588,7.219301,seed8986.png
-33.672985,15.4335,seed89860.png
20.868017,13.960305,seed89861.png
38.282455,25.288809,seed89862.png
24.040401,10.218193,seed89863.png
38.969875,16.165777,seed89864.png
2.3711364,3.6417205,seed89865.png
21.506866,21.298212,seed89866.png
-21.74051,18.231544,seed89867.png
-4.669893,-24.031944,seed89868.png
-33.661716,-13.110522,seed89869.png
-22.183884,8.547277,seed8987.png
38.956097,16.932417,seed89870.png
27.695408,5.7337556,seed89871.png
25.79088,8.0578785,seed89872.png
-32.50503,24.803307,seed89873.png
9.944215,-0.6465421,seed89874.png
35.334213,10.427816,seed89875.png
-2.6722672,17.304094,seed89876.png
32.18078,26.293037,seed89877.png
12.61352,-40.81927,seed89878.png
-31.93437,-0.3866607,seed89879.png
-21.7318,-17.808786,seed8988.png
15.382036,22.00478,seed89880.png
7.147954,12.434264,seed89881.png
-12.95438,-8.771525,seed89882.png
-27.93978,-10.985678,seed89883.png
17.004482,16.323866,seed89884.png
28.087309,-3.9668894,seed89885.png
-26.792341,-14.4233885,seed89886.png
0.9141185,20.70953,seed89887.png
-23.758394,3.3718908,seed89888.png
-34.277233,14.505162,seed89889.png
-10.238986,-17.806698,seed8989.png
11.297167,-8.377969,seed89890.png
-8.912268,-17.72326,seed89891.png
-17.683752,-24.825348,seed89892.png
-9.658673,-7.7934756,seed89893.png
15.066084,-31.437122,seed89894.png
-19.458391,19.098036,seed89895.png
24.753109,19.603624,seed89896.png
11.915739,3.322063,seed89897.png
12.605059,-22.592451,seed89898.png
2.4074612,14.631306,seed89899.png
37.92767,4.901429,seed8990.png
0.6827852,-13.6963215,seed89900.png
-1.5859637,-11.898909,seed89901.png
-31.899406,16.41491,seed89902.png
8.760663,-39.073143,seed89903.png
25.0763,22.11201,seed89904.png
12.405748,4.494363,seed89905.png
6.363777,12.1736965,seed89906.png
-9.76388,-14.508632,seed89907.png
-29.332247,17.135586,seed89908.png
-23.74811,19.886305,seed89909.png
14.565598,-35.27932,seed8991.png
11.456681,-7.2060037,seed89910.png
-20.236614,-15.404333,seed89911.png
8.108196,24.780205,seed89912.png
-8.905876,-17.917637,seed89913.png
-29.736258,16.191305,seed89914.png
15.079101,4.719785,seed89915.png
-4.4574847,-27.971529,seed89916.png
16.936817,8.3928385,seed89917.png
-17.471697,-11.517125,seed89918.png
34.932922,25.147018,seed89919.png
28.49396,28.246922,seed8992.png
-32.416935,18.503242,seed89920.png
-27.078875,13.538965,seed89921.png
37.690376,20.124716,seed89922.png
-16.593817,1.9454348,seed89923.png
35.449184,5.8907666,seed89924.png
-17.095406,-20.188345,seed89925.png
-9.212366,-15.879735,seed89926.png
-29.455196,3.127307,seed89927.png
-12.603251,-12.758008,seed89928.png
-33.687283,-8.075325,seed89929.png
-12.554702,6.164931,seed8993.png
10.196536,-23.88954,seed89930.png
8.142516,10.26802,seed89931.png
33.77699,25.478676,seed89932.png
-19.655588,18.070559,seed89933.png
10.630461,26.830114,seed89934.png
-18.387272,-16.78085,seed89935.png
-0.28423676,-16.873205,seed89936.png
14.244254,26.427893,seed89937.png
-0.9971632,25.373693,seed89938.png
5.3423095,9.891811,seed89939.png
10.06341,-3.6520329,seed8994.png
28.200336,1.153383,seed89940.png
27.250423,3.1484175,seed89941.png
11.187389,-5.2626834,seed89942.png
28.768742,18.22097,seed89943.png
3.0772095,-1.6349831,seed89944.png
25.393536,25.14393,seed89945.png
-18.18991,-23.637197,seed89946.png
-5.497196,-4.890639,seed89947.png
-30.583784,-9.399753,seed89948.png
11.922364,-42.49047,seed89949.png
-36.03075,13.729918,seed8995.png
35.678486,14.61751,seed89950.png
10.154934,-30.996258,seed89951.png
-30.309574,-18.121542,seed89952.png
-34.141914,16.421549,seed89953.png
28.373812,10.075702,seed89954.png
33.1938,9.082312,seed89955.png
-14.373156,-13.078207,seed89956.png
23.29822,0.7825329,seed89957.png
-35.64103,-7.6488605,seed89958.png
29.213535,21.114174,seed89959.png
6.222325,-38.880924,seed8996.png
9.356372,-40.921944,seed89960.png
-29.78739,-2.2979126,seed89961.png
7.777995,-42.155746,seed89962.png
15.246634,-8.295217,seed89963.png
13.161638,-30.138264,seed89964.png
32.397793,18.449554,seed89965.png
20.74918,19.64216,seed89966.png
15.832131,-37.540016,seed89967.png
-25.304623,-21.288687,seed89968.png
-6.2029147,-1.7294168,seed89969.png
2.5081744,13.369423,seed8997.png
33.124073,6.7556286,seed89970.png
28.964798,14.805498,seed89971.png
-23.735489,-26.963272,seed89972.png
-32.723087,21.339737,seed89973.png
-20.16748,-23.912992,seed89974.png
-5.475944,14.0651245,seed89975.png
6.565508,-40.93159,seed89976.png
13.412009,-26.231081,seed89977.png
-34.362198,25.237408,seed89978.png
8.175947,7.3587303,seed89979.png
-27.796127,2.6351762,seed8998.png
24.211716,12.506151,seed89980.png
-23.167788,-21.283808,seed89981.png
-18.432371,6.143307,seed89982.png
22.205347,24.621803,seed89983.png
22.283646,23.129856,seed89984.png
-31.569809,3.427196,seed89985.png
15.716361,27.050346,seed89986.png
0.47893173,8.514665,seed89987.png
21.203873,-3.5818517,seed89988.png
17.219795,-1.6755927,seed89989.png
-5.825583,-17.55937,seed8999.png
29.892836,13.476141,seed89990.png
17.768772,17.02996,seed89991.png
-11.040382,-25.812153,seed89992.png
-26.308407,-2.0032063,seed89993.png
-2.8449316,-1.3130431,seed89994.png
33.57164,17.4402,seed89995.png
4.0426073,10.043158,seed89996.png
13.763506,13.408584,seed89997.png
-13.014017,-4.9754157,seed89998.png
15.709914,23.239077,seed89999.png
8.591041,12.075901,seed9000.png
-21.804155,-6.659397,seed90000.png
-22.143656,-29.274055,seed90001.png
15.979366,-35.98994,seed90002.png
24.37138,14.018769,seed90003.png
-23.437561,-24.65987,seed90004.png
10.367553,-37.58646,seed90005.png
-18.058762,-5.6561027,seed90006.png
12.917807,-31.304312,seed90007.png
-1.4510964,-17.833096,seed90008.png
12.994148,18.716236,seed90009.png
-1.1073582,24.387577,seed9001.png
-0.63302976,18.014788,seed90010.png
-37.231647,18.831738,seed90011.png
32.17964,17.103933,seed90012.png
7.440258,23.623823,seed90013.png
14.913278,8.20596,seed90014.png
-20.372143,-7.8667355,seed90015.png
-25.44248,3.3662958,seed90016.png
-16.2955,-16.125149,seed90017.png
17.622952,-1.1579523,seed90018.png
32.1295,14.634581,seed90019.png
7.5576463,-5.5758514,seed9002.png
-28.96544,10.770127,seed90020.png
16.109068,12.127827,seed90021.png
-1.9983552,0.5097487,seed90022.png
4.56794,20.245087,seed90023.png
24.257154,21.10454,seed90024.png
-7.5762696,-6.3883805,seed90025.png
-19.562464,-15.345005,seed90026.png
-14.931592,-29.697437,seed90027.png
-35.787136,18.190283,seed90028.png
0.47975257,22.372364,seed90029.png
-0.36074108,23.854656,seed9003.png
13.249919,4.878492,seed90030.png
-22.99214,-26.130972,seed90031.png
-17.279217,-20.86643,seed90032.png
-0.627626,15.906229,seed90033.png
9.860801,18.937218,seed90034.png
-6.9630723,-27.798836,seed90035.png
7.8166466,-39.58708,seed90036.png
41.499928,18.568253,seed90037.png
-10.821092,-8.922952,seed90038.png
6.539416,0.44816437,seed90039.png
-13.62563,-28.368061,seed9004.png
19.731411,19.75367,seed90040.png
9.467151,13.191344,seed90041.png
32.66816,5.00193,seed90042.png
32.59898,23.663588,seed90043.png
9.1961975,10.665743,seed90044.png
-18.126406,-8.133349,seed90045.png
12.587368,-12.8841095,seed90046.png
13.617094,-4.162104,seed90047.png
-21.071394,12.422792,seed90048.png
-1.8232228,-11.087986,seed90049.png
7.655125,4.106043,seed9005.png
7.9831176,11.142788,seed90050.png
-15.825679,-20.687105,seed90051.png
-14.708022,-20.638485,seed90052.png
8.7024355,-6.5946336,seed90053.png
14.429692,17.595215,seed90054.png
-0.025065105,20.56233,seed90055.png
-7.6233573,-19.7268,seed90056.png
8.593702,13.255971,seed90057.png
9.52703,-34.608658,seed90058.png
-22.323935,12.925477,seed90059.png
-5.8287563,2.0482485,seed9006.png
13.241093,-34.41964,seed90060.png
-13.968167,10.667534,seed90061.png
4.4379826,-28.934902,seed90062.png
-7.5505075,-18.812738,seed90063.png
-21.311928,-19.92181,seed90064.png
35.888943,12.248836,seed90065.png
-18.259417,-18.620287,seed90066.png
26.160679,6.4036484,seed90067.png
11.774478,-42.114777,seed90068.png
21.334364,12.240166,seed90069.png
0.004529615,-1.074454,seed9007.png
27.571325,16.618765,seed90070.png
-8.774201,-24.88531,seed90071.png
-5.3454885,-16.318197,seed90072.png
27.074507,-6.561263,seed90073.png
-14.107828,-8.209936,seed90074.png
-7.7240415,-28.945568,seed90075.png
7.364037,12.872761,seed90076.png
2.944855,12.640708,seed90077.png
-32.207455,17.673847,seed90078.png
-17.939543,-4.624781,seed90079.png
6.3892446,0.1454418,seed9008.png
-31.891966,15.949903,seed90080.png
8.678565,28.28582,seed90081.png
36.315857,18.838526,seed90082.png
25.079372,18.846004,seed90083.png
-24.294218,-25.810701,seed90084.png
-32.380455,12.862761,seed90085.png
-35.819206,0.691809,seed90086.png
8.691725,-27.728188,seed90087.png
-11.548689,-10.823279,seed90088.png
20.59767,-11.20305,seed90089.png
-8.822403,-15.095375,seed9009.png
-21.69398,-0.9424293,seed90090.png
-22.362787,-3.377123,seed90091.png
-22.81453,0.32457802,seed90092.png
2.285335,17.444502,seed90093.png
7.593171,0.6454745,seed90094.png
18.99525,3.8459058,seed90095.png
3.8195171,23.728937,seed90096.png
-1.1416287,-16.137365,seed90097.png
-21.327858,0.386777,seed90098.png
13.065344,14.132446,seed90099.png
0.5181762,-19.402603,seed9010.png
11.638964,25.92107,seed90100.png
20.145996,-8.515421,seed90101.png
-25.078213,6.3890715,seed90102.png
-21.556639,2.664721,seed90103.png
-14.573355,-13.892248,seed90104.png
-33.525864,8.604345,seed90105.png
-9.296504,1.5813575,seed90106.png
-17.608791,-5.3391566,seed90107.png
-17.672892,-5.70335,seed90108.png
20.976622,13.938706,seed90109.png
7.1839395,5.2749314,seed9011.png
37.169025,7.047484,seed90110.png
-19.74409,-24.634056,seed90111.png
27.188255,9.886539,seed90112.png
2.4350665,1.3473443,seed90113.png
30.153606,8.350858,seed90114.png
6.5830092,-5.122864,seed90115.png
-19.51018,-14.190187,seed90116.png
5.803063,-27.445826,seed90117.png
-32.511536,-7.3139696,seed90118.png
9.578697,-21.747229,seed90119.png
7.770194,-36.317028,seed9012.png
-21.588354,-8.018162,seed90120.png
-29.302923,-10.829043,seed90121.png
26.415327,4.5650916,seed90122.png
32.542637,4.164013,seed90123.png
12.1318035,-29.325634,seed90124.png
-10.787536,-21.502539,seed90125.png
8.988578,-31.027191,seed90126.png
16.809492,2.6702657,seed90127.png
-16.943752,-17.265959,seed90128.png
-31.579302,15.413434,seed90129.png
-29.939817,13.943637,seed9013.png
-22.066652,-2.2417045,seed90130.png
-30.150366,14.424915,seed90131.png
21.772373,25.699617,seed90132.png
9.307329,-25.212938,seed90133.png
-15.443462,-14.776937,seed90134.png
-14.402752,-20.578016,seed90135.png
-21.93207,11.289901,seed90136.png
34.54033,12.919421,seed90137.png
14.835488,14.313622,seed90138.png
-33.577946,13.244959,seed90139.png
-31.701265,13.9258175,seed9014.png
28.79407,17.52641,seed90140.png
-27.477089,-21.827091,seed90141.png
-20.074621,11.731157,seed90142.png
-5.798047,-4.3112836,seed90143.png
-19.488554,-3.4778783,seed90144.png
15.804785,15.291447,seed90145.png
-5.6373987,1.0146593,seed90146.png
-34.61426,15.979551,seed90147.png
-29.970762,13.810517,seed90148.png
-31.299932,12.49327,seed90149.png
9.654092,0.3131813,seed9015.png
-36.036247,16.016575,seed90150.png
26.820518,3.128323,seed90151.png
5.61126,-29.845917,seed90152.png
11.945714,23.057472,seed90153.png
20.46911,11.246274,seed90154.png
-18.875824,-10.555835,seed90155.png
11.064011,-26.27985,seed90156.png
7.1812773,-39.30097,seed90157.png
19.162088,-3.5443945,seed90158.png
-7.0281787,-15.7998085,seed90159.png
-17.977266,-13.356614,seed9016.png
26.536882,8.447512,seed90160.png
32.442608,25.65539,seed90161.png
-24.594109,11.371677,seed90162.png
-21.834965,-0.6550968,seed90163.png
-19.094814,-8.011574,seed90164.png
-24.608587,-13.869626,seed90165.png
9.141637,-31.243176,seed90166.png
-13.048951,-9.060617,seed90167.png
-20.690678,8.014995,seed90168.png
14.351343,2.4769604,seed90169.png
-16.78675,-20.65742,seed9017.png
12.8275795,19.297441,seed90170.png
7.8030434,6.5034885,seed90171.png
-3.1737163,-13.336245,seed90172.png
-15.659226,3.1277883,seed90173.png
-31.209913,-13.978356,seed90174.png
17.052052,21.955328,seed90175.png
1.9151139,6.022809,seed90176.png
13.047788,23.035677,seed90177.png
31.610167,25.156225,seed90178.png
24.551033,8.694818,seed90179.png
10.232347,8.067321,seed9018.png
-30.565441,17.663424,seed90180.png
30.416533,12.912291,seed90181.png
-21.95702,-14.730827,seed90182.png
-32.69638,22.607927,seed90183.png
-11.367372,5.8533254,seed90184.png
-0.13482216,18.270248,seed90185.png
-25.392666,7.247746,seed90186.png
-3.034632,-12.114833,seed90187.png
34.964943,21.149946,seed90188.png
-29.51725,17.795174,seed90189.png
4.0062585,-34.31059,seed9019.png
2.239827,-33.699333,seed90190.png
-5.24353,-4.252101,seed90191.png
0.2530164,-13.898035,seed90192.png
-23.378052,13.6651325,seed90193.png
18.503012,20.39582,seed90194.png
34.042877,14.903036,seed90195.png
-25.711348,14.923576,seed90196.png
25.224083,0.108828515,seed90197.png
12.6738615,3.4108253,seed90198.png
29.219172,16.79375,seed90199.png
14.420775,25.270275,seed9020.png
37.26426,25.368898,seed90200.png
31.102905,12.906899,seed90201.png
-1.0712893,-17.96733,seed90202.png
-23.390043,-0.95994407,seed90203.png
-13.528456,-3.9674177,seed90204.png
-14.694189,-32.49974,seed90205.png
-26.085516,3.797459,seed90206.png
18.386343,16.782007,seed90207.png
-29.815058,0.30898592,seed90208.png
-0.0436879,-17.259722,seed90209.png
18.143538,-6.903531,seed9021.png
-12.708054,-2.0512738,seed90210.png
16.133484,24.979712,seed90211.png
-38.840855,24.630213,seed90212.png
28.05943,23.579649,seed90213.png
25.275898,10.147072,seed90214.png
-30.287323,2.5692909,seed90215.png
11.952094,28.906803,seed90216.png
1.5651795,-0.8474779,seed90217.png
29.012165,18.13064,seed90218.png
35.18918,19.35857,seed90219.png
13.575102,17.075274,seed9022.png
-29.00548,7.431835,seed90220.png
-15.538106,-30.857054,seed90221.png
-16.64826,-3.8624485,seed90222.png
-35.433517,25.592728,seed90223.png
21.905066,-1.5441556,seed90224.png
14.741342,18.465664,seed90225.png
-9.462335,-17.873663,seed90226.png
-19.009346,-25.224953,seed90227.png
0.27719226,-16.571896,seed90228.png
-8.881153,-25.563807,seed90229.png
-16.529459,-25.510727,seed9023.png
-15.548259,-29.437262,seed90230.png
-31.993942,19.358341,seed90231.png
-28.243412,13.932612,seed90232.png
38.199387,24.400219,seed90233.png
-23.881102,9.072553,seed90234.png
8.924054,-29.540071,seed90235.png
-24.652569,-23.98334,seed90236.png
6.2344904,-40.466663,seed90237.png
14.971185,25.531622,seed90238.png
10.45722,-37.963512,seed90239.png
-25.65989,9.051342,seed9024.png
-0.21027401,-13.121487,seed90240.png
25.284245,13.186567,seed90241.png
6.3382144,-26.288992,seed90242.png
-32.97741,18.220472,seed90243.png
35.599075,10.232509,seed90244.png
27.519514,20.999184,seed90245.png
27.22309,4.8061495,seed90246.png
-15.537993,-26.216408,seed90247.png
5.5071383,19.350718,seed90248.png
32.240208,4.0411034,seed90249.png
-25.560696,-18.383482,seed9025.png
-28.913622,-8.281411,seed90250.png
14.535441,-39.737415,seed90251.png
-29.180286,21.809925,seed90252.png
-3.4326575,-1.353184,seed90253.png
13.207889,25.504845,seed90254.png
21.348827,-4.7293677,seed90255.png
30.102535,27.747816,seed90256.png
37.298756,9.585019,seed90257.png
-21.112608,-15.074866,seed90258.png
-15.30862,-16.802015,seed90259.png
-13.965768,-30.436178,seed9026.png
0.5447966,-31.842655,seed90260.png
33.03603,27.92366,seed90261.png
-10.704924,-13.415819,seed90262.png
13.503822,12.212427,seed90263.png
28.780075,0.7807017,seed90264.png
-2.0051036,-1.6770672,seed90265.png
-16.629616,-3.5889156,seed90266.png
30.751436,14.37893,seed90267.png
-22.751884,8.927255,seed90268.png
36.071705,16.180845,seed90269.png
7.8707232,-36.189514,seed9027.png
14.19184,-37.303673,seed90270.png
29.71694,9.71578,seed90271.png
34.155205,20.506891,seed90272.png
2.6109903,-3.3295386,seed90273.png
-21.259304,-16.602835,seed90274.png
11.050633,-8.154586,seed90275.png
-11.300743,1.3907673,seed90276.png
-12.789297,-11.462116,seed90277.png
30.726719,0.95302373,seed90278.png
-29.82126,3.569419,seed90279.png
17.093168,12.342191,seed9028.png
-16.985523,-31.323565,seed90280.png
-33.241657,-8.6412325,seed90281.png
3.6447523,20.430592,seed90282.png
-18.646095,-11.298664,seed90283.png
-17.779613,-20.91363,seed90284.png
-36.414703,22.972366,seed90285.png
35.743137,15.232454,seed90286.png
-33.591694,23.71289,seed90287.png
7.849182,7.2366834,seed90288.png
-26.307436,9.148409,seed90289.png
-22.729158,-16.730455,seed9029.png
-34.947758,22.534487,seed90290.png
0.19625063,-4.9788094,seed90291.png
8.87797,16.965466,seed90292.png
-13.573019,-8.558262,seed90293.png
-31.177586,16.461252,seed90294.png
-32.72345,10.735628,seed90295.png
26.715416,0.04840151,seed90296.png
-21.478573,12.701029,seed90297.png
-29.171017,8.932695,seed90298.png
22.160563,-10.026688,seed90299.png
-2.228737,18.15044,seed9030.png
26.506985,4.77805,seed90300.png
-19.875206,7.7959976,seed90301.png
-26.892208,12.0469,seed90302.png
11.949222,29.552303,seed90303.png
4.0441933,0.50144273,seed90304.png
25.75648,-0.46899614,seed90305.png
-30.72547,5.585905,seed90306.png
22.307934,25.953833,seed90307.png
-22.588333,3.7406733,seed90308.png
33.66635,25.50529,seed90309.png
-17.625566,-8.04425,seed9031.png
-24.672092,7.4731665,seed90310.png
-17.096636,-30.644676,seed90311.png
-34.064438,22.1077,seed90312.png
35.730022,16.619589,seed90313.png
-7.9550686,-17.973324,seed90314.png
14.725101,27.30866,seed90315.png
-21.792412,-23.751074,seed90316.png
5.3235426,-28.796799,seed90317.png
-10.283607,-21.411406,seed90318.png
16.880196,17.022997,seed90319.png
26.948187,20.27519,seed9032.png
39.211533,19.892115,seed90320.png
11.679357,-9.88514,seed90321.png
22.0177,7.831376,seed90322.png
-25.950161,-1.8135163,seed90323.png
-29.903044,-5.248488,seed90324.png
26.691757,22.512856,seed90325.png
9.258834,-30.363832,seed90326.png
8.343442,28.798658,seed90327.png
-37.844727,6.521552,seed90328.png
15.656291,-0.5727682,seed90329.png
8.251863,0.01754703,seed9033.png
3.6565425,17.76519,seed90330.png
-24.774445,12.297268,seed90331.png
6.4861956,-25.949533,seed90332.png
12.689241,-42.33092,seed90333.png
8.4688015,4.623331,seed90334.png
20.914513,15.238831,seed90335.png
-26.098036,-5.363488,seed90336.png
10.187407,-38.181973,seed90337.png
18.300882,19.584232,seed90338.png
-17.070213,-20.988905,seed90339.png
15.238619,26.016886,seed9034.png
-36.43258,16.76974,seed90340.png
36.689472,16.408113,seed90341.png
-17.402565,-32.477875,seed90342.png
-6.2731423,-21.768072,seed90343.png
17.037766,-0.07017907,seed90344.png
17.16235,14.109293,seed90345.png
0.29585055,3.223713,seed90346.png
-15.0525055,9.906582,seed90347.png
23.20511,6.1470523,seed90348.png
28.149925,1.8030686,seed90349.png
12.101477,-26.498295,seed9035.png
27.75295,10.49242,seed90350.png
32.127373,29.13071,seed90351.png
23.09576,2.6054769,seed90352.png
-9.936102,-25.59544,seed90353.png
-10.2437315,-11.246214,seed90354.png
-20.416864,-14.327565,seed90355.png
8.407559,-39.301266,seed90356.png
31.505138,27.72083,seed90357.png
31.069305,27.376572,seed90358.png
12.983378,25.072872,seed90359.png
-1.3758845,21.009283,seed9036.png
-36.842354,22.411438,seed90360.png
-6.541317,-22.3655,seed90361.png
3.6081128,-12.397859,seed90362.png
20.64251,24.836588,seed90363.png
10.427147,24.644585,seed90364.png
-34.690796,-5.6335907,seed90365.png
-12.331945,-25.212337,seed90366.png
29.828869,8.014005,seed90367.png
25.752516,2.6577034,seed90368.png
30.818205,15.237915,seed90369.png
19.959526,11.133666,seed9037.png
-7.1718316,10.4385805,seed90370.png
9.885123,1.4773476,seed90371.png
36.630924,25.18487,seed90372.png
14.081982,18.042332,seed90373.png
23.088568,19.304996,seed90374.png
-1.1464635,-15.917332,seed90375.png
-1.3593482,24.505547,seed90376.png
29.060389,4.212466,seed90377.png
14.82738,-36.64655,seed90378.png
13.8609495,-37.57028,seed90379.png
17.685926,16.72977,seed9038.png
-1.8331493,-11.411697,seed90380.png
4.830729,-36.715923,seed90381.png
4.0210595,-0.47666186,seed90382.png
-21.862015,1.7924595,seed90383.png
-17.912186,-8.370103,seed90384.png
-9.294444,9.131723,seed90385.png
-16.812256,-30.805586,seed90386.png
-23.404285,5.78885,seed90387.png
-24.616209,11.548245,seed90388.png
-17.776476,-15.218005,seed90389.png
28.784222,14.854632,seed9039.png
-27.560545,19.403831,seed90390.png
-14.068252,-11.900894,seed90391.png
24.357166,1.1590351,seed90392.png
8.660263,6.1769323,seed90393.png
5.765113,10.497729,seed90394.png
-26.62425,14.071923,seed90395.png
7.873319,23.192167,seed90396.png
-16.382868,-28.37254,seed90397.png
0.46948847,21.515966,seed90398.png
2.7765412,6.015381,seed90399.png
-4.989987,-17.981321,seed9040.png
17.60015,24.690102,seed90400.png
-2.290301,-4.4812727,seed90401.png
21.64627,8.414012,seed90402.png
-25.625687,-6.4595056,seed90403.png
39.917267,20.921598,seed90404.png
5.3519588,9.377969,seed90405.png
9.143824,-41.004448,seed90406.png
-30.620216,-0.19817467,seed90407.png
-27.135296,-10.249789,seed90408.png
4.372256,15.3279,seed90409.png
18.493925,-8.163632,seed9041.png
6.3257456,-4.8346224,seed90410.png
15.981986,7.6670327,seed90411.png
15.610426,28.496794,seed90412.png
16.489338,17.161795,seed90413.png
29.63843,6.924979,seed90414.png
9.146333,-41.654137,seed90415.png
40.12188,18.616013,seed90416.png
24.198729,-6.934133,seed90417.png
13.063127,28.06605,seed90418.png
-13.147064,2.1514907,seed90419.png
12.309683,-30.478289,seed9042.png
3.9796054,4.8464456,seed90420.png
2.9866502,5.6905174,seed90421.png
-29.69493,4.1070666,seed90422.png
24.297852,0.27156773,seed90423.png
0.3335298,25.054121,seed90424.png
6.8676314,-1.3688976,seed90425.png
-21.786974,9.3021145,seed90426.png
-18.468609,-16.29164,seed90427.png
25.838827,3.4030335,seed90428.png
-2.1028752,-10.475703,seed90429.png
22.08494,22.154322,seed9043.png
24.410383,25.101652,seed90430.png
-17.259678,-18.835842,seed90431.png
-23.131603,-9.995686,seed90432.png
12.791992,-34.381107,seed90433.png
-14.793833,11.234354,seed90434.png
21.299934,6.667049,seed90435.png
-22.660288,-1.4426501,seed90436.png
-17.64029,-4.326671,seed90437.png
-30.326088,14.405343,seed90438.png
40.344322,22.060928,seed90439.png
-3.2434297,-11.539837,seed9044.png
-15.560261,1.5518701,seed90440.png
-15.6091585,-32.78163,seed90441.png
-39.447315,11.944139,seed90442.png
-12.910105,-25.068361,seed90443.png
-27.60926,10.353816,seed90444.png
-14.418942,-22.219456,seed90445.png
15.196661,15.142673,seed90446.png
20.830194,21.462366,seed90447.png
-29.198769,5.238157,seed90448.png
23.660862,10.054424,seed90449.png
28.171217,0.97813696,seed9045.png
-16.242844,-5.9450793,seed90450.png
-32.111168,-15.834496,seed90451.png
-21.628958,-22.505375,seed90452.png
24.541977,4.543359,seed90453.png
22.646158,25.477865,seed90454.png
-8.136748,-21.519796,seed90455.png
3.3190744,20.065596,seed90456.png
6.6568065,15.623994,seed90457.png
36.1484,8.620244,seed90458.png
-16.400135,-10.249426,seed90459.png
33.071842,16.768927,seed9046.png
6.975468,-26.89446,seed90460.png
12.665314,12.14745,seed90461.png
23.627346,11.892883,seed90462.png
9.958044,-42.479687,seed90463.png
0.6304839,-2.7444193,seed90464.png
9.692788,16.732018,seed90465.png
5.533736,-0.73956245,seed90466.png
10.219731,16.063135,seed90467.png
12.78993,-29.338453,seed90468.png
8.815672,-4.245697,seed90469.png
-10.934796,-11.222591,seed9047.png
-14.559262,-25.965515,seed90470.png
-3.6014638,21.31897,seed90471.png
0.48121488,19.665766,seed90472.png
-32.786186,23.562363,seed90473.png
-32.98941,23.869831,seed90474.png
-6.5559316,-7.7095118,seed90475.png
-14.676571,-0.547099,seed90476.png
-21.470713,0.27645445,seed90477.png
-3.8574588,-15.523717,seed90478.png
-10.492125,-4.042666,seed90479.png
-27.531145,-19.677422,seed9048.png
-16.969423,-31.152735,seed90480.png
-6.2320747,2.052509,seed90481.png
21.993866,22.999306,seed90482.png
5.7893796,-33.0538,seed90483.png
-34.4307,12.3203,seed90484.png
20.056568,13.619708,seed90485.png
-34.372112,9.325613,seed90486.png
30.655031,16.365717,seed90487.png
-20.25016,-16.427702,seed90488.png
-17.290802,6.879756,seed90489.png
-14.410797,-15.925476,seed9049.png
8.949958,17.92303,seed90490.png
27.9579,10.542755,seed90491.png
-14.510015,-26.090496,seed90492.png
6.172574,-15.145618,seed90493.png
36.922203,23.67966,seed90494.png
8.951529,-40.404675,seed90495.png
-15.181343,4.9273434,seed90496.png
14.046459,27.632559,seed90497.png
-9.664016,-4.8858986,seed90498.png
10.070048,22.723434,seed90499.png
-10.365872,-19.39286,seed9050.png
10.405832,-26.727875,seed90500.png
16.05399,27.728443,seed90501.png
15.353013,-33.99386,seed90502.png
5.6404676,-25.970688,seed90503.png
-24.61825,-18.410425,seed90504.png
-22.84746,-8.957626,seed90505.png
13.846433,18.80661,seed90506.png
15.609259,7.013596,seed90507.png
-16.818933,-8.817132,seed90508.png
-21.37985,19.230457,seed90509.png
17.104656,-5.5278034,seed9051.png
-26.118393,-24.19688,seed90510.png
1.1760702,7.2195272,seed90511.png
33.037846,24.393908,seed90512.png
-15.898055,-12.978831,seed90513.png
32.12766,23.25648,seed90514.png
-15.286613,-11.8974495,seed90515.png
9.4189205,-25.779005,seed90516.png
14.351402,18.158663,seed90517.png
0.5499999,18.081102,seed90518.png
-33.127235,-7.2774363,seed90519.png
13.261434,14.605935,seed9052.png
-7.4836087,-12.768166,seed90520.png
15.770545,13.614322,seed90521.png
-23.874039,-14.247916,seed90522.png
14.526844,-3.9556496,seed90523.png
-31.582268,8.205765,seed90524.png
-21.433783,-17.710108,seed90525.png
-23.44478,-8.964828,seed90526.png
-4.831521,4.0056934,seed90527.png
6.445468,-7.966957,seed90528.png
26.04736,16.718521,seed90529.png
-3.4681585,11.349501,seed9053.png
30.13743,27.10262,seed90530.png
-24.1595,-23.311825,seed90531.png
13.859463,7.012499,seed90532.png
0.64357835,23.026266,seed90533.png
29.693922,5.505468,seed90534.png
-25.092281,0.4985664,seed90535.png
17.441309,26.810184,seed90536.png
-33.46176,23.008526,seed90537.png
-20.696352,5.701081,seed90538.png
18.024899,26.034595,seed90539.png
11.857791,-32.24684,seed9054.png
-12.479171,-18.426117,seed90540.png
-15.665206,-25.782385,seed90541.png
-22.088793,10.284892,seed90542.png
21.84323,18.044483,seed90543.png
-32.36541,25.470058,seed90544.png
9.01103,15.184007,seed90545.png
-4.809085,-17.353264,seed90546.png
36.831287,15.525034,seed90547.png
-14.946669,-17.908564,seed90548.png
-23.552643,19.916018,seed90549.png
-22.67735,-19.022455,seed9055.png
18.579756,0.27797163,seed90550.png
-30.916498,-1.7596036,seed90551.png
32.208744,19.29175,seed90552.png
-30.76397,18.164215,seed90553.png
-30.699223,-8.250118,seed90554.png
0.99889505,-33.245358,seed90555.png
-19.713589,15.1929455,seed90556.png
9.445981,-34.15292,seed90557.png
23.784128,-0.7421941,seed90558.png
34.791943,8.0866165,seed90559.png
-21.117788,-25.62498,seed9056.png
27.648163,21.456003,seed90560.png
-9.668337,1.9357917,seed90561.png
-24.402296,12.041906,seed90562.png
-19.956057,4.6927714,seed90563.png
-3.322569,-5.4947305,seed90564.png
-25.98241,7.1824393,seed90565.png
-9.5027485,-22.04477,seed90566.png
-7.891747,-8.69722,seed90567.png
13.117596,-38.954323,seed90568.png
29.728138,27.602568,seed90569.png
-21.21443,-11.879976,seed9057.png
-13.190069,-25.710766,seed90570.png
25.73446,22.071539,seed90571.png
-25.386293,7.4975595,seed90572.png
-21.462852,-14.926211,seed90573.png
-6.5653787,-24.184977,seed90574.png
-24.746552,14.033938,seed90575.png
24.734314,5.3049717,seed90576.png
25.172768,5.7750707,seed90577.png
26.453447,15.97378,seed90578.png
-13.441278,-16.744741,seed90579.png
10.477395,-30.567446,seed9058.png
-34.119316,6.55409,seed90580.png
-9.389583,-11.662858,seed90581.png
-19.631075,-16.992517,seed90582.png
21.732485,15.073558,seed90583.png
9.055941,-40.403854,seed90584.png
10.443492,-3.042277,seed90585.png
-16.08096,-29.20223,seed90586.png
29.627987,11.581169,seed90587.png
21.931791,17.240963,seed90588.png
-20.885874,2.4087617,seed90589.png
-25.608534,-11.592133,seed9059.png
4.542184,-29.233158,seed90590.png
-8.354066,-16.53869,seed90591.png
-0.43175298,-14.55666,seed90592.png
-20.240889,-18.854935,seed90593.png
-27.356905,12.234378,seed90594.png
0.92199814,1.1009655,seed90595.png
13.67663,-42.1084,seed90596.png
12.257648,-39.138,seed90597.png
9.091435,-23.536963,seed90598.png
-12.122469,-29.79396,seed90599.png
-20.234108,10.959902,seed9060.png
-22.852064,14.116245,seed90600.png
13.653909,8.272746,seed90601.png
-34.957626,-10.970665,seed90602.png
-23.10842,9.312766,seed90603.png
-17.403528,-25.18369,seed90604.png
-5.6945825,22.40068,seed90605.png
7.2733846,20.450644,seed90606.png
-35.08773,10.846795,seed90607.png
41.376286,21.453804,seed90608.png
-13.291715,-22.491957,seed90609.png
-21.512178,-10.0566,seed9061.png
3.5907898,-3.8344302,seed90610.png
29.17727,15.902268,seed90611.png
-18.745203,-0.41082293,seed90612.png
24.507395,2.054161,seed90613.png
25.072462,-6.3325763,seed90614.png
-28.269644,17.987597,seed90615.png
-33.32998,-9.355758,seed90616.png
38.526985,13.961,seed90617.png
35.11898,25.09569,seed90618.png
11.153368,-19.861082,seed90619.png
-33.69699,15.670647,seed9062.png
-32.35095,21.245077,seed90620.png
2.622603,-31.406519,seed90621.png
-22.339388,-25.159527,seed90622.png
-21.76866,-21.99405,seed90623.png
21.236492,-1.8170497,seed90624.png
36.411076,23.394297,seed90625.png
-13.880119,-21.557451,seed90626.png
5.4287715,6.227045,seed90627.png
3.9161513,7.288226,seed90628.png
-34.691154,23.685072,seed90629.png
5.5826783,-26.832592,seed9063.png
-31.166313,14.357543,seed90630.png
19.603912,6.5583754,seed90631.png
10.053986,10.071893,seed90632.png
2.3102078,-12.63954,seed90633.png
5.276456,-34.472008,seed90634.png
-11.402073,-29.897457,seed90635.png
12.1990385,-28.51311,seed90636.png
-14.805492,-7.70416,seed90637.png
-23.878841,7.750097,seed90638.png
-19.847645,-9.470664,seed90639.png
-31.009773,23.227217,seed9064.png
-24.000517,-20.182644,seed90640.png
20.20292,4.886298,seed90641.png
29.350552,7.3222346,seed90642.png
15.433712,1.6747587,seed90643.png
36.351425,24.636396,seed90644.png
8.386751,-36.20172,seed90645.png
-19.995787,-11.015032,seed90646.png
11.325004,-20.947138,seed90647.png
-14.877615,-2.002736,seed90648.png
2.315456,17.523905,seed90649.png
15.565171,-36.15486,seed9065.png
-21.065252,-1.9552904,seed90650.png
4.2826715,0.29641053,seed90651.png
-27.494835,2.0977657,seed90652.png
-22.626118,-17.732481,seed90653.png
-22.823889,-0.4619727,seed90654.png
-34.064777,-12.427993,seed90655.png
21.285568,1.6117126,seed90656.png
-25.038704,-19.80749,seed90657.png
33.54805,8.211255,seed90658.png
-32.524647,18.546926,seed90659.png
5.247945,12.5100355,seed9066.png
-13.912755,-1.8608618,seed90660.png
-4.4358263,-19.772102,seed90661.png
23.370703,-5.954282,seed90662.png
3.9915152,2.6562152,seed90663.png
34.78164,15.870236,seed90664.png
-27.781055,-7.9272165,seed90665.png
28.056381,22.291464,seed90666.png
-20.494396,-28.336887,seed90667.png
8.745453,-32.27777,seed90668.png
23.540546,-5.409455,seed90669.png
-22.322475,-10.658431,seed9067.png
34.063004,9.001703,seed90670.png
-16.262882,-15.015316,seed90671.png
30.461506,6.4789677,seed90672.png
15.647472,23.369884,seed90673.png
18.16956,-8.43742,seed90674.png
7.667488,-8.163844,seed90675.png
13.397925,-34.1854,seed90676.png
16.627384,8.164478,seed90677.png
5.3533154,-0.08316181,seed90678.png
16.158033,-32.32002,seed90679.png
39.114376,19.546999,seed9068.png
-13.815859,-3.8144057,seed90680.png
32.794956,16.750301,seed90681.png
14.269285,-1.6555216,seed90682.png
38.461124,16.643236,seed90683.png
14.075437,4.6626377,seed90684.png
10.728534,10.165713,seed90685.png
-27.637989,-6.560774,seed90686.png
5.072154,-30.038755,seed90687.png
24.370377,3.6703537,seed90688.png
-5.6670094,-16.642576,seed90689.png
-27.683035,-10.545488,seed9069.png
-31.769983,12.064746,seed90690.png
19.400978,3.5729697,seed90691.png
-15.831248,-18.80924,seed90692.png
-4.9668045,15.959687,seed90693.png
-24.031212,-10.621003,seed90694.png
-14.454176,-9.602603,seed90695.png
-20.479113,-6.725949,seed90696.png
-1.6460607,-26.635199,seed90697.png
-11.725767,-16.888903,seed90698.png
-18.589672,4.68751,seed90699.png
10.232737,-3.4638994,seed9070.png
-16.445448,-30.908844,seed90700.png
5.959475,-38.699608,seed90701.png
8.781526,1.9736279,seed90702.png
-11.956798,-31.07641,seed90703.png
-24.68303,0.023770792,seed90704.png
20.05366,-1.2779796,seed90705.png
16.35223,6.3374434,seed90706.png
10.222756,-35.48676,seed90707.png
-13.968625,-25.884241,seed90708.png
13.773346,-32.59187,seed90709.png
-0.47384003,23.217056,seed9071.png
8.7443285,28.669289,seed90710.png
-29.927204,-13.004327,seed90711.png
-2.7212102,-18.677944,seed90712.png
-28.063808,14.167021,seed90713.png
-6.6622157,-6.511651,seed90714.png
8.475851,10.282438,seed90715.png
-0.31977594,19.717625,seed90716.png
-26.526524,-2.9936209,seed90717.png
-20.171852,-23.470913,seed90718.png
-28.12002,20.170908,seed90719.png
-35.128418,20.649162,seed9072.png
-34.588726,12.345139,seed90720.png
-16.250679,-14.6064825,seed90721.png
15.517112,26.332243,seed90722.png
-12.914951,-17.033178,seed90723.png
-19.665527,-10.734715,seed90724.png
5.8662186,21.463835,seed90725.png
24.394262,22.072718,seed90726.png
23.40901,4.5026097,seed90727.png
-3.1669452,-9.708753,seed90728.png
-20.974758,-14.430402,seed90729.png
26.47764,0.29553273,seed9073.png
10.303376,-28.410501,seed90730.png
29.272535,23.734064,seed90731.png
13.201046,-5.768183,seed90732.png
-33.378197,16.287407,seed90733.png
-28.286522,7.9574265,seed90734.png
29.38096,27.930597,seed90735.png
-17.588419,-12.390219,seed90736.png
35.000134,15.078148,seed90737.png
11.531395,-29.198961,seed90738.png
12.294604,-0.21117945,seed90739.png
-32.889282,14.24373,seed9074.png
36.650066,21.425842,seed90740.png
-38.80238,13.475845,seed90741.png
27.56382,23.373062,seed90742.png
-25.274614,9.99151,seed90743.png
-32.59855,23.783226,seed90744.png
-22.443022,-3.7541077,seed90745.png
-33.423702,-8.857472,seed90746.png
-26.971304,-7.5953865,seed90747.png
18.98883,0.124760844,seed90748.png
37.468563,20.881199,seed90749.png
-23.039389,11.545228,seed9075.png
-10.882091,-2.8187037,seed90750.png
-32.05884,4.5527844,seed90751.png
-30.419912,-9.64299,seed90752.png
30.023777,24.388952,seed90753.png
7.720395,19.505156,seed90754.png
-10.192513,-0.064369336,seed90755.png
23.095497,11.336961,seed90756.png
12.786196,26.963692,seed90757.png
-27.282087,-3.2363086,seed90758.png
-7.5110364,-5.7944045,seed90759.png
12.956384,23.676208,seed9076.png
-19.218508,11.309441,seed90760.png
12.706159,-2.760942,seed90761.png
-1.104668,23.33459,seed90762.png
-20.406523,-1.4808675,seed90763.png
14.244346,-40.441826,seed90764.png
9.401274,18.268581,seed90765.png
14.459789,-30.416542,seed90766.png
-17.228031,-13.508582,seed90767.png
5.4914284,1.7627329,seed90768.png
11.470114,14.143763,seed90769.png
29.454067,26.101038,seed9077.png
10.085092,8.223289,seed90770.png
-36.224182,8.942107,seed90771.png
-1.4550257,24.81644,seed90772.png
-1.9995196,-4.271261,seed90773.png
14.259041,-38.194786,seed90774.png
-4.403702,10.980954,seed90775.png
6.4403105,-29.095675,seed90776.png
-3.0133028,-2.9916172,seed90777.png
-14.869674,-30.554,seed90778.png
-24.268013,-20.568155,seed90779.png
-20.90359,-16.21067,seed9078.png
12.07779,-37.842323,seed90780.png
16.647863,-3.43972,seed90781.png
5.766739,-26.735945,seed90782.png
-35.498344,17.363218,seed90783.png
31.15975,20.344229,seed90784.png
14.057903,-30.787882,seed90785.png
-27.874527,5.5393634,seed90786.png
-34.39581,21.421629,seed90787.png
-34.928814,1.9586668,seed90788.png
14.584834,1.8578249,seed90789.png
-8.04613,-6.0759225,seed9079.png
-12.129241,-23.81666,seed90790.png
6.6498613,18.759472,seed90791.png
11.218188,-2.3694212,seed90792.png
13.677553,3.4783163,seed90793.png
26.526918,12.635961,seed90794.png
-25.604204,9.789078,seed90795.png
-13.763681,-18.890919,seed90796.png
24.814545,21.422005,seed90797.png
24.015236,1.1897367,seed90798.png
-18.543825,10.510617,seed90799.png
-31.833893,-9.932633,seed9080.png
19.02085,21.716478,seed90800.png
32.025425,14.424967,seed90801.png
3.8949313,15.187556,seed90802.png
-11.75858,-22.197083,seed90803.png
4.4031315,16.653095,seed90804.png
11.364511,13.645601,seed90805.png
-3.223026,-0.03152493,seed90806.png
-34.453167,-8.565807,seed90807.png
-21.489786,19.589163,seed90808.png
13.209379,-40.118366,seed90809.png
-33.135868,14.834007,seed9081.png
-37.678913,21.91737,seed90810.png
20.488512,-8.930245,seed90811.png
-4.218716,12.023037,seed90812.png
1.2038964,4.966924,seed90813.png
-0.9972199,-9.22323,seed90814.png
-2.1459854,-15.011196,seed90815.png
-24.67873,0.64469063,seed90816.png
19.824617,17.888138,seed90817.png
9.435871,-28.782606,seed90818.png
32.36094,3.962375,seed90819.png
-34.29869,15.761333,seed9082.png
6.6680293,14.36123,seed90820.png
1.9018484,-13.636706,seed90821.png
-12.114018,-8.323168,seed90822.png
9.43721,-5.7150326,seed90823.png
41.472473,22.008316,seed90824.png
-27.505737,10.754406,seed90825.png
15.112341,25.781672,seed90826.png
-11.270278,-9.83062,seed90827.png
1.8925953,-14.856917,seed90828.png
15.374043,-2.5563138,seed90829.png
-23.709585,11.042619,seed9083.png
-4.976451,12.982866,seed90830.png
-32.943787,15.374842,seed90831.png
20.874125,-2.8199868,seed90832.png
-1.8516233,-14.797286,seed90833.png
-25.92769,0.26888347,seed90834.png
-33.045628,14.189404,seed90835.png
8.773637,2.6806114,seed90836.png
17.562857,5.873627,seed90837.png
-23.762348,-18.029522,seed90838.png
33.040394,9.758771,seed90839.png
18.456804,17.046717,seed9084.png
38.35553,20.904398,seed90840.png
15.659269,22.493517,seed90841.png
20.081408,16.727066,seed90842.png
7.642807,-25.82734,seed90843.png
32.838,22.65734,seed90844.png
-29.573092,8.354438,seed90845.png
-18.501425,8.478878,seed90846.png
11.2275715,3.0397255,seed90847.png
2.4052498,-11.68382,seed90848.png
19.05413,0.4809534,seed90849.png
23.35409,2.9199364,seed9085.png
15.523365,-7.438389,seed90850.png
-27.897257,4.0635185,seed90851.png
-22.992697,-3.2171588,seed90852.png
15.494653,19.8019,seed90853.png
-6.4753904,-11.701154,seed90854.png
-21.35644,-22.599377,seed90855.png
-19.162886,-17.23462,seed90856.png
-34.512512,-4.6969795,seed90857.png
-18.400154,0.48997143,seed90858.png
-35.006546,2.7224197,seed90859.png
-28.936916,-9.415937,seed9086.png
-22.801235,-15.254838,seed90860.png
19.620453,8.371524,seed90861.png
-32.684814,13.892869,seed90862.png
-20.527752,8.677543,seed90863.png
0.49612036,18.957142,seed90864.png
-25.488415,11.633266,seed90865.png
-17.305048,-29.591633,seed90866.png
28.527733,17.728397,seed90867.png
8.367336,-30.607666,seed90868.png
29.837505,24.099352,seed90869.png
-13.249619,-12.917279,seed9087.png
26.446798,5.0036793,seed90870.png
-25.541307,-14.469383,seed90871.png
-18.405087,-21.687954,seed90872.png
19.325315,22.132746,seed90873.png
19.74607,-4.1969585,seed90874.png
-31.980545,15.044559,seed90875.png
-9.379708,-24.520134,seed90876.png
7.1045227,-25.39792,seed90877.png
-32.56151,10.922829,seed90878.png
-22.646645,2.0374424,seed90879.png
15.637617,-37.294727,seed9088.png
-28.541916,20.336699,seed90880.png
38.94488,14.109606,seed90881.png
15.840796,16.739573,seed90882.png
-30.749702,7.830736,seed90883.png
-20.189137,-24.933744,seed90884.png
-18.30473,-19.57334,seed90885.png
12.679951,-41.562267,seed90886.png
9.504085,22.528997,seed90887.png
-10.029315,-14.867229,seed90888.png
-4.3765574,3.7853496,seed90889.png
-15.281836,-27.994402,seed9089.png
5.4360905,-33.132893,seed90890.png
4.9295917,-25.28644,seed90891.png
-23.089956,-8.931367,seed90892.png
-27.588095,21.842264,seed90893.png
-20.74937,-22.982624,seed90894.png
6.7539973,-30.095846,seed90895.png
2.9299273,14.041291,seed90896.png
5.9180717,3.8387237,seed90897.png
-25.59128,16.101604,seed90898.png
10.006682,9.611726,seed90899.png
-31.205656,15.284702,seed9090.png
7.343958,21.344625,seed90900.png
17.989767,18.239475,seed90901.png
-21.622751,5.3269563,seed90902.png
-31.065874,18.593958,seed90903.png
13.548335,4.323204,seed90904.png
-26.860214,4.7516766,seed90905.png
38.0313,7.6121464,seed90906.png
-6.899382,15.888951,seed90907.png
-9.469164,-28.928997,seed90908.png
-33.959873,22.981815,seed90909.png
7.440763,5.580562,seed9091.png
-26.492176,-12.479899,seed90910.png
-9.96003,12.243889,seed90911.png
-34.965054,26.314882,seed90912.png
-15.260569,-24.824055,seed90913.png
-9.482478,-2.759899,seed90914.png
14.392438,22.382332,seed90915.png
4.6002965,24.566145,seed90916.png
-28.956518,11.346609,seed90917.png
-12.690115,-18.69894,seed90918.png
15.305818,10.833085,seed90919.png
-12.100009,-22.77892,seed9092.png
-11.707165,-12.839411,seed90920.png
-0.5571441,-15.907946,seed90921.png
-14.49688,-6.471612,seed90922.png
17.217487,25.956404,seed90923.png
-33.35243,-9.100795,seed90924.png
-36.198277,16.706615,seed90925.png
5.263448,16.434666,seed90926.png
-35.48005,19.57514,seed90927.png
-5.5904136,-4.525405,seed90928.png
14.322791,-39.907665,seed90929.png
-35.206356,24.185465,seed9093.png
24.184877,5.7387166,seed90930.png
31.359905,0.59136814,seed90931.png
-37.686943,18.700817,seed90932.png
-33.779617,19.518333,seed90933.png
8.794749,9.726164,seed90934.png
37.10646,11.875358,seed90935.png
-14.098457,-16.978022,seed90936.png
-21.309874,-25.777273,seed90937.png
-16.07997,-32.528233,seed90938.png
-8.823064,-0.07416256,seed90939.png
7.7439313,15.120787,seed9094.png
21.277542,24.002777,seed90940.png
-4.76723,6.890921,seed90941.png
12.507965,-22.930582,seed90942.png
-33.783997,26.08132,seed90943.png
7.092802,-35.748184,seed90944.png
10.766118,-29.228527,seed90945.png
37.653793,20.41804,seed90946.png
-33.761456,8.631061,seed90947.png
-22.286264,5.397065,seed90948.png
-31.177708,20.455803,seed90949.png
21.050312,17.730675,seed9095.png
-30.441113,9.6212845,seed90950.png
-24.20852,-17.761272,seed90951.png
6.0198936,-33.210842,seed90952.png
32.86239,24.527939,seed90953.png
-21.99815,-23.464975,seed90954.png
12.848151,0.2906106,seed90955.png
11.538064,-39.83097,seed90956.png
39.581837,23.813385,seed90957.png
-4.0863113,-10.097147,seed90958.png
14.283155,16.782396,seed90959.png
-11.722413,-2.0873013,seed9096.png
14.090126,21.170366,seed90960.png
22.1921,22.759268,seed90961.png
11.205847,14.535227,seed90962.png
-27.201181,-10.455771,seed90963.png
-19.194578,-8.795593,seed90964.png
11.075267,0.88524526,seed90965.png
28.103346,27.142935,seed90966.png
13.772366,-29.688805,seed90967.png
-28.113592,-16.60775,seed90968.png
-17.885454,-30.8172,seed90969.png
-9.175842,-20.260954,seed9097.png
-8.964782,-8.275044,seed90970.png
17.518068,25.131828,seed90971.png
-32.41354,18.578432,seed90972.png
20.70117,27.33995,seed90973.png
14.557526,-10.356264,seed90974.png
9.980378,5.4855237,seed90975.png
-30.149837,25.147816,seed90976.png
-29.786629,11.79958,seed90977.png
25.034834,-3.901124,seed90978.png
-25.127842,9.28078,seed90979.png
-3.3033445,-10.035714,seed9098.png
-18.762403,-3.3007038,seed90980.png
-19.516426,-9.141597,seed90981.png
-6.944956,-17.565346,seed90982.png
-23.667603,20.002108,seed90983.png
17.198679,19.341293,seed90984.png
2.7875938,-29.352758,seed90985.png
-17.595345,-23.704533,seed90986.png
-24.821308,16.705881,seed90987.png
13.601933,9.150992,seed90988.png
-33.114372,22.80469,seed90989.png
16.914133,19.631086,seed9099.png
10.860482,13.318161,seed90990.png
12.367127,12.088512,seed90991.png
-4.0690536,-24.86991,seed90992.png
0.33388644,21.016634,seed90993.png
13.219942,-27.637276,seed90994.png
-21.662737,-14.273542,seed90995.png
-8.790208,6.949845,seed90996.png
-2.8214467,21.414957,seed90997.png
-19.832373,7.0205555,seed90998.png
-29.351381,5.077997,seed90999.png
-20.741308,-19.71938,seed9100.png
-1.5231961,-16.102148,seed91000.png
4.241709,4.2988353,seed91001.png
-21.67332,10.927535,seed91002.png
26.489067,16.6934,seed91003.png
-10.816603,-6.544566,seed91004.png
-20.284721,-11.130506,seed91005.png
5.14619,15.47806,seed91006.png
13.378294,-40.907524,seed91007.png
-11.890757,-14.478457,seed91008.png
12.443438,-22.851648,seed91009.png
-13.154583,-6.6521344,seed9101.png
-27.377111,-8.302307,seed91010.png
12.490937,9.667484,seed91011.png
15.938944,27.484417,seed91012.png
13.453626,0.6870534,seed91013.png
-32.48599,5.2944994,seed91014.png
30.875078,-1.5315903,seed91015.png
-24.239073,-4.763801,seed91016.png
23.939201,19.58785,seed91017.png
24.17269,4.584355,seed91018.png
-19.418062,-1.5004326,seed91019.png
-7.501264,-25.02672,seed9102.png
15.074755,-2.8916113,seed91020.png
-22.041395,-1.9107784,seed91021.png
-14.824964,-11.941321,seed91022.png
-5.763848,-12.244554,seed91023.png
19.71831,0.46242157,seed91024.png
4.772266,-25.881186,seed91025.png
9.7566595,-39.073196,seed91026.png
28.258883,5.427568,seed91027.png
-27.489382,16.417635,seed91028.png
-13.938967,-30.24978,seed91029.png
9.784755,-41.84898,seed9103.png
2.2147436,11.83942,seed91030.png
-33.95533,12.605866,seed91031.png
18.746593,-6.549225,seed91032.png
37.552464,9.560258,seed91033.png
-15.748742,-7.183346,seed91034.png
9.580448,-28.152113,seed91035.png
-23.53363,19.775305,seed91036.png
-32.526714,10.205794,seed91037.png
-32.267357,1.3300047,seed91038.png
12.275825,-39.237923,seed91039.png
32.961826,25.640654,seed9104.png
7.877318,-9.938102,seed91040.png
-11.864996,-6.2125163,seed91041.png
-18.338696,-26.745882,seed91042.png
-9.374357,-24.156897,seed91043.png
36.877674,10.844599,seed91044.png
9.038556,-31.623678,seed91045.png
24.18218,6.157683,seed91046.png
19.647121,26.768854,seed91047.png
11.075511,8.920711,seed91048.png
-14.202625,-16.797731,seed91049.png
-1.7002208,14.748137,seed9105.png
5.030686,11.824355,seed91050.png
21.082268,-3.9648094,seed91051.png
-7.7029805,-14.137538,seed91052.png
-11.699296,-10.089614,seed91053.png
-34.12164,8.657368,seed91054.png
-33.3714,22.418724,seed91055.png
-13.119683,-11.766355,seed91056.png
0.7692589,18.743778,seed91057.png
3.8677404,-1.6341388,seed91058.png
-35.401596,23.862406,seed91059.png
-21.78739,-18.645905,seed9106.png
35.849224,11.852605,seed91060.png
-32.66162,23.655846,seed91061.png
-23.40221,-18.770096,seed91062.png
-30.394285,14.842384,seed91063.png
9.483939,-35.008343,seed91064.png
-33.143196,0.9496097,seed91065.png
-12.819934,-27.117199,seed91066.png
4.4854913,19.359018,seed91067.png
0.40897772,-4.136858,seed91068.png
10.670615,-29.384779,seed91069.png
-33.437748,-15.835943,seed9107.png
1.0623695,25.735283,seed91070.png
12.192964,-10.465672,seed91071.png
15.056759,14.156712,seed91072.png
17.071571,-9.156543,seed91073.png
-19.294378,-0.33340794,seed91074.png
-32.79668,25.741465,seed91075.png
6.2296233,23.191956,seed91076.png
-3.8307664,-17.906933,seed91077.png
16.00412,-35.799248,seed91078.png
-19.683523,-25.471537,seed91079.png
17.815336,22.027687,seed9108.png
-25.46349,-11.122235,seed91080.png
-8.515425,-17.815514,seed91081.png
-32.00421,11.9789715,seed91082.png
-19.964874,-18.506824,seed91083.png
-22.22287,-6.754825,seed91084.png
-18.839462,-2.2118454,seed91085.png
-32.985252,-6.6580887,seed91086.png
-29.965296,1.1312714,seed91087.png
-37.247288,0.65265846,seed91088.png
26.040539,0.9889485,seed91089.png
-21.825783,-11.390525,seed9109.png
1.9085889,15.114139,seed91090.png
-36.437645,4.450408,seed91091.png
-32.509853,22.564758,seed91092.png
28.131447,-2.0259569,seed91093.png
-11.134415,-26.639317,seed91094.png
25.867386,-3.5744965,seed91095.png
-19.238098,12.019126,seed91096.png
9.607632,-41.618908,seed91097.png
28.382742,7.097212,seed91098.png
-32.34361,-4.185804,seed91099.png
-16.048382,-18.81433,seed9110.png
-8.799531,-14.3960085,seed91100.png
11.897303,-34.834778,seed91101.png
-38.08042,26.098057,seed91102.png
33.800373,17.315836,seed91103.png
-23.27394,1.693637,seed91104.png
-27.80586,-14.592741,seed91105.png
-28.373837,-11.558606,seed91106.png
10.324809,-2.237233,seed91107.png
-28.489101,-16.10485,seed91108.png
31.343529,20.461617,seed91109.png
-29.566956,14.663903,seed9111.png
20.998224,15.38705,seed91110.png
-35.31173,9.1794615,seed91111.png
-32.450554,-7.087594,seed91112.png
-25.325886,-11.978562,seed91113.png
-18.661654,-2.8338177,seed91114.png
-19.577284,9.184961,seed91115.png
-17.271296,-15.245162,seed91116.png
10.064292,3.1625404,seed91117.png
-30.340883,2.4258208,seed91118.png
-24.662949,15.057583,seed91119.png
-0.5064634,14.804001,seed9112.png
-0.65284044,18.42745,seed91120.png
-19.991106,-2.2349184,seed91121.png
-6.201555,14.985525,seed91122.png
4.1742992,15.87767,seed91123.png
8.037487,-34.951942,seed91124.png
6.5149837,-27.293497,seed91125.png
18.666903,16.383204,seed91126.png
-1.1170923,-13.474529,seed91127.png
3.1811833,-20.61669,seed91128.png
17.914946,16.6134,seed91129.png
25.839424,21.533169,seed9113.png
11.192456,-22.668423,seed91130.png
5.7935176,-31.65154,seed91131.png
-26.52186,14.229563,seed91132.png
13.640429,-38.002243,seed91133.png
41.309822,19.256292,seed91134.png
14.99705,-33.848698,seed91135.png
20.8222,5.926275,seed91136.png
13.3761,-33.686745,seed91137.png
8.0961895,-36.360477,seed91138.png
29.581343,15.952206,seed91139.png
6.981122,12.856287,seed9114.png
-24.618204,10.383917,seed91140.png
-17.661533,3.9638703,seed91141.png
-34.65411,15.050303,seed91142.png
27.42051,13.762897,seed91143.png
3.0411236,3.2647111,seed91144.png
38.355934,23.356033,seed91145.png
-37.458263,1.7604613,seed91146.png
11.764968,-40.106827,seed91147.png
-15.691859,-0.29300934,seed91148.png
36.692585,12.460622,seed91149.png
-32.78567,-5.115209,seed9115.png
-0.8734646,-12.614235,seed91150.png
-17.989218,-9.387272,seed91151.png
18.88391,20.603449,seed91152.png
-26.046535,19.499155,seed91153.png
-18.920832,-6.6998568,seed91154.png
-0.5193072,-13.619885,seed91155.png
-10.025626,-29.375252,seed91156.png
18.081417,8.938084,seed91157.png
10.687983,8.918881,seed91158.png
23.925146,15.3606615,seed91159.png
23.811422,14.500232,seed9116.png
11.986638,-30.03821,seed91160.png
12.800345,21.876648,seed91161.png
3.994818,23.282402,seed91162.png
-12.23205,-23.807177,seed91163.png
-25.295277,-0.4052363,seed91164.png
31.06618,0.74310833,seed91165.png
-16.304583,-29.74825,seed91166.png
21.091257,13.693371,seed91167.png
-34.242207,18.567583,seed91168.png
39.00605,18.467964,seed91169.png
-16.414099,-31.863922,seed9117.png
-24.559675,5.635753,seed91170.png
5.166883,12.914377,seed91171.png
-28.733192,16.032547,seed91172.png
17.89728,-9.423776,seed91173.png
34.231228,12.498146,seed91174.png
4.786807,22.257725,seed91175.png
-31.069204,-8.103789,seed91176.png
-34.331306,0.31851083,seed91177.png
-21.417364,-19.829702,seed91178.png
36.542755,24.732313,seed91179.png
8.853164,6.293319,seed9118.png
8.660541,2.860165,seed91180.png
21.472328,-5.857849,seed91181.png
-14.391791,5.2762547,seed91182.png
-14.465658,0.2361831,seed91183.png
20.07582,0.5240094,seed91184.png
0.60101646,-16.055723,seed91185.png
-18.486986,-3.40542,seed91186.png
37.464638,7.3436003,seed91187.png
25.062693,2.95688,seed91188.png
-11.858891,-6.8062735,seed91189.png
-4.0962157,-18.305868,seed9119.png
11.54487,12.907952,seed91190.png
-21.603556,-4.897486,seed91191.png
-14.294837,-6.7240553,seed91192.png
36.803383,11.052409,seed91193.png
-22.243244,-5.294855,seed91194.png
15.866089,-35.384647,seed91195.png
-19.24529,5.7161164,seed91196.png
3.1011178,-3.8455517,seed91197.png
-33.699795,13.89385,seed91198.png
-29.392363,-20.195988,seed91199.png
-20.860888,-6.0243783,seed9120.png
2.5505145,-27.559757,seed91200.png
-12.788367,-26.144732,seed91201.png
29.098177,12.65149,seed91202.png
-13.582353,-24.945179,seed91203.png
-32.65647,22.956688,seed91204.png
29.378193,9.897899,seed91205.png
13.662211,-7.655837,seed91206.png
-2.0271122,19.63448,seed91207.png
-0.2380736,-26.064278,seed91208.png
-14.570253,-5.1373944,seed91209.png
-11.104107,-15.648941,seed9121.png
-33.198753,17.325903,seed91210.png
-24.836615,-5.662048,seed91211.png
-19.02492,4.3002086,seed91212.png
0.66982317,-18.392687,seed91213.png
-6.0986123,10.606853,seed91214.png
-13.990813,-14.816524,seed91215.png
11.221197,-42.953888,seed91216.png
-31.601965,10.747751,seed91217.png
-15.253835,-15.520518,seed91218.png
-31.0575,8.928956,seed91219.png
14.163329,30.07025,seed9122.png
-32.46939,24.11298,seed91220.png
8.573379,13.100688,seed91221.png
4.837525,7.225817,seed91222.png
-34.46819,0.19692539,seed91223.png
27.4288,18.563084,seed91224.png
-18.04234,-10.5261965,seed91225.png
-19.333567,-3.9624703,seed91226.png
6.2086706,5.815004,seed91227.png
-16.073332,-28.290411,seed91228.png
3.754004,-34.97708,seed91229.png
12.675294,-34.532845,seed9123.png
-22.057323,-29.249668,seed91230.png
-21.501543,-2.7515838,seed91231.png
28.127142,-0.10699852,seed91232.png
-33.644295,23.2952,seed91233.png
27.753633,11.046704,seed91234.png
19.52378,1.7373846,seed91235.png
-30.596455,23.223026,seed91236.png
4.5429897,10.459673,seed91237.png
-19.206278,-14.860805,seed91238.png
-1.6270714,24.010246,seed91239.png
-2.8787265,-9.318876,seed9124.png
2.2865405,21.818579,seed91240.png
-8.551123,-23.151203,seed91241.png
-35.79515,0.28069085,seed91242.png
-12.778704,-31.134499,seed91243.png
-20.252764,-22.71185,seed91244.png
-5.8664846,18.774307,seed91245.png
10.178257,14.647731,seed91246.png
30.305634,10.708902,seed91247.png
34.529705,14.541284,seed91248.png
29.147223,18.439985,seed91249.png
-14.653293,-31.616938,seed9125.png
-30.479235,11.565456,seed91250.png
12.186986,-29.654594,seed91251.png
-26.032557,1.2733855,seed91252.png
-23.457697,-1.3140252,seed91253.png
37.325237,21.080275,seed91254.png
5.0094886,18.693813,seed91255.png
14.005114,-4.0490084,seed91256.png
35.0528,3.0061786,seed91257.png
32.92722,16.081734,seed91258.png
-34.724808,27.791239,seed91259.png
-18.783268,15.0643835,seed9126.png
25.692257,8.458692,seed91260.png
-14.122193,4.723857,seed91261.png
-19.345425,-9.915946,seed91262.png
-35.150486,27.883532,seed91263.png
22.68052,11.26887,seed91264.png
-27.43224,-18.98113,seed91265.png
-32.2506,25.759281,seed91266.png
5.5239906,5.5137506,seed91267.png
21.280426,10.472856,seed91268.png
-7.952408,-7.576954,seed91269.png
-1.9659019,-22.855442,seed9127.png
13.012343,-31.797636,seed91270.png
18.609886,4.5776925,seed91271.png
-36.01985,26.087158,seed91272.png
-11.143783,-21.122746,seed91273.png
8.800332,-38.137173,seed91274.png
-8.675031,-23.009674,seed91275.png
1.9759848,21.450903,seed91276.png
-24.011856,-12.004187,seed91277.png
16.655142,0.074210435,seed91278.png
14.8858,11.565892,seed91279.png
-21.984919,19.148386,seed9128.png
-3.6631372,-15.4731045,seed91280.png
5.775129,-5.554502,seed91281.png
-15.726272,-0.4212179,seed91282.png
6.579714,-4.535436,seed91283.png
-28.788248,18.630606,seed91284.png
-12.795301,-21.033772,seed91285.png
8.013629,21.780195,seed91286.png
-16.356138,-7.753922,seed91287.png
22.869543,-7.1304655,seed91288.png
16.911894,-7.778562,seed91289.png
-21.551514,-14.684334,seed9129.png
35.434994,9.909772,seed91290.png
-2.42035,10.846411,seed91291.png
-9.4273205,-17.32125,seed91292.png
-20.451115,-21.000202,seed91293.png
12.265402,-2.028237,seed91294.png
-34.000435,4.5045,seed91295.png
35.121445,20.817568,seed91296.png
15.40333,-32.864117,seed91297.png
10.583678,12.786858,seed91298.png
-24.615824,0.48292625,seed91299.png
14.902084,11.751992,seed9130.png
14.281151,-37.589344,seed91300.png
6.2938995,-37.866104,seed91301.png
-13.803173,-19.184965,seed91302.png
3.7857096,12.851765,seed91303.png
16.34992,17.137928,seed91304.png
-33.517597,20.945267,seed91305.png
5.801406,11.141884,seed91306.png
11.170137,-23.660496,seed91307.png
-29.379541,-15.02208,seed91308.png
5.9440737,-41.018143,seed91309.png
11.135294,23.070524,seed9131.png
30.059645,28.451284,seed91310.png
10.187355,-25.729006,seed91311.png
-16.458534,-11.566419,seed91312.png
22.72409,-7.973607,seed91313.png
13.752409,-9.456399,seed91314.png
11.737715,26.843697,seed91315.png
8.299781,-7.233636,seed91316.png
18.502583,20.966473,seed91317.png
18.280344,0.9504016,seed91318.png
-24.834936,-16.134964,seed91319.png
37.65458,14.781657,seed9132.png
6.98658,24.71198,seed91320.png
-32.09365,15.867834,seed91321.png
27.32888,7.6047716,seed91322.png
36.449455,15.9751625,seed91323.png
4.4073024,-8.784943,seed91324.png
22.169718,21.375818,seed91325.png
-32.235416,17.860216,seed91326.png
-22.82783,-7.5216246,seed91327.png
-13.053411,-16.089815,seed91328.png
13.436737,-2.6458805,seed91329.png
-15.911326,-20.425665,seed9133.png
6.9853992,-3.8351777,seed91330.png
0.7822496,-8.064761,seed91331.png
12.500863,-6.379616,seed91332.png
15.547579,15.872604,seed91333.png
22.200123,-9.518475,seed91334.png
-23.568491,0.3760838,seed91335.png
9.997679,6.2382445,seed91336.png
-33.744507,21.200998,seed91337.png
23.521374,21.88107,seed91338.png
4.1185155,-26.28877,seed91339.png
-32.6435,-9.78633,seed9134.png
12.566367,-22.191025,seed91340.png
-21.256767,-6.8721776,seed91341.png
-1.3241255,25.02235,seed91342.png
8.567025,-0.26102844,seed91343.png
-1.2448616,17.865837,seed91344.png
32.575214,4.885566,seed91345.png
9.893943,14.20493,seed91346.png
33.177116,6.1245112,seed91347.png
-19.733273,5.1811695,seed91348.png
24.006496,6.116278,seed91349.png
31.124844,24.080019,seed9135.png
-1.3642365,-17.709763,seed91350.png
-16.130949,-3.022552,seed91351.png
-23.486675,-18.561562,seed91352.png
29.036077,30.761745,seed91353.png
-31.069672,3.6506495,seed91354.png
12.61372,-40.980854,seed91355.png
11.014339,-33.599613,seed91356.png
-0.8268613,22.975931,seed91357.png
2.876804,11.693195,seed91358.png
35.14994,4.305197,seed91359.png
-21.47665,-10.437364,seed9136.png
-10.596697,-6.932309,seed91360.png
-18.723639,-21.146929,seed91361.png
-19.744333,9.6897,seed91362.png
-16.83288,-4.647014,seed91363.png
21.461996,-3.5479193,seed91364.png
13.941888,-36.52968,seed91365.png
33.898792,12.844845,seed91366.png
5.6369305,2.505675,seed91367.png
-8.925567,-13.318992,seed91368.png
1.3786192,-1.9808962,seed91369.png
5.365694,14.557224,seed9137.png
21.580687,21.74561,seed91370.png
0.6370742,-11.529209,seed91371.png
-10.8498535,-11.604253,seed91372.png
-23.803825,-23.28003,seed91373.png
-0.020032847,23.567997,seed91374.png
9.589093,-35.221973,seed91375.png
-16.19539,3.1812415,seed91376.png
-10.772068,-28.381573,seed91377.png
8.560514,-39.292717,seed91378.png
-18.40304,-26.979424,seed91379.png
18.564917,14.692326,seed9138.png
11.128993,-37.481,seed91380.png
-8.669708,-4.8325577,seed91381.png
38.50484,23.792112,seed91382.png
7.9023194,-11.49787,seed91383.png
6.0825796,3.9557602,seed91384.png
9.191165,29.35789,seed91385.png
-35.98742,23.554811,seed91386.png
-16.347822,-31.473063,seed91387.png
17.351347,24.016533,seed91388.png
7.444708,-28.21007,seed91389.png
16.496904,-33.51411,seed9139.png
-7.3761253,-16.463205,seed91390.png
-22.641636,11.560958,seed91391.png
-32.434826,-10.878904,seed91392.png
-30.153545,14.093198,seed91393.png
13.057015,-39.31086,seed91394.png
-23.392199,18.933186,seed91395.png
-28.863726,16.087713,seed91396.png
-8.377433,-13.714986,seed91397.png
-24.520618,2.1491065,seed91398.png
-23.920107,17.902359,seed91399.png
26.071146,20.495665,seed9140.png
-26.604462,7.5065274,seed91400.png
-14.507532,-20.372114,seed91401.png
15.954268,0.52636886,seed91402.png
36.49108,24.987251,seed91403.png
-4.6331463,-20.37954,seed91404.png
-14.025098,0.022979751,seed91405.png
12.826033,-24.243437,seed91406.png
-15.033083,-18.791946,seed91407.png
-30.288145,23.676544,seed91408.png
-29.99079,-13.697821,seed91409.png
4.631667,-3.0475204,seed9141.png
17.863428,-6.07212,seed91410.png
1.9979998,10.388078,seed91411.png
23.147736,14.563367,seed91412.png
18.458231,-4.707611,seed91413.png
-37.23039,10.014162,seed91414.png
9.54535,9.514212,seed91415.png
18.176867,23.857641,seed91416.png
-4.218926,-12.084572,seed91417.png
21.228481,4.054933,seed91418.png
-25.180592,14.251008,seed91419.png
10.612802,-25.620607,seed9142.png
6.995931,-25.997353,seed91420.png
21.403349,21.408737,seed91421.png
-25.848303,0.8909778,seed91422.png
25.103085,19.48392,seed91423.png
1.10339,-11.074888,seed91424.png
12.667689,11.679812,seed91425.png
-28.812155,-9.65257,seed91426.png
9.846968,0.52894425,seed91427.png
-0.9418443,17.931711,seed91428.png
16.993824,-35.258232,seed91429.png
28.20123,21.756104,seed9143.png
6.0833473,-26.9389,seed91430.png
32.953632,19.092926,seed91431.png
-29.307365,-19.759977,seed91432.png
15.699131,-34.813835,seed91433.png
14.6499815,21.999548,seed91434.png
29.85297,24.69531,seed91435.png
-21.741993,10.40567,seed91436.png
-34.130253,10.118406,seed91437.png
35.99048,15.606386,seed91438.png
-14.465728,-5.211171,seed91439.png
-34.85614,22.144781,seed9144.png
17.367561,-37.86576,seed91440.png
-35.12946,13.391242,seed91441.png
-34.60232,27.523218,seed91442.png
-28.002684,-17.698614,seed91443.png
36.078075,22.601763,seed91444.png
-23.590458,-3.7144713,seed91445.png
17.092754,22.895365,seed91446.png
-11.8753395,-25.048138,seed91447.png
-14.521128,-28.229757,seed91448.png
1.888067,-11.799728,seed91449.png
9.66756,1.7476641,seed9145.png
34.50698,10.827796,seed91450.png
25.385199,18.968794,seed91451.png
-34.724842,24.973276,seed91452.png
-30.786642,16.337772,seed91453.png
2.7081282,17.216211,seed91454.png
16.655413,7.667618,seed91455.png
-22.117218,7.287737,seed91456.png
-18.311226,-20.311283,seed91457.png
17.985176,19.7878,seed91458.png
-19.86454,10.750624,seed91459.png
-6.7408776,-10.359941,seed9146.png
-23.88283,-13.6135845,seed91460.png
10.596948,6.960279,seed91461.png
19.646149,24.370274,seed91462.png
32.419094,22.883795,seed91463.png
17.229864,26.185663,seed91464.png
6.9014235,18.110004,seed91465.png
-31.63278,25.538023,seed91466.png
-28.726934,-2.2325342,seed91467.png
-13.494815,-6.4001513,seed91468.png
-21.210585,11.848118,seed91469.png
2.5128524,21.485,seed9147.png
-18.23047,3.5582745,seed91470.png
2.799159,1.6534699,seed91471.png
2.3860426,-26.846952,seed91472.png
-6.5514092,3.9097564,seed91473.png
-14.965561,-28.487297,seed91474.png
-2.8199575,18.123838,seed91475.png
-25.032793,1.2754422,seed91476.png
-22.792198,-14.132475,seed91477.png
-15.982194,-31.18542,seed91478.png
-14.201039,0.8830009,seed91479.png
10.141796,-3.0338733,seed9148.png
8.6168,-28.896914,seed91480.png
4.4762626,-37.30035,seed91481.png
1.6763963,3.110288,seed91482.png
10.678672,-43.712288,seed91483.png
-30.424238,1.1191082,seed91484.png
18.125425,21.616894,seed91485.png
21.72213,23.893959,seed91486.png
-8.1868725,2.4848554,seed91487.png
-28.644173,18.080257,seed91488.png
-27.535118,3.949365,seed91489.png
-34.429276,-9.171477,seed9149.png
13.75691,-4.794599,seed91490.png
13.5896015,27.011292,seed91491.png
-25.096304,-1.1165545,seed91492.png
-29.453857,18.934977,seed91493.png
-15.525688,-3.744625,seed91494.png
-33.37744,21.456888,seed91495.png
32.44988,21.404022,seed91496.png
-2.8596158,-22.259256,seed91497.png
16.966345,-5.62243,seed91498.png
-19.557537,8.728803,seed91499.png
-7.523719,-10.797668,seed9150.png
-16.14816,-6.712123,seed91500.png
18.40163,25.930239,seed91501.png
-12.822472,-21.042635,seed91502.png
25.556553,3.9916377,seed91503.png
-37.869102,20.665936,seed91504.png
14.244331,-36.2406,seed91505.png
30.694118,1.9177011,seed91506.png
19.910604,22.034113,seed91507.png
-23.450493,15.84774,seed91508.png
-3.1866684,-22.409607,seed91509.png
11.632207,5.100174,seed9151.png
-2.1837368,14.0941,seed91510.png
26.11489,8.959555,seed91511.png
37.967808,21.910902,seed91512.png
28.012537,12.677573,seed91513.png
-18.996428,5.2001095,seed91514.png
33.304134,27.187876,seed91515.png
-15.562974,-29.85202,seed91516.png
-29.11673,-2.8959293,seed91517.png
9.4418745,-37.764034,seed91518.png
11.909818,-32.27434,seed91519.png
1.163534,-14.681635,seed9152.png
-34.684357,27.901176,seed91520.png
-27.661812,-19.831635,seed91521.png
-6.0069084,-4.366294,seed91522.png
-8.540648,-3.5137024,seed91523.png
36.283375,23.644274,seed91524.png
-16.956661,3.1197288,seed91525.png
-5.054535,-10.216219,seed91526.png
7.877644,-36.927124,seed91527.png
37.84322,17.412224,seed91528.png
36.72753,16.065636,seed91529.png
-14.100381,-28.144817,seed9153.png
-20.951794,0.8106932,seed91530.png
12.152267,14.648185,seed91531.png
0.13892733,-19.016798,seed91532.png
-10.341105,-4.7126904,seed91533.png
-26.888872,5.315263,seed91534.png
-22.074665,10.803409,seed91535.png
-19.197994,-4.398341,seed91536.png
15.992734,7.0627117,seed91537.png
24.41605,22.683067,seed91538.png
1.1672044,11.9536295,seed91539.png
24.576014,19.493992,seed9154.png
10.762009,-10.933614,seed91540.png
2.9846416,16.416998,seed91541.png
-19.115635,0.36642227,seed91542.png
-13.301514,-19.667646,seed91543.png
-38.66676,16.050106,seed91544.png
5.4332876,1.056888,seed91545.png
13.867731,-8.176438,seed91546.png
-31.745857,25.366926,seed91547.png
32.63121,25.214483,seed91548.png
17.966251,24.736809,seed91549.png
22.612055,18.8354,seed9155.png
-23.806469,2.8340855,seed91550.png
-1.5616494,-25.000105,seed91551.png
-8.031973,-20.11648,seed91552.png
30.631985,25.545944,seed91553.png
-31.786547,-7.4804597,seed91554.png
-22.990313,11.248426,seed91555.png
23.876165,-2.0439978,seed91556.png
-2.4782348,-16.839909,seed91557.png
-10.419787,-17.947323,seed91558.png
-32.18911,11.312857,seed91559.png
-13.8349285,6.372894,seed9156.png
4.1443253,-10.757705,seed91560.png
-25.15799,2.2074084,seed91561.png
22.16866,11.0356655,seed91562.png
21.375227,18.90482,seed91563.png
-23.913038,-10.984112,seed91564.png
21.244757,-0.9277416,seed91565.png
23.553883,3.6814675,seed91566.png
19.412548,-4.9918876,seed91567.png
19.74539,18.576017,seed91568.png
-31.09959,-10.419558,seed91569.png
-2.330219,8.64087,seed9157.png
-21.62107,18.117016,seed91570.png
-11.023629,-12.171351,seed91571.png
22.976015,1.8374339,seed91572.png
-19.303707,7.347028,seed91573.png
-22.511385,-14.53351,seed91574.png
27.163136,10.93038,seed91575.png
-33.343914,21.479519,seed91576.png
-18.020153,1.4026793,seed91577.png
-34.935307,-2.017735,seed91578.png
-9.333719,-22.051928,seed91579.png
-17.321697,-17.648512,seed9158.png
19.148981,21.743753,seed91580.png
10.971396,-26.820105,seed91581.png
-18.151817,5.72349,seed91582.png
36.38393,25.340046,seed91583.png
-19.033455,-31.399836,seed91584.png
18.50816,-3.421624,seed91585.png
-34.879612,-3.277712,seed91586.png
31.31005,6.609844,seed91587.png
-26.574387,-14.200291,seed91588.png
13.988257,-35.0904,seed91589.png
-19.065632,-16.79231,seed9159.png
27.464504,12.641841,seed91590.png
38.225845,25.952278,seed91591.png
22.446318,23.24091,seed91592.png
11.9011,-1.1638635,seed91593.png
-27.858583,5.054625,seed91594.png
-1.6519536,19.776783,seed91595.png
1.1918765,24.922688,seed91596.png
-25.937578,-3.3623524,seed91597.png
3.825496,-28.44292,seed91598.png
-18.803509,-17.138247,seed91599.png
25.594412,7.3806276,seed9160.png
5.1843324,-33.31342,seed91600.png
12.994066,-26.786097,seed91601.png
5.7964616,-27.128923,seed91602.png
29.662806,1.5005662,seed91603.png
33.25448,19.767979,seed91604.png
31.661482,25.595957,seed91605.png
11.204975,-30.43895,seed91606.png
14.261386,-5.0706015,seed91607.png
-14.390622,-15.154312,seed91608.png
-18.170334,-12.2746525,seed91609.png
-6.3981595,-20.94131,seed9161.png
-34.48052,-0.36735347,seed91610.png
-16.771206,0.06903518,seed91611.png
3.719166,22.993515,seed91612.png
23.270626,21.747875,seed91613.png
5.8824377,-26.89747,seed91614.png
-15.528681,-9.172818,seed91615.png
25.308187,19.445,seed91616.png
-23.379759,-24.074951,seed91617.png
-33.39314,-9.439163,seed91618.png
-13.379289,-20.079567,seed91619.png
-32.311516,14.968811,seed9162.png
-28.779741,-13.795575,seed91620.png
7.159824,4.1672597,seed91621.png
41.148205,22.639898,seed91622.png
1.9785312,17.265657,seed91623.png
34.74873,14.645381,seed91624.png
24.350534,10.264929,seed91625.png
-19.946068,-23.038342,seed91626.png
-10.402131,-3.1315982,seed91627.png
38.938335,7.744281,seed91628.png
14.20212,-2.0353537,seed91629.png
25.857756,22.749815,seed9163.png
-37.028652,10.594146,seed91630.png
-15.087783,-8.565402,seed91631.png
20.019356,21.933094,seed91632.png
35.838203,7.6403856,seed91633.png
25.734453,22.435907,seed91634.png
-34.431335,21.824858,seed91635.png
12.535576,-1.3592508,seed91636.png
-2.3684328,9.349467,seed91637.png
-19.5071,13.771071,seed91638.png
3.119511,21.79838,seed91639.png
5.099221,-2.0294354,seed9164.png
0.22242223,20.492853,seed91640.png
-31.538828,22.097588,seed91641.png
19.575146,-1.8816115,seed91642.png
17.475866,9.659368,seed91643.png
18.067356,23.615261,seed91644.png
41.100933,22.005022,seed91645.png
-28.577232,-8.595687,seed91646.png
7.448789,7.2509294,seed91647.png
25.822395,17.526155,seed91648.png
39.16373,23.53889,seed91649.png
-24.045977,-15.282422,seed9165.png
25.890081,22.320063,seed91650.png
0.6141479,-25.94196,seed91651.png
-10.331121,1.5313476,seed91652.png
34.905632,4.498609,seed91653.png
7.420966,7.2637296,seed91654.png
21.221964,3.2840216,seed91655.png
-21.868855,-11.715774,seed91656.png
3.4373002,17.588657,seed91657.png
12.938583,28.660542,seed91658.png
-21.700504,-29.394812,seed91659.png
-19.19032,-22.114212,seed9166.png
12.293604,-0.3751139,seed91660.png
-21.569399,-4.5295563,seed91661.png
2.1329193,-4.972699,seed91662.png
-25.269442,9.342845,seed91663.png
-7.983736,-3.732173,seed91664.png
26.418365,9.791485,seed91665.png
-29.315731,12.127139,seed91666.png
35.45721,14.508838,seed91667.png
-27.396633,10.551274,seed91668.png
33.84325,7.6226177,seed91669.png
7.225256,18.719488,seed9167.png
-32.586227,25.933218,seed91670.png
1.948626,16.685482,seed91671.png
18.235447,16.64056,seed91672.png
-16.731894,-18.575382,seed91673.png
5.156364,8.4536085,seed91674.png
-18.239569,-29.748545,seed91675.png
-27.872553,5.978294,seed91676.png
17.003468,22.12518,seed91677.png
16.686361,20.424223,seed91678.png
24.459724,0.7355882,seed91679.png
23.063354,13.376576,seed9168.png
37.779037,12.312618,seed91680.png
-18.016125,6.633509,seed91681.png
-32.37912,20.033117,seed91682.png
8.462882,-28.592787,seed91683.png
26.566187,22.661402,seed91684.png
9.731507,21.51694,seed91685.png
30.248985,27.857674,seed91686.png
30.487328,1.2549115,seed91687.png
-24.208422,-22.024296,seed91688.png
21.687988,21.711102,seed91689.png
6.860913,-7.9700103,seed9169.png
25.331455,-4.4036713,seed91690.png
4.6865973,-33.48158,seed91691.png
7.2562284,-11.572003,seed91692.png
13.441283,23.745535,seed91693.png
34.851177,27.58887,seed91694.png
19.867634,-3.751846,seed91695.png
-7.9959197,-21.771957,seed91696.png
20.662962,13.676893,seed91697.png
2.3564157,14.992459,seed91698.png
-32.1197,24.85609,seed91699.png
-21.788116,17.382908,seed9170.png
-18.8211,-16.231165,seed91700.png
-25.87624,-2.4726493,seed91701.png
-14.856652,-28.935137,seed91702.png
-18.908363,-5.6534257,seed91703.png
6.3936963,-3.6408088,seed91704.png
26.123116,21.725796,seed91705.png
29.861843,21.989737,seed91706.png
13.949342,-30.46123,seed91707.png
25.277044,3.385987,seed91708.png
-23.923582,-18.411594,seed91709.png
-17.262833,-23.837177,seed9171.png
8.862217,-26.573723,seed91710.png
18.100687,4.964397,seed91711.png
9.394164,-27.8761,seed91712.png
-13.879849,-20.271215,seed91713.png
23.882744,18.023846,seed91714.png
-15.439779,-30.505527,seed91715.png
9.623534,-33.859013,seed91716.png
35.93719,8.845571,seed91717.png
-24.473448,5.6069264,seed91718.png
-0.13710707,18.629536,seed91719.png
32.58497,25.681454,seed9172.png
-16.415682,3.6881614,seed91720.png
-38.215454,15.905821,seed91721.png
3.0929036,-30.721449,seed91722.png
-29.344355,-8.475664,seed91723.png
-15.104173,-30.937813,seed91724.png
20.228159,-3.2965324,seed91725.png
3.963849,13.552469,seed91726.png
35.295147,10.927245,seed91727.png
-22.497923,18.277733,seed91728.png
6.786983,-3.5730977,seed91729.png
-11.0348015,6.0751033,seed9173.png
-23.410017,10.242215,seed91730.png
6.366532,-32.111603,seed91731.png
11.837296,8.717758,seed91732.png
-33.489487,18.328068,seed91733.png
24.447844,20.105764,seed91734.png
20.922228,-2.2022598,seed91735.png
29.273272,8.012776,seed91736.png
-16.625896,-14.214219,seed91737.png
14.056523,25.373539,seed91738.png
30.725851,12.150536,seed91739.png
13.914759,-0.7945564,seed9174.png
7.193908,17.138805,seed91740.png
-22.911137,6.317943,seed91741.png
-19.731129,-29.46983,seed91742.png
-7.8529477,-26.094252,seed91743.png
23.568577,21.717766,seed91744.png
15.989373,-33.371914,seed91745.png
11.317711,-22.922047,seed91746.png
0.25904012,21.240406,seed91747.png
7.8480654,2.698864,seed91748.png
7.059334,5.8465366,seed91749.png
-25.729727,11.419192,seed9175.png
-16.281584,-18.214699,seed91750.png
-23.630657,-15.661711,seed91751.png
-13.499192,-1.7452934,seed91752.png
2.4165034,-0.38750273,seed91753.png
-34.737156,-7.903229,seed91754.png
33.42339,12.699547,seed91755.png
14.635118,-36.61666,seed91756.png
-2.0737379,-11.325636,seed91757.png
-0.09590513,-0.9164754,seed91758.png
35.37339,13.101007,seed91759.png
-29.10318,-11.602657,seed9176.png
11.847848,-6.815843,seed91760.png
-31.552942,11.786827,seed91761.png
-17.983074,-24.866112,seed91762.png
-34.902878,2.7917526,seed91763.png
32.44599,20.328959,seed91764.png
-31.817287,3.649557,seed91765.png
-27.347736,15.371786,seed91766.png
11.413148,-33.934345,seed91767.png
-7.2167754,-7.9943323,seed91768.png
-21.513956,-28.18896,seed91769.png
-20.65323,7.9253883,seed9177.png
15.093374,-34.25968,seed91770.png
18.860271,11.629603,seed91771.png
16.941517,-2.0071845,seed91772.png
-18.273392,-18.477594,seed91773.png
6.7857804,8.343205,seed91774.png
-34.97968,-5.9706135,seed91775.png
-25.294304,-19.612364,seed91776.png
-12.718597,-24.327711,seed91777.png
3.1798263,-14.715558,seed91778.png
8.463054,-2.4475136,seed91779.png
4.005284,-33.519047,seed9178.png
-24.965399,-2.2747989,seed91780.png
12.605821,-33.731663,seed91781.png
-26.400948,12.011206,seed91782.png
6.482513,-36.813324,seed91783.png
-24.105413,17.776278,seed91784.png
38.905403,6.315875,seed91785.png
7.261812,18.35321,seed91786.png
-17.219767,-25.87492,seed91787.png
5.863339,7.739679,seed91788.png
-14.069903,-22.432337,seed91789.png
-27.718678,-5.321263,seed9179.png
3.9789548,-11.008888,seed91790.png
-15.50926,5.7856927,seed91791.png
-18.631079,-3.7366495,seed91792.png
27.804491,6.5825357,seed91793.png
4.503612,-34.49054,seed91794.png
32.01029,9.340458,seed91795.png
-21.079834,-7.245847,seed91796.png
10.385236,8.47743,seed91797.png
22.111786,12.479781,seed91798.png
1.1787211,19.592955,seed91799.png
-4.441921,2.6123,seed9180.png
-22.324911,-2.9082036,seed91800.png
15.92817,-37.147694,seed91801.png
0.2499094,12.774352,seed91802.png
-26.5743,-18.380598,seed91803.png
16.399223,-37.2927,seed91804.png
25.814821,4.7222705,seed91805.png
8.664539,-33.26687,seed91806.png
12.035715,22.429922,seed91807.png
27.790703,5.4518914,seed91808.png
15.179993,11.154351,seed91809.png
5.4840817,-40.227913,seed9181.png
16.258137,-5.497711,seed91810.png
12.218209,-22.7279,seed91811.png
-31.217848,-1.6369923,seed91812.png
-20.680126,-17.554726,seed91813.png
-26.9226,14.699602,seed91814.png
-20.308401,-22.795687,seed91815.png
-20.18336,8.911303,seed91816.png
11.21507,10.639986,seed91817.png
-16.240465,-31.304218,seed91818.png
31.70417,22.217356,seed91819.png
13.772545,-23.473122,seed9182.png
-0.16145939,-12.455414,seed91820.png
-20.508688,6.2417254,seed91821.png
-3.2816586,-16.517235,seed91822.png
9.630959,-7.132073,seed91823.png
-23.59701,-13.408865,seed91824.png
-33.541504,-2.7219715,seed91825.png
0.67831427,-18.347013,seed91826.png
7.803485,21.314861,seed91827.png
2.8728578,-34.341167,seed91828.png
-13.145145,4.191505,seed91829.png
-12.756501,-12.224826,seed9183.png
15.361992,-34.51311,seed91830.png
-34.403072,17.197342,seed91831.png
-20.998592,3.1006968,seed91832.png
12.750455,-42.478786,seed91833.png
28.186947,23.840162,seed91834.png
14.697706,-35.909927,seed91835.png
18.67565,24.558937,seed91836.png
9.981935,-7.4923153,seed91837.png
-3.519852,6.0024567,seed91838.png
5.469308,-38.413174,seed91839.png
29.202187,27.068443,seed9184.png
8.560197,-22.408382,seed91840.png
-18.417515,-4.7254767,seed91841.png
11.366999,-33.33476,seed91842.png
21.515482,23.694567,seed91843.png
41.4857,21.500288,seed91844.png
-32.84223,22.045507,seed91845.png
-15.302044,-28.782017,seed91846.png
-24.184946,5.40497,seed91847.png
-23.865316,-16.869762,seed91848.png
-16.993767,0.5144167,seed91849.png
41.645115,19.289267,seed9185.png
4.123269,18.011404,seed91850.png
-23.278393,-22.796926,seed91851.png
-33.693634,15.095491,seed91852.png
-11.880468,-5.557274,seed91853.png
-18.354876,3.88745,seed91854.png
10.550199,-36.55793,seed91855.png
6.24681,-39.28151,seed91856.png
39.786034,23.41932,seed91857.png
6.374244,15.7899275,seed91858.png
10.925793,-35.869484,seed91859.png
14.400125,-34.316875,seed9186.png
5.745579,24.23392,seed91860.png
13.259398,-13.392089,seed91861.png
-13.076297,-7.841645,seed91862.png
4.7618213,-11.509791,seed91863.png
-35.79422,-4.5315313,seed91864.png
6.5924067,2.9403303,seed91865.png
6.135256,-31.835152,seed91866.png
-22.91519,-13.2477,seed91867.png
-33.86402,24.565773,seed91868.png
30.036224,2.8744664,seed91869.png
-2.2378805,12.109141,seed9187.png
6.4860983,12.572044,seed91870.png
-14.809451,-7.819007,seed91871.png
17.508606,-6.565177,seed91872.png
-23.762394,-11.901752,seed91873.png
36.05222,17.03654,seed91874.png
-22.407782,-27.605995,seed91875.png
19.35547,24.45147,seed91876.png
-23.082878,13.788982,seed91877.png
-30.411127,-12.560102,seed91878.png
37.436752,6.063922,seed91879.png
-27.492662,-9.069925,seed9188.png
-33.513744,-1.487112,seed91880.png
17.74521,-7.355709,seed91881.png
16.005964,-32.2947,seed91882.png
7.024827,-8.796028,seed91883.png
16.681654,2.4153848,seed91884.png
41.938847,18.503538,seed91885.png
4.5880604,10.270659,seed91886.png
7.207672,12.988867,seed91887.png
-21.761826,-19.076916,seed91888.png
1.0085047,-7.59733,seed91889.png
-27.598257,6.27538,seed9189.png
26.654325,16.770052,seed91890.png
-33.12304,22.809649,seed91891.png
5.536116,-30.189602,seed91892.png
-20.349733,-16.47559,seed91893.png
-15.79058,-25.080912,seed91894.png
-30.838781,-13.345679,seed91895.png
-15.982538,-29.802008,seed91896.png
4.5490217,-36.04559,seed91897.png
-24.254501,4.469784,seed91898.png
6.0028625,-26.937164,seed91899.png
13.608034,-39.66336,seed9190.png
-18.420107,-29.709211,seed91900.png
-16.793314,-26.660278,seed91901.png
-35.297768,25.462238,seed91902.png
15.611849,-34.781387,seed91903.png
14.929641,10.670298,seed91904.png
29.65989,13.936958,seed91905.png
-2.7920227,21.305307,seed91906.png
-22.112926,-7.9446883,seed91907.png
-10.708256,-5.856493,seed91908.png
26.098434,17.53053,seed91909.png
24.050741,19.552275,seed9191.png
11.9054985,-31.493526,seed91910.png
20.1882,-7.559169,seed91911.png
12.703516,-35.214314,seed91912.png
-26.160595,0.43743226,seed91913.png
22.272322,21.548555,seed91914.png
-19.891705,11.757665,seed91915.png
-23.066872,-12.275391,seed91916.png
-30.850626,7.7366624,seed91917.png
17.418983,15.614523,seed91918.png
-1.0938655,25.403522,seed91919.png
-13.26106,-28.316904,seed9192.png
0.67883676,24.971336,seed91920.png
-18.437613,-20.472942,seed91921.png
-26.947031,9.47863,seed91922.png
-33.697914,6.744052,seed91923.png
-21.673525,2.969872,seed91924.png
26.723034,11.823491,seed91925.png
5.0609775,-36.32986,seed91926.png
18.603498,13.750535,seed91927.png
34.227283,5.826844,seed91928.png
4.1996884,-22.86068,seed91929.png
14.164412,-33.463814,seed9193.png
14.055276,16.443718,seed91930.png
26.949045,21.390669,seed91931.png
5.665927,-27.813208,seed91932.png
-15.088748,-18.711761,seed91933.png
-33.5089,7.89687,seed91934.png
-29.721228,13.705382,seed91935.png
3.833774,10.100545,seed91936.png
-3.188169,-13.033685,seed91937.png
1.0875854,23.89977,seed91938.png
13.088392,12.2338295,seed91939.png
2.973129,9.99222,seed9194.png
23.12677,-1.8383503,seed91940.png
19.704138,17.531385,seed91941.png
18.966785,16.901087,seed91942.png
23.432878,14.59639,seed91943.png
35.081,9.080049,seed91944.png
-15.427079,-27.472393,seed91945.png
23.03807,5.7874665,seed91946.png
-20.436203,-7.363274,seed91947.png
-31.350222,12.498168,seed91948.png
18.03141,19.576403,seed91949.png
-35.891453,2.208532,seed9195.png
34.366096,24.704178,seed91950.png
24.352343,8.159462,seed91951.png
31.347914,16.872654,seed91952.png
-27.913778,19.151117,seed91953.png
10.327229,-38.483475,seed91954.png
18.51605,16.217396,seed91955.png
31.275269,27.340086,seed91956.png
-21.64149,1.3721993,seed91957.png
-16.20962,-22.76428,seed91958.png
11.969508,5.7789226,seed91959.png
-34.343338,19.092384,seed9196.png
13.10103,-33.46623,seed91960.png
-27.083069,-8.269973,seed91961.png
39.950115,18.91875,seed91962.png
-35.56097,11.794975,seed91963.png
-34.52052,12.974593,seed91964.png
32.885418,11.258111,seed91965.png
19.051426,-0.6858223,seed91966.png
33.362896,8.258412,seed91967.png
13.658812,12.731661,seed91968.png
8.697502,28.173906,seed91969.png
-23.896528,-10.726174,seed9197.png
26.974958,9.841011,seed91970.png
3.3031814,-33.02075,seed91971.png
11.813732,12.673814,seed91972.png
-27.38409,-11.0883465,seed91973.png
16.270033,24.282774,seed91974.png
9.502633,2.6890576,seed91975.png
-19.185675,2.6190972,seed91976.png
18.162586,24.975874,seed91977.png
-36.68622,4.7838025,seed91978.png
8.693195,-38.838627,seed91979.png
-32.687305,0.80401987,seed9198.png
1.307338,-14.374223,seed91980.png
5.025478,-36.72174,seed91981.png
-5.6031947,12.948671,seed91982.png
25.278522,20.324549,seed91983.png
-17.395012,-1.473773,seed91984.png
-32.644257,24.095276,seed91985.png
12.602327,-29.436977,seed91986.png
5.82244,18.085487,seed91987.png
-13.59869,-23.29421,seed91988.png
9.765288,-34.807495,seed91989.png
-21.965271,3.9100559,seed9199.png
4.397272,19.293911,seed91990.png
-26.433186,-0.4682434,seed91991.png
13.9595785,-38.639256,seed91992.png
-23.905863,-12.290176,seed91993.png
-5.1567,-12.41867,seed91994.png
-16.206366,-12.759139,seed91995.png
16.894194,18.99806,seed91996.png
12.321814,-10.114662,seed91997.png
15.698351,19.642744,seed91998.png
-22.70612,-0.4634381,seed91999.png
17.376509,1.3482155,seed9200.png
35.561035,22.319273,seed92000.png
-25.094784,-15.295184,seed92001.png
-26.870651,-1.9085058,seed92002.png
-19.556376,12.300081,seed92003.png
-17.987461,-12.722437,seed92004.png
-15.254053,-5.083261,seed92005.png
0.83984214,23.73135,seed92006.png
-32.30183,17.949465,seed92007.png
17.234083,27.831844,seed92008.png
20.523813,6.128301,seed92009.png
-32.792263,8.768504,seed9201.png
25.489605,-0.8130409,seed92010.png
20.342945,-8.842679,seed92011.png
9.191132,29.71597,seed92012.png
-7.950649,-18.997751,seed92013.png
31.588316,27.36717,seed92014.png
33.146484,8.10403,seed92015.png
-14.562963,0.2534331,seed92016.png
8.627768,7.6091995,seed92017.png
-17.536465,-12.880449,seed92018.png
-32.18535,5.3622026,seed92019.png
-32.887352,21.812714,seed9202.png
9.656751,-25.000711,seed92020.png
-30.600428,0.926325,seed92021.png
-24.945103,-20.432049,seed92022.png
-5.1769743,14.16511,seed92023.png
-17.752136,-30.959156,seed92024.png
14.95606,22.641308,seed92025.png
16.539124,26.038328,seed92026.png
-14.845873,-9.343256,seed92027.png
-10.240346,-3.739571,seed92028.png
5.123945,-2.4682412,seed92029.png
25.910948,0.8514855,seed9203.png
-28.166727,-19.04029,seed92030.png
18.86224,23.612253,seed92031.png
-22.494125,13.090244,seed92032.png
-35.076603,27.59121,seed92033.png
11.20626,19.799603,seed92034.png
0.09918468,21.927814,seed92035.png
14.670002,15.008069,seed92036.png
-1.3869658,24.453045,seed92037.png
-17.20111,-19.064201,seed92038.png
4.0800123,-37.29554,seed92039.png
-22.516829,14.498141,seed9204.png
28.370493,14.6631775,seed92040.png
-12.345594,-5.1936,seed92041.png
2.5732467,9.121948,seed92042.png
39.934296,16.221415,seed92043.png
-3.9579961,-7.7492604,seed92044.png
34.766796,10.593923,seed92045.png
-30.2587,-16.757494,seed92046.png
-3.7010214,12.870281,seed92047.png
-2.48187,-25.994982,seed92048.png
-8.167716,-8.312469,seed92049.png
-8.297701,-18.049824,seed9205.png
13.566054,-1.1538783,seed92050.png
-28.162546,19.08612,seed92051.png
-27.752344,-8.181174,seed92052.png
29.848318,-1.3463528,seed92053.png
34.440834,11.681451,seed92054.png
-16.762224,-11.277411,seed92055.png
-25.268644,-18.967373,seed92056.png
30.08551,12.325207,seed92057.png
-5.531907,-16.924965,seed92058.png
-21.476492,17.551334,seed92059.png
-18.031221,-20.362759,seed9206.png
12.160403,26.130453,seed92060.png
4.462857,-3.1910508,seed92061.png
-12.452584,-26.10227,seed92062.png
-29.912727,15.274567,seed92063.png
-34.79031,12.958559,seed92064.png
11.6067,-28.881128,seed92065.png
-20.471897,-20.706678,seed92066.png
-31.070702,-13.78917,seed92067.png
39.425156,6.675384,seed92068.png
7.5478253,-31.296755,seed92069.png
-1.432291,23.606955,seed9207.png
-17.417496,-18.360662,seed92070.png
-14.596947,-22.298315,seed92071.png
10.25017,-34.34562,seed92072.png
31.587543,10.316011,seed92073.png
23.983435,7.1350293,seed92074.png
-27.22617,-6.001111,seed92075.png
-1.7772605,20.247639,seed92076.png
-15.810385,-16.125996,seed92077.png
-9.73301,-18.010677,seed92078.png
-15.975671,-2.7638018,seed92079.png
-35.17803,24.8628,seed9208.png
19.310429,-0.71837145,seed92080.png
-17.134085,-0.31418812,seed92081.png
-12.518891,-7.8949466,seed92082.png
14.912525,-39.054077,seed92083.png
4.71213,21.236633,seed92084.png
10.235508,-35.16742,seed92085.png
-10.869092,-1.1391488,seed92086.png
-21.825813,12.011163,seed92087.png
12.435841,-1.3833371,seed92088.png
-9.680188,-16.589922,seed92089.png
9.22394,-41.635918,seed9209.png
1.0730621,11.118659,seed92090.png
-27.505142,-8.782125,seed92091.png
12.140735,-39.254963,seed92092.png
-17.147507,-2.18565,seed92093.png
39.196644,16.689823,seed92094.png
20.403526,17.110529,seed92095.png
30.227242,3.2339149,seed92096.png
23.94962,13.7055235,seed92097.png
-1.4700869,24.97209,seed92098.png
-12.982562,-14.586924,seed92099.png
-23.272938,-12.500676,seed9210.png
33.187374,16.046072,seed92100.png
3.2248487,19.520525,seed92101.png
14.478473,27.027964,seed92102.png
-28.14748,-12.590784,seed92103.png
-31.207264,5.8075404,seed92104.png
-15.92646,2.1452906,seed92105.png
-17.496891,-16.988565,seed92106.png
-16.957727,-28.006119,seed92107.png
-20.995602,-20.13912,seed92108.png
-34.337345,13.523236,seed92109.png
8.545124,-3.913765,seed9211.png
16.423725,-35.10775,seed92110.png
-18.15841,5.7780805,seed92111.png
24.645445,5.778767,seed92112.png
18.04478,10.124096,seed92113.png
6.633479,-25.161335,seed92114.png
-27.16182,19.803057,seed92115.png
15.5195,-7.1132994,seed92116.png
-16.919865,-28.37123,seed92117.png
-22.523392,-2.839653,seed92118.png
2.2894075,10.326508,seed92119.png
-18.331964,-0.59298986,seed9212.png
-20.675291,15.726593,seed92120.png
19.602518,23.21486,seed92121.png
-3.6026108,-13.894169,seed92122.png
-22.884897,11.654449,seed92123.png
-27.215063,-14.838789,seed92124.png
-0.61252517,-18.316536,seed92125.png
-1.0156072,20.003998,seed92126.png
-35.858067,10.126351,seed92127.png
6.4076543,8.424291,seed92128.png
-30.852066,10.010644,seed92129.png
-31.255793,17.500051,seed9213.png
9.70736,-7.4509363,seed92130.png
-24.986437,-13.82825,seed92131.png
-24.473831,-18.58663,seed92132.png
19.715813,22.339886,seed92133.png
6.955774,-0.030001046,seed92134.png
-34.2241,11.1268,seed92135.png
-19.623535,-16.855867,seed92136.png
-20.75171,-18.720184,seed92137.png
27.855534,20.11552,seed92138.png
33.532753,21.009298,seed92139.png
-19.417957,-14.332969,seed9214.png
-10.303009,-15.303825,seed92140.png
35.020714,24.939005,seed92141.png
-21.335245,3.5746312,seed92142.png
33.71624,11.013053,seed92143.png
-10.077799,8.45086,seed92144.png
-20.492538,-17.332542,seed92145.png
-6.938249,-19.369007,seed92146.png
-34.429226,27.070505,seed92147.png
8.919604,-42.85491,seed92148.png
20.95323,21.564968,seed92149.png
8.045866,-24.715982,seed9215.png
4.931345,-35.64389,seed92150.png
1.7360063,0.3521134,seed92151.png
-27.611486,16.112888,seed92152.png
1.8674973,25.646053,seed92153.png
23.664085,9.890582,seed92154.png
-7.8404655,-0.776618,seed92155.png
34.822613,25.722752,seed92156.png
6.41347,-32.75277,seed92157.png
-26.049797,15.580542,seed92158.png
5.1166487,4.511129,seed92159.png
-12.489184,9.518042,seed9216.png
-29.760427,15.550274,seed92160.png
-11.860652,-11.721231,seed92161.png
-25.908546,10.881878,seed92162.png
20.40842,15.490029,seed92163.png
34.1874,9.327953,seed92164.png
21.614388,21.423887,seed92165.png
-32.583282,20.412638,seed92166.png
-18.562763,2.3674333,seed92167.png
-30.623518,15.65112,seed92168.png
6.8456945,-31.413046,seed92169.png
3.4599707,5.7953606,seed9217.png
10.632059,-25.818308,seed92170.png
7.2007875,7.256148,seed92171.png
-32.545555,21.451107,seed92172.png
-34.12786,-9.652681,seed92173.png
2.8250713,16.623535,seed92174.png
11.829795,7.926556,seed92175.png
-37.488094,4.6952963,seed92176.png
-13.658307,-0.023923194,seed92177.png
15.800435,7.54426,seed92178.png
-32.784164,20.820957,seed92179.png
-4.6232476,-23.828274,seed9218.png
-11.225787,-13.069859,seed92180.png
-30.216557,-16.768358,seed92181.png
14.39364,-40.23041,seed92182.png
4.264748,12.733535,seed92183.png
22.393887,8.285354,seed92184.png
28.470259,15.151228,seed92185.png
-29.920948,-1.5598568,seed92186.png
-18.518972,-9.472861,seed92187.png
-28.830685,4.427163,seed92188.png
15.636141,21.236784,seed92189.png
-9.59129,14.091299,seed9219.png
-16.968094,-17.272278,seed92190.png
-0.2961443,-11.791382,seed92191.png
-28.60179,-6.184056,seed92192.png
-8.065699,-6.6771827,seed92193.png
10.898184,23.397139,seed92194.png
6.721224,19.119612,seed92195.png
-22.9172,-17.771852,seed92196.png
-27.893612,5.143564,seed92197.png
17.98714,2.199201,seed92198.png
-18.98671,-31.398233,seed92199.png
-14.933836,-20.271997,seed9220.png
-33.566486,6.9886136,seed92200.png
-20.03372,-17.5186,seed92201.png
13.102518,11.562055,seed92202.png
-19.375854,13.582362,seed92203.png
38.806915,23.302929,seed92204.png
-26.079565,12.115146,seed92205.png
-21.162811,13.649448,seed92206.png
-11.6129265,-22.396667,seed92207.png
-22.521132,3.4480088,seed92208.png
-22.945278,-23.884922,seed92209.png
-8.474025,-19.202047,seed9221.png
-19.670912,15.567916,seed92210.png
-19.42441,-10.129707,seed92211.png
-7.6911507,12.745038,seed92212.png
-22.86677,-23.8471,seed92213.png
27.940252,0.34059432,seed92214.png
-17.884457,10.644686,seed92215.png
-34.1469,-9.12536,seed92216.png
37.606785,20.99676,seed92217.png
8.413168,2.114397,seed92218.png
33.842857,17.943378,seed92219.png
13.0962925,-1.6671098,seed9222.png
9.021769,-28.26434,seed92220.png
17.998623,2.0614154,seed92221.png
-27.700855,0.87928516,seed92222.png
23.695488,16.761667,seed92223.png
-33.56386,22.289955,seed92224.png
-15.408868,-31.159912,seed92225.png
28.85522,10.405109,seed92226.png
-24.945831,-8.547726,seed92227.png
14.409176,-0.37205926,seed92228.png
-36.789417,18.60071,seed92229.png
-4.849909,-12.880132,seed9223.png
-17.426409,-2.0296335,seed92230.png
-5.2666917,22.835863,seed92231.png
14.336271,-35.004112,seed92232.png
1.0706635,14.983164,seed92233.png
-0.84826994,22.554262,seed92234.png
21.773283,10.933467,seed92235.png
-27.715904,7.0424027,seed92236.png
34.94767,5.4496465,seed92237.png
14.857205,-40.3986,seed92238.png
-23.16167,-6.649812,seed92239.png
13.896034,-32.138275,seed9224.png
-17.691292,-6.547513,seed92240.png
24.0601,19.716003,seed92241.png
11.600922,-42.27705,seed92242.png
-19.032837,-28.633701,seed92243.png
23.845663,2.6876576,seed92244.png
-14.125969,0.74300754,seed92245.png
27.908514,4.0923524,seed92246.png
2.182763,-28.458376,seed92247.png
-13.650917,9.483576,seed92248.png
14.01785,-8.015788,seed92249.png
-33.029743,22.847363,seed9225.png
8.632277,14.050686,seed92250.png
-1.5913048,24.88785,seed92251.png
-17.278038,3.0769694,seed92252.png
2.1735187,-3.5848534,seed92253.png
26.107985,18.604443,seed92254.png
23.0321,-3.1724272,seed92255.png
-25.018724,-13.58375,seed92256.png
-15.678722,-30.220148,seed92257.png
-33.543404,24.957844,seed92258.png
-21.307257,-1.6914825,seed92259.png
-25.690125,6.138085,seed9226.png
29.377205,28.148745,seed92260.png
29.319256,4.947755,seed92261.png
-22.584526,-24.691143,seed92262.png
17.811718,21.608248,seed92263.png
-18.282415,11.663344,seed92264.png
-29.758375,4.2315226,seed92265.png
-12.880011,-9.629053,seed92266.png
-30.814604,24.500517,seed92267.png
-31.930538,-3.3353798,seed92268.png
-18.340578,-16.93969,seed92269.png
11.667975,20.998205,seed9227.png
28.98971,8.188561,seed92270.png
-1.6942688,24.180656,seed92271.png
-35.05214,27.352182,seed92272.png
11.243819,15.918842,seed92273.png
-16.392225,1.8941631,seed92274.png
26.781944,14.903655,seed92275.png
-7.1424403,4.7785034,seed92276.png
-24.959064,-5.1502333,seed92277.png
-29.701756,-12.89926,seed92278.png
23.023346,21.510511,seed92279.png
-18.49488,-29.972685,seed9228.png
24.981092,3.5211768,seed92280.png
10.97287,-31.19221,seed92281.png
11.384441,-36.197227,seed92282.png
11.417213,21.969587,seed92283.png
15.863439,3.0721788,seed92284.png
9.044886,29.81926,seed92285.png
-16.648842,-21.644392,seed92286.png
34.470882,11.871822,seed92287.png
9.567995,1.7452998,seed92288.png
-19.57299,-16.922028,seed92289.png
33.314484,15.864626,seed9229.png
8.98872,21.925554,seed92290.png
-6.653091,-23.355682,seed92291.png
8.564693,20.922003,seed92292.png
24.530096,21.844402,seed92293.png
-19.748913,-20.93987,seed92294.png
15.614681,0.27799118,seed92295.png
7.4894466,-41.364826,seed92296.png
15.892045,-30.915983,seed92297.png
17.971115,-0.3455323,seed92298.png
-15.629834,-22.977556,seed92299.png
-36.42029,25.64717,seed9230.png
18.924345,-5.393063,seed92300.png
-0.7419897,-16.948704,seed92301.png
-14.24149,-5.565338,seed92302.png
24.739046,15.850163,seed92303.png
-35.300507,-0.3088421,seed92304.png
30.639687,14.774129,seed92305.png
10.946155,-32.01615,seed92306.png
38.641796,21.939096,seed92307.png
38.611263,24.718727,seed92308.png
-30.18417,-6.1141777,seed92309.png
-17.220877,-12.282627,seed9231.png
14.752412,6.27506,seed92310.png
-4.343186,2.570831,seed92311.png
-21.124197,-22.52362,seed92312.png
13.507416,26.352732,seed92313.png
-2.2480292,22.410044,seed92314.png
-37.120266,15.584119,seed92315.png
-2.3760378,-9.14017,seed92316.png
7.9376335,-10.703276,seed92317.png
0.26869267,-19.538275,seed92318.png
15.3212805,26.884747,seed92319.png
24.549852,3.0275576,seed9232.png
31.00892,3.8878355,seed92320.png
4.727861,8.185153,seed92321.png
-31.497957,18.938993,seed92322.png
24.427467,-2.0225348,seed92323.png
-20.487188,-8.153972,seed92324.png
41.820957,14.331665,seed92325.png
-15.077666,-25.495882,seed92326.png
37.593647,10.585428,seed92327.png
26.246172,-0.8003519,seed92328.png
-5.870321,-3.0906956,seed92329.png
-19.312634,-3.8376148,seed9233.png
-8.834422,-24.07647,seed92330.png
10.9492235,-0.34814686,seed92331.png
-13.444118,-7.27847,seed92332.png
-13.231291,-17.942492,seed92333.png
9.641059,4.871056,seed92334.png
18.209513,13.707663,seed92335.png
-37.244183,13.824517,seed92336.png
33.98356,25.507679,seed92337.png
-14.96251,-11.609354,seed92338.png
-36.022903,-9.314776,seed92339.png
6.8269567,-30.907377,seed9234.png
12.471228,-35.846687,seed92340.png
-19.884132,-1.4892485,seed92341.png
33.855785,25.402855,seed92342.png
-35.803448,20.51652,seed92343.png
-18.8965,-10.472965,seed92344.png
14.646038,3.1566885,seed92345.png
-26.045923,-18.36949,seed92346.png
-33.815765,26.997374,seed92347.png
-38.667557,14.405815,seed92348.png
16.702538,25.013319,seed92349.png
-29.009783,10.072667,seed9235.png
-0.3499906,21.51157,seed92350.png
-3.064424,12.959138,seed92351.png
-35.67144,23.520233,seed92352.png
0.26309097,15.629529,seed92353.png
-33.03978,-6.7425046,seed92354.png
15.905562,8.373709,seed92355.png
-33.947456,25.321894,seed92356.png
-23.613926,18.8673,seed92357.png
-10.0920315,-14.908922,seed92358.png
-27.538889,-8.118458,seed92359.png
21.12712,21.711664,seed9236.png
10.198597,6.90101,seed92360.png
36.85013,23.694212,seed92361.png
-5.622159,13.352141,seed92362.png
23.498842,11.778352,seed92363.png
-27.502125,11.9677305,seed92364.png
33.31273,3.6967907,seed92365.png
22.518534,-2.472338,seed92366.png
14.947289,-37.06386,seed92367.png
-8.76561,-12.61547,seed92368.png
13.545931,2.2865005,seed92369.png
35.901173,11.0465,seed9237.png
-3.6594214,-5.524103,seed92370.png
-12.01818,12.62007,seed92371.png
9.968158,-28.526535,seed92372.png
20.55181,3.0810528,seed92373.png
7.579501,-39.93019,seed92374.png
21.028706,-5.0050693,seed92375.png
0.13096072,-8.872902,seed92376.png
21.344477,0.33909595,seed92377.png
-13.602077,-17.803886,seed92378.png
29.401653,25.567835,seed92379.png
-31.555508,-13.676735,seed9238.png
24.243494,3.2005293,seed92380.png
28.212954,19.619843,seed92381.png
17.05059,-34.82119,seed92382.png
21.33994,16.767876,seed92383.png
-32.839855,-2.7457557,seed92384.png
22.824848,18.794804,seed92385.png
23.177477,-1.5320375,seed92386.png
-11.873027,-1.2430832,seed92387.png
16.820948,0.9936378,seed92388.png
3.2355475,17.226957,seed92389.png
-22.011879,11.251051,seed9239.png
-32.399773,15.082772,seed92390.png
-33.751785,22.976683,seed92391.png
-20.563042,-17.026964,seed92392.png
-30.68737,18.776957,seed92393.png
-30.997223,23.427212,seed92394.png
-17.43903,-28.342712,seed92395.png
13.7623415,5.527013,seed92396.png
-13.906702,-2.731092,seed92397.png
-4.2452846,-5.0453053,seed92398.png
-15.642503,-3.95742,seed92399.png
14.612074,27.621647,seed9240.png
20.22395,19.602402,seed92400.png
18.329435,25.484564,seed92401.png
-0.34883738,-17.492098,seed92402.png
16.814056,24.220556,seed92403.png
-0.639515,23.501995,seed92404.png
-6.1634316,-5.441987,seed92405.png
-22.31814,0.6024017,seed92406.png
27.424976,12.752972,seed92407.png
-4.6294026,-24.026606,seed92408.png
-26.413006,13.645022,seed92409.png
-35.145485,0.4726448,seed9241.png
-22.847082,-6.198664,seed92410.png
9.025693,17.45366,seed92411.png
11.22089,18.924482,seed92412.png
0.16489683,4.594322,seed92413.png
39.79843,19.991705,seed92414.png
-11.066683,1.5987959,seed92415.png
-14.269456,-29.194534,seed92416.png
24.781803,1.6908576,seed92417.png
32.580387,6.843548,seed92418.png
-33.394203,21.64999,seed92419.png
-27.698206,-1.708195,seed9242.png
-6.601257,-8.625203,seed92420.png
28.549452,0.57996726,seed92421.png
-10.857677,-27.72274,seed92422.png
14.824767,-31.712831,seed92423.png
21.204624,19.151567,seed92424.png
8.671565,9.122316,seed92425.png
-1.1022365,-12.365668,seed92426.png
34.602093,12.496918,seed92427.png
0.017498463,19.790928,seed92428.png
-12.704173,-9.188886,seed92429.png
32.876106,13.768431,seed9243.png
-19.959454,-7.6712785,seed92430.png
-1.1049489,24.528042,seed92431.png
-31.454803,24.07121,seed92432.png
9.992131,6.7462206,seed92433.png
37.00913,8.368952,seed92434.png
28.385561,-0.055864368,seed92435.png
10.839033,-24.145315,seed92436.png
30.209599,5.741429,seed92437.png
18.137218,26.10862,seed92438.png
-12.26282,-12.8799,seed92439.png
-20.224804,3.3192196,seed9244.png
2.6712985,8.431793,seed92440.png
30.396292,25.585531,seed92441.png
-9.583975,-26.767427,seed92442.png
11.091189,-42.89446,seed92443.png
-17.606178,11.228078,seed92444.png
-22.050316,15.160654,seed92445.png
-6.8939576,-9.775171,seed92446.png
24.684448,-4.9838533,seed92447.png
4.577561,6.20078,seed92448.png
22.094004,9.372463,seed92449.png
23.725143,24.854647,seed9245.png
-22.292374,-20.040108,seed92450.png
-30.98094,12.387097,seed92451.png
34.16872,16.15132,seed92452.png
13.495431,2.4361794,seed92453.png
23.570616,6.9791646,seed92454.png
17.371006,22.07856,seed92455.png
8.273988,-1.7048732,seed92456.png
36.882053,16.6871,seed92457.png
-16.54267,-18.2348,seed92458.png
-31.469994,23.65054,seed92459.png
-25.653639,-19.137169,seed9246.png
20.255718,-8.4387665,seed92460.png
-22.305838,14.025604,seed92461.png
15.402351,14.90729,seed92462.png
28.424704,5.8487334,seed92463.png
-2.3968818,-2.5083108,seed92464.png
-8.778714,-27.387657,seed92465.png
29.391205,25.62308,seed92466.png
30.821169,3.529667,seed92467.png
1.964686,-0.1785408,seed92468.png
-27.605457,7.2563,seed92469.png
-28.971912,10.454315,seed9247.png
-35.053215,21.782324,seed92470.png
-32.834217,10.73163,seed92471.png
-13.982884,-16.759556,seed92472.png
9.28797,-4.2597566,seed92473.png
26.216724,7.788582,seed92474.png
-3.4957302,13.334489,seed92475.png
-14.797795,-4.8693953,seed92476.png
18.719885,-6.546661,seed92477.png
35.83187,22.820885,seed92478.png
35.892952,22.322922,seed92479.png
6.0784326,-2.689571,seed9248.png
-29.640707,-2.7738607,seed92480.png
36.887226,16.852978,seed92481.png
-20.607841,-27.936817,seed92482.png
35.515987,5.8614197,seed92483.png
-16.768942,-15.69226,seed92484.png
36.519222,14.453811,seed92485.png
-10.446394,-18.488626,seed92486.png
4.773882,10.471941,seed92487.png
-8.18249,-3.9279919,seed92488.png
-13.429635,-12.317186,seed92489.png
6.359979,4.155608,seed9249.png
23.894867,10.908406,seed92490.png
2.2336314,4.572707,seed92491.png
27.12964,9.243628,seed92492.png
16.920046,24.24522,seed92493.png
18.657654,28.11884,seed92494.png
-7.286599,-27.317026,seed92495.png
-8.555452,3.505884,seed92496.png
36.16665,10.037382,seed92497.png
-12.618591,-28.899412,seed92498.png
13.987693,15.510653,seed92499.png
37.75267,21.424593,seed9250.png
-27.568825,-6.2045293,seed92500.png
24.303398,22.742384,seed92501.png
-23.68909,-23.062908,seed92502.png
-22.963022,-25.88958,seed92503.png
8.25008,-41.07495,seed92504.png
5.2330484,-22.320415,seed92505.png
3.952848,-29.205767,seed92506.png
34.54112,24.284218,seed92507.png
-34.1187,5.9098396,seed92508.png
-16.091566,-30.190205,seed92509.png
-28.456268,-12.193253,seed9251.png
18.778227,6.8271413,seed92510.png
16.186024,-32.96092,seed92511.png
-21.293797,-3.1697874,seed92512.png
-34.679306,27.297083,seed92513.png
10.371589,-24.128548,seed92514.png
30.031548,1.4041237,seed92515.png
38.007153,22.473011,seed92516.png
2.9464974,-3.566675,seed92517.png
33.129696,1.7340964,seed92518.png
22.732937,23.379791,seed92519.png
38.936768,22.233849,seed9252.png
11.810141,-35.27971,seed92520.png
-14.945883,-0.076073594,seed92521.png
0.360668,-14.606227,seed92522.png
3.0529742,16.592133,seed92523.png
-33.654793,-1.9843026,seed92524.png
-24.231861,7.9209666,seed92525.png
-12.053356,-27.653166,seed92526.png
0.07958264,-29.626892,seed92527.png
-19.420311,-12.519789,seed92528.png
25.922152,21.692661,seed92529.png
15.821149,-1.9058503,seed9253.png
-26.656363,13.964672,seed92530.png
15.186257,-38.9583,seed92531.png
27.771954,19.064137,seed92532.png
0.34835142,18.870203,seed92533.png
22.266626,22.598347,seed92534.png
40.599236,12.252458,seed92535.png
15.761457,7.197907,seed92536.png
-25.502405,6.576839,seed92537.png
13.719409,-6.3052144,seed92538.png
-17.14474,-2.2525928,seed92539.png
23.47277,10.521068,seed9254.png
16.723783,11.839851,seed92540.png
-20.80945,-30.133722,seed92541.png
22.526447,26.278149,seed92542.png
30.374826,1.6509361,seed92543.png
-33.979992,19.606985,seed92544.png
16.216362,11.640821,seed92545.png
23.60862,12.520617,seed92546.png
-30.118233,2.0311358,seed92547.png
-17.702728,-25.312607,seed92548.png
10.723907,28.131157,seed92549.png
-16.052752,4.2340393,seed9255.png
-16.573616,-16.463844,seed92550.png
-24.42666,2.2867355,seed92551.png
25.243689,15.053877,seed92552.png
-23.095835,9.992748,seed92553.png
-6.0188255,-8.3479,seed92554.png
31.750418,23.97476,seed92555.png
-9.582116,2.4896824,seed92556.png
14.722393,6.362761,seed92557.png
5.3703957,-35.65784,seed92558.png
0.49655902,24.60035,seed92559.png
-26.869867,12.44784,seed9256.png
-17.297277,-6.3592834,seed92560.png
-17.579105,6.012559,seed92561.png
-35.702927,26.140518,seed92562.png
-29.567339,0.98372006,seed92563.png
30.235754,13.915927,seed92564.png
19.42641,20.221058,seed92565.png
25.553926,10.717341,seed92566.png
-35.339966,20.727642,seed92567.png
-23.9622,4.9820595,seed92568.png
-35.417297,-3.6382623,seed92569.png
-32.854557,9.456898,seed9257.png
7.702947,-28.70085,seed92570.png
-11.141774,-3.9714131,seed92571.png
-7.2126107,-22.789082,seed92572.png
5.178513,9.749422,seed92573.png
4.1427436,-34.117664,seed92574.png
12.190342,21.889736,seed92575.png
30.5787,10.157418,seed92576.png
9.904325,-31.498125,seed92577.png
38.18171,14.339017,seed92578.png
29.161346,27.346233,seed92579.png
-5.6682906,0.8398317,seed9258.png
25.251408,21.346134,seed92580.png
25.924475,-1.3199142,seed92581.png
-21.227148,-25.091135,seed92582.png
17.789902,25.25397,seed92583.png
19.42146,22.680733,seed92584.png
2.629073,-2.2528284,seed92585.png
-36.711403,24.04391,seed92586.png
-20.661263,-4.6725163,seed92587.png
22.502508,-6.4567614,seed92588.png
-23.736494,-0.034175698,seed92589.png
19.987383,10.249346,seed9259.png
-13.706363,1.6980842,seed92590.png
-2.4274993,-21.265972,seed92591.png
-6.9996114,11.468708,seed92592.png
-13.870514,-24.888067,seed92593.png
20.949184,-4.7340193,seed92594.png
-18.030182,4.5272455,seed92595.png
5.820648,-20.441648,seed92596.png
11.916665,-23.821438,seed92597.png
35.047764,22.435892,seed92598.png
-14.606217,-23.510809,seed92599.png
-16.74048,-28.178364,seed9260.png
-3.234041,-11.326025,seed92600.png
15.887954,-5.57143,seed92601.png
6.9989786,-27.210756,seed92602.png
36.86599,10.563729,seed92603.png
-19.697037,-22.736736,seed92604.png
7.9846063,10.01511,seed92605.png
-15.411011,3.998632,seed92606.png
3.7019784,4.958872,seed92607.png
-4.016402,-17.53902,seed92608.png
-9.917303,6.0443444,seed92609.png
3.9475894,15.341119,seed9261.png
-27.555225,9.73092,seed92610.png
11.679494,-29.959663,seed92611.png
11.7842045,-37.659958,seed92612.png
4.747538,14.462587,seed92613.png
18.930342,0.8153221,seed92614.png
19.329445,26.879953,seed92615.png
-37.300823,4.0019927,seed92616.png
-33.03727,20.22989,seed92617.png
-2.9586742,-16.287148,seed92618.png
11.693416,4.1531506,seed92619.png
-30.114357,5.9954076,seed9262.png
-19.161943,17.762281,seed92620.png
39.87807,22.217857,seed92621.png
26.697943,13.727165,seed92622.png
22.339247,12.929284,seed92623.png
28.2876,-0.96864146,seed92624.png
10.674129,-25.529108,seed92625.png
-25.25666,9.6737995,seed92626.png
-4.394381,-20.91592,seed92627.png
19.496183,3.9415033,seed92628.png
6.8503737,6.3172903,seed92629.png
-20.641739,-6.9329677,seed9263.png
-30.705166,-6.409334,seed92630.png
-19.313269,-26.507298,seed92631.png
37.80531,10.850642,seed92632.png
-30.390137,4.1012793,seed92633.png
-29.71516,14.584053,seed92634.png
9.987856,-41.76321,seed92635.png
-5.6011267,10.872499,seed92636.png
6.738819,16.20353,seed92637.png
37.16551,10.432745,seed92638.png
-30.075003,9.517872,seed92639.png
-18.308468,2.4910417,seed9264.png
-16.02757,-9.535964,seed92640.png
6.8797693,-12.097261,seed92641.png
12.863466,-27.413855,seed92642.png
13.635784,11.2989025,seed92643.png
-21.583126,-20.213911,seed92644.png
12.363822,-0.89895356,seed92645.png
-33.279564,13.94271,seed92646.png
-33.071377,25.341875,seed92647.png
-12.949148,-22.625639,seed92648.png
17.969238,-4.1089177,seed92649.png
31.760212,7.870895,seed9265.png
36.747894,8.703761,seed92650.png
-10.253155,-16.50606,seed92651.png
-20.933167,18.835352,seed92652.png
-1.5855626,-1.0708132,seed92653.png
12.19313,-31.380598,seed92654.png
-3.3969975,-22.313797,seed92655.png
21.224815,-5.0735583,seed92656.png
20.901073,0.36503848,seed92657.png
-32.042927,8.098613,seed92658.png
29.500301,17.949455,seed92659.png
-24.069405,6.7959976,seed9266.png
-21.089874,10.858598,seed92660.png
-23.194407,-0.65366906,seed92661.png
16.497093,8.19329,seed92662.png
39.115128,16.400103,seed92663.png
-29.994345,-7.257254,seed92664.png
20.022537,-6.007513,seed92665.png
28.131926,4.8608055,seed92666.png
32.2882,6.91423,seed92667.png
-3.5723372,1.8002923,seed92668.png
-3.5717022,9.664761,seed92669.png
10.753553,-42.36149,seed9267.png
5.550311,24.6936,seed92670.png
-8.299771,-19.715784,seed92671.png
25.051228,7.217422,seed92672.png
-20.972511,-6.146591,seed92673.png
13.463732,-37.453968,seed92674.png
6.7757816,10.358158,seed92675.png
20.645166,27.738623,seed92676.png
11.77078,-32.034622,seed92677.png
37.478287,21.842642,seed92678.png
-21.230064,-28.81468,seed92679.png
39.819622,21.316257,seed9268.png
13.201155,-35.87249,seed92680.png
0.052535083,21.696306,seed92681.png
27.351938,7.1739874,seed92682.png
13.302925,-2.7548938,seed92683.png
13.9355,0.45699742,seed92684.png
36.926754,21.974796,seed92685.png
-32.995647,23.19913,seed92686.png
-2.105724,-16.12451,seed92687.png
25.587845,10.347531,seed92688.png
38.942505,12.98796,seed92689.png
16.412376,27.291693,seed9269.png
6.8105783,7.717312,seed92690.png
18.820387,14.900114,seed92691.png
27.650417,13.227104,seed92692.png
-30.940876,-4.7875676,seed92693.png
-25.776598,-1.3262817,seed92694.png
-21.472363,-24.72774,seed92695.png
-17.90055,-0.82646406,seed92696.png
14.576475,-2.8972306,seed92697.png
-21.87703,-17.578926,seed92698.png
-10.675586,-20.999027,seed92699.png
-23.630959,-14.080674,seed9270.png
14.474864,-39.102837,seed92700.png
-25.228344,-8.72113,seed92701.png
21.723797,27.725588,seed92702.png
-17.599731,-7.013697,seed92703.png
-7.0926547,-12.438083,seed92704.png
-16.71537,-0.77131,seed92705.png
-34.4627,19.712032,seed92706.png
-21.263857,-16.048313,seed92707.png
-17.94974,-10.386357,seed92708.png
13.056454,-36.264065,seed92709.png
28.51636,26.943167,seed9271.png
10.37989,-37.73985,seed92710.png
-35.71436,6.0846295,seed92711.png
10.365132,3.962108,seed92712.png
-15.983228,-26.683905,seed92713.png
9.239093,21.09904,seed92714.png
25.825277,9.673864,seed92715.png
16.367466,-1.1805148,seed92716.png
-22.181196,-22.777817,seed92717.png
36.11337,4.8840413,seed92718.png
38.792538,19.489212,seed92719.png
5.141316,-35.79478,seed9272.png
35.378242,14.32025,seed92720.png
-12.960135,-7.587695,seed92721.png
-29.566929,3.8889332,seed92722.png
-30.506824,-16.44689,seed92723.png
-18.808271,-24.629827,seed92724.png
40.768715,15.170515,seed92725.png
36.319324,25.163778,seed92726.png
-25.903137,21.679201,seed92727.png
33.374283,25.16286,seed92728.png
-18.513584,-14.6804085,seed92729.png
22.463713,-3.777097,seed9273.png
34.208496,15.466655,seed92730.png
15.785161,-3.5774324,seed92731.png
-3.435384,-1.4464473,seed92732.png
5.5311475,-36.166656,seed92733.png
-1.0086873,21.792307,seed92734.png
-22.134546,-4.396279,seed92735.png
-19.728296,-16.995901,seed92736.png
7.059641,19.77461,seed92737.png
17.181282,27.116096,seed92738.png
-30.701063,-14.151242,seed92739.png
-0.10145135,20.20763,seed9274.png
-22.968039,-1.1579144,seed92740.png
7.363471,-21.756685,seed92741.png
9.154473,-29.591967,seed92742.png
13.490173,2.1133478,seed92743.png
13.738589,9.880405,seed92744.png
-20.38218,-13.666319,seed92745.png
3.791713,10.993874,seed92746.png
-30.465712,9.774668,seed92747.png
-37.312767,23.81326,seed92748.png
-4.7950654,-20.041174,seed92749.png
2.2579627,-26.364172,seed9275.png
-27.717133,4.6406274,seed92750.png
1.7616196,12.554584,seed92751.png
-10.17432,6.379785,seed92752.png
41.66033,13.023714,seed92753.png
7.0358033,0.70578706,seed92754.png
8.995389,28.394487,seed92755.png
5.4793377,-27.032562,seed92756.png
29.940876,8.23306,seed92757.png
-13.04331,2.0471897,seed92758.png
-0.8999091,-16.93135,seed92759.png
-18.007078,-16.094702,seed9276.png
6.2633896,-13.739225,seed92760.png
-16.509142,-14.823302,seed92761.png
16.698133,25.496729,seed92762.png
-16.311977,-14.261994,seed92763.png
0.24340184,-18.897488,seed92764.png
20.745321,9.81532,seed92765.png
-7.2243967,-1.0234761,seed92766.png
8.900615,-43.548843,seed92767.png
7.1958895,20.992823,seed92768.png
-20.552713,-12.734852,seed92769.png
10.012985,-41.833473,seed9277.png
-17.62127,-16.558441,seed92770.png
-11.156055,-8.423171,seed92771.png
-11.683625,-6.737767,seed92772.png
0.21627432,19.115936,seed92773.png
5.5416136,5.572072,seed92774.png
12.4125395,-41.129208,seed92775.png
-22.789446,10.3814745,seed92776.png
-15.029032,9.308825,seed92777.png
9.933843,15.982374,seed92778.png
39.399624,23.528889,seed92779.png
23.24805,11.85805,seed9278.png
37.943825,5.5921974,seed92780.png
-0.42146873,12.840742,seed92781.png
33.69931,18.487741,seed92782.png
12.457623,0.600784,seed92783.png
-10.310949,5.7302485,seed92784.png
-27.591602,-2.9229088,seed92785.png
-34.03653,14.515705,seed92786.png
-29.00157,8.210061,seed92787.png
12.6413555,19.007658,seed92788.png
9.132108,-1.3496155,seed92789.png
25.749659,18.87727,seed9279.png
-14.813203,-21.749008,seed92790.png
14.703701,21.008463,seed92791.png
22.997171,-6.805166,seed92792.png
34.147587,7.4896894,seed92793.png
-18.233738,-8.674846,seed92794.png
10.169198,-34.552654,seed92795.png
-30.495754,10.647901,seed92796.png
-20.465214,-20.380985,seed92797.png
-19.365238,13.498675,seed92798.png
-12.59494,-28.050169,seed92799.png
-35.809708,7.3045573,seed9280.png
-24.512852,-23.775772,seed92800.png
-13.951674,-9.443678,seed92801.png
37.17559,23.53558,seed92802.png
4.6485333,24.594442,seed92803.png
12.554111,-32.086548,seed92804.png
-12.188961,-19.842161,seed92805.png
10.537502,25.708633,seed92806.png
14.724162,-33.039925,seed92807.png
26.588242,17.404037,seed92808.png
-8.508501,-9.011983,seed92809.png
-20.519518,3.773055,seed9281.png
-18.903986,13.262444,seed92810.png
10.785417,1.7705241,seed92811.png
8.135465,-27.75891,seed92812.png
10.670208,-36.693478,seed92813.png
-24.439066,16.78597,seed92814.png
-19.209352,11.401014,seed92815.png
3.2400494,14.1518,seed92816.png
4.9695807,-26.537424,seed92817.png
-6.151797,-4.7292,seed92818.png
24.376715,21.932947,seed92819.png
-16.251429,-19.698841,seed9282.png
14.678562,-27.931534,seed92820.png
14.477627,26.254957,seed92821.png
1.6093994,9.00051,seed92822.png
-27.381054,0.9590496,seed92823.png
-22.718317,9.421102,seed92824.png
-33.14894,18.769102,seed92825.png
-2.1567762,1.914091,seed92826.png
-1.6268537,16.7753,seed92827.png
20.07702,17.837404,seed92828.png
12.502717,-30.958418,seed92829.png
-29.730104,-13.935777,seed9283.png
23.14703,11.829682,seed92830.png
21.327211,21.309727,seed92831.png
6.585776,-7.8524103,seed92832.png
-12.252147,9.969973,seed92833.png
-16.068098,-8.979037,seed92834.png
6.3064876,4.8792443,seed92835.png
5.9610214,-39.046017,seed92836.png
6.8456426,-24.986692,seed92837.png
-27.737717,7.313824,seed92838.png
26.238089,8.360349,seed92839.png
4.8999634,-7.418299,seed9284.png
-18.505953,-14.814541,seed92840.png
-18.482729,-6.0408688,seed92841.png
6.6063647,2.3432612,seed92842.png
25.344015,25.96079,seed92843.png
10.397399,22.46551,seed92844.png
-14.458486,-14.567078,seed92845.png
-11.154232,-14.192567,seed92846.png
27.792583,28.198128,seed92847.png
-7.547428,-4.7364154,seed92848.png
37.968998,7.2472854,seed92849.png
4.823231,11.266546,seed9285.png
27.906288,8.3077135,seed92850.png
1.524558,4.5194626,seed92851.png
33.824554,9.354891,seed92852.png
-12.021945,3.5922787,seed92853.png
32.520542,17.830393,seed92854.png
13.087922,14.861289,seed92855.png
-0.808141,24.878994,seed92856.png
-26.753122,-5.873243,seed92857.png
40.450382,16.019867,seed92858.png
6.9986153,-28.379112,seed92859.png
1.7786214,0.809316,seed9286.png
-21.36071,-27.071156,seed92860.png
16.16065,-36.47881,seed92861.png
-21.408222,-10.691873,seed92862.png
7.1794095,14.541698,seed92863.png
24.989677,-4.1910176,seed92864.png
32.90725,18.133305,seed92865.png
3.8217406,1.3104062,seed92866.png
-14.604415,-20.255384,seed92867.png
-0.117416196,22.780817,seed92868.png
4.8536787,-32.62936,seed92869.png
9.094976,-9.3897295,seed9287.png
-2.8123615,2.557496,seed92870.png
-26.520155,16.460049,seed92871.png
-26.714111,-19.665289,seed92872.png
-2.9942987,-2.7168684,seed92873.png
31.034246,9.035807,seed92874.png
-0.69982266,10.665166,seed92875.png
8.187427,-4.4290624,seed92876.png
-4.120692,-16.329426,seed92877.png
28.841919,28.180498,seed92878.png
-3.5643833,-7.286753,seed92879.png
-11.231834,-28.497778,seed9288.png
15.256957,-1.445243,seed92880.png
8.878336,17.321001,seed92881.png
-30.112135,13.024453,seed92882.png
-35.62785,23.82845,seed92883.png
-29.29911,1.5304089,seed92884.png
6.3589983,-27.19231,seed92885.png
23.769056,22.063774,seed92886.png
13.054228,10.987346,seed92887.png
-14.145434,-10.421848,seed92888.png
19.664396,25.412064,seed92889.png
22.512203,2.8881075,seed9289.png
5.8948374,-27.987211,seed92890.png
-11.87356,-25.419537,seed92891.png
8.222372,9.490681,seed92892.png
29.160688,17.486738,seed92893.png
-12.597633,-23.21454,seed92894.png
-1.5039381,-0.012641447,seed92895.png
-34.19724,21.155542,seed92896.png
-14.852026,-6.271553,seed92897.png
-22.573854,-21.539566,seed92898.png
-32.190956,-4.277523,seed92899.png
-8.673352,-17.17555,seed9290.png
-23.978443,-10.688075,seed92900.png
3.5063844,22.274326,seed92901.png
25.79841,3.0695624,seed92902.png
-19.270031,6.2733154,seed92903.png
-20.585754,-9.66796,seed92904.png
27.158022,27.747025,seed92905.png
-21.538982,19.537975,seed92906.png
-31.421553,5.5089045,seed92907.png
2.9597995,-30.308851,seed92908.png
18.471508,-8.089901,seed92909.png
16.554989,-36.185684,seed9291.png
-35.005013,12.632805,seed92910.png
-20.061836,12.307204,seed92911.png
28.52693,21.519434,seed92912.png
-19.710815,-17.696026,seed92913.png
-33.19529,20.184223,seed92914.png
-16.681667,-25.019003,seed92915.png
-14.589557,-4.9128337,seed92916.png
25.226086,15.989782,seed92917.png
-29.078468,8.081765,seed92918.png
13.067986,-34.644188,seed92919.png
-21.80094,16.835144,seed9292.png
2.2421665,4.449063,seed92920.png
-25.002714,-1.9584721,seed92921.png
-22.672258,-2.2334096,seed92922.png
34.303123,27.066128,seed92923.png
16.737385,-1.3696254,seed92924.png
31.25829,7.5088663,seed92925.png
4.52718,-4.737551,seed92926.png
-18.112228,-20.651907,seed92927.png
-12.588319,-19.261223,seed92928.png
-11.630941,-24.076313,seed92929.png
9.536257,-33.352207,seed9293.png
9.263083,-40.08685,seed92930.png
26.343,3.3269925,seed92931.png
26.84366,-0.37642404,seed92932.png
-37.85475,21.403828,seed92933.png
24.213049,-2.6355414,seed92934.png
3.9381568,-37.811527,seed92935.png
-29.794699,5.573248,seed92936.png
-12.338297,7.429956,seed92937.png
17.611593,-7.4351563,seed92938.png
19.956127,5.0535374,seed92939.png
27.867865,-0.0072660013,seed9294.png
29.061827,15.552269,seed92940.png
-12.259819,-32.374424,seed92941.png
-33.689465,11.1657295,seed92942.png
-10.461445,-9.879202,seed92943.png
31.623522,25.86073,seed92944.png
11.468608,-31.299166,seed92945.png
27.781418,12.926386,seed92946.png
0.3494123,8.122752,seed92947.png
12.377723,22.789484,seed92948.png
16.877083,24.095612,seed92949.png
-21.37279,18.673162,seed9295.png
16.156822,27.819519,seed92950.png
10.441596,-38.089184,seed92951.png
-22.897114,-14.30264,seed92952.png
10.690957,-38.0583,seed92953.png
13.0424,-38.334614,seed92954.png
22.905352,-2.5469503,seed92955.png
34.9644,26.724197,seed92956.png
15.454814,6.059135,seed92957.png
-20.627409,-13.541667,seed92958.png
15.055047,5.0885844,seed92959.png
36.617798,25.765696,seed9296.png
-29.81297,1.2732258,seed92960.png
2.698443,16.561005,seed92961.png
9.543882,29.26134,seed92962.png
16.211796,-7.1612315,seed92963.png
-12.578703,4.616342,seed92964.png
5.5081615,-2.6337526,seed92965.png
23.194395,4.0203443,seed92966.png
-19.80027,-11.162059,seed92967.png
-1.183773,24.238935,seed92968.png
-1.1427068,24.597717,seed92969.png
-19.828978,12.361216,seed9297.png
13.630454,15.509457,seed92970.png
25.778831,10.169297,seed92971.png
-19.952005,-24.899134,seed92972.png
-10.393891,4.9047565,seed92973.png
15.4747,7.9292045,seed92974.png
-26.71566,-20.707079,seed92975.png
-19.746363,-15.560481,seed92976.png
12.451123,7.432609,seed92977.png
-0.54218334,-22.74798,seed92978.png
30.889492,21.163624,seed92979.png
28.749954,5.8304343,seed9298.png
-12.422274,-15.513483,seed92980.png
-1.4736445,-4.0021186,seed92981.png
-29.13634,13.013717,seed92982.png
-8.64401,-11.856066,seed92983.png
20.160048,-8.110434,seed92984.png
7.3527756,-1.0045726,seed92985.png
-6.661655,-11.6847925,seed92986.png
-10.799178,-10.394496,seed92987.png
7.5506525,-28.840433,seed92988.png
3.627296,-5.0217237,seed92989.png
3.2304523,-36.998154,seed9299.png
12.0621805,-33.7842,seed92990.png
7.8581147,1.430309,seed92991.png
-10.487811,-13.054105,seed92992.png
16.104525,-1.795239,seed92993.png
3.2768593,-13.12034,seed92994.png
6.886979,15.365159,seed92995.png
34.850117,22.20499,seed92996.png
-23.000702,-6.5454326,seed92997.png
-25.450886,-11.093542,seed92998.png
-16.28414,-7.319597,seed92999.png
-4.4578795,-16.715414,seed9300.png
11.423133,-26.030855,seed93000.png
-12.382248,-7.7327743,seed93001.png
-17.529173,0.3344645,seed93002.png
22.885048,23.850304,seed93003.png
21.60385,-2.568272,seed93004.png
11.656298,-38.287975,seed93005.png
35.054253,11.4646845,seed93006.png
27.18362,11.35308,seed93007.png
22.363298,15.3899765,seed93008.png
-13.884587,-31.173487,seed93009.png
-1.9251368,-8.16289,seed9301.png
26.71284,23.149809,seed93010.png
15.462242,-34.369698,seed93011.png
23.112316,-2.3045704,seed93012.png
-5.491504,-18.495674,seed93013.png
21.966402,19.680822,seed93014.png
-1.6995379,-24.588612,seed93015.png
17.37984,26.418957,seed93016.png
17.357553,4.3350725,seed93017.png
16.477964,-6.1861725,seed93018.png
6.6659994,9.770582,seed93019.png
16.046568,3.566719,seed9302.png
-1.4549677,18.82965,seed93020.png
13.240442,1.4196146,seed93021.png
-33.958855,24.031208,seed93022.png
16.111355,-35.785534,seed93023.png
-23.555067,-16.776085,seed93024.png
16.71969,26.510336,seed93025.png
38.159515,20.694836,seed93026.png
-16.770908,-11.604034,seed93027.png
11.053329,15.077321,seed93028.png
29.523287,3.7889402,seed93029.png
-32.17068,-12.316136,seed9303.png
-21.762957,15.753932,seed93030.png
30.2826,1.8189269,seed93031.png
10.993983,25.699707,seed93032.png
-1.4857149,24.961885,seed93033.png
-19.139105,-32.139828,seed93034.png
-12.453442,-21.020191,seed93035.png
11.436179,-21.50032,seed93036.png
26.378387,11.383331,seed93037.png
-14.466217,2.2036095,seed93038.png
-29.847425,-9.235486,seed93039.png
8.282727,2.6607203,seed9304.png
-31.950083,9.467569,seed93040.png
-5.765625,4.7094927,seed93041.png
-17.67578,-15.902006,seed93042.png
-20.076803,-8.631334,seed93043.png
6.048979,-10.546842,seed93044.png
12.317538,-5.23561,seed93045.png
-25.671032,4.9640665,seed93046.png
12.11435,4.857706,seed93047.png
-13.107789,-26.41938,seed93048.png
28.744413,1.4625252,seed93049.png
-0.058493588,22.07422,seed9305.png
-18.349915,-26.696312,seed93050.png
15.952293,-36.802647,seed93051.png
-31.787846,23.15843,seed93052.png
-8.432293,-23.787508,seed93053.png
9.310259,-34.89834,seed93054.png
-29.518322,22.485798,seed93055.png
-9.7196665,-19.926912,seed93056.png
-17.615732,3.3850367,seed93057.png
-1.721843,-21.593525,seed93058.png
-25.480215,-5.479918,seed93059.png
-8.393217,-15.947659,seed9306.png
-30.836014,5.334409,seed93060.png
27.099888,23.063763,seed93061.png
-22.79718,19.72974,seed93062.png
40.89394,22.439886,seed93063.png
30.591547,24.546616,seed93064.png
10.672165,-25.896887,seed93065.png
-32.77631,23.353388,seed93066.png
-24.388102,0.5553551,seed93067.png
-22.717672,19.761217,seed93068.png
-17.064796,-21.454992,seed93069.png
36.68424,21.95417,seed9307.png
5.8815026,-39.487038,seed93070.png
-14.306889,-13.033325,seed93071.png
-0.31103176,-17.786005,seed93072.png
-18.374191,11.343839,seed93073.png
12.3754425,-43.084053,seed93074.png
-19.55072,-9.5525055,seed93075.png
10.501914,12.185235,seed93076.png
19.566645,-8.838875,seed93077.png
22.466562,28.121586,seed93078.png
-3.0613441,3.4435232,seed93079.png
3.0462544,17.38832,seed9308.png
33.494232,25.092646,seed93080.png
2.2017088,13.354724,seed93081.png
21.912516,15.547209,seed93082.png
30.864256,8.352233,seed93083.png
31.428421,26.71609,seed93084.png
12.7237425,11.948417,seed93085.png
-19.969877,5.4852962,seed93086.png
13.802547,26.900583,seed93087.png
20.758163,21.076359,seed93088.png
9.793932,-29.48631,seed93089.png
22.465912,0.09441745,seed9309.png
-21.517677,19.900095,seed93090.png
-11.776825,2.1126318,seed93091.png
-18.45106,-23.378345,seed93092.png
-15.760534,-28.848585,seed93093.png
-28.61322,-13.22275,seed93094.png
-34.109684,26.592993,seed93095.png
-1.8935444,-18.351278,seed93096.png
-29.623348,11.356471,seed93097.png
1.0987122,-1.8122807,seed93098.png
-25.479256,4.38509,seed93099.png
8.304912,29.630135,seed9310.png
-16.245268,-11.214222,seed93100.png
16.612345,-1.3763953,seed93101.png
-19.458876,10.904201,seed93102.png
19.507578,11.126917,seed93103.png
6.875767,14.02989,seed93104.png
22.256804,-5.2990923,seed93105.png
40.4696,20.726238,seed93106.png
17.79908,-7.0654306,seed93107.png
13.047795,3.669662,seed93108.png
29.934614,6.186445,seed93109.png
-21.156008,17.975002,seed9311.png
12.087328,16.885988,seed93110.png
29.474419,16.482315,seed93111.png
-21.224016,-18.92418,seed93112.png
7.26817,15.297444,seed93113.png
-22.20883,-16.273539,seed93114.png
-29.037138,-1.5574524,seed93115.png
-33.149075,19.665453,seed93116.png
20.142576,22.492123,seed93117.png
-2.2546463,-6.8567286,seed93118.png
13.950109,-33.953438,seed93119.png
36.761112,5.729172,seed9312.png
11.083969,21.668907,seed93120.png
12.989349,6.5103407,seed93121.png
-22.420967,12.298128,seed93122.png
-30.62453,21.449022,seed93123.png
9.677803,9.61456,seed93124.png
22.695171,7.8124394,seed93125.png
0.44864216,-18.847383,seed93126.png
-17.66481,-12.051787,seed93127.png
31.930824,22.259336,seed93128.png
37.19863,22.694458,seed93129.png
24.98443,10.20859,seed9313.png
-4.1652308,-3.3956146,seed93130.png
11.723711,-19.141983,seed93131.png
15.140302,0.15628047,seed93132.png
-20.769226,-4.41472,seed93133.png
19.426292,4.035499,seed93134.png
16.733839,-4.4561114,seed93135.png
9.748524,-29.28446,seed93136.png
7.313493,13.652847,seed93137.png
-25.77213,-24.132467,seed93138.png
-0.3627385,6.947203,seed93139.png
19.079178,4.4931045,seed9314.png
16.942802,-2.124833,seed93140.png
18.315968,23.908503,seed93141.png
-12.176354,-12.930273,seed93142.png
-15.762753,-13.8883505,seed93143.png
-28.538584,14.717,seed93144.png
4.334441,18.843245,seed93145.png
-22.582829,-27.009668,seed93146.png
-16.630169,-15.784108,seed93147.png
-36.1945,23.136063,seed93148.png
-11.826411,-18.19795,seed93149.png
15.727377,-35.586185,seed9315.png
-30.587751,-6.0809774,seed93150.png
-26.397396,-17.359491,seed93151.png
-10.727145,-25.060509,seed93152.png
-26.737024,-6.676656,seed93153.png
-29.316002,14.514367,seed93154.png
22.42004,-5.942135,seed93155.png
11.03462,4.103367,seed93156.png
-2.9012613,-23.230005,seed93157.png
-9.82899,-22.642588,seed93158.png
28.613085,10.63442,seed93159.png
31.917734,20.014574,seed9316.png
-15.478168,-23.207012,seed93160.png
23.832056,19.232258,seed93161.png
10.177056,21.048843,seed93162.png
16.187805,-32.036396,seed93163.png
20.43305,0.30276677,seed93164.png
20.423973,11.715747,seed93165.png
-29.977331,10.973369,seed93166.png
-17.987072,-4.4346647,seed93167.png
-31.732254,-4.829035,seed93168.png
5.4790955,-5.9860435,seed93169.png
-18.68783,-27.32428,seed9317.png
-6.2066917,-4.9064665,seed93170.png
4.204224,-1.2261567,seed93171.png
-14.603105,5.5836,seed93172.png
12.72603,-31.879906,seed93173.png
-32.070038,15.170323,seed93174.png
8.01707,9.335607,seed93175.png
-21.62614,-4.1691957,seed93176.png
-36.95506,-5.887272,seed93177.png
-23.93046,14.077483,seed93178.png
13.93215,-35.9308,seed93179.png
10.34133,3.1728666,seed9318.png
-18.88415,6.113524,seed93180.png
13.742961,28.05271,seed93181.png
29.446358,22.27985,seed93182.png
16.262783,3.3044553,seed93183.png
16.220522,15.177222,seed93184.png
-38.029793,9.969333,seed93185.png
-26.898705,6.5976605,seed93186.png
-20.680677,-10.274259,seed93187.png
-19.023132,-26.593052,seed93188.png
25.282034,18.352665,seed93189.png
-20.613062,-2.8271313,seed9319.png
-33.81825,23.393698,seed93190.png
-30.798227,9.722527,seed93191.png
-26.907541,-19.900549,seed93192.png
33.62505,21.433758,seed93193.png
13.849606,-1.7987409,seed93194.png
2.7203343,19.617184,seed93195.png
1.7795148,-7.226153,seed93196.png
37.410156,21.50651,seed93197.png
6.641053,12.283981,seed93198.png
31.608004,19.564978,seed93199.png
-13.602259,-10.526059,seed9320.png
31.54467,26.718796,seed93200.png
19.97215,15.128772,seed93201.png
14.046342,20.266907,seed93202.png
-14.278854,0.76916355,seed93203.png
27.341057,-0.24855328,seed93204.png
-1.6009556,-24.658663,seed93205.png
7.4933233,-28.226782,seed93206.png
-10.693504,-10.549715,seed93207.png
-5.1779666,-17.11482,seed93208.png
-9.520884,-12.4261055,seed93209.png
29.674223,19.715088,seed9321.png
40.251945,18.196268,seed93210.png
-16.088293,-4.4434724,seed93211.png
10.823412,-0.41469753,seed93212.png
8.389084,-30.906498,seed93213.png
-18.99149,-1.8546315,seed93214.png
-24.069489,-17.839268,seed93215.png
-11.305927,-13.258676,seed93216.png
22.755835,1.3541031,seed93217.png
35.54067,27.373714,seed93218.png
14.836099,-37.09678,seed93219.png
-0.1622079,24.21619,seed9322.png
11.041512,-3.9726613,seed93220.png
28.653631,8.790747,seed93221.png
-5.1759253,-19.724321,seed93222.png
6.3761077,3.6591282,seed93223.png
37.994205,16.33306,seed93224.png
-25.210304,-16.175705,seed93225.png
19.528715,-3.0790846,seed93226.png
-30.62659,-8.030415,seed93227.png
14.551042,-38.408558,seed93228.png
7.83315,7.836394,seed93229.png
-10.954342,-7.194376,seed9323.png
18.848831,13.920042,seed93230.png
-18.590176,9.585845,seed93231.png
-10.015135,-0.8759602,seed93232.png
-18.241978,13.64804,seed93233.png
17.706787,25.000095,seed93234.png
15.946388,-1.2783303,seed93235.png
-17.893646,-24.695995,seed93236.png
3.1620002,17.37476,seed93237.png
-18.091648,-20.216238,seed93238.png
-17.623964,-16.65494,seed93239.png
-19.531696,-14.058939,seed9324.png
1.0844363,12.191691,seed93240.png
38.815453,15.121792,seed93241.png
10.622488,-30.296246,seed93242.png
24.15427,11.867843,seed93243.png
-32.42495,19.529547,seed93244.png
11.645995,-10.31985,seed93245.png
-25.307457,11.088144,seed93246.png
-24.95439,11.748888,seed93247.png
-27.619497,4.114192,seed93248.png
23.554914,25.502298,seed93249.png
-19.239986,-19.58371,seed9325.png
-33.526825,21.955872,seed93250.png
-16.129913,-10.337036,seed93251.png
-31.181768,-5.053472,seed93252.png
-21.885736,-15.308024,seed93253.png
-3.6122036,-2.078819,seed93254.png
-17.79999,-11.522848,seed93255.png
-20.905512,-25.879356,seed93256.png
21.339462,2.9501636,seed93257.png
-0.4416175,24.350906,seed93258.png
29.647142,26.003654,seed93259.png
-17.707302,1.635814,seed9326.png
16.516092,18.489777,seed93260.png
-19.962057,-14.513737,seed93261.png
-34.11748,26.499424,seed93262.png
14.067705,29.485468,seed93263.png
-25.406918,17.13076,seed93264.png
-25.132162,-3.2958097,seed93265.png
-21.667002,-10.946722,seed93266.png
15.531326,-32.637417,seed93267.png
-29.171087,-15.497411,seed93268.png
0.55739063,-13.14987,seed93269.png
5.530448,-26.226841,seed9327.png
7.6275964,5.1127057,seed93270.png
-34.95825,-8.301325,seed93271.png
-32.01248,14.550877,seed93272.png
-24.403776,0.13750774,seed93273.png
41.168194,21.4204,seed93274.png
9.304834,3.168488,seed93275.png
-32.08314,17.538303,seed93276.png
18.798254,-7.8996453,seed93277.png
-5.266462,-7.2421308,seed93278.png
13.665979,-8.11367,seed93279.png
-20.551672,13.653827,seed9328.png
-6.679342,0.24822004,seed93280.png
5.2940154,12.0917,seed93281.png
-22.448317,-19.157248,seed93282.png
-21.102663,12.8685665,seed93283.png
26.038973,25.787025,seed93284.png
-32.5199,5.776552,seed93285.png
-1.18095,23.885328,seed93286.png
-14.13715,-31.911722,seed93287.png
24.871561,6.926178,seed93288.png
36.78344,8.678036,seed93289.png
-8.831128,-16.097229,seed9329.png
-22.586792,-2.774805,seed93290.png
14.658678,-30.54311,seed93291.png
-8.238853,-23.177784,seed93292.png
30.166925,21.257761,seed93293.png
-23.054523,20.24675,seed93294.png
13.085596,-39.080616,seed93295.png
25.0203,6.0968804,seed93296.png
17.204344,-33.623737,seed93297.png
-6.542694,-4.2897716,seed93298.png
24.114044,23.22546,seed93299.png
8.474371,13.296933,seed9330.png
-19.249208,-18.548584,seed93300.png
12.7854805,12.528154,seed93301.png
8.241727,-29.639715,seed93302.png
-21.318174,-0.046542328,seed93303.png
-34.540558,24.437521,seed93304.png
4.1357536,15.303997,seed93305.png
-2.00135,-20.645576,seed93306.png
-11.403926,-1.1318218,seed93307.png
15.820236,1.7537173,seed93308.png
-29.763746,3.6393209,seed93309.png
35.858456,19.216476,seed9331.png
34.84049,25.82165,seed93310.png
-21.55474,14.273682,seed93311.png
-2.7492754,-13.251587,seed93312.png
19.841501,12.6496315,seed93313.png
13.178431,14.811098,seed93314.png
23.790865,17.117159,seed93315.png
-14.685652,-0.21711917,seed93316.png
21.924063,19.156546,seed93317.png
4.155593,-32.489918,seed93318.png
28.963959,16.486618,seed93319.png
21.939867,12.794295,seed9332.png
29.073086,13.396092,seed93320.png
-3.7740865,-16.180159,seed93321.png
-32.06366,16.607798,seed93322.png
5.4372587,17.53106,seed93323.png
33.712154,17.241428,seed93324.png
8.37881,11.802319,seed93325.png
-29.981298,-3.6963625,seed93326.png
-11.858962,-15.762913,seed93327.png
22.172985,13.172158,seed93328.png
40.004135,21.129768,seed93329.png
15.166717,28.968609,seed9333.png
-12.632946,-1.8081412,seed93330.png
-4.1817117,-12.955958,seed93331.png
-20.444855,7.957017,seed93332.png
9.195042,-43.424522,seed93333.png
9.462768,-35.34844,seed93334.png
31.593605,1.0290236,seed93335.png
2.7026145,14.804819,seed93336.png
2.8720613,-25.875332,seed93337.png
-26.459476,2.991759,seed93338.png
0.6933778,-17.366209,seed93339.png
-37.432266,16.112917,seed9334.png
-1.8830185,21.688206,seed93340.png
25.309664,8.201395,seed93341.png
12.335973,-40.26849,seed93342.png
23.01694,23.246717,seed93343.png
3.2029998,-1.2636838,seed93344.png
-14.686138,-5.5109158,seed93345.png
-0.6867011,5.904699,seed93346.png
-11.101675,-13.870925,seed93347.png
-19.13928,-20.890615,seed93348.png
19.487612,-6.082597,seed93349.png
11.254123,-31.469639,seed9335.png
-11.482056,-14.317929,seed93350.png
-34.392284,4.290645,seed93351.png
-11.625014,-29.98496,seed93352.png
-19.976654,10.493692,seed93353.png
-14.177529,-14.9542055,seed93354.png
-10.694777,-15.490631,seed93355.png
23.736124,-4.579457,seed93356.png
-25.027752,13.667652,seed93357.png
-16.6114,-2.8467836,seed93358.png
16.42747,18.008425,seed93359.png
-14.902638,-7.5028663,seed9336.png
-35.97519,5.096314,seed93360.png
-13.473157,-27.646214,seed93361.png
18.970234,1.5611342,seed93362.png
3.143925,5.358975,seed93363.png
-17.425957,-0.062032722,seed93364.png
-12.869648,-2.3636894,seed93365.png
8.440783,-40.30319,seed93366.png
5.865423,12.753259,seed93367.png
-14.91929,-1.3023984,seed93368.png
-19.096914,-24.982285,seed93369.png
15.185658,-31.768553,seed9337.png
31.89138,6.872422,seed93370.png
-32.242783,-9.051268,seed93371.png
5.438029,22.4498,seed93372.png
22.15523,23.43951,seed93373.png
-32.890247,6.764423,seed93374.png
28.311926,10.950668,seed93375.png
1.5335215,-23.266392,seed93376.png
-23.73814,-11.83252,seed93377.png
-35.033417,-0.88944525,seed93378.png
8.034951,11.331986,seed93379.png
15.54576,13.827815,seed9338.png
-28.62939,17.820303,seed93380.png
32.04983,27.403217,seed93381.png
-29.671394,12.803423,seed93382.png
13.265973,-37.256805,seed93383.png
-31.150208,-16.037169,seed93384.png
-29.048643,19.662544,seed93385.png
-6.82386,0.2752336,seed93386.png
-17.864405,-21.521532,seed93387.png
30.390484,28.553978,seed93388.png
37.244892,16.46158,seed93389.png
-13.315576,-29.201004,seed9339.png
4.2986045,-18.29534,seed93390.png
-17.770664,-10.991383,seed93391.png
-17.948797,-9.141547,seed93392.png
-16.206017,-8.37831,seed93393.png
-0.96852565,-11.297218,seed93394.png
37.214413,14.967201,seed93395.png
10.877629,26.960566,seed93396.png
27.002573,17.90438,seed93397.png
26.241282,2.304991,seed93398.png
-15.145673,-12.671091,seed93399.png
-17.993437,-30.919373,seed9340.png
22.343874,13.500708,seed93400.png
-33.375484,27.231636,seed93401.png
-17.754599,-21.45783,seed93402.png
-17.736774,-24.68333,seed93403.png
-8.95989,-14.424597,seed93404.png
-15.467719,-17.908808,seed93405.png
-15.407869,-24.916641,seed93406.png
-25.963636,5.989065,seed93407.png
3.1829247,17.109535,seed93408.png
8.584634,9.607096,seed93409.png
-8.184595,-3.5256543,seed9341.png
-29.46762,14.984965,seed93410.png
-26.578814,13.54382,seed93411.png
-34.135742,12.236759,seed93412.png
-5.0361943,22.171375,seed93413.png
11.595371,19.467957,seed93414.png
-33.762363,11.006914,seed93415.png
-10.505742,-23.238922,seed93416.png
15.161318,12.054329,seed93417.png
-24.343134,-26.79166,seed93418.png
25.12096,-2.5816011,seed93419.png
-21.514076,-5.7535467,seed9342.png
-23.878143,-4.9010673,seed93420.png
-25.93156,-19.019981,seed93421.png
-36.108883,7.3897743,seed93422.png
-28.471462,-2.9752996,seed93423.png
-13.690945,-10.321752,seed93424.png
-31.921469,-0.41162476,seed93425.png
36.995144,21.412968,seed93426.png
21.863153,22.68266,seed93427.png
12.433202,-32.935604,seed93428.png
11.604494,6.0390105,seed93429.png
20.541443,-7.5412,seed9343.png
-24.147501,4.6365337,seed93430.png
7.631828,-27.459517,seed93431.png
25.137957,16.925316,seed93432.png
-31.955173,-3.507988,seed93433.png
-14.455973,0.08770635,seed93434.png
-27.698875,7.9399867,seed93435.png
14.279645,0.8082427,seed93436.png
19.86545,-8.3863945,seed93437.png
-33.28791,23.382397,seed93438.png
35.532345,12.715441,seed93439.png
-6.8071933,-21.019537,seed9344.png
8.095118,-3.7675974,seed93440.png
-4.36234,22.535923,seed93441.png
-33.24009,-0.35791156,seed93442.png
37.376926,13.237944,seed93443.png
-27.232641,-4.1951203,seed93444.png
-23.81622,-0.67020065,seed93445.png
8.329262,-3.3048327,seed93446.png
-18.15027,11.5428915,seed93447.png
-7.418848,2.863059,seed93448.png
-12.969358,1.891972,seed93449.png
13.784751,14.835479,seed9345.png
-28.823597,5.7049146,seed93450.png
10.770562,-14.318921,seed93451.png
24.077644,24.914948,seed93452.png
-17.038086,-19.556286,seed93453.png
15.72052,-3.44297,seed93454.png
-2.6327844,0.5562806,seed93455.png
13.079008,-2.606582,seed93456.png
11.632673,-40.09231,seed93457.png
14.072337,-34.887238,seed93458.png
-18.263262,-12.104426,seed93459.png
4.081016,16.422663,seed9346.png
-11.912643,-5.446013,seed93460.png
-1.81005,-1.6056371,seed93461.png
9.220756,-4.608442,seed93462.png
11.439741,-33.609188,seed93463.png
-31.371317,25.381401,seed93464.png
10.965963,-40.267708,seed93465.png
6.728433,3.886865,seed93466.png
18.124914,-0.88860786,seed93467.png
16.710821,18.043806,seed93468.png
-24.499943,6.096811,seed93469.png
-0.9819982,14.371708,seed9347.png
19.285435,24.974977,seed93470.png
-35.89959,24.579088,seed93471.png
-36.66668,24.057972,seed93472.png
26.474712,19.976345,seed93473.png
-32.787964,22.153208,seed93474.png
12.192457,-11.333946,seed93475.png
36.412064,26.62375,seed93476.png
-22.21004,-26.047005,seed93477.png
-20.122179,-1.8734462,seed93478.png
19.667782,7.7638164,seed93479.png
19.04401,10.441808,seed9348.png
-22.034822,-27.622553,seed93480.png
-16.474548,-30.47339,seed93481.png
18.779533,14.8155,seed93482.png
22.302362,19.345428,seed93483.png
-33.897366,9.1577215,seed93484.png
12.541069,-42.835964,seed93485.png
-16.381706,-7.9027505,seed93486.png
-6.032607,-13.011998,seed93487.png
-35.253677,20.364092,seed93488.png
-27.97555,-0.34590247,seed93489.png
9.720807,21.051521,seed9349.png
34.879242,20.94736,seed93490.png
31.065924,7.2131886,seed93491.png
0.8702331,21.655128,seed93492.png
-33.97334,19.957754,seed93493.png
30.375671,13.273148,seed93494.png
3.1685455,-24.30196,seed93495.png
35.779633,20.954748,seed93496.png
-19.687284,-21.9209,seed93497.png
-3.3227315,8.700904,seed93498.png
9.78605,3.5560164,seed93499.png
28.426815,1.5610402,seed9350.png
-0.664964,12.021124,seed93500.png
-13.772349,-3.339217,seed93501.png
-28.24608,-7.7796035,seed93502.png
-29.121834,12.719783,seed93503.png
2.746196,19.021168,seed93504.png
10.282077,28.292969,seed93505.png
18.851406,5.63886,seed93506.png
-21.36314,-13.415051,seed93507.png
-16.818703,-8.781541,seed93508.png
15.780089,-37.077847,seed93509.png
-20.164852,6.480855,seed9351.png
4.6511264,13.01014,seed93510.png
18.70432,25.225098,seed93511.png
-0.32370085,2.492495,seed93512.png
-20.468555,8.039863,seed93513.png
0.35460922,-14.360127,seed93514.png
-13.232614,-20.00795,seed93515.png
20.081287,-5.501444,seed93516.png
7.1543126,20.199667,seed93517.png
21.241457,-4.0304565,seed93518.png
34.66582,2.6094463,seed93519.png
20.168287,18.443995,seed9352.png
15.440815,23.084478,seed93520.png
8.429135,-36.442486,seed93521.png
-36.097656,24.44499,seed93522.png
-15.966868,-12.285292,seed93523.png
-16.004332,-28.307758,seed93524.png
8.507697,-29.904179,seed93525.png
-23.880064,-8.557987,seed93526.png
-18.76176,10.522238,seed93527.png
-28.915781,16.629627,seed93528.png
23.662766,9.479299,seed93529.png
-5.8907194,6.7011213,seed9353.png
31.800344,28.626099,seed93530.png
8.053058,26.733004,seed93531.png
8.671515,8.032498,seed93532.png
26.921394,21.213686,seed93533.png
-1.5977144,-13.844728,seed93534.png
29.122076,7.722644,seed93535.png
3.9642034,21.806639,seed93536.png
13.180372,23.751719,seed93537.png
28.545004,9.856731,seed93538.png
-5.3577156,-20.208702,seed93539.png
-23.033587,2.424068,seed9354.png
12.272809,-9.511791,seed93540.png
-16.689152,-0.2332674,seed93541.png
-19.42296,-21.129793,seed93542.png
12.307861,-23.229689,seed93543.png
-21.952967,-20.714647,seed93544.png
-16.913641,-17.963047,seed93545.png
7.8043046,-0.10471074,seed93546.png
-31.863796,11.694039,seed93547.png
19.8978,15.684756,seed93548.png
-23.088661,14.181905,seed93549.png
5.0251255,-13.19957,seed9355.png
22.002674,-4.960601,seed93550.png
-31.239872,-3.4484296,seed93551.png
39.36248,18.573652,seed93552.png
-34.893078,19.875101,seed93553.png
9.147126,-38.05794,seed93554.png
-15.408644,-10.014506,seed93555.png
15.928986,27.29423,seed93556.png
6.210719,3.376026,seed93557.png
-20.748816,19.06025,seed93558.png
4.6569424,-36.459236,seed93559.png
26.987345,17.520926,seed9356.png
-11.281872,-5.920615,seed93560.png
-0.8940101,7.265717,seed93561.png
-27.664528,20.007471,seed93562.png
6.9227934,-2.681267,seed93563.png
-28.533453,-17.815962,seed93564.png
5.8752985,-38.09437,seed93565.png
3.117078,-15.715097,seed93566.png
23.640118,2.2258477,seed93567.png
-19.88512,-13.9641485,seed93568.png
10.692025,8.577798,seed93569.png
8.415818,-9.473072,seed9357.png
9.613311,-43.67704,seed93570.png
40.979576,22.707458,seed93571.png
13.473931,-30.132769,seed93572.png
-36.751526,19.483269,seed93573.png
38.40213,7.2326493,seed93574.png
-31.098974,5.0842204,seed93575.png
-0.51842993,-12.052205,seed93576.png
21.831602,-8.871381,seed93577.png
35.897663,16.76455,seed93578.png
-13.576541,6.2017846,seed93579.png
13.174953,-31.801054,seed9358.png
-23.525707,-20.224722,seed93580.png
17.94337,21.225576,seed93581.png
-6.953896,-14.20826,seed93582.png
4.612188,-35.3512,seed93583.png
-37.92933,13.207435,seed93584.png
23.818573,20.98024,seed93585.png
35.03802,11.96313,seed93586.png
37.261536,6.482952,seed93587.png
-3.8968506,6.3813825,seed93588.png
4.113031,25.235231,seed93589.png
35.986267,8.357758,seed9359.png
12.125142,-41.22617,seed93590.png
-26.48852,-2.0937552,seed93591.png
-8.061154,-2.2534955,seed93592.png
6.6675363,21.875624,seed93593.png
0.17103437,-18.684885,seed93594.png
21.925634,0.35468832,seed93595.png
-18.561975,-29.841913,seed93596.png
19.49297,1.354219,seed93597.png
-30.806305,16.430601,seed93598.png
1.6952785,-13.583318,seed93599.png
30.477015,17.812166,seed9360.png
9.055577,13.032276,seed93600.png
-13.801003,-1.0751556,seed93601.png
10.7813225,5.590123,seed93602.png
11.043364,28.707382,seed93603.png
-33.143322,-5.247415,seed93604.png
35.31154,24.11873,seed93605.png
7.0527983,5.19525,seed93606.png
11.235082,-34.306248,seed93607.png
10.7771845,-31.835415,seed93608.png
14.927489,-9.69177,seed93609.png
-0.8401981,3.7985337,seed9361.png
11.086236,-43.13344,seed93610.png
-25.207169,-5.906457,seed93611.png
13.47201,-29.313847,seed93612.png
26.390057,3.1959012,seed93613.png
16.586292,11.946519,seed93614.png
20.152155,14.616506,seed93615.png
-20.398205,-30.490128,seed93616.png
16.600464,-3.8659563,seed93617.png
32.750843,17.699862,seed93618.png
-37.38007,20.955658,seed93619.png
15.293116,-37.967445,seed9362.png
3.3437042,-27.00483,seed93620.png
0.61042356,-14.589207,seed93621.png
-15.624004,-16.456259,seed93622.png
-15.7657795,-17.821493,seed93623.png
0.08788746,-18.372278,seed93624.png
1.0945258,19.003904,seed93625.png
28.941319,27.19337,seed93626.png
-19.496696,-18.39092,seed93627.png
36.877193,11.030851,seed93628.png
-16.505585,-22.263073,seed93629.png
1.0254853,-25.482378,seed9363.png
-34.029972,26.842266,seed93630.png
3.4521275,12.138397,seed93631.png
10.505596,-38.00939,seed93632.png
-21.205914,-8.694876,seed93633.png
18.848694,9.398172,seed93634.png
-34.722553,-6.172266,seed93635.png
-27.2224,8.422573,seed93636.png
-21.595125,-15.982166,seed93637.png
24.627666,12.870506,seed93638.png
-20.82427,-3.5911038,seed93639.png
-23.862356,19.133995,seed9364.png
11.910218,-6.937892,seed93640.png
6.818892,-11.992552,seed93641.png
-3.2218835,-3.3766236,seed93642.png
-21.033686,-14.499407,seed93643.png
8.61824,16.905973,seed93644.png
0.47704569,-5.7775216,seed93645.png
35.539642,20.221182,seed93646.png
11.333033,11.42448,seed93647.png
16.759956,-35.936928,seed93648.png
4.89182,-23.632946,seed93649.png
-7.63358,-18.234537,seed9365.png
31.5865,9.655275,seed93650.png
-23.588602,-2.0983708,seed93651.png
4.648976,7.707151,seed93652.png
15.232284,16.1025,seed93653.png
-13.602071,-15.693732,seed93654.png
9.85468,-12.103888,seed93655.png
-24.146894,16.684662,seed93656.png
-28.160608,15.20664,seed93657.png
-36.3128,16.935944,seed93658.png
23.422138,7.2722178,seed93659.png
-20.649261,-24.786533,seed9366.png
-5.5035024,18.399675,seed93660.png
-12.7139845,-7.295732,seed93661.png
-2.6313846,-5.939503,seed93662.png
-4.686894,-6.115216,seed93663.png
2.0332627,-32.166073,seed93664.png
-12.684762,-25.10302,seed93665.png
8.862389,-32.175755,seed93666.png
-31.125744,12.410541,seed93667.png
-26.636152,-8.529255,seed93668.png
21.159864,10.745434,seed93669.png
-25.32402,11.64939,seed9367.png
-17.889763,-12.731894,seed93670.png
12.515952,-7.797039,seed93671.png
22.666975,4.1595697,seed93672.png
10.9342375,24.19932,seed93673.png
32.715828,9.629614,seed93674.png
-16.096498,-31.950686,seed93675.png
23.409393,13.498683,seed93676.png
-3.1294894,-14.517158,seed93677.png
17.217947,22.763828,seed93678.png
11.129105,-32.25779,seed93679.png
20.34788,10.544807,seed9368.png
-11.787829,-27.845373,seed93680.png
-24.451427,10.564545,seed93681.png
-10.752379,-20.241566,seed93682.png
-18.464752,-24.828644,seed93683.png
13.353401,-30.12705,seed93684.png
-30.151878,18.722313,seed93685.png
15.207837,9.089788,seed93686.png
-1.0529389,-12.81811,seed93687.png
-20.326918,-9.552448,seed93688.png
20.423107,17.519331,seed93689.png
11.493788,27.583494,seed9369.png
8.951004,8.818856,seed93690.png
-13.736971,-16.381496,seed93691.png
-10.783993,-6.8565683,seed93692.png
14.382106,-7.0715184,seed93693.png
17.21364,14.474863,seed93694.png
-10.055701,5.991945,seed93695.png
-12.83526,-7.2288547,seed93696.png
-32.33177,-5.8044906,seed93697.png
25.220425,24.062975,seed93698.png
-35.23834,27.47464,seed93699.png
10.02802,7.313049,seed9370.png
12.482477,2.816756,seed93700.png
-15.587888,6.0144987,seed93701.png
-22.752207,-17.924799,seed93702.png
-2.2748516,3.3167543,seed93703.png
-32.422546,25.382612,seed93704.png
1.3438116,25.403198,seed93705.png
-16.667881,-19.614616,seed93706.png
-9.894603,-10.183124,seed93707.png
13.578487,-39.562603,seed93708.png
32.200024,22.444149,seed93709.png
22.668226,23.667171,seed9371.png
-2.1088262,-16.364565,seed93710.png
11.498176,-41.515976,seed93711.png
27.767408,5.5678406,seed93712.png
-14.947373,2.8427112,seed93713.png
-24.289509,-22.222685,seed93714.png
-29.463633,17.046778,seed93715.png
35.602146,12.489086,seed93716.png
20.125402,25.293768,seed93717.png
-19.715248,-15.707945,seed93718.png
13.0830555,-36.672638,seed93719.png
8.66905,-30.650288,seed9372.png
33.59031,1.1912289,seed93720.png
-32.62678,25.905113,seed93721.png
-29.147955,-14.516523,seed93722.png
-17.07628,-26.397285,seed93723.png
5.1408734,1.0908856,seed93724.png
2.2679236,10.727773,seed93725.png
-29.603962,12.156354,seed93726.png
-35.033,23.744526,seed93727.png
29.428108,12.657179,seed93728.png
-5.320535,-18.621344,seed93729.png
11.854334,-38.547222,seed9373.png
-29.97524,-11.599952,seed93730.png
-9.679139,-25.459251,seed93731.png
21.438091,15.6837845,seed93732.png
17.511023,12.999928,seed93733.png
22.537704,-1.7333325,seed93734.png
-27.30091,4.6177335,seed93735.png
-28.898167,-11.284412,seed93736.png
-11.973446,-23.781012,seed93737.png
13.594957,17.089668,seed93738.png
-32.99179,17.781689,seed93739.png
15.004323,-32.585953,seed9374.png
-32.3886,25.484573,seed93740.png
27.221094,5.3646536,seed93741.png
-16.528982,1.8135678,seed93742.png
8.422613,-27.219307,seed93743.png
29.559414,-0.24450831,seed93744.png
-14.2281,-27.27609,seed93745.png
-11.3903885,-11.202771,seed93746.png
-15.323043,-5.560671,seed93747.png
12.912253,-34.120487,seed93748.png
10.391479,7.12172,seed93749.png
-19.517439,11.669234,seed9375.png
-19.623672,-7.4875755,seed93750.png
18.047085,14.972978,seed93751.png
14.574598,-31.0729,seed93752.png
12.119691,1.4013704,seed93753.png
2.2361195,23.71508,seed93754.png
14.319959,15.9241,seed93755.png
-18.133902,-25.618044,seed93756.png
-30.645382,1.3351814,seed93757.png
-24.555485,5.88362,seed93758.png
-3.5500598,21.387745,seed93759.png
-31.475576,12.464658,seed9376.png
4.127198,-33.057735,seed93760.png
23.013319,-7.801583,seed93761.png
1.8153106,-3.288148,seed93762.png
-19.380049,-13.114855,seed93763.png
-31.254864,11.090163,seed93764.png
-27.470953,-17.102343,seed93765.png
-24.888672,-3.462071,seed93766.png
35.41153,14.907814,seed93767.png
-8.416843,7.028384,seed93768.png
-1.8807482,18.618837,seed93769.png
14.393782,7.2854676,seed9377.png
-25.1359,-0.48050463,seed93770.png
-30.599218,16.64222,seed93771.png
13.875702,12.066151,seed93772.png
-11.15811,-4.4193664,seed93773.png
-24.095682,-20.588331,seed93774.png
36.45176,13.098623,seed93775.png
-17.636436,17.09842,seed93776.png
-1.8925318,8.167514,seed93777.png
-21.708145,-0.7390082,seed93778.png
12.478584,0.8323117,seed93779.png
-16.679323,-11.3356285,seed9378.png
-30.673407,-9.056016,seed93780.png
-10.730148,-16.90911,seed93781.png
-13.2862215,-12.249881,seed93782.png
-20.61678,3.0960925,seed93783.png
14.197053,-39.41924,seed93784.png
18.191807,23.037645,seed93785.png
-9.337471,-13.804023,seed93786.png
-25.299267,-2.6053493,seed93787.png
14.612469,17.700909,seed93788.png
12.748246,-33.98811,seed93789.png
8.686464,22.485153,seed9379.png
9.0971365,-40.613655,seed93790.png
12.234862,-42.470505,seed93791.png
-36.95767,-5.9301496,seed93792.png
29.54849,4.081321,seed93793.png
19.157915,17.254517,seed93794.png
-30.553698,7.524847,seed93795.png
19.782652,-2.3270254,seed93796.png
-1.0449357,24.524395,seed93797.png
10.214614,-32.826797,seed93798.png
-16.695166,-15.93261,seed93799.png
-19.443663,-26.63018,seed9380.png
12.279179,-23.540092,seed93800.png
12.693381,-0.83459777,seed93801.png
7.751722,-30.009272,seed93802.png
37.318813,15.358626,seed93803.png
28.54642,27.798384,seed93804.png
20.865906,-9.160634,seed93805.png
12.52972,24.710936,seed93806.png
-10.722048,-5.8556533,seed93807.png
41.981693,19.23443,seed93808.png
-13.232038,-23.963032,seed93809.png
1.7636917,23.523726,seed9381.png
24.31751,8.591899,seed93810.png
-22.814808,3.335767,seed93811.png
20.708807,-3.4914553,seed93812.png
5.4896436,-14.758204,seed93813.png
12.119625,-8.746177,seed93814.png
-1.6245937,12.444511,seed93815.png
-33.31681,-6.34881,seed93816.png
11.482129,-1.5146973,seed93817.png
16.464825,2.8985372,seed93818.png
-25.6549,-0.5033796,seed93819.png
-22.671038,-11.940759,seed9382.png
11.361563,-35.35946,seed93820.png
3.6708145,15.747743,seed93821.png
31.12079,2.5854907,seed93822.png
-32.48953,19.389622,seed93823.png
9.434598,30.134838,seed93824.png
-17.67248,-21.650951,seed93825.png
-16.955276,5.544413,seed93826.png
28.965996,-2.7057922,seed93827.png
-22.045172,-3.3369892,seed93828.png
-25.917006,11.095878,seed93829.png
37.734173,8.538276,seed9383.png
7.605347,12.621155,seed93830.png
-15.743295,-24.438486,seed93831.png
-22.380775,17.86776,seed93832.png
17.34102,18.564068,seed93833.png
2.8400848,13.460396,seed93834.png
2.012562,15.368871,seed93835.png
-32.375416,18.889965,seed93836.png
15.061783,11.405402,seed93837.png
33.38096,9.856268,seed93838.png
14.00749,-31.298328,seed93839.png
-27.328358,16.81893,seed9384.png
-17.51626,-3.0550375,seed93840.png
-0.77885145,-13.110609,seed93841.png
7.9929304,25.203606,seed93842.png
-22.701714,7.724454,seed93843.png
12.7410145,-5.718895,seed93844.png
13.248222,-5.1876073,seed93845.png
14.050343,-22.999088,seed93846.png
-2.2977512,9.96291,seed93847.png
-9.498043,8.713396,seed93848.png
-13.3204775,-26.381723,seed93849.png
23.768763,18.671652,seed9385.png
-17.853617,-0.6672934,seed93850.png
-23.05879,-26.874657,seed93851.png
9.89972,-23.534376,seed93852.png
39.541336,18.981627,seed93853.png
22.21957,-0.23623627,seed93854.png
8.611499,-35.58128,seed93855.png
14.205729,22.218658,seed93856.png
-20.997017,-22.505081,seed93857.png
10.763747,8.635791,seed93858.png
-31.421911,15.271878,seed93859.png
14.244109,18.297913,seed9386.png
0.7889351,25.021301,seed93860.png
26.00567,0.063682124,seed93861.png
-17.903364,-0.19486217,seed93862.png
18.973984,27.523556,seed93863.png
-29.861628,-16.527561,seed93864.png
4.094944,0.9957662,seed93865.png
-9.16979,-2.0343888,seed93866.png
16.164124,0.1273045,seed93867.png
-0.1968635,1.3298969,seed93868.png
6.0662537,10.811493,seed93869.png
-33.468063,-15.951918,seed9387.png
-31.822845,21.513042,seed93870.png
4.6181526,-28.147844,seed93871.png
-29.93468,-9.156196,seed93872.png
-31.689978,22.003487,seed93873.png
-8.370199,-0.5806082,seed93874.png
17.307676,-35.74457,seed93875.png
-16.719254,-18.580288,seed93876.png
32.520477,13.514864,seed93877.png
11.717019,-36.5847,seed93878.png
4.5592413,24.586931,seed93879.png
-28.49834,22.84773,seed9388.png
-13.533661,-8.026054,seed93880.png
11.383947,-28.216167,seed93881.png
36.027626,12.120449,seed93882.png
30.73617,10.186599,seed93883.png
32.643845,21.673689,seed93884.png
-14.834512,10.984336,seed93885.png
8.914551,-22.274027,seed93886.png
-9.379853,-18.141163,seed93887.png
-17.267828,-7.4227667,seed93888.png
-37.74055,10.464023,seed93889.png
6.946972,15.53917,seed9389.png
1.8841251,6.3890076,seed93890.png
-18.40555,-3.320315,seed93891.png
14.706672,-2.1422415,seed93892.png
-24.40158,-26.145582,seed93893.png
15.448715,13.14637,seed93894.png
11.8236475,-31.913574,seed93895.png
-3.5474834,-20.318666,seed93896.png
-17.252586,-23.928019,seed93897.png
7.4817348,-2.1313078,seed93898.png
-33.93844,14.704766,seed93899.png
-20.522118,5.928198,seed9390.png
-20.495533,-7.9849496,seed93900.png
24.18312,6.564961,seed93901.png
-13.375531,-31.645372,seed93902.png
-23.216206,15.902325,seed93903.png
-3.4574492,-12.18511,seed93904.png
32.95112,26.463531,seed93905.png
-37.02589,22.677475,seed93906.png
18.217829,-8.221841,seed93907.png
-25.888248,5.655872,seed93908.png
-16.721746,3.7127674,seed93909.png
-17.893984,-28.787191,seed9391.png
33.568916,5.042236,seed93910.png
3.4200675,-26.351778,seed93911.png
-20.336893,1.9850947,seed93912.png
10.029984,13.155615,seed93913.png
-20.998917,-10.26638,seed93914.png
-13.324202,9.705382,seed93915.png
-22.997793,-7.270268,seed93916.png
-16.068129,-18.07718,seed93917.png
34.015682,16.727518,seed93918.png
5.1847258,-12.373902,seed93919.png
-18.992388,-22.984447,seed9392.png
13.148026,14.366681,seed93920.png
-19.481842,-17.211935,seed93921.png
-18.908865,-30.554567,seed93922.png
9.153715,-3.6245003,seed93923.png
-20.418108,12.705589,seed93924.png
-31.931273,24.277733,seed93925.png
-20.650902,12.096602,seed93926.png
-21.029099,-1.0890082,seed93927.png
-10.112048,-21.770416,seed93928.png
12.782678,-27.556541,seed93929.png
-35.31276,25.585773,seed9393.png
17.692644,21.503958,seed93930.png
15.31271,7.4072275,seed93931.png
-32.130188,-10.5229845,seed93932.png
-1.4740955,-11.742269,seed93933.png
13.808645,-4.7787914,seed93934.png
14.083254,-2.152251,seed93935.png
5.5352745,-39.016922,seed93936.png
-9.289831,0.10341203,seed93937.png
-24.738163,-0.3918509,seed93938.png
26.357649,-8.1205845,seed93939.png
-16.65779,5.010952,seed9394.png
-26.93012,19.177887,seed93940.png
-18.278418,-20.152538,seed93941.png
-10.593081,-4.3596573,seed93942.png
20.398159,1.9764651,seed93943.png
5.5974827,7.4022117,seed93944.png
32.36073,4.9431496,seed93945.png
-1.1598605,-26.454893,seed93946.png
-25.533947,-24.794844,seed93947.png
-15.333357,0.039282598,seed93948.png
-18.765789,-24.84689,seed93949.png
-13.316654,-3.4151647,seed9395.png
11.144055,20.452646,seed93950.png
-26.56911,13.179671,seed93951.png
-35.601414,25.712513,seed93952.png
24.018524,10.062332,seed93953.png
7.176469,-33.49656,seed93954.png
35.570694,23.38694,seed93955.png
-24.857767,-13.66808,seed93956.png
-34.736492,14.418244,seed93957.png
6.194932,-34.357376,seed93958.png
-36.545227,9.149217,seed93959.png
-34.670006,6.9249983,seed9396.png
19.628632,7.562061,seed93960.png
-17.758842,-6.493061,seed93961.png
3.972535,-24.623657,seed93962.png
28.531206,-1.3532234,seed93963.png
23.224152,-7.466917,seed93964.png
14.625871,-31.549242,seed93965.png
-34.3891,24.50902,seed93966.png
-17.012356,-14.007403,seed93967.png
14.889259,9.1915045,seed93968.png
17.567366,20.287676,seed93969.png
19.379885,-6.755436,seed9397.png
20.13832,-7.078229,seed93970.png
-18.664068,-14.6502285,seed93971.png
-6.5358562,11.75295,seed93972.png
9.3859,2.8806808,seed93973.png
33.226307,19.277536,seed93974.png
-9.88482,-16.041563,seed93975.png
-33.112705,16.586962,seed93976.png
-14.713252,0.5778002,seed93977.png
-18.307579,9.06327,seed93978.png
-3.030254,-22.179525,seed93979.png
40.129524,14.595683,seed9398.png
-13.547401,-8.847425,seed93980.png
36.75911,12.232784,seed93981.png
-24.850132,-20.838263,seed93982.png
8.63533,-3.4776719,seed93983.png
17.30914,-4.679041,seed93984.png
-9.916311,-5.0947075,seed93985.png
2.6220949,8.894163,seed93986.png
3.3579924,-4.647055,seed93987.png
18.805279,-0.79747933,seed93988.png
29.921165,25.478203,seed93989.png
11.5920725,3.6058633,seed9399.png
11.345233,-34.797142,seed93990.png
7.139346,-2.6183937,seed93991.png
28.744627,27.776608,seed93992.png
-16.880358,-10.318792,seed93993.png
-15.059813,-17.534918,seed93994.png
32.276237,6.801412,seed93995.png
2.1810343,23.934875,seed93996.png
8.435415,0.3824571,seed93997.png
19.18084,-9.155319,seed93998.png
14.658286,-9.337055,seed93999.png
7.9967313,-39.489082,seed9400.png
-10.503255,-25.869907,seed94000.png
-27.880596,-20.20501,seed94001.png
-12.525697,5.1149106,seed94002.png
-28.515709,-11.442275,seed94003.png
16.162577,28.45927,seed94004.png
27.52522,20.360802,seed94005.png
7.5005093,7.500806,seed94006.png
-22.002424,-5.97415,seed94007.png
-20.36095,3.7420046,seed94008.png
12.252563,22.218546,seed94009.png
-36.28857,23.22839,seed9401.png
-28.945534,16.45643,seed94010.png
-26.395689,4.15899,seed94011.png
7.1256037,1.1766839,seed94012.png
-34.62396,15.8174925,seed94013.png
19.880297,22.409832,seed94014.png
-24.41586,16.432667,seed94015.png
-11.481136,-15.951793,seed94016.png
26.743793,15.332055,seed94017.png
4.9653516,-12.138515,seed94018.png
6.660236,2.8747,seed94019.png
29.548792,16.41297,seed9402.png
-10.71743,-28.896769,seed94020.png
2.3119493,9.056529,seed94021.png
16.646248,15.589707,seed94022.png
-20.52553,-14.641231,seed94023.png
-16.838158,-4.401779,seed94024.png
-7.50533,-17.801283,seed94025.png
36.56112,10.441762,seed94026.png
0.6683044,3.8578942,seed94027.png
-2.3431087,22.724314,seed94028.png
30.23827,23.88599,seed94029.png
5.60096,19.880129,seed9403.png
31.322302,23.528898,seed94030.png
-12.505416,-28.546375,seed94031.png
-10.562167,-2.5649345,seed94032.png
-24.373941,4.8936872,seed94033.png
-25.14748,0.32091996,seed94034.png
-18.454277,-23.475536,seed94035.png
-19.170313,11.805615,seed94036.png
26.51746,4.100237,seed94037.png
28.098228,10.797246,seed94038.png
-34.480865,20.114927,seed94039.png
-25.760647,-13.411335,seed9404.png
18.850634,22.945086,seed94040.png
-1.4331985,24.676662,seed94041.png
26.305853,23.531767,seed94042.png
12.5527525,-39.98403,seed94043.png
-21.783764,-15.8456545,seed94044.png
-35.500107,23.665512,seed94045.png
33.744522,8.6626835,seed94046.png
29.560083,0.09272611,seed94047.png
-10.9445095,-28.65224,seed94048.png
-24.127668,0.70631874,seed94049.png
14.356539,-38.35803,seed9405.png
-21.82746,13.0527525,seed94050.png
14.8064375,-32.65241,seed94051.png
-2.5406177,-5.3391647,seed94052.png
-35.906345,23.819868,seed94053.png
19.125578,22.526577,seed94054.png
9.084851,9.983892,seed94055.png
29.33993,26.056982,seed94056.png
-11.164604,-27.473127,seed94057.png
31.91167,4.6894436,seed94058.png
13.858806,-30.992064,seed94059.png
13.073738,-34.10334,seed9406.png
41.35433,19.223425,seed94060.png
-8.687032,-13.026474,seed94061.png
-29.237495,18.083418,seed94062.png
12.094388,0.21257374,seed94063.png
3.6611214,4.303677,seed94064.png
1.8161715,-13.549537,seed94065.png
11.844515,14.582975,seed94066.png
32.468063,15.589298,seed94067.png
-7.1981177,10.098764,seed94068.png
11.898898,-29.818811,seed94069.png
-12.949452,-4.1124654,seed9407.png
-28.511723,-2.382132,seed94070.png
17.070938,-5.307621,seed94071.png
11.258117,-36.18598,seed94072.png
38.20634,11.273058,seed94073.png
-23.210972,-14.507196,seed94074.png
-37.863678,-9.553711,seed94075.png
11.074692,23.616816,seed94076.png
-22.081985,-25.60636,seed94077.png
33.033005,11.257203,seed94078.png
12.926077,-1.0813373,seed94079.png
-11.719591,-4.9240766,seed9408.png
36.59799,17.566591,seed94080.png
22.140236,1.4108211,seed94081.png
39.23762,20.326601,seed94082.png
31.340908,21.28948,seed94083.png
15.176988,3.1604636,seed94084.png
11.471495,-31.458128,seed94085.png
24.654634,11.094413,seed94086.png
-18.7973,12.903073,seed94087.png
-11.057226,-1.7100164,seed94088.png
8.307813,-24.336151,seed94089.png
-1.8527576,-22.749092,seed9409.png
12.185379,-41.914627,seed94090.png
0.8522339,19.887754,seed94091.png
-26.687283,-15.858941,seed94092.png
-12.250522,-0.4698922,seed94093.png
-16.802155,-31.611547,seed94094.png
24.82556,5.600063,seed94095.png
-3.8880796,11.112175,seed94096.png
-21.199198,-0.9164791,seed94097.png
-32.113197,-4.0811257,seed94098.png
-27.070038,5.4324207,seed94099.png
-12.35281,1.7901398,seed9410.png
11.112732,-34.71257,seed94100.png
41.58675,17.810965,seed94101.png
36.301704,10.717016,seed94102.png
2.2810364,-0.25096443,seed94103.png
30.56003,23.354824,seed94104.png
-32.044334,-3.924807,seed94105.png
0.532595,19.532518,seed94106.png
21.531567,-1.879649,seed94107.png
24.118118,2.7034836,seed94108.png
4.131691,-25.905525,seed94109.png
-19.57553,11.44458,seed9411.png
10.514184,8.907303,seed94110.png
-23.18906,-13.552449,seed94111.png
9.279542,-25.821413,seed94112.png
-0.4489759,23.778112,seed94113.png
37.41334,11.147104,seed94114.png
-17.185322,11.467478,seed94115.png
2.7815142,5.2787385,seed94116.png
-18.701237,-8.39483,seed94117.png
39.742573,16.660908,seed94118.png
0.6427728,21.668415,seed94119.png
35.59652,27.289026,seed9412.png
-16.83711,-15.982504,seed94120.png
5.2842183,24.844086,seed94121.png
13.419452,-6.619922,seed94122.png
-17.099632,-11.181917,seed94123.png
-6.749086,-23.142532,seed94124.png
-17.655758,-7.276604,seed94125.png
-23.136232,11.130857,seed94126.png
-0.32515934,-2.143612,seed94127.png
-35.234142,22.458992,seed94128.png
-26.324186,16.391651,seed94129.png
20.923126,-4.1720014,seed9413.png
26.525677,-2.5895016,seed94130.png
7.52772,-23.282944,seed94131.png
-14.067757,6.776646,seed94132.png
13.988648,27.547482,seed94133.png
5.931216,18.606129,seed94134.png
-31.175074,0.77850866,seed94135.png
27.80154,5.8505898,seed94136.png
9.91363,-31.081173,seed94137.png
5.603887,21.224184,seed94138.png
23.313478,21.343391,seed94139.png
17.264751,-2.395864,seed9414.png
-33.256622,9.711025,seed94140.png
10.880041,28.08332,seed94141.png
8.964549,17.239325,seed94142.png
4.992456,17.09559,seed94143.png
17.877275,22.86236,seed94144.png
37.067635,18.819143,seed94145.png
35.548534,16.088879,seed94146.png
-23.207123,-24.245264,seed94147.png
11.856057,-34.062626,seed94148.png
-24.898623,-22.128489,seed94149.png
-28.482208,-11.1373415,seed9415.png
37.992218,18.680128,seed94150.png
36.624317,14.946409,seed94151.png
26.982122,15.087306,seed94152.png
29.596928,12.930359,seed94153.png
-7.1493783,-17.415112,seed94154.png
34.575047,12.822591,seed94155.png
-8.196194,-4.9880795,seed94156.png
-19.825777,-15.890174,seed94157.png
6.7534833,-1.3625906,seed94158.png
1.0285186,0.47584412,seed94159.png
36.85741,20.00048,seed9416.png
-29.386642,1.793953,seed94160.png
12.503777,0.60032123,seed94161.png
6.85353,-8.626446,seed94162.png
20.769041,22.610636,seed94163.png
17.649519,12.214866,seed94164.png
-17.70001,-5.1572647,seed94165.png
28.631018,25.670666,seed94166.png
16.27699,3.5666795,seed94167.png
0.75694996,25.039946,seed94168.png
11.938998,7.1197944,seed94169.png
-23.404108,-22.261814,seed9417.png
-31.254807,18.113617,seed94170.png
18.248482,-8.492357,seed94171.png
37.983795,16.062792,seed94172.png
-19.421804,-11.606424,seed94173.png
-13.01466,-20.718424,seed94174.png
-17.84932,2.238449,seed94175.png
14.197741,-38.705467,seed94176.png
-20.977242,2.353543,seed94177.png
2.0657568,6.6072454,seed94178.png
14.303362,-7.1501026,seed94179.png
-9.385785,-5.7077036,seed9418.png
-20.420965,-6.657875,seed94180.png
-21.030779,14.90135,seed94181.png
-17.389626,6.316669,seed94182.png
-15.925735,-4.47292,seed94183.png
-15.782825,-15.309535,seed94184.png
3.9919114,-13.083355,seed94185.png
-32.332634,14.263129,seed94186.png
23.616442,22.192257,seed94187.png
30.88806,2.6105804,seed94188.png
15.384226,-35.89075,seed94189.png
-18.592587,5.0962877,seed9419.png
-20.630636,-22.237692,seed94190.png
13.898464,16.202343,seed94191.png
16.38589,8.335064,seed94192.png
5.338085,24.573334,seed94193.png
-9.738954,-10.511215,seed94194.png
28.318838,7.1168127,seed94195.png
-23.022024,2.4084716,seed94196.png
-26.72938,13.096179,seed94197.png
16.441769,0.5741116,seed94198.png
22.530577,2.3471029,seed94199.png
-15.624777,-16.366129,seed9420.png
-0.8557979,24.04912,seed94200.png
18.422174,1.8302665,seed94201.png
38.747578,14.400055,seed94202.png
-34.731945,15.75348,seed94203.png
-27.190985,-19.347017,seed94204.png
23.598785,13.064052,seed94205.png
4.7813826,23.893839,seed94206.png
-31.640882,-0.5730068,seed94207.png
17.322817,23.798,seed94208.png
38.857838,11.16752,seed94209.png
16.333067,-37.592537,seed9421.png
-1.9162791,-15.72095,seed94210.png
19.590487,-7.492218,seed94211.png
-6.6686997,1.2097273,seed94212.png
-0.8677681,20.824934,seed94213.png
4.95674,-31.344433,seed94214.png
-27.901735,-8.083505,seed94215.png
1.414394,7.761198,seed94216.png
27.874098,5.1810217,seed94217.png
-2.3747113,14.283456,seed94218.png
18.9213,17.22245,seed94219.png
-9.8469305,-23.410042,seed9422.png
-30.659445,21.22305,seed94220.png
34.65671,0.5333124,seed94221.png
-25.113655,10.457095,seed94222.png
21.193684,-7.4735966,seed94223.png
-5.2046795,-3.8811512,seed94224.png
-33.96377,21.825449,seed94225.png
-29.202475,15.246827,seed94226.png
7.9237533,-36.88426,seed94227.png
6.40381,13.168941,seed94228.png
-30.92122,22.877958,seed94229.png
6.306038,6.140084,seed9423.png
2.5872254,-25.960133,seed94230.png
-12.328116,-3.2604396,seed94231.png
1.2348666,19.665215,seed94232.png
33.274593,9.426884,seed94233.png
21.075827,-5.4436865,seed94234.png
21.969028,-0.53205496,seed94235.png
-26.283813,13.615858,seed94236.png
31.666132,28.814077,seed94237.png
8.442935,-30.903976,seed94238.png
-33.348804,13.517561,seed94239.png
-27.331814,0.7838071,seed9424.png
12.595984,-31.220726,seed94240.png
34.439735,13.070425,seed94241.png
18.63058,7.045675,seed94242.png
-5.4543214,-3.985236,seed94243.png
11.6035795,0.27299505,seed94244.png
14.109396,-37.94059,seed94245.png
7.434608,-26.993496,seed94246.png
38.904053,15.997986,seed94247.png
14.063727,-1.0728738,seed94248.png
22.585611,12.778733,seed94249.png
25.966309,4.1549096,seed9425.png
37.515324,18.707138,seed94250.png
16.577814,-36.280483,seed94251.png
15.829358,3.5100484,seed94252.png
12.934704,13.331364,seed94253.png
-30.543533,5.862704,seed94254.png
-20.081635,17.117645,seed94255.png
29.12078,23.253298,seed94256.png
-12.190898,-10.653539,seed94257.png
-27.910961,-1.3970305,seed94258.png
22.450264,17.837147,seed94259.png
-14.672704,5.761981,seed9426.png
15.355306,7.9211726,seed94260.png
-11.59051,-11.826359,seed94261.png
38.179134,17.573496,seed94262.png
-34.183556,26.831692,seed94263.png
-15.522857,-12.550017,seed94264.png
2.8435323,-0.53473645,seed94265.png
-24.22639,-1.4598638,seed94266.png
-27.366087,-15.30935,seed94267.png
-31.678179,17.008652,seed94268.png
11.2247715,-23.764149,seed94269.png
-21.953602,-19.805042,seed9427.png
21.229124,13.292611,seed94270.png
16.12146,8.81712,seed94271.png
-22.33546,-17.654377,seed94272.png
8.273879,-38.335213,seed94273.png
-25.55602,-2.3392415,seed94274.png
-33.23266,22.171434,seed94275.png
10.646343,-41.372734,seed94276.png
-3.2376392,-14.372484,seed94277.png
10.732474,-21.987837,seed94278.png
-8.686283,11.419058,seed94279.png
-28.90628,12.0501175,seed9428.png
14.492496,-33.45282,seed94280.png
-11.855975,6.01557,seed94281.png
14.027832,26.270985,seed94282.png
38.371227,24.340122,seed94283.png
-25.744436,-17.41556,seed94284.png
-12.324056,-20.053762,seed94285.png
-28.673176,-18.634804,seed94286.png
-28.23963,8.549483,seed94287.png
32.21557,13.672652,seed94288.png
-13.843335,-22.066744,seed94289.png
11.577558,14.813888,seed9429.png
1.9618423,-4.6808577,seed94290.png
10.557051,21.554306,seed94291.png
6.6452622,-0.4340065,seed94292.png
18.101496,21.230442,seed94293.png
18.633467,-3.627369,seed94294.png
-22.534473,1.4900223,seed94295.png
-6.1344223,13.11446,seed94296.png
11.742547,-25.114065,seed94297.png
4.1492953,24.63218,seed94298.png
-14.067061,-22.11133,seed94299.png
-25.515722,7.745606,seed9430.png
27.788984,7.0156064,seed94300.png
10.230695,13.411117,seed94301.png
-13.664732,-19.294252,seed94302.png
-30.780655,2.3868,seed94303.png
-13.941364,-28.05498,seed94304.png
-15.723212,-24.876375,seed94305.png
-4.8397565,-10.532313,seed94306.png
11.363607,23.919647,seed94307.png
-12.746432,-0.4413231,seed94308.png
10.932418,18.181492,seed94309.png
-14.803605,-2.2685306,seed9431.png
35.00999,16.607262,seed94310.png
20.449944,-2.1485474,seed94311.png
16.279194,-8.691585,seed94312.png
-18.283562,9.466713,seed94313.png
22.689,20.236826,seed94314.png
17.438484,10.200624,seed94315.png
25.125795,11.703691,seed94316.png
-21.504358,-24.471848,seed94317.png
3.9996438,-26.372917,seed94318.png
37.505928,20.650373,seed94319.png
-29.976618,22.432993,seed9432.png
-12.459908,0.49865514,seed94320.png
-22.020166,15.962829,seed94321.png
1.222818,-0.6288495,seed94322.png
-32.228363,18.346804,seed94323.png
9.42335,20.558378,seed94324.png
-8.318986,-23.272831,seed94325.png
37.379585,22.637823,seed94326.png
6.811633,-31.966408,seed94327.png
-8.004804,5.291891,seed94328.png
21.2038,-6.0701146,seed94329.png
12.381939,12.164861,seed9433.png
-19.140621,-26.132034,seed94330.png
12.575822,-35.027927,seed94331.png
9.587792,29.65438,seed94332.png
12.831553,-0.47143427,seed94333.png
15.055245,12.049205,seed94334.png
5.6036806,-36.82679,seed94335.png
-26.085793,5.2329984,seed94336.png
-5.1837053,21.513128,seed94337.png
11.897018,-35.64506,seed94338.png
-0.03179786,24.434444,seed94339.png
-4.065437,-2.9991503,seed9434.png
22.341747,-9.066949,seed94340.png
22.30222,0.8274062,seed94341.png
39.501183,19.144262,seed94342.png
35.449112,19.74246,seed94343.png
-21.519836,13.4214525,seed94344.png
24.5682,24.378601,seed94345.png
24.110529,4.0726023,seed94346.png
-29.43925,-13.4588585,seed94347.png
-13.230295,3.004726,seed94348.png
26.917486,-1.7809279,seed94349.png
29.092972,13.286387,seed9435.png
-25.131723,-6.8165035,seed94350.png
32.58163,5.709993,seed94351.png
-12.1237545,-1.8559465,seed94352.png
29.528685,14.2399235,seed94353.png
36.23759,19.4216,seed94354.png
2.7804098,-31.379639,seed94355.png
-36.30872,11.742494,seed94356.png
-17.371084,-16.796947,seed94357.png
13.47004,2.3918803,seed94358.png
27.28576,4.263998,seed94359.png
3.4453418,-31.099085,seed9436.png
27.40185,6.295527,seed94360.png
10.031674,-42.723194,seed94361.png
-35.71415,11.854679,seed94362.png
-21.810066,-24.85671,seed94363.png
-1.3936584,2.8099892,seed94364.png
-36.10213,16.27085,seed94365.png
-13.901078,-4.457649,seed94366.png
-16.78239,-31.068665,seed94367.png
-10.658388,-23.29528,seed94368.png
-21.324541,-17.185638,seed94369.png
-0.5602973,-2.1978753,seed9437.png
29.820936,22.77783,seed94370.png
15.672489,4.836486,seed94371.png
-22.363365,12.632026,seed94372.png
39.6748,12.287401,seed94373.png
11.000816,24.90535,seed94374.png
14.17264,-6.9022007,seed94375.png
-15.827924,-13.220165,seed94376.png
19.883198,7.015616,seed94377.png
-7.6947007,-19.996546,seed94378.png
18.682962,-8.975718,seed94379.png
-28.321705,-3.9418182,seed9438.png
-23.40851,-22.322363,seed94380.png
32.60334,21.309511,seed94381.png
-15.300772,-19.036457,seed94382.png
6.524348,12.520819,seed94383.png
12.1612,20.823256,seed94384.png
-2.6185486,-10.280773,seed94385.png
-33.826,22.144964,seed94386.png
-25.987103,8.721777,seed94387.png
17.137291,23.130198,seed94388.png
-7.6068687,-7.2865224,seed94389.png
-2.871953,-9.293494,seed9439.png
-25.464544,-17.085028,seed94390.png
-14.186013,6.8523784,seed94391.png
33.572533,12.775862,seed94392.png
-23.769497,-25.958849,seed94393.png
9.644114,-30.896687,seed94394.png
23.804619,17.481977,seed94395.png
37.80605,14.716118,seed94396.png
10.813342,-9.002071,seed94397.png
2.0849261,-30.740082,seed94398.png
-23.959244,-5.4496684,seed94399.png
-12.528603,-24.735107,seed9440.png
27.847324,12.805771,seed94400.png
12.776954,-31.159927,seed94401.png
-18.59984,-9.1395035,seed94402.png
9.717949,21.253702,seed94403.png
34.2526,14.68352,seed94404.png
27.071606,20.318829,seed94405.png
27.726318,3.7432668,seed94406.png
-12.331149,-1.9630467,seed94407.png
-20.273514,-16.833927,seed94408.png
33.82515,5.1805706,seed94409.png
11.09989,-25.260063,seed9441.png
13.663036,-32.86334,seed94410.png
25.37566,1.6380692,seed94411.png
29.574963,6.099039,seed94412.png
-0.77661943,23.976873,seed94413.png
18.50278,16.2851,seed94414.png
4.796041,17.92654,seed94415.png
19.758715,-0.13286684,seed94416.png
-15.817996,-29.3494,seed94417.png
-20.967644,-13.765902,seed94418.png
-17.371878,-3.5985098,seed94419.png
-27.368654,12.3974,seed9442.png
18.365133,20.5633,seed94420.png
-17.883827,2.3568397,seed94421.png
-29.316196,15.976348,seed94422.png
-25.503647,-15.667226,seed94423.png
19.923561,4.213338,seed94424.png
-20.013628,-18.185621,seed94425.png
-3.540767,0.12999074,seed94426.png
37.603477,22.498043,seed94427.png
19.836782,0.3102804,seed94428.png
-32.739044,-6.4792285,seed94429.png
5.4005075,-4.390498,seed9443.png
7.4876637,10.298018,seed94430.png
-6.068837,8.700604,seed94431.png
4.727199,-0.33316624,seed94432.png
-9.564947,-12.496688,seed94433.png
-19.201548,-23.334042,seed94434.png
7.565698,26.105558,seed94435.png
-15.663948,-13.314291,seed94436.png
-31.869452,0.1879188,seed94437.png
-34.46858,22.508524,seed94438.png
9.926143,-4.7102222,seed94439.png
-14.904994,-27.203539,seed9444.png
-17.920408,5.2007585,seed94440.png
33.20053,10.783577,seed94441.png
-34.3937,8.884669,seed94442.png
-18.850872,6.1208315,seed94443.png
39.775234,22.688194,seed94444.png
7.5169864,21.712595,seed94445.png
-12.421922,-19.149479,seed94446.png
10.550032,23.85418,seed94447.png
8.118809,4.3402553,seed94448.png
4.182311,-27.145807,seed94449.png
-3.646227,-10.421214,seed9445.png
-33.30504,24.408392,seed94450.png
3.3417363,25.995255,seed94451.png
-26.277147,14.45107,seed94452.png
-4.1058874,-17.334057,seed94453.png
8.999414,6.7246346,seed94454.png
2.045358,1.9126563,seed94455.png
-10.596547,-13.587674,seed94456.png
1.088373,-26.290398,seed94457.png
-1.2821065,18.093025,seed94458.png
3.6946545,7.6711287,seed94459.png
24.935366,15.833949,seed9446.png
29.777758,11.216137,seed94460.png
15.514351,16.354805,seed94461.png
5.329651,-31.746689,seed94462.png
-12.210966,-12.84605,seed94463.png
-16.913542,13.69276,seed94464.png
-24.756758,-0.39431,seed94465.png
7.746968,-41.846672,seed94466.png
22.729166,21.153404,seed94467.png
11.742296,-38.71512,seed94468.png
-0.48809153,-11.895755,seed94469.png
-34.28324,14.036564,seed9447.png
-21.981762,11.620833,seed94470.png
-10.176564,6.0367656,seed94471.png
-21.301048,6.3092327,seed94472.png
-24.520779,8.140459,seed94473.png
-26.084776,-2.0602992,seed94474.png
-1.2400198,22.73165,seed94475.png
-27.318369,-23.153141,seed94476.png
31.127527,24.866549,seed94477.png
26.468792,11.464992,seed94478.png
-1.3345284,5.2267137,seed94479.png
-11.579543,-18.128954,seed9448.png
10.812276,-38.105747,seed94480.png
-26.713305,-0.728,seed94481.png
16.396887,18.435043,seed94482.png
-24.167734,-0.58754164,seed94483.png
-35.631897,-10.025948,seed94484.png
31.240189,14.877122,seed94485.png
-20.21225,6.972661,seed94486.png
17.38989,2.4112132,seed94487.png
-15.128522,-29.621664,seed94488.png
-23.653856,-19.233347,seed94489.png
32.539494,14.935921,seed9449.png
-8.641626,-10.069237,seed94490.png
4.224942,-24.622913,seed94491.png
-21.586224,4.742645,seed94492.png
-26.88314,-9.091125,seed94493.png
4.7961683,-4.224713,seed94494.png
-6.083993,-6.430369,seed94495.png
-12.813707,-22.367342,seed94496.png
-15.7713785,-26.038263,seed94497.png
5.9290247,-28.070852,seed94498.png
13.289978,7.5400333,seed94499.png
-10.472108,-8.720756,seed9450.png
-18.600765,-4.9983172,seed94500.png
-15.814654,-27.946772,seed94501.png
21.476934,-0.577708,seed94502.png
9.393419,24.556662,seed94503.png
-9.552555,-14.804506,seed94504.png
19.046892,17.096323,seed94505.png
28.377863,13.814025,seed94506.png
25.879665,7.162962,seed94507.png
-3.268969,15.494093,seed94508.png
-19.455393,-18.333887,seed94509.png
-23.684696,-7.8010287,seed9451.png
24.875332,21.13025,seed94510.png
11.189216,-5.157402,seed94511.png
14.05224,-2.9925578,seed94512.png
-12.604549,-25.946203,seed94513.png
-15.808117,0.7165658,seed94514.png
-34.882526,13.127855,seed94515.png
-31.964766,0.99480236,seed94516.png
18.691488,-2.0398932,seed94517.png
7.927577,-39.817593,seed94518.png
-20.03295,2.4103367,seed94519.png
30.560516,14.467534,seed9452.png
-26.563921,-7.3507752,seed94520.png
-16.39746,-13.299427,seed94521.png
31.752909,10.781575,seed94522.png
-33.646793,22.264536,seed94523.png
2.5195942,1.0455927,seed94524.png
-21.650627,-1.153095,seed94525.png
38.25181,25.623325,seed94526.png
-11.162366,-6.2248793,seed94527.png
-2.8901289,-4.871566,seed94528.png
-2.109665,-29.09642,seed94529.png
-27.112885,-8.945331,seed9453.png
12.54061,26.68195,seed94530.png
-2.1514587,-1.3062626,seed94531.png
5.8213153,22.693928,seed94532.png
-33.822155,0.26846442,seed94533.png
18.563791,5.4142866,seed94534.png
4.966596,-26.950426,seed94535.png
-23.40681,-27.229689,seed94536.png
11.73433,-10.397014,seed94537.png
-6.6638927,16.527447,seed94538.png
6.231553,6.033153,seed94539.png
14.447859,-2.6876297,seed9454.png
-33.22376,25.7342,seed94540.png
-13.781649,-11.181283,seed94541.png
5.434215,14.83591,seed94542.png
-14.752774,6.0061355,seed94543.png
13.519484,9.758502,seed94544.png
22.544174,-1.2172784,seed94545.png
34.62069,3.302855,seed94546.png
-28.774906,2.099961,seed94547.png
-3.0559044,24.112886,seed94548.png
-29.230047,9.2741785,seed94549.png
5.908521,3.1018229,seed9455.png
19.914362,26.453787,seed94550.png
16.523638,14.868577,seed94551.png
-18.646332,2.7461145,seed94552.png
39.263836,7.333009,seed94553.png
35.950962,15.592274,seed94554.png
-0.44033423,25.066364,seed94555.png
21.539782,-2.137886,seed94556.png
-32.059837,24.164576,seed94557.png
-12.51686,-27.901602,seed94558.png
17.258062,14.517387,seed94559.png
18.652653,-8.165658,seed9456.png
-14.431051,-8.968028,seed94560.png
-16.87261,-5.9905176,seed94561.png
10.703245,10.870829,seed94562.png
-36.154984,5.702731,seed94563.png
-18.882097,-19.450113,seed94564.png
8.331705,0.26181486,seed94565.png
8.41317,14.3647375,seed94566.png
16.459808,-35.800407,seed94567.png
36.304855,23.321098,seed94568.png
-34.98792,27.03588,seed94569.png
24.194342,17.747272,seed9457.png
5.175633,-2.7681751,seed94570.png
3.6437407,-12.806285,seed94571.png
23.922358,19.189623,seed94572.png
12.110779,-24.914806,seed94573.png
25.608286,2.695535,seed94574.png
1.741706,20.629688,seed94575.png
12.738221,-40.882103,seed94576.png
21.652988,-5.532558,seed94577.png
-12.296969,3.4966323,seed94578.png
10.351945,25.34273,seed94579.png
36.993477,13.224011,seed9458.png
-24.417036,-1.7291815,seed94580.png
14.673405,11.668918,seed94581.png
-23.687323,-14.346192,seed94582.png
-33.814552,18.122864,seed94583.png
-9.787391,-6.1407976,seed94584.png
4.6369557,-30.653193,seed94585.png
5.0282073,-1.2906157,seed94586.png
35.665203,22.000296,seed94587.png
35.014015,9.315028,seed94588.png
-27.984642,10.473721,seed94589.png
28.212843,12.693958,seed9459.png
11.376641,28.541216,seed94590.png
-13.696185,-15.233367,seed94591.png
37.47606,13.427774,seed94592.png
-13.556303,-20.905415,seed94593.png
28.651255,0.81860673,seed94594.png
16.468256,19.611717,seed94595.png
20.092083,24.042978,seed94596.png
20.39625,-2.509101,seed94597.png
0.3778126,24.37131,seed94598.png
-22.072535,-14.89211,seed94599.png
-19.689056,-21.25894,seed9460.png
-17.518114,-2.2973945,seed94600.png
10.386482,-0.12116633,seed94601.png
-25.230427,-1.2379384,seed94602.png
25.167286,15.194357,seed94603.png
-32.329475,21.291222,seed94604.png
-32.85035,-4.116116,seed94605.png
14.421764,-40.30206,seed94606.png
20.122377,24.658508,seed94607.png
16.175852,-10.5605345,seed94608.png
11.728797,-42.040115,seed94609.png
30.451038,27.605825,seed9461.png
16.196327,7.807146,seed94610.png
27.618147,0.28412107,seed94611.png
-15.421943,-22.628162,seed94612.png
-11.164293,-14.665971,seed94613.png
-18.198288,1.8331797,seed94614.png
19.354269,22.776045,seed94615.png
8.316675,19.224281,seed94616.png
16.325247,2.704633,seed94617.png
-20.799023,2.7248302,seed94618.png
-12.03471,-26.409395,seed94619.png
20.850197,5.073143,seed9462.png
-31.914394,9.5868025,seed94620.png
31.30314,19.237432,seed94621.png
33.930214,3.4518445,seed94622.png
-9.597072,-1.2243711,seed94623.png
-0.16203086,-4.5759773,seed94624.png
-29.364315,18.035593,seed94625.png
-27.448597,5.1279974,seed94626.png
31.46213,29.5979,seed94627.png
17.525175,5.2382717,seed94628.png
7.675677,21.460197,seed94629.png
29.998108,-0.1435102,seed9463.png
14.995007,-31.327719,seed94630.png
-19.033424,-19.123167,seed94631.png
15.526299,24.940645,seed94632.png
23.474493,26.047644,seed94633.png
14.209356,8.750076,seed94634.png
2.7476819,9.56481,seed94635.png
19.036198,28.034977,seed94636.png
27.56607,25.370665,seed94637.png
-13.9362545,-14.049199,seed94638.png
4.5162334,24.143833,seed94639.png
35.219067,2.5726895,seed9464.png
-32.393307,7.8600903,seed94640.png
-15.966168,4.2005367,seed94641.png
-21.191698,-20.530485,seed94642.png
-18.83711,-1.0533894,seed94643.png
7.9012055,9.563516,seed94644.png
34.536655,11.538283,seed94645.png
-9.695552,1.2502202,seed94646.png
-11.478773,-22.579206,seed94647.png
30.89122,28.576946,seed94648.png
18.15539,-4.6351347,seed94649.png
31.331902,3.459341,seed9465.png
-9.720241,-1.749842,seed94650.png
30.208261,10.71523,seed94651.png
6.243151,-13.204516,seed94652.png
-11.903948,-6.88239,seed94653.png
6.648744,18.968271,seed94654.png
12.48565,-4.2220583,seed94655.png
-13.546761,-13.270694,seed94656.png
36.342144,26.986639,seed94657.png
-13.41857,-12.394013,seed94658.png
37.579865,21.148352,seed94659.png
28.502443,1.7842125,seed9466.png
31.029255,5.9473476,seed94660.png
17.629492,1.6082323,seed94661.png
10.750305,-3.7898395,seed94662.png
-5.4789805,-14.977363,seed94663.png
-30.032488,19.798233,seed94664.png
31.887676,14.9283285,seed94665.png
-19.024094,-8.55096,seed94666.png
10.53886,-0.13198145,seed94667.png
-22.384014,-21.787006,seed94668.png
-2.4470358,-11.085598,seed94669.png
2.2628095,21.143127,seed9467.png
27.615013,10.328178,seed94670.png
-8.413083,-12.712879,seed94671.png
-30.34079,2.3784513,seed94672.png
25.779837,20.07841,seed94673.png
35.756027,21.177547,seed94674.png
-0.37417403,-1.0386609,seed94675.png
37.93026,12.687978,seed94676.png
26.055376,-3.7948086,seed94677.png
-14.716618,7.7261033,seed94678.png
8.66229,23.093945,seed94679.png
-19.890673,3.864061,seed9468.png
-16.43617,-6.402695,seed94680.png
28.169441,14.752283,seed94681.png
5.188558,21.680056,seed94682.png
36.80264,8.556523,seed94683.png
11.749885,7.4073553,seed94684.png
16.557875,18.341545,seed94685.png
26.369526,11.053994,seed94686.png
-3.974003,10.994405,seed94687.png
9.285721,5.985809,seed94688.png
-21.498623,-10.287802,seed94689.png
-24.518114,-3.639402,seed9469.png
38.9873,17.724958,seed94690.png
-13.743077,-18.17284,seed94691.png
-34.117935,-7.081689,seed94692.png
4.743025,-4.3862224,seed94693.png
-25.364191,-1.9844431,seed94694.png
11.936868,16.854343,seed94695.png
-35.15779,19.722904,seed94696.png
20.590857,16.340618,seed94697.png
12.810696,-41.38112,seed94698.png
36.208946,13.6676035,seed94699.png
36.6768,14.628678,seed9470.png
-3.7921956,23.622213,seed94700.png
-10.614434,8.1603565,seed94701.png
34.404644,8.393497,seed94702.png
-1.5069237,15.500263,seed94703.png
13.480928,16.075907,seed94704.png
-22.049528,17.74415,seed94705.png
13.066532,16.06918,seed94706.png
24.717567,-0.8642118,seed94707.png
7.449964,-0.30802712,seed94708.png
-19.981956,-8.151571,seed94709.png
-27.237284,15.382829,seed9471.png
29.217203,26.039948,seed94710.png
-22.04887,-4.869699,seed94711.png
-13.948546,-20.804342,seed94712.png
16.40838,-4.3786063,seed94713.png
10.161735,5.0246005,seed94714.png
22.781672,5.489443,seed94715.png
-31.760876,-5.7703133,seed94716.png
-32.763573,24.326927,seed94717.png
-16.560162,-9.606908,seed94718.png
22.531122,22.54837,seed94719.png
11.70863,-33.024403,seed9472.png
-28.454613,17.561926,seed94720.png
-22.092815,0.29457906,seed94721.png
13.931875,-37.928635,seed94722.png
-27.185707,-5.4555135,seed94723.png
9.214325,5.2824636,seed94724.png
16.35702,27.695663,seed94725.png
37.731976,23.08908,seed94726.png
13.183404,-37.13816,seed94727.png
-10.441011,-17.344635,seed94728.png
-1.4369954,16.40067,seed94729.png
-1.2718407,12.531383,seed9473.png
20.440838,27.178596,seed94730.png
-28.490408,17.90081,seed94731.png
14.164171,-35.72381,seed94732.png
15.415019,28.657902,seed94733.png
11.731023,-0.3627257,seed94734.png
31.585186,13.208931,seed94735.png
9.858917,29.320919,seed94736.png
33.82183,26.365404,seed94737.png
23.241583,19.03258,seed94738.png
-1.171878,22.502665,seed94739.png
7.3906646,-32.85433,seed9474.png
8.200973,-28.30326,seed94740.png
33.92698,23.51968,seed94741.png
-36.51996,21.521706,seed94742.png
-26.9486,-14.161487,seed94743.png
36.369892,11.179632,seed94744.png
14.974193,-39.51927,seed94745.png
-35.886547,-3.384125,seed94746.png
-24.825966,14.381462,seed94747.png
38.968338,20.296024,seed94748.png
-1.636768,-11.327696,seed94749.png
8.6558,25.756664,seed9475.png
-29.913666,-17.693874,seed94750.png
38.224472,17.42693,seed94751.png
18.277203,-0.9553154,seed94752.png
25.884533,18.716024,seed94753.png
7.916258,-41.185036,seed94754.png
12.279562,-3.7669322,seed94755.png
19.388468,2.5047624,seed94756.png
9.558182,8.641625,seed94757.png
14.115527,13.34631,seed94758.png
-22.035288,-21.792002,seed94759.png
22.87225,22.95152,seed9476.png
-26.608335,-20.015629,seed94760.png
23.753622,-0.71619534,seed94761.png
10.503755,-35.932636,seed94762.png
-18.52808,-26.628498,seed94763.png
25.931206,19.208038,seed94764.png
24.834112,11.198545,seed94765.png
12.584934,17.078863,seed94766.png
16.94173,2.1755524,seed94767.png
-10.784026,-3.6729248,seed94768.png
11.699902,19.029493,seed94769.png
-9.293128,11.366481,seed9477.png
-12.498634,1.1168861,seed94770.png
-22.507526,-19.93555,seed94771.png
-15.357425,-23.953733,seed94772.png
-9.889635,-19.940735,seed94773.png
-36.39605,9.147111,seed94774.png
-33.729984,26.989702,seed94775.png
-17.256727,-14.27311,seed94776.png
13.442636,2.9252412,seed94777.png
14.00752,-38.552135,seed94778.png
-14.312478,-18.529621,seed94779.png
-14.511718,-30.145632,seed9478.png
-25.141878,-18.736158,seed94780.png
10.442295,-4.304615,seed94781.png
-4.8821535,2.547322,seed94782.png
-17.934574,-21.0598,seed94783.png
1.1239921,19.199327,seed94784.png
-24.337173,-10.876324,seed94785.png
-35.39962,18.029255,seed94786.png
-15.803912,-21.793386,seed94787.png
21.71696,17.27057,seed94788.png
13.328694,26.488451,seed94789.png
-8.789642,-21.63086,seed9479.png
3.7288632,17.824463,seed94790.png
38.172924,16.77118,seed94791.png
-21.763704,17.331419,seed94792.png
6.8603716,-39.118202,seed94793.png
15.89632,6.7475715,seed94794.png
34.39945,11.120332,seed94795.png
-14.110885,-15.800408,seed94796.png
-28.221298,7.2906632,seed94797.png
-5.1646967,14.579831,seed94798.png
-1.2571801,-11.860753,seed94799.png
0.6662163,-15.208207,seed9480.png
-32.22159,4.582718,seed94800.png
7.4201035,-34.814617,seed94801.png
-2.5681274,14.9332,seed94802.png
-31.443962,12.951235,seed94803.png
-20.079927,-14.252346,seed94804.png
3.8741593,23.594786,seed94805.png
-4.6737294,14.097931,seed94806.png
17.586056,8.226419,seed94807.png
29.873146,8.717909,seed94808.png
7.0097647,12.924148,seed94809.png
-2.7166228,-12.631784,seed9481.png
-13.638301,-14.401952,seed94810.png
8.067596,4.9584737,seed94811.png
4.37615,2.1632028,seed94812.png
5.0566025,-26.16679,seed94813.png
1.6211091,7.1670637,seed94814.png
-23.03978,8.499189,seed94815.png
-32.365437,12.15079,seed94816.png
32.570236,12.83807,seed94817.png
-5.7020755,-12.0032015,seed94818.png
12.579436,29.250418,seed94819.png
16.129805,-35.216473,seed9482.png
34.848957,9.436959,seed94820.png
11.415346,-33.628258,seed94821.png
19.036543,15.896305,seed94822.png
-31.884264,-5.8494196,seed94823.png
15.54528,-7.9580827,seed94824.png
7.1143665,-38.390408,seed94825.png
15.629541,23.809507,seed94826.png
31.435667,15.105567,seed94827.png
-19.508867,13.847201,seed94828.png
5.6657968,-4.6749287,seed94829.png
-15.333804,-9.047943,seed9483.png
33.746696,5.7837877,seed94830.png
15.576628,-36.1485,seed94831.png
-23.64947,-15.661049,seed94832.png
-22.38454,-13.091382,seed94833.png
-5.0852523,18.88164,seed94834.png
-22.396269,-23.224592,seed94835.png
33.260067,19.41993,seed94836.png
5.106233,-27.713564,seed94837.png
-15.308694,10.947062,seed94838.png
5.1431894,-6.1791253,seed94839.png
32.164165,12.98083,seed9484.png
-13.168961,-20.506178,seed94840.png
12.248095,-33.64829,seed94841.png
-12.462256,2.4777303,seed94842.png
-3.5250013,-3.905226,seed94843.png
8.343647,6.183863,seed94844.png
-34.34275,21.332006,seed94845.png
37.167435,5.300897,seed94846.png
11.651287,15.842693,seed94847.png
5.623121,23.012651,seed94848.png
35.97361,15.808727,seed94849.png
3.334317,17.960264,seed9485.png
8.739874,-41.61996,seed94850.png
4.3780675,4.29172,seed94851.png
24.797695,23.704863,seed94852.png
-33.21432,10.677511,seed94853.png
33.571583,26.686867,seed94854.png
-24.998072,-7.143405,seed94855.png
12.364035,17.482462,seed94856.png
-31.613096,9.091489,seed94857.png
-15.675664,-7.184816,seed94858.png
-32.660774,21.296453,seed94859.png
-2.9427872,11.241286,seed9486.png
15.751573,5.879318,seed94860.png
-6.4666595,-19.802223,seed94861.png
3.5241783,16.726875,seed94862.png
-31.617708,8.952733,seed94863.png
24.178885,10.4425745,seed94864.png
1.0874003,-5.039205,seed94865.png
25.995872,25.392574,seed94866.png
26.117594,15.351933,seed94867.png
8.238974,-28.581171,seed94868.png
13.945423,-32.710987,seed94869.png
-31.688173,17.814445,seed9487.png
35.586155,9.310047,seed94870.png
-24.087528,6.906082,seed94871.png
3.6157482,-6.961426,seed94872.png
-22.688377,-17.280596,seed94873.png
12.073631,-35.930817,seed94874.png
-17.798552,-3.780587,seed94875.png
11.875644,-40.97529,seed94876.png
-19.416126,-23.00212,seed94877.png
16.41551,-32.61234,seed94878.png
2.1915371,-29.504612,seed94879.png
30.657148,23.401459,seed9488.png
-15.41502,-8.000572,seed94880.png
-0.970958,-0.8430411,seed94881.png
-10.991184,5.4576836,seed94882.png
41.13536,21.58072,seed94883.png
-22.828318,-19.10951,seed94884.png
-36.344208,17.550966,seed94885.png
-10.840809,-0.08900483,seed94886.png
-15.94372,-19.679491,seed94887.png
-2.653991,-17.396091,seed94888.png
13.636541,17.170303,seed94889.png
-31.603329,13.163174,seed9489.png
-32.18922,-6.1287284,seed94890.png
12.557095,-0.9599247,seed94891.png
-31.223341,17.166443,seed94892.png
0.25870377,20.39696,seed94893.png
34.770557,4.051945,seed94894.png
-24.84149,-9.604771,seed94895.png
4.610297,13.904572,seed94896.png
-16.876032,-26.849102,seed94897.png
16.531738,-34.578384,seed94898.png
-12.252105,0.012758801,seed94899.png
-18.845701,6.2839527,seed9490.png
-11.21547,-10.19393,seed94900.png
39.059105,17.816154,seed94901.png
31.78942,17.911114,seed94902.png
14.611831,21.450506,seed94903.png
12.485739,8.385232,seed94904.png
-1.4542332,-11.625532,seed94905.png
33.029644,9.489424,seed94906.png
15.427061,-35.45223,seed94907.png
13.1040125,-40.949505,seed94908.png
25.877651,17.190107,seed94909.png
6.737026,-34.432472,seed9491.png
-23.560108,-20.362455,seed94910.png
21.442339,-0.37577745,seed94911.png
16.582006,-37.413486,seed94912.png
21.860708,4.7671447,seed94913.png
37.184402,25.624704,seed94914.png
-28.483068,11.353135,seed94915.png
23.03219,19.791265,seed94916.png
19.056358,19.044655,seed94917.png
25.888304,-0.5003242,seed94918.png
0.09391933,-13.9864435,seed94919.png
-33.096695,-11.827745,seed9492.png
-34.38839,-4.077955,seed94920.png
38.488266,19.542446,seed94921.png
33.5684,27.809402,seed94922.png
-23.125736,18.074232,seed94923.png
-23.164267,-5.1406817,seed94924.png
7.645271,-31.831121,seed94925.png
36.15606,24.21092,seed94926.png
29.963112,17.378399,seed94927.png
-7.271201,-12.947769,seed94928.png
-27.45767,-9.330768,seed94929.png
28.005186,14.586616,seed9493.png
5.116892,-12.679075,seed94930.png
3.9941509,11.512541,seed94931.png
5.4523287,-9.5791025,seed94932.png
14.448921,1.5915561,seed94933.png
20.202385,8.879707,seed94934.png
-13.344956,-12.433752,seed94935.png
-24.926983,-16.00941,seed94936.png
-2.863664,-15.713191,seed94937.png
-14.447147,-6.0763226,seed94938.png
-32.35783,-7.347937,seed94939.png
-17.352858,-0.12522818,seed9494.png
-0.9198545,24.301847,seed94940.png
-31.61398,-4.320735,seed94941.png
29.884937,21.10195,seed94942.png
34.7731,7.2283206,seed94943.png
-0.18876612,24.10108,seed94944.png
32.52039,20.31559,seed94945.png
-14.515762,-21.953743,seed94946.png
-6.2162232,-7.990873,seed94947.png
31.962399,1.3625572,seed94948.png
11.840942,-31.813347,seed94949.png
-22.614025,-16.639927,seed9495.png
16.942276,-35.45644,seed94950.png
-30.554945,-8.637551,seed94951.png
34.037212,10.386564,seed94952.png
13.998279,-8.25279,seed94953.png
-17.258394,-11.634693,seed94954.png
35.857117,18.531757,seed94955.png
22.350397,19.895302,seed94956.png
16.695017,0.42170268,seed94957.png
15.837611,-7.8611765,seed94958.png
-25.880877,18.28908,seed94959.png
-34.13572,14.168076,seed9496.png
-6.9192667,-27.021364,seed94960.png
11.974313,-24.159056,seed94961.png
4.096338,5.017188,seed94962.png
-32.67693,16.986225,seed94963.png
-23.601753,-7.301354,seed94964.png
31.149576,22.12074,seed94965.png
4.238469,18.81658,seed94966.png
34.738533,6.7247844,seed94967.png
2.2934353,2.099242,seed94968.png
9.186196,-26.622732,seed94969.png
-19.977627,0.3221528,seed9497.png
-33.44983,-1.0698727,seed94970.png
-23.02111,-4.6773925,seed94971.png
2.942281,22.31885,seed94972.png
-20.513739,-11.796177,seed94973.png
13.592197,0.47954577,seed94974.png
-9.519365,0.8944274,seed94975.png
-24.127485,-1.066109,seed94976.png
17.92265,-10.091955,seed94977.png
-33.300644,-1.2519485,seed94978.png
-14.515289,-21.381395,seed94979.png
19.43016,21.998993,seed9498.png
16.710413,2.8537061,seed94980.png
3.3722458,13.466756,seed94981.png
-33.368484,17.5559,seed94982.png
19.171951,1.724447,seed94983.png
13.789772,2.4254224,seed94984.png
0.13049416,21.070288,seed94985.png
9.524678,5.3050895,seed94986.png
9.383925,4.8987646,seed94987.png
9.922314,23.05359,seed94988.png
-12.431393,-23.592396,seed94989.png
35.566143,12.499039,seed9499.png
6.8100157,3.7589662,seed94990.png
-20.622211,-16.327888,seed94991.png
-29.854223,21.167032,seed94992.png
-21.01746,-12.656274,seed94993.png
-10.579066,-12.441579,seed94994.png
10.604851,-40.595856,seed94995.png
5.2078385,3.3969579,seed94996.png
-20.073425,-25.61245,seed94997.png
17.69259,1.2024626,seed94998.png
28.921556,8.929061,seed94999.png
-32.95193,24.06539,seed9500.png
-25.464613,-12.263696,seed95000.png
-28.041834,-23.799288,seed95001.png
-34.884438,-5.053559,seed95002.png
-32.894356,6.175948,seed95003.png
17.394192,-34.3001,seed95004.png
-19.028677,-0.22729991,seed95005.png
27.125965,-1.758873,seed95006.png
15.73267,-34.257046,seed95007.png
10.09326,11.057196,seed95008.png
3.9419568,19.364637,seed95009.png
18.30226,25.185875,seed9501.png
-26.922836,-14.221666,seed95010.png
-25.193382,-19.049873,seed95011.png
-31.361897,24.720592,seed95012.png
2.2956026,-5.804575,seed95013.png
16.132965,-36.799606,seed95014.png
9.669845,-2.6637287,seed95015.png
-33.673496,25.0846,seed95016.png
8.343323,2.9171798,seed95017.png
-19.992949,-17.98608,seed95018.png
40.900055,20.331366,seed95019.png
-24.461023,7.706182,seed9502.png
19.809227,-7.7102065,seed95020.png
8.30538,-1.974762,seed95021.png
-23.936666,-20.389238,seed95022.png
5.299211,6.9638577,seed95023.png
16.961283,-1.146204,seed95024.png
-25.962154,-14.387942,seed95025.png
-3.1420403,-16.57248,seed95026.png
-20.999208,12.773153,seed95027.png
19.858252,-0.25660235,seed95028.png
6.9051976,18.615654,seed95029.png
24.280851,-4.7375236,seed9503.png
-22.196983,-26.745466,seed95030.png
8.857372,6.0680895,seed95031.png
13.409589,18.743607,seed95032.png
10.839319,14.962309,seed95033.png
-3.2803378,13.258397,seed95034.png
7.5116305,11.727379,seed95035.png
-33.516804,25.084597,seed95036.png
27.765116,25.266573,seed95037.png
3.9162765,9.8694105,seed95038.png
16.595505,-34.933784,seed95039.png
-28.465832,9.796378,seed9504.png
-5.800291,-8.729681,seed95040.png
-22.990152,-6.861287,seed95041.png
-0.19615942,-15.497714,seed95042.png
14.337524,3.247668,seed95043.png
-20.595444,-1.458685,seed95044.png
33.674736,9.115157,seed95045.png
14.204443,27.403605,seed95046.png
-1.3426901,-10.761128,seed95047.png
-12.56932,-6.957433,seed95048.png
-8.711901,-9.48928,seed95049.png
10.155626,8.746088,seed9505.png
24.672989,8.096173,seed95050.png
5.7884417,-27.691679,seed95051.png
25.796034,20.329317,seed95052.png
-29.805304,-13.813414,seed95053.png
32.525684,4.89798,seed95054.png
-11.389701,8.915857,seed95055.png
18.909056,17.389797,seed95056.png
-16.281197,-18.95658,seed95057.png
6.0585175,-39.118095,seed95058.png
0.449883,-18.325075,seed95059.png
31.197227,2.7212265,seed9506.png
12.590173,-13.594315,seed95060.png
-32.992596,17.228498,seed95061.png
37.287304,15.322216,seed95062.png
-6.035013,-14.818461,seed95063.png
-25.954351,-4.681539,seed95064.png
-2.9718893,-8.853657,seed95065.png
-20.08746,-9.153072,seed95066.png
-12.45752,-7.248751,seed95067.png
17.478449,-35.679253,seed95068.png
17.060965,0.29460245,seed95069.png
-6.423801,-3.385937,seed9507.png
-9.282198,-9.468027,seed95070.png
-27.201832,11.213936,seed95071.png
-33.831276,-0.27222246,seed95072.png
-22.368986,14.825525,seed95073.png
-8.670612,-10.450884,seed95074.png
-10.882102,-27.003494,seed95075.png
-2.844297,-12.123563,seed95076.png
-28.514915,3.1601772,seed95077.png
-21.6975,-1.3699149,seed95078.png
7.847129,-27.793102,seed95079.png
35.61688,12.437293,seed9508.png
32.582928,23.345922,seed95080.png
-10.116027,-9.418973,seed95081.png
-0.2421461,-2.1063342,seed95082.png
-27.5095,8.360328,seed95083.png
-28.364918,-16.032383,seed95084.png
9.516999,4.9823623,seed95085.png
0.90270174,-16.595722,seed95086.png
-22.786825,-1.7671033,seed95087.png
-2.0734358,-11.930142,seed95088.png
-14.736075,-29.41038,seed95089.png
-0.21571699,15.796426,seed9509.png
-1.374406,-9.047116,seed95090.png
6.827871,-34.344704,seed95091.png
22.042845,-0.46648943,seed95092.png
15.111011,26.763727,seed95093.png
27.677685,-1.712397,seed95094.png
2.122952,1.612374,seed95095.png
4.089846,-30.955204,seed95096.png
-1.2982103,-17.208773,seed95097.png
-20.782223,4.55781,seed95098.png
14.721748,22.779568,seed95099.png
-15.503695,1.773469,seed9510.png
-24.164957,10.69009,seed95100.png
-17.12685,-30.286982,seed95101.png
12.882907,19.386194,seed95102.png
3.7959652,-12.96477,seed95103.png
11.416951,18.584846,seed95104.png
-14.454029,-8.2960825,seed95105.png
-13.749559,-28.182167,seed95106.png
-10.457227,-3.887386,seed95107.png
-18.44461,10.793519,seed95108.png
-2.7339566,-10.862061,seed95109.png
-11.063845,0.89035136,seed9511.png
14.11122,-1.7533184,seed95110.png
-20.114996,-19.309546,seed95111.png
-18.52211,-1.9968804,seed95112.png
12.629272,-30.65552,seed95113.png
-20.14276,-28.722525,seed95114.png
23.959648,19.831078,seed95115.png
16.047771,-7.7927265,seed95116.png
-12.826997,-28.84392,seed95117.png
-26.61712,-3.8212712,seed95118.png
-20.857443,2.6749883,seed95119.png
-24.429174,-4.092321,seed9512.png
13.799624,26.317028,seed95120.png
-2.3029957,10.739052,seed95121.png
-22.731901,-24.619562,seed95122.png
-14.697839,-29.034088,seed95123.png
27.200918,-3.328993,seed95124.png
-18.642918,-16.670403,seed95125.png
-0.2868689,-24.950323,seed95126.png
3.5383136,8.814512,seed95127.png
-18.07861,5.778372,seed95128.png
-0.7301499,22.32452,seed95129.png
-35.17077,-11.734122,seed9513.png
1.353951,5.576242,seed95130.png
32.483356,5.474033,seed95131.png
-22.763874,2.9908297,seed95132.png
-31.755505,-12.523141,seed95133.png
-33.85014,25.798752,seed95134.png
2.1056714,-15.790117,seed95135.png
11.347028,-43.01642,seed95136.png
-15.700805,-30.430082,seed95137.png
10.418698,-33.232124,seed95138.png
1.8682688,-1.6651535,seed95139.png
-0.5721204,22.794195,seed9514.png
17.707457,4.7171273,seed95140.png
-33.20093,13.747941,seed95141.png
6.2482305,-31.986753,seed95142.png
-34.983532,27.089098,seed95143.png
-16.128855,-18.862892,seed95144.png
3.2517166,-30.715406,seed95145.png
-33.01928,22.387033,seed95146.png
3.0263941,20.690552,seed95147.png
-14.197851,-11.892556,seed95148.png
9.003216,-5.278774,seed95149.png
-28.38632,5.532954,seed9515.png
-25.259441,-6.9523396,seed95150.png
-9.640854,-10.808748,seed95151.png
14.719925,-33.795517,seed95152.png
2.4123175,1.6690226,seed95153.png
10.8312025,-40.212906,seed95154.png
-9.004698,-24.272558,seed95155.png
4.63936,-36.66058,seed95156.png
-20.302994,-8.229412,seed95157.png
32.033,22.787254,seed95158.png
17.87639,-9.70417,seed95159.png
-12.590415,-24.524887,seed9516.png
37.74524,14.306964,seed95160.png
13.483558,-33.179832,seed95161.png
3.9362776,20.208536,seed95162.png
-28.31025,10.828866,seed95163.png
-25.590199,-1.6608646,seed95164.png
8.520733,3.8740404,seed95165.png
3.3365266,-34.25926,seed95166.png
-13.0382395,-5.899361,seed95167.png
-26.58489,-8.721587,seed95168.png
41.985653,20.59288,seed95169.png
-7.338405,11.011061,seed9517.png
11.451795,-2.1963372,seed95170.png
-22.87585,-4.353743,seed95171.png
-13.437188,-12.758584,seed95172.png
-33.193428,22.908524,seed95173.png
-10.64004,-7.52745,seed95174.png
3.5961232,-18.785746,seed95175.png
12.490541,-32.946236,seed95176.png
-12.220405,3.0137722,seed95177.png
10.624356,8.411175,seed95178.png
-22.251585,-4.398688,seed95179.png
-11.626504,-9.175154,seed9518.png
10.55147,-42.789806,seed95180.png
-18.564207,-4.683004,seed95181.png
-20.561556,14.697561,seed95182.png
-13.737076,-20.828903,seed95183.png
-14.763392,-3.7838073,seed95184.png
-21.615366,13.089659,seed95185.png
5.156336,-13.160736,seed95186.png
9.547688,28.792002,seed95187.png
24.594969,-5.0824313,seed95188.png
1.3542311,-9.352814,seed95189.png
4.857467,16.227926,seed9519.png
-16.397045,-30.954927,seed95190.png
4.6257153,5.4806743,seed95191.png
-14.371591,-26.049582,seed95192.png
27.217873,7.102041,seed95193.png
3.3248591,-39.160194,seed95194.png
-33.94363,19.252764,seed95195.png
22.431328,20.219254,seed95196.png
-10.584269,-14.6638775,seed95197.png
-3.6368802,-4.8175645,seed95198.png
-19.68107,5.4906025,seed95199.png
11.056412,16.837498,seed9520.png
21.958944,18.145824,seed95200.png
11.770028,22.358189,seed95201.png
0.28240436,21.329786,seed95202.png
11.607915,-25.911911,seed95203.png
33.6999,11.924034,seed95204.png
28.490639,19.2682,seed95205.png
34.694305,11.625714,seed95206.png
-1.4971511,24.370853,seed95207.png
35.387867,12.252907,seed95208.png
34.388977,23.054768,seed95209.png
-9.881074,-13.676976,seed9521.png
-7.0200896,12.108213,seed95210.png
36.29147,22.766937,seed95211.png
-27.739548,-0.33218282,seed95212.png
31.564379,2.4259524,seed95213.png
-14.296126,-15.041078,seed95214.png
-13.373314,-4.5373106,seed95215.png
8.361637,-12.085846,seed95216.png
13.240292,-33.45254,seed95217.png
-31.42234,-8.583381,seed95218.png
-33.266983,20.534456,seed95219.png
-27.568413,7.6270876,seed9522.png
-16.87981,-3.0558212,seed95220.png
14.621558,22.258955,seed95221.png
-0.23811874,-29.93423,seed95222.png
-1.6765721,24.33626,seed95223.png
-21.88808,-11.477288,seed95224.png
-26.37419,6.625108,seed95225.png
-21.64144,19.071808,seed95226.png
-15.833033,-29.215235,seed95227.png
-14.708446,6.2656717,seed95228.png
26.343985,14.58054,seed95229.png
-3.4941502,-14.314378,seed9523.png
-20.6194,13.764427,seed95230.png
9.580331,-35.813988,seed95231.png
-5.8341894,-24.415306,seed95232.png
-25.042068,-17.574287,seed95233.png
-30.579494,18.640505,seed95234.png
-17.442951,2.5650656,seed95235.png
13.495641,-9.631627,seed95236.png
-1.1028601,-10.053639,seed95237.png
11.781527,-26.113888,seed95238.png
-24.885906,18.741547,seed95239.png
36.221397,11.145471,seed9524.png
2.1757617,8.470835,seed95240.png
8.47543,7.417733,seed95241.png
24.986387,18.326626,seed95242.png
-26.182081,-7.70538,seed95243.png
-12.162668,-27.320723,seed95244.png
18.688927,17.653028,seed95245.png
21.023554,6.798547,seed95246.png
27.84267,8.921792,seed95247.png
7.7359934,-27.280602,seed95248.png
-2.4994533,-16.609676,seed95249.png
-25.146942,-6.01718,seed9525.png
33.263786,22.790264,seed95250.png
-23.872692,15.284047,seed95251.png
-19.86956,-19.971466,seed95252.png
37.328976,23.513298,seed95253.png
-21.403107,-1.0120538,seed95254.png
11.228507,2.5221944,seed95255.png
-19.495724,14.122578,seed95256.png
28.1121,10.249105,seed95257.png
-13.941972,7.954158,seed95258.png
19.80713,11.255654,seed95259.png
-18.159304,-7.4892807,seed9526.png
3.2078512,-27.382063,seed95260.png
-27.52612,11.4839735,seed95261.png
13.756566,5.4160533,seed95262.png
-18.652248,-25.81146,seed95263.png
-15.425711,-23.233553,seed95264.png
-7.9405513,4.048935,seed95265.png
9.089256,5.189334,seed95266.png
12.197997,-30.605783,seed95267.png
-34.102024,6.4180584,seed95268.png
-24.143301,9.811895,seed95269.png
-10.354691,-27.622606,seed9527.png
20.691074,-5.6464715,seed95270.png
-21.278324,-14.855454,seed95271.png
0.1873079,12.313842,seed95272.png
19.870432,6.181274,seed95273.png
-22.671103,-20.812132,seed95274.png
-13.773759,-8.011782,seed95275.png
14.207284,19.266687,seed95276.png
-19.51386,-3.6812627,seed95277.png
10.402385,28.48203,seed95278.png
-27.248615,-3.2085104,seed95279.png
26.303171,19.169981,seed9528.png
-8.156158,-13.922499,seed95280.png
1.5482782,22.700224,seed95281.png
-1.0233711,23.14038,seed95282.png
2.289642,8.334174,seed95283.png
-33.021194,23.299664,seed95284.png
-13.192514,-10.835656,seed95285.png
-21.74841,-27.124271,seed95286.png
-29.630575,-6.2797766,seed95287.png
29.9179,8.042895,seed95288.png
13.726132,-35.23068,seed95289.png
-0.5001263,14.909763,seed9529.png
24.94464,27.72038,seed95290.png
10.775372,-30.862934,seed95291.png
4.809642,4.4714317,seed95292.png
-21.798796,-9.277596,seed95293.png
-0.046413857,-13.096987,seed95294.png
3.6847892,-28.1847,seed95295.png
17.137594,-2.129445,seed95296.png
13.421975,-7.487456,seed95297.png
-29.86621,22.82812,seed95298.png
-15.862514,-21.84469,seed95299.png
-1.8639518,-7.800511,seed9530.png
13.583395,23.912203,seed95300.png
-15.958582,-19.259808,seed95301.png
-9.886617,-24.43015,seed95302.png
19.999418,17.55869,seed95303.png
2.1417568,23.906488,seed95304.png
-19.461689,18.204742,seed95305.png
33.33497,10.558523,seed95306.png
-1.2723836,16.360687,seed95307.png
39.807762,17.934795,seed95308.png
-5.896368,2.0849795,seed95309.png
19.873476,21.860744,seed9531.png
-3.9429107,-16.236076,seed95310.png
25.68142,13.014129,seed95311.png
18.040731,13.038322,seed95312.png
34.91693,10.731837,seed95313.png
-9.055793,-16.825201,seed95314.png
3.7024152,-5.9464684,seed95315.png
-20.203922,14.525187,seed95316.png
11.951143,16.210854,seed95317.png
34.209324,7.86747,seed95318.png
12.076768,11.3011265,seed95319.png
17.202293,-34.959164,seed9532.png
26.028748,10.68609,seed95320.png
31.081646,22.149435,seed95321.png
-8.49177,-18.84317,seed95322.png
7.4215174,11.943322,seed95323.png
34.517178,25.172338,seed95324.png
5.379377,-8.553218,seed95325.png
12.265872,-12.573294,seed95326.png
-14.723568,-3.907305,seed95327.png
-34.869892,24.932613,seed95328.png
27.35952,17.224588,seed95329.png
-4.1323953,12.277163,seed9533.png
23.620815,25.013681,seed95330.png
-18.49877,8.145604,seed95331.png
-19.76441,3.4905858,seed95332.png
0.12998731,-14.2208605,seed95333.png
27.934628,8.845362,seed95334.png
32.856632,9.28607,seed95335.png
-14.08362,-20.345562,seed95336.png
-31.4228,18.160969,seed95337.png
6.8083215,3.1098652,seed95338.png
-10.957952,6.115734,seed95339.png
-24.118645,16.628355,seed9534.png
-31.99348,23.53862,seed95340.png
-14.93786,-16.980242,seed95341.png
6.753044,5.7742143,seed95342.png
32.490776,28.965593,seed95343.png
-31.995255,22.790308,seed95344.png
11.312542,-43.222233,seed95345.png
-12.992689,-11.972864,seed95346.png
8.05945,7.7970886,seed95347.png
16.089808,-32.570557,seed95348.png
-10.086911,-15.545339,seed95349.png
-10.687157,-8.765513,seed9535.png
24.529993,6.683225,seed95350.png
26.46787,12.5333395,seed95351.png
15.573071,24.299345,seed95352.png
22.885431,6.6095023,seed95353.png
-31.472773,19.510357,seed95354.png
-21.029161,11.17539,seed95355.png
-21.394463,-12.565717,seed95356.png
23.58162,18.510471,seed95357.png
12.793491,-7.4292254,seed95358.png
14.242506,-4.2756343,seed95359.png
-27.959677,19.648842,seed9536.png
4.5935407,-25.761528,seed95360.png
19.067308,20.680016,seed95361.png
12.017782,-8.297736,seed95362.png
11.136255,-36.91805,seed95363.png
-22.983055,-22.782734,seed95364.png
-0.18899047,-2.718883,seed95365.png
-24.943848,-22.297514,seed95366.png
-38.533623,14.526648,seed95367.png
17.784021,4.010692,seed95368.png
-21.23786,-25.44515,seed95369.png
-16.489056,-26.232634,seed9537.png
-19.648865,-6.444793,seed95370.png
-29.198591,0.113587044,seed95371.png
31.088314,9.62955,seed95372.png
27.914522,3.4740582,seed95373.png
-3.7064195,-11.268207,seed95374.png
21.660412,21.852417,seed95375.png
8.391249,-39.83012,seed95376.png
-37.290367,24.359077,seed95377.png
5.974101,-1.158522,seed95378.png
-8.371737,-27.524107,seed95379.png
13.868276,10.332855,seed9538.png
-32.898136,-6.21339,seed95380.png
20.644938,12.812035,seed95381.png
1.3148924,19.45103,seed95382.png
-4.2694507,-2.0378833,seed95383.png
19.609327,5.146716,seed95384.png
16.570492,27.725592,seed95385.png
-16.158588,-10.577708,seed95386.png
-16.11208,-22.433943,seed95387.png
-34.9266,26.635448,seed95388.png
-26.494917,-14.023409,seed95389.png
-13.14653,-28.461357,seed9539.png
-25.8613,-21.099344,seed95390.png
-30.38517,-11.7000885,seed95391.png
12.93011,-5.0263395,seed95392.png
-26.495657,-18.828646,seed95393.png
-7.451493,10.054639,seed95394.png
-15.509067,-19.914429,seed95395.png
-23.675606,-3.3078218,seed95396.png
41.27135,21.614502,seed95397.png
-7.220903,-16.957668,seed95398.png
12.1671,-32.789536,seed95399.png
4.525824,-13.404406,seed9540.png
10.207173,25.578096,seed95400.png
26.172756,7.5344043,seed95401.png
-27.592928,-2.6886961,seed95402.png
3.776205,-28.41654,seed95403.png
-20.786835,-2.6797562,seed95404.png
-23.881725,18.4211,seed95405.png
14.790886,-38.062496,seed95406.png
-35.411575,6.3115907,seed95407.png
10.999289,24.41312,seed95408.png
-28.47888,9.089866,seed95409.png
16.952114,25.830416,seed9541.png
-21.250248,-16.727083,seed95410.png
-16.161375,-30.694931,seed95411.png
26.49014,12.992691,seed95412.png
4.1446486,-11.50233,seed95413.png
-34.677288,16.168798,seed95414.png
26.618116,17.947151,seed95415.png
13.7883625,-40.08655,seed95416.png
-18.016056,3.5663457,seed95417.png
35.611202,11.573666,seed95418.png
-11.171436,-27.895119,seed95419.png
22.426743,3.2304897,seed9542.png
37.020973,21.70065,seed95420.png
23.86194,-3.5647368,seed95421.png
-22.285633,-14.058108,seed95422.png
-33.504726,-10.279068,seed95423.png
4.370063,6.4222293,seed95424.png
-3.0923245,23.534178,seed95425.png
-8.067587,-16.851154,seed95426.png
11.051353,-36.359848,seed95427.png
-5.68855,-15.158521,seed95428.png
14.850464,20.075243,seed95429.png
-26.9722,18.175282,seed9543.png
-32.26811,2.060783,seed95430.png
-11.055504,1.6253166,seed95431.png
10.916694,-0.21694653,seed95432.png
8.000529,11.601863,seed95433.png
39.998615,9.395519,seed95434.png
-7.3772445,-10.066254,seed95435.png
-31.139965,-18.813192,seed95436.png
-3.9411569,-10.903078,seed95437.png
24.687603,-4.6169343,seed95438.png
-26.652237,2.644009,seed95439.png
14.15955,-38.750774,seed9544.png
-5.3324313,-13.404043,seed95440.png
-23.524826,-18.039333,seed95441.png
9.949512,28.985107,seed95442.png
21.669264,9.858915,seed95443.png
-33.914032,23.973516,seed95444.png
17.181952,-7.5439644,seed95445.png
-31.244877,22.054764,seed95446.png
-29.485367,9.893678,seed95447.png
17.450478,7.2505293,seed95448.png
-13.496338,-28.672058,seed95449.png
13.782275,-30.254997,seed9545.png
26.509405,15.342436,seed95450.png
-19.122152,-28.545584,seed95451.png
4.755961,-34.554943,seed95452.png
12.953303,-4.8323655,seed95453.png
17.378954,24.444977,seed95454.png
8.586736,9.109702,seed95455.png
-12.750597,-26.416288,seed95456.png
-5.82462,-26.004927,seed95457.png
18.999498,19.924784,seed95458.png
13.239222,-15.132288,seed95459.png
-16.862122,1.3021677,seed9546.png
8.781488,18.141624,seed95460.png
-32.24983,18.528322,seed95461.png
18.780334,0.04623219,seed95462.png
-26.500069,4.184,seed95463.png
11.535976,-40.584156,seed95464.png
-12.493822,-30.52094,seed95465.png
34.107445,26.172758,seed95466.png
15.715806,16.828892,seed95467.png
34.145992,2.7120728,seed95468.png
9.3005705,-34.951916,seed95469.png
-27.54973,15.7829685,seed9547.png
4.1485634,14.6639805,seed95470.png
-17.280796,-30.547354,seed95471.png
13.04558,-43.05236,seed95472.png
-32.077377,-5.5372324,seed95473.png
-34.98384,11.668715,seed95474.png
-27.343641,-17.742882,seed95475.png
-19.855806,-2.2488246,seed95476.png
35.20883,20.019287,seed95477.png
-24.604183,-19.476322,seed95478.png
17.73304,23.20523,seed95479.png
-21.722153,-11.38317,seed9548.png
-0.48269108,26.314846,seed95480.png
-3.8680146,11.384534,seed95481.png
16.797646,-4.2515454,seed95482.png
12.387539,8.913039,seed95483.png
31.188198,12.404781,seed95484.png
12.424933,24.709959,seed95485.png
26.736897,18.231112,seed95486.png
26.019361,20.725113,seed95487.png
-24.12663,-12.87357,seed95488.png
13.955115,26.593645,seed95489.png
-12.892647,-30.81735,seed9549.png
9.111846,3.5372782,seed95490.png
2.1780746,-16.141832,seed95491.png
-22.22183,11.291785,seed95492.png
-25.87689,-8.81521,seed95493.png
-3.6901138,-7.055823,seed95494.png
8.707403,-3.7985008,seed95495.png
8.553157,7.471558,seed95496.png
2.3468106,1.2963768,seed95497.png
-29.663239,-4.800342,seed95498.png
-18.61729,-22.79909,seed95499.png
1.0186713,-26.11009,seed9550.png
17.506374,8.89173,seed95500.png
3.2866414,-7.413384,seed95501.png
-31.023922,-1.7842935,seed95502.png
15.566396,7.352627,seed95503.png
-21.915316,-5.6975546,seed95504.png
21.955278,19.497402,seed95505.png
14.413381,7.926512,seed95506.png
-14.386373,-30.459717,seed95507.png
17.862804,15.990178,seed95508.png
0.76549244,15.448355,seed95509.png
12.184164,6.589025,seed9551.png
-31.658928,-1.3780677,seed95510.png
15.71844,13.34189,seed95511.png
-12.430703,-27.433895,seed95512.png
-32.340485,10.464051,seed95513.png
-27.731585,0.63701564,seed95514.png
-31.16277,22.702291,seed95515.png
36.795082,24.54736,seed95516.png
23.021372,0.598233,seed95517.png
36.86593,14.224271,seed95518.png
-30.972797,1.7690672,seed95519.png
37.44325,10.804695,seed9552.png
27.716297,7.9992476,seed95520.png
3.462928,7.772839,seed95521.png
2.412484,-3.3086057,seed95522.png
-22.586718,-5.587518,seed95523.png
35.314007,22.616158,seed95524.png
24.601635,0.4983179,seed95525.png
-35.14403,9.207332,seed95526.png
-24.032734,8.0352335,seed95527.png
25.07179,10.813018,seed95528.png
-19.694113,12.286749,seed95529.png
-14.462861,-4.022969,seed9553.png
-20.394188,11.604223,seed95530.png
12.775489,-42.125053,seed95531.png
31.58893,14.515037,seed95532.png
-9.228901,-16.516972,seed95533.png
38.430893,19.042423,seed95534.png
-24.138012,-1.1199371,seed95535.png
34.453312,27.34414,seed95536.png
5.5873303,-31.756277,seed95537.png
20.306969,5.7800207,seed95538.png
-10.224131,6.1162834,seed95539.png
24.79711,-1.2889879,seed9554.png
9.57574,4.11696,seed95540.png
15.898179,7.76159,seed95541.png
-23.716534,13.67786,seed95542.png
-13.132194,-14.689503,seed95543.png
-25.359774,-6.824832,seed95544.png
-16.558645,-22.441914,seed95545.png
12.857614,-8.675057,seed95546.png
37.469975,7.5591717,seed95547.png
-29.841093,6.4755483,seed95548.png
-17.04985,-25.407194,seed95549.png
1.3358021,1.5249938,seed9555.png
-11.021035,-23.744312,seed95550.png
-35.62158,-5.9238396,seed95551.png
16.541727,25.276644,seed95552.png
-30.39053,-1.1939999,seed95553.png
17.7477,-4.0708766,seed95554.png
19.78827,-3.2222776,seed95555.png
11.125758,-39.958668,seed95556.png
-1.4973532,24.865744,seed95557.png
28.67344,3.3008807,seed95558.png
15.166968,-31.919506,seed95559.png
12.180707,-42.28169,seed9556.png
-6.9229064,-17.180191,seed95560.png
12.370143,-30.991419,seed95561.png
-27.809729,15.365851,seed95562.png
20.9533,12.526633,seed95563.png
9.4603,-41.70006,seed95564.png
-32.785255,16.808702,seed95565.png
12.600411,-1.0442898,seed95566.png
-31.846577,5.210303,seed95567.png
-11.81381,-28.927666,seed95568.png
10.540994,15.454148,seed95569.png
-13.166548,-2.6417747,seed9557.png
-26.889555,-4.2717605,seed95570.png
-10.885932,-9.050726,seed95571.png
-11.372668,-10.876872,seed95572.png
18.600157,26.602928,seed95573.png
-30.977316,14.031495,seed95574.png
16.002401,21.663036,seed95575.png
22.273289,25.556227,seed95576.png
1.4545138,-18.871738,seed95577.png
15.863511,-0.22405149,seed95578.png
-30.434046,18.132254,seed95579.png
-24.115358,16.182596,seed9558.png
14.112851,-1.4580535,seed95580.png
-16.808067,-4.3892016,seed95581.png
-24.044466,7.104777,seed95582.png
6.0911946,-1.8083487,seed95583.png
-27.676914,-0.27101246,seed95584.png
10.21713,-42.739964,seed95585.png
-24.880417,3.31632,seed95586.png
-3.4704244,-5.759776,seed95587.png
-1.3726664,6.3710093,seed95588.png
-21.418167,18.428247,seed95589.png
-25.168818,-14.981557,seed9559.png
18.101892,12.588899,seed95590.png
39.266712,20.221243,seed95591.png
-8.3154745,-16.535784,seed95592.png
32.96878,27.877865,seed95593.png
-18.885849,5.1817894,seed95594.png
20.843298,25.55594,seed95595.png
13.723655,-30.629925,seed95596.png
21.772179,-2.4109657,seed95597.png
-21.377764,-29.83305,seed95598.png
9.949526,15.538441,seed95599.png
-25.029339,-15.246491,seed9560.png
31.66055,2.5236995,seed95600.png
-0.1058156,-21.225624,seed95601.png
12.395721,-37.74319,seed95602.png
17.341343,4.21196,seed95603.png
-11.858167,-18.980062,seed95604.png
-14.220018,-22.122906,seed95605.png
-20.91494,-1.9955606,seed95606.png
16.630735,-35.55411,seed95607.png
22.470612,-0.40258518,seed95608.png
28.013445,26.44053,seed95609.png
13.580848,10.623526,seed9561.png
31.364754,19.767975,seed95610.png
30.728928,16.293524,seed95611.png
-1.508056,-15.238318,seed95612.png
-2.219947,14.135538,seed95613.png
28.582163,14.699779,seed95614.png
-34.937054,22.995518,seed95615.png
-32.470848,3.2252414,seed95616.png
18.158178,-2.3340282,seed95617.png
14.54204,-37.723957,seed95618.png
-1.8597499,-3.167969,seed95619.png
17.004183,-34.690075,seed9562.png
37.2997,23.019203,seed95620.png
-34.439693,26.725658,seed95621.png
12.161154,-41.80327,seed95622.png
32.096954,24.328987,seed95623.png
-17.048315,-3.965633,seed95624.png
-12.043724,-25.328331,seed95625.png
28.16905,6.8587914,seed95626.png
-30.952536,8.877763,seed95627.png
-12.790063,-6.654126,seed95628.png
33.96207,12.379711,seed95629.png
7.7102933,9.756039,seed9563.png
14.340138,-37.680008,seed95630.png
18.439943,-8.884852,seed95631.png
20.766502,2.8245845,seed95632.png
-26.509562,-2.693135,seed95633.png
18.691242,-7.3814697,seed95634.png
6.542381,-8.30526,seed95635.png
38.06483,19.170479,seed95636.png
-2.3073778,19.854101,seed95637.png
37.450096,24.887968,seed95638.png
11.503208,-23.279236,seed95639.png
36.5167,10.514551,seed9564.png
-21.341278,-2.8402712,seed95640.png
-10.24632,-17.40707,seed95641.png
-31.94949,-12.376296,seed95642.png
-28.780415,-11.060727,seed95643.png
5.0338387,-27.820051,seed95644.png
18.404547,4.118211,seed95645.png
32.640133,25.396442,seed95646.png
6.3945756,15.465216,seed95647.png
36.921913,19.842592,seed95648.png
-9.339851,-8.01534,seed95649.png
-9.983271,-26.019709,seed9565.png
-34.232235,27.117168,seed95650.png
20.287598,-7.7421327,seed95651.png
-15.168097,4.708141,seed95652.png
-31.490149,20.5251,seed95653.png
-22.479435,17.560862,seed95654.png
-20.834826,-6.874026,seed95655.png
21.715628,14.374823,seed95656.png
-32.19541,13.585362,seed95657.png
19.043903,2.5366547,seed95658.png
-0.046383057,24.63362,seed95659.png
10.012546,-9.558029,seed9566.png
-20.375366,-3.981935,seed95660.png
15.343772,-33.967598,seed95661.png
-23.139112,14.69203,seed95662.png
-15.051391,-19.561625,seed95663.png
33.692524,12.166069,seed95664.png
29.600832,9.500928,seed95665.png
39.8752,18.13943,seed95666.png
-21.96586,5.32202,seed95667.png
10.852214,-41.533344,seed95668.png
-21.620087,-6.966785,seed95669.png
-21.150694,-13.189383,seed9567.png
14.629962,27.199718,seed95670.png
24.253029,13.030672,seed95671.png
-14.577331,-13.32244,seed95672.png
-23.264215,-9.73583,seed95673.png
-16.77944,-18.332714,seed95674.png
-13.947792,-7.09906,seed95675.png
-30.378178,-8.902953,seed95676.png
26.303452,12.691842,seed95677.png
26.627739,7.3201923,seed95678.png
-29.277225,10.988145,seed95679.png
20.648386,26.132158,seed9568.png
-16.636452,-7.19576,seed95680.png
-11.6442,-13.39584,seed95681.png
10.272778,-5.242269,seed95682.png
8.522651,-41.18944,seed95683.png
15.760884,4.6617146,seed95684.png
-19.092112,-27.691483,seed95685.png
5.8986907,-1.423984,seed95686.png
4.3115864,23.707304,seed95687.png
-31.908514,-7.04989,seed95688.png
31.198505,6.3354225,seed95689.png
-32.3033,19.663261,seed9569.png
3.264593,-26.628033,seed95690.png
16.028921,-6.383141,seed95691.png
-3.9407656,-16.38304,seed95692.png
-16.262684,-2.7125993,seed95693.png
-17.092403,-23.224243,seed95694.png
8.784554,0.21899292,seed95695.png
31.197466,0.77935636,seed95696.png
-20.444075,-12.5429325,seed95697.png
-24.545298,-2.0379581,seed95698.png
-24.181307,0.39085072,seed95699.png
16.786818,-5.062463,seed9570.png
16.284279,-34.656788,seed95700.png
-17.326218,-20.058676,seed95701.png
5.7591186,-3.1795561,seed95702.png
4.3625126,-1.8157057,seed95703.png
0.22405794,-16.14635,seed95704.png
36.0727,6.9464865,seed95705.png
-6.2125854,-14.723449,seed95706.png
-10.6746645,3.267162,seed95707.png
-18.765615,9.655335,seed95708.png
-37.437355,14.613331,seed95709.png
-28.448399,4.506897,seed9571.png
-19.796658,-0.8762569,seed95710.png
-28.16123,-15.5231695,seed95711.png
26.476833,11.838502,seed95712.png
33.152912,25.439243,seed95713.png
3.7185242,9.424808,seed95714.png
24.279762,20.594967,seed95715.png
22.80539,14.762723,seed95716.png
-8.937907,-26.796001,seed95717.png
-12.327956,-7.2056365,seed95718.png
12.36323,-6.73413,seed95719.png
4.4413342,18.03784,seed9572.png
4.8098803,-28.749096,seed95720.png
15.984148,25.054363,seed95721.png
20.094814,-6.25617,seed95722.png
-4.545122,13.244972,seed95723.png
-0.6174479,1.0010351,seed95724.png
20.248775,13.37074,seed95725.png
7.843386,-27.906755,seed95726.png
30.521477,17.133095,seed95727.png
15.559694,27.136951,seed95728.png
-18.833776,-26.912128,seed95729.png
30.609491,10.368074,seed9573.png
1.6100596,24.617506,seed95730.png
19.422586,-1.5400592,seed95731.png
-28.230925,-2.11614,seed95732.png
-16.371468,-17.413115,seed95733.png
-19.42121,-4.5637565,seed95734.png
5.10094,-0.8926895,seed95735.png
19.945833,27.429033,seed95736.png
-21.229895,-0.21788572,seed95737.png
16.374659,-35.38025,seed95738.png
33.49347,14.177754,seed95739.png
12.87862,-1.6859618,seed9574.png
16.151592,-33.337894,seed95740.png
10.764462,1.7460793,seed95741.png
14.59433,20.668547,seed95742.png
9.9002075,4.944385,seed95743.png
17.066463,-3.5370934,seed95744.png
-6.7306995,-22.684807,seed95745.png
0.8617604,23.404999,seed95746.png
-4.064745,16.075245,seed95747.png
-0.15350515,-7.698037,seed95748.png
11.870561,-36.07243,seed95749.png
-9.057995,1.0579703,seed9575.png
-27.910686,13.813384,seed95750.png
15.802481,-14.396626,seed95751.png
-31.000107,-4.5284853,seed95752.png
-9.339555,-27.995222,seed95753.png
-31.948477,18.317247,seed95754.png
-21.631115,-26.001608,seed95755.png
-12.184197,-13.0031185,seed95756.png
22.645836,-5.481894,seed95757.png
14.85728,3.9679947,seed95758.png
9.929567,-2.5070612,seed95759.png
37.162018,12.415566,seed9576.png
14.121585,7.053185,seed95760.png
35.27625,22.84583,seed95761.png
25.09444,18.364368,seed95762.png
32.882008,15.935168,seed95763.png
14.572244,14.975108,seed95764.png
11.955081,25.50893,seed95765.png
34.542633,5.0797076,seed95766.png
24.491514,15.783019,seed95767.png
16.098642,-9.503187,seed95768.png
-25.69835,-27.882341,seed95769.png
2.4269886,-0.84991604,seed9577.png
7.16709,7.94476,seed95770.png
-30.958214,9.782945,seed95771.png
1.9047577,16.519825,seed95772.png
32.17344,11.636677,seed95773.png
9.376195,17.22998,seed95774.png
-29.321642,22.757776,seed95775.png
-10.424677,-13.294182,seed95776.png
9.697799,29.692633,seed95777.png
-32.35463,19.561644,seed95778.png
10.091906,1.4136912,seed95779.png
-24.64645,-6.808011,seed9578.png
32.846107,25.176327,seed95780.png
-17.89034,12.772157,seed95781.png
-30.214062,16.120533,seed95782.png
35.91055,23.450968,seed95783.png
8.753687,-30.667002,seed95784.png
7.9517403,6.464936,seed95785.png
-31.300924,-15.029245,seed95786.png
-3.2161777,-16.501865,seed95787.png
16.547812,-34.368324,seed95788.png
-20.493519,-8.427748,seed95789.png
-14.1776495,-0.39911124,seed9579.png
-21.928972,0.9670719,seed95790.png
-14.811842,-4.251078,seed95791.png
16.080412,-34.181015,seed95792.png
-31.688864,6.4571953,seed95793.png
-27.953663,-12.520791,seed95794.png
-32.248734,24.307901,seed95795.png
-20.877222,-1.524353,seed95796.png
14.857358,-32.551155,seed95797.png
-32.914272,13.46159,seed95798.png
-9.33926,-15.987548,seed95799.png
-20.2331,-13.682197,seed9580.png
-31.928051,9.744673,seed95800.png
33.68407,3.9746969,seed95801.png
29.469809,17.751877,seed95802.png
32.016537,9.9749565,seed95803.png
-33.955402,2.3371613,seed95804.png
-12.520086,-15.241099,seed95805.png
1.6556466,-2.5563178,seed95806.png
-13.183464,-30.049114,seed95807.png
20.12648,26.339367,seed95808.png
19.745714,-10.731598,seed95809.png
10.049642,2.5126808,seed9581.png
-19.145264,-16.84215,seed95810.png
-25.469427,7.353362,seed95811.png
-10.606774,-26.176786,seed95812.png
-17.648956,-1.9925116,seed95813.png
-17.043207,-9.437942,seed95814.png
10.876329,-37.8014,seed95815.png
-10.02384,-7.9763274,seed95816.png
-23.382812,19.288893,seed95817.png
-7.4576015,-28.495008,seed95818.png
2.2015693,18.685196,seed95819.png
-25.939878,-17.283762,seed9582.png
35.46813,24.823196,seed95820.png
-20.14329,16.942146,seed95821.png
0.5334119,24.94771,seed95822.png
15.665226,19.836763,seed95823.png
40.61578,17.300749,seed95824.png
14.60244,19.374283,seed95825.png
-20.939165,14.053445,seed95826.png
37.54559,10.065561,seed95827.png
10.103643,21.103495,seed95828.png
38.78155,23.730013,seed95829.png
-17.597816,-22.53522,seed9583.png
21.295794,-7.4829025,seed95830.png
29.107645,12.4138565,seed95831.png
36.78796,8.548297,seed95832.png
-24.068817,12.161335,seed95833.png
40.95099,17.082434,seed95834.png
-25.878004,8.718011,seed95835.png
-21.389986,15.55267,seed95836.png
40.869476,17.774027,seed95837.png
-19.465952,-13.128099,seed95838.png
-17.252039,8.4028425,seed95839.png
-19.67284,4.1495314,seed9584.png
21.676628,11.717088,seed95840.png
-3.4852374,-25.250357,seed95841.png
10.909292,10.1683445,seed95842.png
-6.9111004,-24.422281,seed95843.png
24.610502,14.169066,seed95844.png
-30.42275,16.06388,seed95845.png
29.632025,0.47086272,seed95846.png
35.028923,20.948767,seed95847.png
-18.338043,-29.729208,seed95848.png
-18.050343,4.3804064,seed95849.png
-23.92859,-22.164492,seed9585.png
-18.322643,3.3442624,seed95850.png
-29.08299,1.6220778,seed95851.png
-21.853289,4.8028865,seed95852.png
-14.335024,-9.376622,seed95853.png
-20.058004,10.662749,seed95854.png
13.307336,13.259218,seed95855.png
-12.305969,-20.530592,seed95856.png
32.93207,12.06757,seed95857.png
-33.06374,24.74513,seed95858.png
20.142122,17.202745,seed95859.png
-20.896164,13.091481,seed9586.png
0.1716115,-14.022234,seed95860.png
41.871033,19.3811,seed95861.png
-2.5503902,0.17429154,seed95862.png
-21.900354,7.4637556,seed95863.png
4.7012696,4.87797,seed95864.png
13.258928,-34.37223,seed95865.png
-30.96047,15.452577,seed95866.png
36.634907,26.16743,seed95867.png
10.558395,-37.93561,seed95868.png
13.445238,26.346518,seed95869.png
36.098873,25.086575,seed9587.png
23.644768,-3.006198,seed95870.png
5.672468,-34.51838,seed95871.png
1.5236828,12.796471,seed95872.png
-12.750433,-12.022403,seed95873.png
-10.659393,-11.571384,seed95874.png
39.200348,26.64741,seed95875.png
-20.351254,8.305289,seed95876.png
14.08826,-40.237103,seed95877.png
16.897842,23.101635,seed95878.png
-9.417589,0.4636648,seed95879.png
16.616787,-4.0532484,seed9588.png
-0.19029693,19.987373,seed95880.png
3.565397,-2.6104147,seed95881.png
36.49823,18.739422,seed95882.png
22.34237,0.7821684,seed95883.png
9.988231,-30.461945,seed95884.png
8.950463,5.9527864,seed95885.png
12.718754,-29.464312,seed95886.png
12.730089,-35.211876,seed95887.png
-1.422927,-17.104235,seed95888.png
3.6788373,23.190392,seed95889.png
28.085737,18.225327,seed9589.png
20.898523,14.083574,seed95890.png
-21.778343,-17.283087,seed95891.png
15.790341,20.677418,seed95892.png
-5.5177913,-6.114682,seed95893.png
11.798647,-0.6254154,seed95894.png
-30.655117,2.0632734,seed95895.png
22.149858,2.808989,seed95896.png
-21.584396,10.9067135,seed95897.png
24.611343,13.126547,seed95898.png
-30.31051,24.17232,seed95899.png
22.284962,16.1398,seed9590.png
3.0413315,11.89595,seed95900.png
-24.079681,9.667783,seed95901.png
-34.616417,12.170313,seed95902.png
-16.133219,-29.120314,seed95903.png
10.114716,-2.3105469,seed95904.png
25.495232,-6.6415157,seed95905.png
4.6753297,17.348852,seed95906.png
-23.38118,-9.859047,seed95907.png
7.0265107,14.377683,seed95908.png
35.218002,15.396178,seed95909.png
-18.34458,-17.995703,seed9591.png
4.0198345,-0.9932084,seed95910.png
20.534546,6.568107,seed95911.png
-21.823345,-7.764173,seed95912.png
15.2776785,-1.0874246,seed95913.png
37.399445,12.688058,seed95914.png
-10.281076,-18.303152,seed95915.png
-2.91991,-22.476011,seed95916.png
26.547201,15.810754,seed95917.png
2.521482,-26.475275,seed95918.png
-20.89367,-20.80201,seed95919.png
10.442778,-4.9840674,seed9592.png
-13.545838,-13.294705,seed95920.png
-11.430881,-1.5435413,seed95921.png
3.6286144,-27.821856,seed95922.png
20.816269,19.385023,seed95923.png
-31.476814,22.345762,seed95924.png
7.814248,-34.892326,seed95925.png
-22.820766,4.4345737,seed95926.png
19.29471,12.8655615,seed95927.png
-17.18291,-18.138218,seed95928.png
-16.947634,-18.078897,seed95929.png
-1.3856435,-19.041088,seed9593.png
34.58083,12.682585,seed95930.png
-34.193886,-9.64474,seed95931.png
29.17589,4.6987615,seed95932.png
37.157585,23.428896,seed95933.png
37.717587,21.702772,seed95934.png
-25.549671,8.688484,seed95935.png
9.319682,-27.592745,seed95936.png
-24.606726,0.34108916,seed95937.png
24.300463,-0.3432226,seed95938.png
-26.407997,6.077767,seed95939.png
-2.045285,-1.452278,seed9594.png
36.06924,26.294489,seed95940.png
6.978781,0.46228325,seed95941.png
31.290737,11.923836,seed95942.png
-17.060612,-9.748514,seed95943.png
-17.334951,-3.6841288,seed95944.png
-34.199055,5.5129733,seed95945.png
29.754484,4.959041,seed95946.png
31.56266,9.520406,seed95947.png
32.785522,16.503313,seed95948.png
-20.053162,4.304333,seed95949.png
-31.70063,21.072552,seed9595.png
-35.537025,-5.614635,seed95950.png
-34.259502,27.17214,seed95951.png
6.2935247,14.576989,seed95952.png
25.382143,16.124521,seed95953.png
13.64866,15.338427,seed95954.png
14.279756,-12.378625,seed95955.png
22.11544,8.938243,seed95956.png
16.918541,22.603703,seed95957.png
29.08355,27.453545,seed95958.png
-7.3325696,-19.664192,seed95959.png
3.6427133,19.950155,seed9596.png
-3.0999894,-2.5665762,seed95960.png
24.458298,19.660904,seed95961.png
-31.37168,-6.1996083,seed95962.png
29.573568,29.819853,seed95963.png
22.090708,8.361119,seed95964.png
-17.70817,-14.365478,seed95965.png
9.796356,27.905134,seed95966.png
22.853512,22.002567,seed95967.png
2.9209476,9.480422,seed95968.png
1.9102596,11.130063,seed95969.png
-10.970074,-7.2393155,seed9597.png
-21.469189,11.901793,seed95970.png
19.272175,20.551456,seed95971.png
16.471666,-2.9728608,seed95972.png
7.2331967,22.13299,seed95973.png
9.866209,-4.1749377,seed95974.png
7.955272,-29.631882,seed95975.png
27.85352,17.816597,seed95976.png
7.4311824,0.31894484,seed95977.png
0.91598564,12.470628,seed95978.png
-23.187052,-15.805189,seed95979.png
-11.696798,-28.557268,seed9598.png
-9.708728,-19.02176,seed95980.png
-36.29849,20.275486,seed95981.png
-13.947778,10.095918,seed95982.png
11.382208,-22.748697,seed95983.png
-19.868605,-24.269493,seed95984.png
-32.506027,21.796747,seed95985.png
-15.593303,-22.989342,seed95986.png
-14.148881,-4.2521877,seed95987.png
36.69711,24.413567,seed95988.png
5.147327,24.537792,seed95989.png
17.777296,16.243946,seed9599.png
-22.046734,0.39429513,seed95990.png
4.091478,12.327333,seed95991.png
0.18810111,-14.735907,seed95992.png
24.278284,-3.5663328,seed95993.png
-19.977345,-25.261488,seed95994.png
20.678822,21.579338,seed95995.png
-2.0462897,-8.932967,seed95996.png
35.99396,24.344915,seed95997.png
-10.150681,-15.219579,seed95998.png
16.19924,-8.845675,seed95999.png
-1.9425497,-8.853885,seed9600.png
16.018639,-34.205997,seed96000.png
-16.71648,1.3699329,seed96001.png
-24.907274,0.023229796,seed96002.png
-14.458814,-21.115263,seed96003.png
-19.55164,-3.9381216,seed96004.png
26.799671,23.338858,seed96005.png
-7.5866957,3.4442608,seed96006.png
-11.3475685,-24.749784,seed96007.png
-35.354687,18.095684,seed96008.png
35.2343,5.600821,seed96009.png
-2.731386,11.969178,seed9601.png
-18.648787,-16.180292,seed96010.png
-31.144133,14.118893,seed96011.png
-4.1365833,-14.683168,seed96012.png
-34.660526,20.346483,seed96013.png
6.5621033,-30.496399,seed96014.png
-13.286746,-9.025517,seed96015.png
-22.591257,7.94136,seed96016.png
5.855766,14.620116,seed96017.png
27.413586,0.776143,seed96018.png
-28.49232,6.329879,seed96019.png
-8.978785,-23.15976,seed9602.png
-27.731625,-9.369774,seed96020.png
-29.062567,2.7844048,seed96021.png
-16.014053,-25.43083,seed96022.png
-7.201385,-5.4693975,seed96023.png
6.8513236,-39.676723,seed96024.png
-28.453356,5.6041055,seed96025.png
18.7499,-8.043572,seed96026.png
8.217418,-25.801449,seed96027.png
-19.822687,-17.053572,seed96028.png
-18.973648,-8.04612,seed96029.png
-29.761251,-0.8520747,seed9603.png
-3.8178,-4.5822873,seed96030.png
4.965151,-30.882715,seed96031.png
7.8577724,2.3951578,seed96032.png
8.260416,19.667906,seed96033.png
10.462067,-1.2414649,seed96034.png
24.609802,-7.1207385,seed96035.png
0.32970518,-24.565979,seed96036.png
-32.97921,22.229963,seed96037.png
13.831549,4.678782,seed96038.png
31.773655,8.375324,seed96039.png
11.366103,25.448423,seed9604.png
11.209587,-10.164804,seed96040.png
-14.54083,6.8851337,seed96041.png
25.79028,12.289966,seed96042.png
13.879726,21.413633,seed96043.png
-21.510395,16.883821,seed96044.png
-21.99964,17.157936,seed96045.png
13.398886,4.9204197,seed96046.png
-22.850311,7.8275127,seed96047.png
-31.13476,15.92728,seed96048.png
-14.461654,-25.957394,seed96049.png
-21.271204,10.2975645,seed9605.png
3.9964998,-26.123999,seed96050.png
-18.742632,7.530624,seed96051.png
1.2792088,-26.220686,seed96052.png
12.407318,-35.998096,seed96053.png
-34.697323,26.027803,seed96054.png
-19.265862,11.731755,seed96055.png
7.4235883,18.282555,seed96056.png
-31.880682,25.357523,seed96057.png
-34.86815,20.479979,seed96058.png
-1.7941369,-2.1307795,seed96059.png
-16.068563,7.648714,seed9606.png
-12.705659,-6.693985,seed96060.png
-12.067441,-10.541024,seed96061.png
-16.996244,-16.507296,seed96062.png
-11.959573,-21.441948,seed96063.png
39.02195,18.951292,seed96064.png
-9.208688,-17.090458,seed96065.png
32.686153,26.45286,seed96066.png
-14.479257,8.929039,seed96067.png
34.73942,22.815891,seed96068.png
-22.451992,10.878545,seed96069.png
-13.515462,-23.149126,seed9607.png
-11.755033,-31.074358,seed96070.png
-19.103584,-9.87467,seed96071.png
33.182625,11.673045,seed96072.png
17.07384,18.61454,seed96073.png
-20.212126,10.1525545,seed96074.png
5.705657,-37.203922,seed96075.png
-16.047934,-5.787429,seed96076.png
-25.874887,4.8713703,seed96077.png
-24.957123,-24.457651,seed96078.png
-18.839554,-4.22171,seed96079.png
-23.731478,-26.77275,seed9608.png
-13.191343,-18.725672,seed96080.png
-26.377209,-19.099173,seed96081.png
8.8933735,28.612394,seed96082.png
20.841486,-7.7046275,seed96083.png
33.626682,29.039694,seed96084.png
-18.018208,4.102192,seed96085.png
10.262803,-8.431339,seed96086.png
30.74703,15.51658,seed96087.png
-16.423685,17.198257,seed96088.png
-17.39955,-17.861023,seed96089.png
12.252656,18.035696,seed9609.png
3.631022,-12.227943,seed96090.png
-14.880108,-22.593603,seed96091.png
-2.6102982,-16.990602,seed96092.png
5.813469,18.450329,seed96093.png
-13.410978,-17.165667,seed96094.png
-25.516472,-15.748034,seed96095.png
26.351797,19.50106,seed96096.png
-16.448631,2.2668092,seed96097.png
25.868612,13.750254,seed96098.png
-4.361625,-14.554527,seed96099.png
-22.534956,-4.529121,seed9610.png
37.351467,19.905006,seed96100.png
25.529375,21.5007,seed96101.png
-23.740808,-23.84514,seed96102.png
-28.576326,10.296797,seed96103.png
38.21236,22.298052,seed96104.png
28.161558,4.345228,seed96105.png
6.948134,-31.916967,seed96106.png
36.411133,7.180654,seed96107.png
15.954262,-30.976562,seed96108.png
-0.7892371,-13.855752,seed96109.png
-14.001356,-3.5288656,seed9611.png
-26.07887,-8.669307,seed96110.png
14.822311,-35.456593,seed96111.png
2.599687,-34.73389,seed96112.png
-21.17839,-18.300465,seed96113.png
12.901615,-39.129,seed96114.png
-9.626815,-4.2264514,seed96115.png
13.078326,-38.104515,seed96116.png
5.509814,-25.28317,seed96117.png
5.9177146,-23.275541,seed96118.png
-12.771859,-15.671362,seed96119.png
5.27929,-3.3884857,seed9612.png
-34.66357,27.355713,seed96120.png
29.28175,20.833818,seed96121.png
-3.7575746,-15.231955,seed96122.png
30.663475,2.6750026,seed96123.png
21.906101,17.544006,seed96124.png
15.606159,16.866371,seed96125.png
15.312368,13.840456,seed96126.png
-28.964067,-20.096676,seed96127.png
19.141596,11.875117,seed96128.png
-26.307522,7.2973022,seed96129.png
19.487585,-9.359401,seed9613.png
0.7112934,15.016188,seed96130.png
-23.417032,-23.103464,seed96131.png
8.887249,16.28514,seed96132.png
-24.567602,-8.7616625,seed96133.png
-14.739912,2.323274,seed96134.png
-12.2224045,-17.561457,seed96135.png
21.673607,24.193178,seed96136.png
0.81253046,13.371343,seed96137.png
-0.4414944,-16.537613,seed96138.png
-22.590261,8.429984,seed96139.png
-24.550833,11.557947,seed9614.png
0.94190395,3.816067,seed96140.png
-25.38776,0.6441694,seed96141.png
15.735515,-34.1492,seed96142.png
8.117151,-33.321243,seed96143.png
10.751371,-43.347195,seed96144.png
6.98104,-37.681133,seed96145.png
32.04803,2.003318,seed96146.png
-18.16627,-12.89698,seed96147.png
-13.806035,-18.833403,seed96148.png
-13.094403,-7.0191646,seed96149.png
-24.182322,-21.659355,seed9615.png
-30.308357,22.167917,seed96150.png
15.359826,-28.791553,seed96151.png
33.345684,8.9045515,seed96152.png
-25.959654,-21.501347,seed96153.png
11.894029,-34.111256,seed96154.png
-13.882408,-28.281403,seed96155.png
-19.254745,-2.4457457,seed96156.png
-8.741563,-5.4617453,seed96157.png
1.0263174,-6.963971,seed96158.png
-0.78436095,19.367203,seed96159.png
-7.70605,-12.665934,seed9616.png
-15.319837,-16.160536,seed96160.png
27.49167,16.1554,seed96161.png
-29.146717,11.401284,seed96162.png
26.666292,18.33414,seed96163.png
-19.84271,-18.595762,seed96164.png
-12.13888,-10.999521,seed96165.png
-23.63542,8.842346,seed96166.png
20.800503,5.558398,seed96167.png
-8.470963,-10.342395,seed96168.png
14.555475,-9.252394,seed96169.png
-32.931915,18.818111,seed9617.png
3.5469165,17.571287,seed96170.png
40.04201,13.599435,seed96171.png
-20.742905,-1.197359,seed96172.png
21.295599,2.1739933,seed96173.png
-17.28095,-20.811865,seed96174.png
-30.918882,-22.070818,seed96175.png
-33.705055,16.399923,seed96176.png
33.939972,18.15163,seed96177.png
14.045424,-31.386095,seed96178.png
3.251039,-13.113289,seed96179.png
-8.59536,-17.401876,seed9618.png
-24.719212,3.9646056,seed96180.png
6.274473,-32.905064,seed96181.png
-25.65937,-11.197173,seed96182.png
-3.3268929,0.6102272,seed96183.png
35.844616,3.7510562,seed96184.png
-27.516249,14.54212,seed96185.png
28.490225,3.6359942,seed96186.png
23.434288,4.424191,seed96187.png
2.3418894,-33.282818,seed96188.png
7.304229,3.8086462,seed96189.png
-12.589074,-15.969794,seed9619.png
-18.770115,-29.600021,seed96190.png
8.056865,-39.29837,seed96191.png
-13.515843,-15.803031,seed96192.png
-22.588379,-0.14104193,seed96193.png
21.287628,1.4659199,seed96194.png
22.134533,5.4944344,seed96195.png
35.972595,14.679452,seed96196.png
-3.803029,-17.75923,seed96197.png
27.751755,21.26951,seed96198.png
3.2290008,3.2407725,seed96199.png
15.002639,6.6055975,seed9620.png
11.19156,-23.112682,seed96200.png
32.93166,20.033588,seed96201.png
24.703102,2.3276873,seed96202.png
9.502813,-2.8352094,seed96203.png
14.45277,-34.41351,seed96204.png
-25.136168,-12.94409,seed96205.png
9.169776,-4.475505,seed96206.png
18.046412,9.690832,seed96207.png
13.418547,-33.9069,seed96208.png
-27.934525,-8.945244,seed96209.png
16.568132,-7.884064,seed9621.png
23.142418,15.851188,seed96210.png
17.343687,1.7949492,seed96211.png
-32.287354,20.672907,seed96212.png
-22.605654,0.27686095,seed96213.png
11.629882,12.0012,seed96214.png
-3.1793828,24.20702,seed96215.png
14.422113,-22.432182,seed96216.png
-14.067947,-0.11309659,seed96217.png
-24.139631,-10.147646,seed96218.png
13.174122,-27.44477,seed96219.png
9.90022,11.545543,seed9622.png
-34.563923,1.1469531,seed96220.png
-20.12744,6.4151707,seed96221.png
-26.301336,10.491934,seed96222.png
-32.3328,25.330088,seed96223.png
13.824902,26.206438,seed96224.png
0.64385915,-24.908825,seed96225.png
-18.601557,-17.468554,seed96226.png
13.213405,-41.016197,seed96227.png
-7.6176248,-4.514892,seed96228.png
-0.65645206,16.389315,seed96229.png
17.781498,3.8515027,seed9623.png
-22.400303,-1.2510116,seed96230.png
5.071326,-34.80214,seed96231.png
26.782679,-1.1859417,seed96232.png
-32.8276,20.832516,seed96233.png
-11.769942,-18.854298,seed96234.png
13.45561,1.9729487,seed96235.png
23.773216,-5.021436,seed96236.png
8.4961605,12.625584,seed96237.png
-29.222078,-2.3637986,seed96238.png
13.205535,12.033179,seed96239.png
-18.263266,-28.048647,seed9624.png
-7.3656983,0.2777253,seed96240.png
2.2143235,-27.078796,seed96241.png
0.54484063,2.1371233,seed96242.png
-21.142927,-5.4466214,seed96243.png
14.873594,16.07486,seed96244.png
-1.1122626,23.572247,seed96245.png
-16.940895,-12.214667,seed96246.png
11.479075,-4.5954423,seed96247.png
-16.555525,-16.552883,seed96248.png
8.014316,25.685637,seed96249.png
40.057175,20.273409,seed9625.png
16.184767,-35.97292,seed96250.png
-15.212502,-15.506917,seed96251.png
18.36814,18.88287,seed96252.png
21.649107,18.307646,seed96253.png
0.8083995,-12.42891,seed96254.png
9.745466,-39.38951,seed96255.png
-20.54834,-8.360221,seed96256.png
-23.208569,-23.964241,seed96257.png
7.6536455,8.033448,seed96258.png
15.394391,-36.04015,seed96259.png
18.88611,18.175373,seed9626.png
-25.49461,-1.8796263,seed96260.png
6.8833795,-0.37580177,seed96261.png
13.220565,-39.49598,seed96262.png
-35.37313,26.31093,seed96263.png
10.945049,1.4232273,seed96264.png
-23.812405,-24.037502,seed96265.png
-8.07124,-24.315756,seed96266.png
6.3878117,-1.5212947,seed96267.png
-7.9307437,-22.170006,seed96268.png
3.6274996,-26.985983,seed96269.png
34.71479,6.0816565,seed9627.png
-23.876568,-4.026045,seed96270.png
20.728115,1.0105413,seed96271.png
16.818127,-31.144855,seed96272.png
-23.5327,-10.566378,seed96273.png
27.780266,27.973253,seed96274.png
18.001862,-7.891916,seed96275.png
8.153515,-31.583694,seed96276.png
25.23938,8.327307,seed96277.png
-8.283985,12.45968,seed96278.png
14.158876,24.411613,seed96279.png
-13.897213,-25.696917,seed9628.png
13.598643,16.430922,seed96280.png
-32.893402,-1.1047724,seed96281.png
-30.875763,24.815746,seed96282.png
12.004578,7.2878428,seed96283.png
6.3031535,0.9635215,seed96284.png
17.407618,-8.369996,seed96285.png
26.635262,24.941355,seed96286.png
-10.083292,-3.0674117,seed96287.png
-15.625047,-9.53653,seed96288.png
-8.800578,2.901075,seed96289.png
30.88574,14.141808,seed9629.png
-13.356637,-26.211662,seed96290.png
33.087643,8.950666,seed96291.png
2.827969,-22.757708,seed96292.png
2.127056,-11.31679,seed96293.png
-20.626469,-6.5682096,seed96294.png
37.30615,5.951429,seed96295.png
13.423417,25.489302,seed96296.png
-22.264467,-8.214788,seed96297.png
14.767641,-4.222309,seed96298.png
-16.749092,-11.782184,seed96299.png
-19.622639,-4.6466937,seed9630.png
8.857259,-27.241503,seed96300.png
27.493078,19.481,seed96301.png
15.358013,0.33453897,seed96302.png
13.003104,29.426998,seed96303.png
-35.595947,-2.6990635,seed96304.png
13.082172,-34.68891,seed96305.png
18.461617,-1.0067165,seed96306.png
7.426668,5.171533,seed96307.png
-18.221853,-28.618093,seed96308.png
-9.205647,-14.738276,seed96309.png
-6.4718747,17.050386,seed9631.png
12.254228,25.94525,seed96310.png
-11.39779,1.6586511,seed96311.png
21.3346,24.741577,seed96312.png
14.507398,25.845615,seed96313.png
10.965044,-5.620936,seed96314.png
-12.610177,-18.405323,seed96315.png
9.292651,20.897593,seed96316.png
-18.472256,-20.00532,seed96317.png
-7.969185,8.505153,seed96318.png
11.381948,-41.584873,seed96319.png
-14.891151,-2.4228904,seed9632.png
22.540005,3.4188442,seed96320.png
14.837034,24.801832,seed96321.png
14.539396,23.777277,seed96322.png
-17.415983,-19.4569,seed96323.png
-20.541908,-10.58604,seed96324.png
-25.77134,13.060019,seed96325.png
5.8445497,18.56359,seed96326.png
-13.332366,-15.072513,seed96327.png
17.786478,-8.710045,seed96328.png
12.868687,-37.747196,seed96329.png
8.8051405,8.880496,seed9633.png
-28.535246,-7.885153,seed96330.png
4.017032,10.030895,seed96331.png
17.97845,-7.1417437,seed96332.png
-12.645646,-16.419104,seed96333.png
-12.481931,10.298055,seed96334.png
-21.470526,-5.095884,seed96335.png
39.3397,16.109997,seed96336.png
34.025295,23.301548,seed96337.png
8.085664,3.2503984,seed96338.png
37.132614,14.281122,seed96339.png
-17.429428,-21.713615,seed9634.png
-37.631783,15.586268,seed96340.png
-8.57273,-15.352017,seed96341.png
2.9244657,20.712389,seed96342.png
-29.745062,-14.896321,seed96343.png
-13.360918,7.5506806,seed96344.png
-6.9277253,13.458874,seed96345.png
-31.757578,24.940233,seed96346.png
8.728068,-2.3973393,seed96347.png
28.400682,9.387212,seed96348.png
-30.982698,-11.825234,seed96349.png
42.03035,20.023619,seed9635.png
-20.466421,7.7536607,seed96350.png
-17.698359,-27.500175,seed96351.png
-16.888714,-26.992344,seed96352.png
29.8337,2.095469,seed96353.png
0.23970868,-14.391741,seed96354.png
-14.537178,-23.946802,seed96355.png
-15.676979,-32.19779,seed96356.png
9.230126,-32.057304,seed96357.png
9.747995,0.5328525,seed96358.png
10.595733,7.3863873,seed96359.png
-15.564409,-19.79096,seed9636.png
22.009884,25.678284,seed96360.png
16.491978,7.4474792,seed96361.png
-32.807007,-4.9402637,seed96362.png
18.997963,-4.256723,seed96363.png
-0.9709598,-15.721411,seed96364.png
35.25836,5.3362303,seed96365.png
16.072212,20.796198,seed96366.png
33.08874,25.577389,seed96367.png
32.9203,5.6520066,seed96368.png
25.729767,12.054518,seed96369.png
15.846596,-39.51713,seed9637.png
-16.071606,-2.9909449,seed96370.png
34.33162,13.616016,seed96371.png
6.3571906,11.124078,seed96372.png
-16.365732,-24.103516,seed96373.png
12.1729,-37.39889,seed96374.png
7.606445,-6.910017,seed96375.png
-33.48292,18.503939,seed96376.png
-18.542479,1.4899827,seed96377.png
-27.816437,2.910615,seed96378.png
10.85027,-42.113426,seed96379.png
10.620824,-31.697395,seed9638.png
23.592085,12.920216,seed96380.png
7.924742,-31.191704,seed96381.png
18.197763,16.820906,seed96382.png
-10.012382,-23.544518,seed96383.png
-18.513634,-12.74953,seed96384.png
-12.811911,-29.936205,seed96385.png
-18.808105,-21.605461,seed96386.png
-10.701009,-21.803019,seed96387.png
-2.4286795,20.413212,seed96388.png
22.347885,15.004011,seed96389.png
-19.096325,-2.924737,seed9639.png
-26.05317,-12.196359,seed96390.png
26.208426,20.661322,seed96391.png
18.833838,26.726229,seed96392.png
-22.619995,-17.556671,seed96393.png
34.87824,11.837346,seed96394.png
-9.547228,2.2754562,seed96395.png
-21.539427,-15.9057455,seed96396.png
37.39654,10.390747,seed96397.png
21.333786,11.208563,seed96398.png
-23.79422,5.5295515,seed96399.png
36.436348,9.119561,seed9640.png
6.898163,7.3603945,seed96400.png
21.397675,2.8389213,seed96401.png
36.93864,5.4995937,seed96402.png
-19.528856,-4.601845,seed96403.png
-13.940799,0.9167687,seed96404.png
30.547169,15.4972925,seed96405.png
-24.773083,2.9659636,seed96406.png
10.045575,-39.21559,seed96407.png
30.292585,15.865837,seed96408.png
1.4933983,19.579796,seed96409.png
9.411788,-35.68322,seed9641.png
9.853953,25.104626,seed96410.png
-26.101215,-5.0535607,seed96411.png
-19.51029,-30.425669,seed96412.png
3.3986387,17.311531,seed96413.png
16.381044,-35.523922,seed96414.png
24.158463,22.434586,seed96415.png
-13.827371,-4.6001444,seed96416.png
-25.752314,6.0265675,seed96417.png
-25.794056,-17.15545,seed96418.png
-11.041999,-12.88469,seed96419.png
-27.32923,-10.457504,seed9642.png
35.288834,25.001543,seed96420.png
-19.360453,14.493214,seed96421.png
6.5079637,-12.383743,seed96422.png
-30.443037,-9.028949,seed96423.png
37.090473,7.1345053,seed96424.png
-32.575394,0.6160424,seed96425.png
33.710056,8.936752,seed96426.png
5.5665154,-34.09975,seed96427.png
-19.83547,-0.7670981,seed96428.png
9.259299,-29.684185,seed96429.png
13.583076,20.327,seed9643.png
-16.031534,-12.577631,seed96430.png
-30.568079,18.116507,seed96431.png
-17.186209,11.507735,seed96432.png
9.573591,-8.163592,seed96433.png
-33.612026,3.4611332,seed96434.png
-26.312063,4.785278,seed96435.png
-34.307003,-4.843434,seed96436.png
39.71435,9.916748,seed96437.png
13.252388,-36.73531,seed96438.png
23.65892,15.261074,seed96439.png
8.319303,-8.824596,seed9644.png
-31.970362,12.495129,seed96440.png
-16.243269,7.4687634,seed96441.png
-19.173956,0.9085672,seed96442.png
30.019716,5.58745,seed96443.png
21.055805,13.120663,seed96444.png
19.862738,2.207915,seed96445.png
11.10462,6.6297407,seed96446.png
-13.249514,-21.231354,seed96447.png
-10.596119,-19.378387,seed96448.png
-21.75609,-6.1265717,seed96449.png
18.658552,-9.7855015,seed9645.png
-16.544039,-19.715063,seed96450.png
10.433957,-0.19187085,seed96451.png
-22.58977,-22.536823,seed96452.png
-19.801912,-25.284851,seed96453.png
5.9794955,16.768232,seed96454.png
-2.8907566,10.65304,seed96455.png
-16.109818,-16.088148,seed96456.png
5.0100226,9.989621,seed96457.png
30.891571,23.98342,seed96458.png
20.642168,2.9455893,seed96459.png
-34.22738,-0.9957356,seed9646.png
-8.043845,-15.536352,seed96460.png
25.332724,1.0475225,seed96461.png
-19.613049,-18.97888,seed96462.png
-21.851149,-12.317523,seed96463.png
-25.069235,19.201258,seed96464.png
10.856475,-37.13979,seed96465.png
10.753518,-2.8802538,seed96466.png
-20.940302,-14.597545,seed96467.png
-21.131565,-30.321844,seed96468.png
-32.372887,8.79262,seed96469.png
30.770329,22.001373,seed9647.png
-18.33441,16.720797,seed96470.png
-16.985296,-1.1322483,seed96471.png
6.0386076,11.28499,seed96472.png
16.616062,-35.59588,seed96473.png
7.2071724,-38.583363,seed96474.png
32.391743,11.989199,seed96475.png
4.255882,2.2358215,seed96476.png
-36.347595,15.051956,seed96477.png
18.043404,22.218586,seed96478.png
-16.83296,0.54718393,seed96479.png
16.28202,4.260358,seed9648.png
-14.107732,-31.58757,seed96480.png
-23.8459,15.58563,seed96481.png
-6.790205,-22.586664,seed96482.png
-9.66319,-17.966064,seed96483.png
28.7209,0.29484895,seed96484.png
-36.088303,24.369389,seed96485.png
6.302045,2.0714939,seed96486.png
19.316788,-5.0009212,seed96487.png
38.085026,23.257332,seed96488.png
14.3721895,13.232281,seed96489.png
-28.538477,-9.536453,seed9649.png
11.069489,16.139456,seed96490.png
16.686884,-38.21173,seed96491.png
11.870365,9.537258,seed96492.png
-24.743155,-12.38804,seed96493.png
-10.730195,-7.4035206,seed96494.png
11.440658,3.48849,seed96495.png
3.3400846,14.770627,seed96496.png
33.59551,15.968594,seed96497.png
-21.601217,-8.819078,seed96498.png
9.769412,29.858614,seed96499.png
10.826316,2.166467,seed9650.png
-18.724815,-27.142517,seed96500.png
-12.361611,-13.8538,seed96501.png
27.861805,15.981823,seed96502.png
4.083622,-12.601748,seed96503.png
-13.470664,-22.568384,seed96504.png
14.84786,-28.927279,seed96505.png
3.6291642,17.371054,seed96506.png
-22.129492,10.9352865,seed96507.png
-34.417885,8.477897,seed96508.png
-18.797861,5.4613833,seed96509.png
-14.422834,-22.777052,seed9651.png
-1.0221792,24.747662,seed96510.png
36.82618,15.155916,seed96511.png
-7.42118,11.486372,seed96512.png
-16.650143,-21.79624,seed96513.png
-1.3770163,23.446438,seed96514.png
13.76265,7.3725276,seed96515.png
14.118547,-29.445631,seed96516.png
-11.24598,-17.319288,seed96517.png
7.0651293,-40.232483,seed96518.png
10.205413,-34.03722,seed96519.png
-7.594245,-0.9077611,seed9652.png
-19.085972,-24.487633,seed96520.png
2.6490092,17.870064,seed96521.png
-11.078423,-19.744333,seed96522.png
-20.644598,7.907896,seed96523.png
4.547926,-28.400036,seed96524.png
35.0798,27.155018,seed96525.png
35.67292,5.170406,seed96526.png
-28.347345,-2.481376,seed96527.png
15.791837,21.305141,seed96528.png
14.040229,4.619371,seed96529.png
-27.351488,4.4968214,seed9653.png
21.89888,6.1360316,seed96530.png
6.4683714,-34.03466,seed96531.png
11.678112,-2.2398384,seed96532.png
21.52337,-4.2216315,seed96533.png
-19.460238,-6.2319613,seed96534.png
12.244932,-33.21037,seed96535.png
32.35753,3.6878214,seed96536.png
13.837099,-40.828484,seed96537.png
15.29332,-32.893387,seed96538.png
-12.395448,-30.847649,seed96539.png
12.46247,-22.811306,seed9654.png
11.686844,29.147991,seed96540.png
22.149305,2.467918,seed96541.png
-11.995409,-22.98586,seed96542.png
-25.621113,-18.745474,seed96543.png
-21.868422,17.121792,seed96544.png
18.380259,3.2264845,seed96545.png
19.982292,3.839205,seed96546.png
-2.705195,-14.870594,seed96547.png
28.864813,27.748222,seed96548.png
2.9481366,-14.96677,seed96549.png
31.571108,9.206624,seed9655.png
16.0265,18.696955,seed96550.png
16.980139,-0.92181575,seed96551.png
1.180717,-28.377516,seed96552.png
-24.650301,9.677598,seed96553.png
-20.509933,18.702944,seed96554.png
-35.207638,-0.85092235,seed96555.png
4.606428,-14.676205,seed96556.png
35.957134,9.857317,seed96557.png
-20.969053,-14.069132,seed96558.png
-25.06441,-1.5184454,seed96559.png
-18.729149,-4.555416,seed9656.png
-4.504812,-5.104133,seed96560.png
8.351807,-26.607912,seed96561.png
-13.61292,-27.067991,seed96562.png
-6.023609,-26.152565,seed96563.png
13.641848,0.79693633,seed96564.png
-27.584667,-3.006556,seed96565.png
11.279073,-19.78924,seed96566.png
17.37067,23.871368,seed96567.png
-2.695938,1.2318742,seed96568.png
-20.701729,16.421778,seed96569.png
-0.5753048,2.3032908,seed9657.png
15.695306,24.613811,seed96570.png
-13.465186,-18.322903,seed96571.png
15.257372,0.79735684,seed96572.png
19.41497,10.936334,seed96573.png
-4.7836876,18.725084,seed96574.png
-26.38795,18.131405,seed96575.png
-36.913486,9.853179,seed96576.png
-33.570694,8.478559,seed96577.png
10.915645,23.307047,seed96578.png
18.278784,6.407414,seed96579.png
17.795378,-3.4848392,seed9658.png
6.8120008,-28.098555,seed96580.png
-34.022278,23.769066,seed96581.png
-23.067781,-19.432697,seed96582.png
38.010956,22.15317,seed96583.png
21.762877,-1.2207105,seed96584.png
-21.535301,19.133158,seed96585.png
1.7111349,-21.085062,seed96586.png
19.118437,6.730867,seed96587.png
-33.66705,23.35728,seed96588.png
-25.91901,-9.291664,seed96589.png
-24.847023,-6.210902,seed9659.png
-36.54185,25.862778,seed96590.png
-22.224632,3.633727,seed96591.png
-28.091738,12.409161,seed96592.png
25.134089,15.134052,seed96593.png
28.709179,23.852776,seed96594.png
-11.474131,-22.630074,seed96595.png
7.179142,12.591281,seed96596.png
-34.563244,5.415096,seed96597.png
-20.72017,-7.55332,seed96598.png
32.928455,17.470695,seed96599.png
-11.783971,-29.061144,seed9660.png
10.732902,-40.15265,seed96600.png
-29.122438,-4.8393693,seed96601.png
19.503405,25.524944,seed96602.png
-24.654291,3.5256376,seed96603.png
12.598456,23.352283,seed96604.png
12.176823,11.849618,seed96605.png
-21.679277,14.168352,seed96606.png
26.434805,6.652614,seed96607.png
-21.76412,13.483041,seed96608.png
10.856202,-23.54833,seed96609.png
39.82093,22.714724,seed9661.png
-38.391945,8.683404,seed96610.png
33.029526,26.77357,seed96611.png
36.800064,11.361259,seed96612.png
4.904477,14.293512,seed96613.png
-25.564718,-8.102484,seed96614.png
6.946978,3.3068116,seed96615.png
9.813727,6.0800166,seed96616.png
13.886108,-11.78458,seed96617.png
-23.189604,11.026428,seed96618.png
8.45554,1.4127164,seed96619.png
-30.465714,13.050828,seed9662.png
-22.303478,-25.135006,seed96620.png
-30.102055,8.355657,seed96621.png
28.619259,11.842141,seed96622.png
-10.406055,-13.414956,seed96623.png
2.8198166,-29.733152,seed96624.png
11.967339,-37.44033,seed96625.png
-20.878626,-20.04907,seed96626.png
25.072874,5.0896506,seed96627.png
7.734674,-3.9822545,seed96628.png
12.470475,-37.49628,seed96629.png
2.7112663,24.76936,seed9663.png
-19.292349,10.067742,seed96630.png
29.755835,22.658876,seed96631.png
-9.199047,-13.684185,seed96632.png
19.662828,0.6010327,seed96633.png
-2.904608,2.3463225,seed96634.png
4.2803645,11.236439,seed96635.png
4.555942,-20.937223,seed96636.png
-25.421568,-8.07674,seed96637.png
41.145523,21.195358,seed96638.png
-34.464996,27.04942,seed96639.png
-5.6158295,-18.067274,seed9664.png
-31.424595,21.244905,seed96640.png
-12.209307,-15.2636595,seed96641.png
17.62769,-3.057158,seed96642.png
-32.96645,2.722923,seed96643.png
25.098051,23.105808,seed96644.png
-17.690838,-22.204298,seed96645.png
-32.840706,18.529984,seed96646.png
19.859732,24.598051,seed96647.png
-30.494093,9.13343,seed96648.png
3.7908108,-32.504105,seed96649.png
-24.098463,15.857548,seed9665.png
32.48201,12.226109,seed96650.png
-1.8198867,15.650039,seed96651.png
2.1868794,-25.818573,seed96652.png
5.5194306,-2.3313186,seed96653.png
-27.837873,13.877686,seed96654.png
-16.223713,-22.461182,seed96655.png
-9.580173,-27.743622,seed96656.png
35.10028,17.185045,seed96657.png
-20.34888,-23.511852,seed96658.png
9.183663,-36.555355,seed96659.png
19.972546,12.936838,seed9666.png
3.1101353,6.8504095,seed96660.png
26.58154,10.2146845,seed96661.png
17.80334,21.248177,seed96662.png
-29.522665,-11.710497,seed96663.png
-18.822344,9.367635,seed96664.png
15.393239,15.847855,seed96665.png
12.922319,-4.689272,seed96666.png
-7.232268,-16.365017,seed96667.png
-21.207727,15.808262,seed96668.png
-6.5872273,-12.691947,seed96669.png
28.793417,26.401312,seed9667.png
8.344809,6.363671,seed96670.png
-24.043488,19.34292,seed96671.png
-18.45652,-23.289734,seed96672.png
18.810665,17.5076,seed96673.png
8.893154,-5.7553205,seed96674.png
-32.824524,12.711865,seed96675.png
-4.743207,16.66503,seed96676.png
-17.936775,3.8051386,seed96677.png
-33.060173,12.484715,seed96678.png
-1.774339,-25.160301,seed96679.png
-34.812588,7.9454947,seed9668.png
26.430449,17.67428,seed96680.png
40.71738,21.216991,seed96681.png
-17.053524,-21.580503,seed96682.png
15.795863,8.452966,seed96683.png
5.1720595,24.79433,seed96684.png
28.316862,26.738977,seed96685.png
31.259487,11.267301,seed96686.png
-15.839837,-17.869282,seed96687.png
-29.218084,13.737018,seed96688.png
-26.652178,10.111341,seed96689.png
11.201442,-41.825314,seed9669.png
13.273168,-28.113445,seed96690.png
29.745693,2.1643534,seed96691.png
-10.828528,-8.528345,seed96692.png
25.885838,10.25228,seed96693.png
-7.261139,9.711902,seed96694.png
15.700523,7.8387413,seed96695.png
-21.437912,6.35805,seed96696.png
-10.732426,-20.850164,seed96697.png
35.279987,1.3825722,seed96698.png
13.588062,-42.139847,seed96699.png
-26.40847,-6.5633745,seed9670.png
-16.077246,-6.074567,seed96700.png
13.712293,-33.036522,seed96701.png
17.73762,11.817439,seed96702.png
-1.7434891,16.469202,seed96703.png
1.6824257,-10.731936,seed96704.png
36.482323,25.314762,seed96705.png
16.103676,-32.415287,seed96706.png
0.7769689,-11.986266,seed96707.png
1.1696948,-2.0839899,seed96708.png
30.372812,7.702922,seed96709.png
14.022234,-31.50933,seed9671.png
-18.431835,-18.89308,seed96710.png
5.4508977,-26.597822,seed96711.png
12.541001,-30.29321,seed96712.png
31.051943,22.121647,seed96713.png
-35.41158,26.848528,seed96714.png
19.122372,23.071537,seed96715.png
-35.229904,-1.191342,seed96716.png
-13.706631,-28.98595,seed96717.png
-33.886627,17.87528,seed96718.png
-31.964504,19.161524,seed96719.png
12.726939,2.071692,seed9672.png
20.672272,4.0633645,seed96720.png
2.4095862,-10.154004,seed96721.png
21.442024,8.717798,seed96722.png
-11.749442,3.0360153,seed96723.png
-18.64613,7.225595,seed96724.png
-8.903818,-2.0023932,seed96725.png
13.981249,27.152742,seed96726.png
-20.275406,-25.992365,seed96727.png
0.66643095,24.677258,seed96728.png
1.0770363,-11.523018,seed96729.png
-33.075935,18.58164,seed9673.png
16.915915,-36.026447,seed96730.png
38.521305,19.694841,seed96731.png
8.276237,4.700569,seed96732.png
7.249435,2.335494,seed96733.png
20.562346,10.48031,seed96734.png
-12.82217,-17.808437,seed96735.png
31.829832,23.50425,seed96736.png
-27.322468,-24.173943,seed96737.png
-3.6765563,19.694979,seed96738.png
-6.2127705,-21.679502,seed96739.png
24.904919,10.528782,seed9674.png
-5.775846,-4.3227882,seed96740.png
38.72196,6.2503624,seed96741.png
21.297573,12.537302,seed96742.png
37.063297,25.40753,seed96743.png
9.075437,-3.9916224,seed96744.png
8.2019615,21.420565,seed96745.png
26.184504,9.34015,seed96746.png
0.81578594,-22.422104,seed96747.png
11.971156,-43.213593,seed96748.png
-13.186988,-26.390562,seed96749.png
25.49227,8.181066,seed9675.png
-1.2960633,22.435007,seed96750.png
35.41237,7.2860875,seed96751.png
-1.7798897,24.11469,seed96752.png
5.5604973,11.123129,seed96753.png
9.958734,14.380159,seed96754.png
41.58078,18.167747,seed96755.png
9.404533,-7.506039,seed96756.png
21.551813,11.204068,seed96757.png
7.8218946,17.708843,seed96758.png
-13.7006035,-7.134499,seed96759.png
4.804394,23.724121,seed9676.png
27.534494,14.640742,seed96760.png
-32.968884,24.552174,seed96761.png
16.517687,-36.65949,seed96762.png
14.136071,-36.569607,seed96763.png
39.341484,17.398848,seed96764.png
3.0717323,-32.5471,seed96765.png
-16.436731,-0.5183437,seed96766.png
18.456345,4.61648,seed96767.png
27.795515,17.046936,seed96768.png
-14.630333,-24.156475,seed96769.png
-30.888245,17.424438,seed9677.png
-36.65653,11.228571,seed96770.png
-33.4287,23.61108,seed96771.png
11.873275,27.469969,seed96772.png
-25.565586,6.7520523,seed96773.png
-12.598248,-12.98551,seed96774.png
-32.13092,10.19067,seed96775.png
18.80603,-1.7790968,seed96776.png
-6.822922,-24.400833,seed96777.png
-22.196222,14.285868,seed96778.png
21.267492,21.365122,seed96779.png
6.1551356,8.224219,seed9678.png
8.522307,21.448643,seed96780.png
34.9759,15.447822,seed96781.png
22.33365,19.842009,seed96782.png
-13.417658,-15.533164,seed96783.png
7.754986,17.659735,seed96784.png
-1.4456823,-15.902132,seed96785.png
11.219787,-32.37111,seed96786.png
-32.68984,24.293879,seed96787.png
5.7307243,10.674958,seed96788.png
29.081861,12.095774,seed96789.png
18.129972,26.752935,seed9679.png
-15.978367,-6.6926217,seed96790.png
-24.83491,13.419944,seed96791.png
5.9312096,-25.855581,seed96792.png
10.310309,-27.638126,seed96793.png
-4.4680953,-14.489083,seed96794.png
20.953289,16.12669,seed96795.png
22.68227,12.197057,seed96796.png
31.738222,25.67169,seed96797.png
11.172897,-29.133812,seed96798.png
-9.260003,-20.780489,seed96799.png
24.894524,16.376238,seed9680.png
-27.95251,-14.327122,seed96800.png
9.738743,-33.918243,seed96801.png
12.069599,1.210902,seed96802.png
-26.205996,-6.7513885,seed96803.png
-21.640005,-25.124374,seed96804.png
11.177342,21.424147,seed96805.png
33.614864,14.414552,seed96806.png
0.72123414,23.757668,seed96807.png
-32.81836,20.281551,seed96808.png
11.075802,13.666055,seed96809.png
38.966812,15.728464,seed9681.png
-19.28285,-7.785875,seed96810.png
12.051068,-42.13258,seed96811.png
15.976732,-39.88384,seed96812.png
18.844269,6.078329,seed96813.png
3.1579914,1.9089981,seed96814.png
21.0163,16.270235,seed96815.png
-34.549934,19.396719,seed96816.png
31.407454,0.7848244,seed96817.png
15.295183,-36.35757,seed96818.png
4.8210907,-31.278114,seed96819.png
13.238228,28.184137,seed9682.png
-27.462566,7.0519805,seed96820.png
9.138435,9.980046,seed96821.png
-14.469063,-19.451565,seed96822.png
-31.267637,2.4040978,seed96823.png
-17.330755,-7.4554825,seed96824.png
-10.117481,-16.193237,seed96825.png
-11.191856,-20.926489,seed96826.png
-13.372119,-22.23422,seed96827.png
-21.691717,-3.176908,seed96828.png
-26.915892,-0.3531354,seed96829.png
-21.526056,-10.611575,seed9683.png
36.272552,23.26774,seed96830.png
18.406961,-7.185693,seed96831.png
36.399208,12.537639,seed96832.png
31.278463,25.87154,seed96833.png
28.486614,3.3061922,seed96834.png
22.484346,-2.4080956,seed96835.png
-23.317102,-18.495234,seed96836.png
-21.367352,-20.394236,seed96837.png
-0.5759776,16.893312,seed96838.png
-20.717278,0.21404742,seed96839.png
-22.219265,-17.799923,seed9684.png
23.534937,19.605518,seed96840.png
-26.467587,-4.691944,seed96841.png
2.8948119,-4.518754,seed96842.png
-18.469576,-15.149639,seed96843.png
36.4395,17.055265,seed96844.png
-13.777413,-13.29484,seed96845.png
-19.473934,2.382215,seed96846.png
-27.648165,-11.2278805,seed96847.png
-28.488914,17.055857,seed96848.png
-6.136811,-18.091488,seed96849.png
27.60587,11.682229,seed9685.png
3.9652526,-2.2490027,seed96850.png
-21.489826,-3.1631904,seed96851.png
-20.26311,-18.523245,seed96852.png
10.850001,-24.303396,seed96853.png
-18.13194,8.508911,seed96854.png
20.786156,1.087144,seed96855.png
12.97159,10.017989,seed96856.png
4.838318,-32.31505,seed96857.png
-26.4996,15.530582,seed96858.png
-9.362084,-9.240617,seed96859.png
-7.224855,-17.185862,seed9686.png
21.447277,17.876476,seed96860.png
-28.759115,1.6754683,seed96861.png
-19.435926,4.3467407,seed96862.png
28.467146,12.241072,seed96863.png
-16.503216,-5.2651167,seed96864.png
37.66878,19.588432,seed96865.png
11.310039,23.18288,seed96866.png
9.14289,4.4201903,seed96867.png
19.089777,-7.2805753,seed96868.png
-23.721657,-3.8616369,seed96869.png
23.612606,-2.604424,seed9687.png
-22.551767,13.445719,seed96870.png
9.673659,-41.2578,seed96871.png
-15.3856945,-14.097859,seed96872.png
14.78864,1.5232311,seed96873.png
-24.222065,-11.955634,seed96874.png
7.7397566,8.462182,seed96875.png
4.448635,13.642182,seed96876.png
5.616614,-38.73346,seed96877.png
34.18552,27.365381,seed96878.png
-29.418865,-0.23034798,seed96879.png
-30.322128,12.726051,seed9688.png
10.758327,-40.318172,seed96880.png
-16.971504,-6.876433,seed96881.png
-21.147615,-14.950352,seed96882.png
2.336442,26.114954,seed96883.png
-33.15066,-2.903008,seed96884.png
-14.403351,-22.54968,seed96885.png
33.86126,25.071014,seed96886.png
-36.263245,19.727623,seed96887.png
-30.27687,-9.780619,seed96888.png
7.5274124,-3.7966225,seed96889.png
-17.699318,-12.673937,seed9689.png
37.325462,13.890243,seed96890.png
-18.029795,-31.90666,seed96891.png
-28.416168,14.691629,seed96892.png
4.178253,20.537579,seed96893.png
-2.6661177,-16.417328,seed96894.png
-28.029968,5.7433925,seed96895.png
18.92471,17.074875,seed96896.png
-13.331449,-18.299587,seed96897.png
4.4292064,-31.797531,seed96898.png
-26.178894,6.2034755,seed96899.png
-21.796068,-11.455259,seed9690.png
8.076917,-30.45804,seed96900.png
-24.531065,-22.922136,seed96901.png
-19.151814,-14.6505785,seed96902.png
28.86798,18.416443,seed96903.png
3.3214037,11.128821,seed96904.png
17.361233,3.900886,seed96905.png
-17.874105,-18.00683,seed96906.png
21.839775,-6.7013006,seed96907.png
-11.48253,-27.45725,seed96908.png
29.996191,19.621014,seed96909.png
-26.185425,4.024165,seed9691.png
-8.524559,-18.439486,seed96910.png
34.969097,18.129627,seed96911.png
33.14954,17.543205,seed96912.png
14.737981,-39.398037,seed96913.png
10.329981,-43.13897,seed96914.png
3.9068947,18.461788,seed96915.png
34.37499,22.984144,seed96916.png
9.95173,-36.703964,seed96917.png
-25.33692,-14.539672,seed96918.png
27.702234,-1.8226182,seed96919.png
13.233921,-32.12592,seed9692.png
18.953028,-3.6386936,seed96920.png
-0.108963065,17.591274,seed96921.png
12.090117,-1.2309074,seed96922.png
38.178986,23.026688,seed96923.png
-31.553331,19.174067,seed96924.png
-19.506508,-16.104683,seed96925.png
21.541996,21.349983,seed96926.png
24.735489,-2.0660963,seed96927.png
-18.09797,-22.62788,seed96928.png
-13.229296,-10.047177,seed96929.png
12.633632,23.814634,seed9693.png
31.660725,13.4021435,seed96930.png
33.482254,12.499261,seed96931.png
-31.99962,15.263284,seed96932.png
0.37749654,22.888496,seed96933.png
-10.885794,-27.912642,seed96934.png
6.3922825,1.9456944,seed96935.png
-24.712969,-18.680035,seed96936.png
19.779945,26.913084,seed96937.png
11.523593,-32.984436,seed96938.png
-29.47525,8.640089,seed96939.png
-22.51548,17.241598,seed9694.png
-34.799133,11.954001,seed96940.png
29.956299,1.5966733,seed96941.png
8.810501,1.5609047,seed96942.png
-5.1150002,-10.242221,seed96943.png
-13.972563,-15.036744,seed96944.png
-35.20593,26.548382,seed96945.png
11.591333,10.720442,seed96946.png
18.81215,21.840542,seed96947.png
-30.18948,-7.0359883,seed96948.png
22.431261,4.6477923,seed96949.png
-15.692025,-20.353397,seed9695.png
-13.651854,-19.795528,seed96950.png
20.43676,16.871037,seed96951.png
6.3386297,-32.921246,seed96952.png
-28.6521,9.891152,seed96953.png
35.05971,23.657278,seed96954.png
-14.181372,-12.080011,seed96955.png
24.421204,1.5562805,seed96956.png
42.386593,21.081451,seed96957.png
10.842455,2.6570437,seed96958.png
33.42511,20.494709,seed96959.png
-7.782138,-21.449898,seed9696.png
-1.563651,-15.009227,seed96960.png
26.461561,21.711529,seed96961.png
8.957093,-28.004436,seed96962.png
11.243064,-9.747596,seed96963.png
-5.752572,-7.5996842,seed96964.png
-27.028263,-15.323146,seed96965.png
18.13238,10.8901415,seed96966.png
1.5092506,-9.211877,seed96967.png
-6.9902077,2.1775913,seed96968.png
9.247076,-33.325504,seed96969.png
-17.762123,-13.318432,seed9697.png
18.052792,-5.8107452,seed96970.png
-31.213207,0.9512007,seed96971.png
-19.321228,3.3361065,seed96972.png
21.47319,11.2760935,seed96973.png
-15.9568615,-31.132345,seed96974.png
-14.740797,-8.838913,seed96975.png
-21.626217,0.9234814,seed96976.png
28.303606,-4.5257516,seed96977.png
21.176245,25.94303,seed96978.png
-15.687328,-19.580345,seed96979.png
10.993438,-35.13829,seed9698.png
-21.69804,-28.417583,seed96980.png
-25.538578,-12.692422,seed96981.png
-33.031445,25.486736,seed96982.png
-30.385036,12.813492,seed96983.png
-17.38366,-11.558023,seed96984.png
13.134904,-7.453016,seed96985.png
-16.393524,-11.869873,seed96986.png
34.74744,15.584604,seed96987.png
6.434846,7.0917263,seed96988.png
2.3336987,-24.995943,seed96989.png
-17.08301,-9.11457,seed9699.png
5.2139173,-29.339714,seed96990.png
40.06476,15.61179,seed96991.png
11.342457,-13.554086,seed96992.png
-16.709076,-19.927406,seed96993.png
-22.02203,-18.249474,seed96994.png
-11.038547,6.391727,seed96995.png
-20.07771,18.990969,seed96996.png
-34.009945,-6.185244,seed96997.png
-14.738784,-28.818203,seed96998.png
26.51491,15.072773,seed96999.png
0.55000734,19.667149,seed9700.png
-15.825467,-18.057537,seed97000.png
-27.23161,-4.0371194,seed97001.png
16.433094,15.034549,seed97002.png
-20.049858,-6.624756,seed97003.png
-24.856625,5.7144866,seed97004.png
20.15806,-2.0663204,seed97005.png
32.393288,21.34411,seed97006.png
34.9068,12.032026,seed97007.png
18.70189,27.033493,seed97008.png
22.24453,26.51234,seed97009.png
-17.021086,-5.031266,seed9701.png
38.831203,22.52066,seed97010.png
34.83869,17.473774,seed97011.png
9.823497,13.300857,seed97012.png
-20.978247,-28.236883,seed97013.png
-18.068378,-18.699373,seed97014.png
13.857608,-38.333916,seed97015.png
-0.032819,19.17029,seed97016.png
15.542206,-34.060623,seed97017.png
-4.2109904,16.877953,seed97018.png
22.05132,-3.9769373,seed97019.png
20.27147,21.39574,seed9702.png
13.122824,-26.51724,seed97020.png
-18.741482,-7.594105,seed97021.png
28.878384,27.759033,seed97022.png
-33.544266,20.1141,seed97023.png
-30.907259,-11.071389,seed97024.png
-25.67981,-1.2945455,seed97025.png
-7.0372543,-3.354871,seed97026.png
5.9158545,1.2389886,seed97027.png
18.70494,-2.636437,seed97028.png
12.956599,-39.694088,seed97029.png
16.717495,12.677228,seed9703.png
-23.134562,-14.857285,seed97030.png
-34.35177,25.862204,seed97031.png
-14.18172,-23.544538,seed97032.png
35.311985,13.941878,seed97033.png
23.153913,17.15558,seed97034.png
25.88863,0.062690325,seed97035.png
20.273296,0.015240728,seed97036.png
-35.029324,-6.1249967,seed97037.png
11.684059,-35.01936,seed97038.png
-21.055574,-27.298147,seed97039.png
32.888435,20.82507,seed9704.png
17.826965,13.841269,seed97040.png
-32.869453,21.853508,seed97041.png
11.787481,3.942096,seed97042.png
8.249936,-27.15894,seed97043.png
-16.376966,-24.323515,seed97044.png
-34.67824,-6.6146054,seed97045.png
12.167833,-4.3829737,seed97046.png
-20.85727,-19.095797,seed97047.png
2.3360715,24.448368,seed97048.png
-21.474787,-10.115753,seed97049.png
0.45094565,-18.462816,seed9705.png
13.8368,-29.777962,seed97050.png
-25.54346,0.048185837,seed97051.png
14.670939,-32.592728,seed97052.png
17.132336,20.91561,seed97053.png
12.859542,12.216441,seed97054.png
11.037409,9.886534,seed97055.png
10.695477,-37.932186,seed97056.png
15.342198,6.1938887,seed97057.png
7.823251,7.149215,seed97058.png
13.516483,7.074352,seed97059.png
-12.170706,-0.8154959,seed9706.png
-26.80092,-8.393515,seed97060.png
32.30733,4.712122,seed97061.png
-1.103353,1.1085639,seed97062.png
9.552576,-42.68505,seed97063.png
2.8271365,-2.2189817,seed97064.png
4.6268682,25.027004,seed97065.png
-22.770634,14.391433,seed97066.png
-4.2422457,-24.313734,seed97067.png
0.11391175,-6.1790924,seed97068.png
34.693417,3.4965293,seed97069.png
-28.509481,-7.2150965,seed9707.png
8.484891,4.7617,seed97070.png
-30.827803,2.6417015,seed97071.png
18.782701,26.261143,seed97072.png
13.061618,14.160017,seed97073.png
-27.061499,19.888178,seed97074.png
4.087356,12.084849,seed97075.png
-15.174592,-11.751951,seed97076.png
5.0514894,-30.572002,seed97077.png
-14.626564,-30.544415,seed97078.png
-0.066121995,23.844467,seed97079.png
-10.024703,-15.889756,seed9708.png
-11.261279,-19.900259,seed97080.png
-11.318367,-16.99799,seed97081.png
22.683443,0.69284374,seed97082.png
-22.714787,7.051449,seed97083.png
-7.5594926,-8.472641,seed97084.png
5.8502393,-13.164896,seed97085.png
-31.15993,-13.436002,seed97086.png
-22.276978,-22.475384,seed97087.png
-14.57291,6.7419395,seed97088.png
40.547173,21.2502,seed97089.png
7.3154545,-27.04754,seed9709.png
-21.449133,-1.9410448,seed97090.png
-23.502394,-13.899773,seed97091.png
5.1702876,11.50024,seed97092.png
-34.43471,6.6700344,seed97093.png
21.85148,-3.0159416,seed97094.png
-18.941938,-1.0863581,seed97095.png
-2.589411,-20.565594,seed97096.png
-16.950453,0.55162084,seed97097.png
-30.107346,18.51747,seed97098.png
9.805438,3.337908,seed97099.png
-33.208054,21.43396,seed9710.png
13.643317,-37.394867,seed97100.png
-23.999905,1.171037,seed97101.png
30.271688,25.749203,seed97102.png
11.595987,25.794073,seed97103.png
13.585468,15.003784,seed97104.png
11.11137,-43.234886,seed97105.png
36.82272,21.065075,seed97106.png
10.892056,-26.147142,seed97107.png
11.464901,-41.492783,seed97108.png
8.15705,-30.037788,seed97109.png
-26.035257,-17.002626,seed9711.png
-20.191986,-15.358967,seed97110.png
-29.50939,22.551556,seed97111.png
-25.631208,-16.934689,seed97112.png
-11.484944,-8.472472,seed97113.png
36.582027,15.229823,seed97114.png
10.5619335,-38.97298,seed97115.png
3.7037983,6.9988604,seed97116.png
3.2542746,-3.735219,seed97117.png
-11.142154,-28.99015,seed97118.png
16.126638,20.462757,seed97119.png
-33.058006,21.760231,seed9712.png
-5.686251,-22.07812,seed97120.png
11.325471,-23.559517,seed97121.png
38.52256,9.628978,seed97122.png
-14.034591,-26.597363,seed97123.png
-6.5689993,1.8482322,seed97124.png
15.609487,-5.2651353,seed97125.png
-11.482652,-7.93395,seed97126.png
-0.9339645,20.715122,seed97127.png
-20.80604,-28.485933,seed97128.png
-11.397097,-15.561232,seed97129.png
17.470922,-5.195218,seed9713.png
31.720667,10.151134,seed97130.png
-29.598991,-2.7176077,seed97131.png
-19.496191,1.5645795,seed97132.png
-31.287388,16.380993,seed97133.png
-29.861984,-0.87746054,seed97134.png
15.116314,21.86309,seed97135.png
-12.307271,10.691885,seed97136.png
13.635386,7.2598443,seed97137.png
-16.835709,-15.567217,seed97138.png
-28.019016,13.675826,seed97139.png
34.33852,23.56389,seed9714.png
18.323881,20.349669,seed97140.png
-35.28563,3.9645119,seed97141.png
-31.352703,25.733925,seed97142.png
22.760527,11.29404,seed97143.png
-24.231619,8.154304,seed97144.png
18.946579,23.766567,seed97145.png
26.080082,15.489227,seed97146.png
-15.75158,-31.312525,seed97147.png
2.237908,-30.967922,seed97148.png
-15.974725,-18.936562,seed97149.png
-36.638866,10.501553,seed9715.png
18.863388,1.2666701,seed97150.png
3.0178602,-0.05294594,seed97151.png
25.53013,5.9438224,seed97152.png
2.5150995,5.751777,seed97153.png
-32.415474,6.002333,seed97154.png
-0.74969804,23.374321,seed97155.png
15.699423,26.820774,seed97156.png
19.363926,19.750328,seed97157.png
4.45862,-12.500965,seed97158.png
-13.044472,-16.44682,seed97159.png
-13.378408,-21.29248,seed9716.png
-24.311632,-0.5624996,seed97160.png
-14.442976,-20.870235,seed97161.png
-21.83146,-7.7083235,seed97162.png
22.11835,2.55981,seed97163.png
24.639849,0.27307025,seed97164.png
-4.806916,-12.274285,seed97165.png
-26.335032,-25.212877,seed97166.png
-7.2718425,-17.803543,seed97167.png
13.961728,27.934235,seed97168.png
-25.590082,15.155551,seed97169.png
-20.925777,8.5672,seed9717.png
-3.6841936,3.4487386,seed97170.png
7.2157645,0.90370655,seed97171.png
15.873441,-34.852913,seed97172.png
14.436855,-37.803482,seed97173.png
6.3949833,-39.75174,seed97174.png
-15.195488,-29.624157,seed97175.png
-32.988113,18.059149,seed97176.png
13.766592,-38.17341,seed97177.png
15.6229515,-33.345116,seed97178.png
-16.449026,-13.017308,seed97179.png
-15.593088,-21.01984,seed9718.png
18.47138,16.825407,seed97180.png
11.501684,-32.037968,seed97181.png
-17.669449,4.253178,seed97182.png
9.5761795,-1.0296378,seed97183.png
-1.3593168,-19.129953,seed97184.png
0.42677638,2.605126,seed97185.png
-22.98783,10.052209,seed97186.png
-36.466824,11.771371,seed97187.png
-33.608383,-2.8786976,seed97188.png
4.6948676,11.658919,seed97189.png
14.439779,-31.49122,seed9719.png
-10.781974,-27.082544,seed97190.png
-28.510124,9.840881,seed97191.png
0.5267221,0.40076995,seed97192.png
-25.593391,4.330279,seed97193.png
-13.528356,-3.7437694,seed97194.png
5.2405605,-35.31198,seed97195.png
4.867854,-1.3436587,seed97196.png
-33.81873,-6.9730678,seed97197.png
17.684696,22.272308,seed97198.png
-20.338024,12.6233635,seed97199.png
10.195575,22.436913,seed9720.png
-33.884193,22.800543,seed97200.png
7.129147,-4.2747006,seed97201.png
8.579072,-4.243411,seed97202.png
-18.510199,15.726511,seed97203.png
20.377466,6.4365435,seed97204.png
7.695387,-38.17718,seed97205.png
16.37056,13.266338,seed97206.png
-23.193518,-14.962272,seed97207.png
10.640883,0.5752244,seed97208.png
-18.831335,1.3509269,seed97209.png
-8.088618,-20.571655,seed9721.png
-12.38502,-26.33099,seed97210.png
10.974642,4.6987658,seed97211.png
18.16988,25.821875,seed97212.png
-13.312427,-11.357859,seed97213.png
-3.6893961,16.444664,seed97214.png
-14.689409,6.2310357,seed97215.png
23.255323,5.9446373,seed97216.png
-10.009732,0.050950877,seed97217.png
-17.130026,-18.663198,seed97218.png
15.603838,4.1129937,seed97219.png
14.759586,19.306427,seed9722.png
4.6168737,-0.042516474,seed97220.png
-1.772673,11.154852,seed97221.png
6.59299,-3.2641015,seed97222.png
-13.549828,-27.948421,seed97223.png
-12.4295435,7.7366834,seed97224.png
37.037704,17.62724,seed97225.png
3.1375458,7.0196247,seed97226.png
-6.049949,0.2198045,seed97227.png
-17.71943,-14.772871,seed97228.png
36.863045,22.131184,seed97229.png
-34.542408,10.799192,seed9723.png
20.386652,-3.990419,seed97230.png
-32.629555,16.457033,seed97231.png
-30.269703,22.412214,seed97232.png
20.249632,10.256613,seed97233.png
36.32063,17.06862,seed97234.png
-8.079995,-27.902819,seed97235.png
13.990981,5.5452957,seed97236.png
1.8108441,21.12074,seed97237.png
16.066551,2.2234118,seed97238.png
31.64708,11.398105,seed97239.png
-17.783352,-26.783123,seed9724.png
19.927505,26.50109,seed97240.png
-30.706247,-10.270483,seed97241.png
6.7888904,15.19033,seed97242.png
-33.132374,-9.682696,seed97243.png
15.69562,-36.839127,seed97244.png
-31.770947,3.371167,seed97245.png
24.948654,18.416779,seed97246.png
37.358967,19.972486,seed97247.png
0.51501757,-0.6338636,seed97248.png
-33.078667,24.256018,seed97249.png
19.533834,-0.32046434,seed9725.png
20.157867,-3.4636252,seed97250.png
-25.851265,2.9705606,seed97251.png
13.727346,0.25419697,seed97252.png
-31.502487,17.470764,seed97253.png
15.9081955,-3.8461845,seed97254.png
14.734463,-9.392455,seed97255.png
-26.891996,-7.6615834,seed97256.png
-30.802652,20.48541,seed97257.png
-35.289024,13.8628,seed97258.png
-10.589864,0.4001461,seed97259.png
0.2437827,-16.73179,seed9726.png
2.844195,-26.627012,seed97260.png
-13.42437,-29.805058,seed97261.png
23.770855,8.315809,seed97262.png
23.472483,-0.35276896,seed97263.png
6.9100456,-30.800465,seed97264.png
28.102167,14.113619,seed97265.png
-22.784655,10.648039,seed97266.png
-28.454653,0.65902567,seed97267.png
12.9925785,-37.91953,seed97268.png
16.203594,1.6377636,seed97269.png
-31.545237,20.103607,seed9727.png
-30.219854,8.524502,seed97270.png
-31.804758,6.9495516,seed97271.png
-16.988558,-11.615166,seed97272.png
40.861588,21.441467,seed97273.png
-2.6554444,-25.299183,seed97274.png
3.7456887,-3.416767,seed97275.png
-16.066143,-27.661364,seed97276.png
22.725885,17.49434,seed97277.png
-31.301546,0.7744233,seed97278.png
9.313194,-41.397465,seed97279.png
-17.169651,15.261776,seed9728.png
3.2605135,-5.2027826,seed97280.png
6.0795364,-31.613708,seed97281.png
28.841148,-4.0671234,seed97282.png
-23.84599,-15.120173,seed97283.png
-26.397709,-3.3548818,seed97284.png
-10.582682,-23.559698,seed97285.png
-12.557117,-27.430132,seed97286.png
12.251923,1.5770226,seed97287.png
12.482519,-38.082996,seed97288.png
35.877644,14.181899,seed97289.png
-6.8802814,-7.6763415,seed9729.png
-23.2982,5.522202,seed97290.png
15.097698,26.687933,seed97291.png
25.650282,2.3587568,seed97292.png
1.403463,-3.7153502,seed97293.png
20.237621,14.354214,seed97294.png
-31.736826,15.651703,seed97295.png
-39.952915,21.716223,seed97296.png
-10.638538,-18.632668,seed97297.png
-34.20693,3.9192462,seed97298.png
18.304193,-2.7311532,seed97299.png
-14.709222,-4.458604,seed9730.png
-11.270304,-10.458763,seed97300.png
25.436293,-0.6444664,seed97301.png
35.31019,25.704391,seed97302.png
2.5286934,20.899742,seed97303.png
14.106237,25.270988,seed97304.png
23.16876,22.207401,seed97305.png
-20.68359,-23.903894,seed97306.png
-13.124419,-16.270107,seed97307.png
-23.233261,19.171879,seed97308.png
-19.377338,-24.010994,seed97309.png
12.761734,1.5459423,seed9731.png
7.948562,-9.331872,seed97310.png
27.696928,17.734087,seed97311.png
-24.73369,-20.367964,seed97312.png
27.231888,0.19098812,seed97313.png
31.354485,25.827963,seed97314.png
20.08726,10.309359,seed97315.png
-16.28559,-11.134073,seed97316.png
-1.9532529,-3.2255542,seed97317.png
-28.503414,11.172808,seed97318.png
-33.01289,26.28655,seed97319.png
33.52126,25.03794,seed9732.png
5.02475,19.858728,seed97320.png
-13.91463,-15.541884,seed97321.png
-18.617455,1.2025093,seed97322.png
4.8669734,4.664554,seed97323.png
3.1103127,12.829855,seed97324.png
17.73112,23.06291,seed97325.png
7.142178,6.550025,seed97326.png
17.282244,20.27517,seed97327.png
-33.048107,23.862663,seed97328.png
-3.0423257,13.205273,seed97329.png
-16.783068,-2.3636568,seed9733.png
40.717823,15.135032,seed97330.png
-32.277702,19.70376,seed97331.png
-19.883638,12.871965,seed97332.png
-26.935394,4.4820313,seed97333.png
18.593323,-6.651231,seed97334.png
-34.020977,5.143953,seed97335.png
18.523773,-3.523844,seed97336.png
-16.332098,-29.59258,seed97337.png
28.263895,8.24928,seed97338.png
-26.1062,-19.25351,seed97339.png
13.051648,-35.474697,seed9734.png
39.42876,17.536518,seed97340.png
-14.231872,-17.88759,seed97341.png
19.568163,25.111952,seed97342.png
-13.446905,-29.928167,seed97343.png
30.331312,4.4491262,seed97344.png
32.512917,16.535872,seed97345.png
34.541744,19.363289,seed97346.png
-16.365217,0.2660344,seed97347.png
8.433713,6.704208,seed97348.png
15.39224,-33.136765,seed97349.png
-17.427254,-15.228604,seed9735.png
7.162473,-40.916466,seed97350.png
-24.742226,11.027233,seed97351.png
0.78268373,24.209812,seed97352.png
33.707085,22.904354,seed97353.png
-10.101753,-13.857708,seed97354.png
-23.78469,5.5418277,seed97355.png
-33.226772,13.623615,seed97356.png
8.440164,18.911442,seed97357.png
23.10902,5.909252,seed97358.png
1.842484,-22.814018,seed97359.png
18.610052,26.579674,seed9736.png
-34.485962,13.14725,seed97360.png
-3.9984674,13.426345,seed97361.png
34.467422,20.845238,seed97362.png
-33.58925,9.820469,seed97363.png
19.687841,6.113742,seed97364.png
-36.30294,11.256955,seed97365.png
-15.638907,4.561446,seed97366.png
-36.259907,25.52137,seed97367.png
28.114258,2.3567107,seed97368.png
-32.92989,16.941954,seed97369.png
1.4388187,5.3757524,seed9737.png
-22.756107,-22.310652,seed97370.png
-32.648125,-9.778107,seed97371.png
-2.9348485,21.736128,seed97372.png
20.567528,1.9446375,seed97373.png
8.584064,2.8009079,seed97374.png
16.98535,6.816245,seed97375.png
38.14546,18.257147,seed97376.png
-23.743185,-9.293068,seed97377.png
15.294999,-3.50128,seed97378.png
10.446049,-4.389671,seed97379.png
-1.6305368,-12.596801,seed9738.png
15.725136,22.25558,seed97380.png
-21.926008,8.985839,seed97381.png
12.127508,-29.963081,seed97382.png
-20.208435,13.091175,seed97383.png
-18.009249,-26.1425,seed97384.png
2.7543728,-13.6436825,seed97385.png
-21.428963,19.645958,seed97386.png
21.010983,-2.7895484,seed97387.png
-18.589352,-6.54014,seed97388.png
-4.1295705,-17.927048,seed97389.png
-11.989524,-14.203813,seed9739.png
5.0524244,13.603843,seed97390.png
-31.662151,13.345611,seed97391.png
-15.863471,9.666135,seed97392.png
36.84245,5.1074224,seed97393.png
-31.703482,9.671884,seed97394.png
-23.383308,-26.274446,seed97395.png
20.076511,11.929283,seed97396.png
8.918782,17.86885,seed97397.png
16.119253,-0.1888861,seed97398.png
-17.84109,-18.198854,seed97399.png
3.341428,14.802345,seed9740.png
-34.957497,14.457584,seed97400.png
3.2192168,15.089061,seed97401.png
10.325561,26.888306,seed97402.png
12.270451,-23.840542,seed97403.png
14.338824,-35.06195,seed97404.png
13.578543,-3.7700877,seed97405.png
11.778316,-20.6499,seed97406.png
-30.196388,6.9759803,seed97407.png
14.404116,16.004976,seed97408.png
11.325236,26.38539,seed97409.png
12.238509,20.18592,seed9741.png
7.0619884,-5.6179304,seed97410.png
-26.218779,8.018619,seed97411.png
5.3735914,9.294071,seed97412.png
-18.86599,5.759284,seed97413.png
-0.42531306,9.92826,seed97414.png
0.96260995,14.485257,seed97415.png
0.7118027,20.639023,seed97416.png
3.2997801,-20.764103,seed97417.png
-13.517363,-1.1763337,seed97418.png
-14.481893,-16.540901,seed97419.png
8.205401,-38.497406,seed9742.png
24.156384,10.307875,seed97420.png
-17.285004,-31.211649,seed97421.png
-15.248581,0.30846182,seed97422.png
-15.936945,-21.563395,seed97423.png
-20.751278,-20.186401,seed97424.png
-23.48361,-3.1084425,seed97425.png
18.269299,26.4271,seed97426.png
7.437805,-28.781517,seed97427.png
-27.625261,8.186965,seed97428.png
-14.848625,-12.932636,seed97429.png
13.284041,-37.795254,seed9743.png
14.4705305,11.633061,seed97430.png
-0.0817772,-10.690198,seed97431.png
-32.339737,-9.642701,seed97432.png
0.34382603,24.9006,seed97433.png
-13.807657,-21.518122,seed97434.png
-12.093461,0.10791092,seed97435.png
5.87349,21.916452,seed97436.png
-9.559586,-1.0281199,seed97437.png
11.708558,-31.235945,seed97438.png
-26.139233,-10.543183,seed97439.png
39.421776,14.721911,seed9744.png
-2.9898412,-15.071606,seed97440.png
-20.15066,-16.108963,seed97441.png
30.846685,12.483063,seed97442.png
16.869705,11.551576,seed97443.png
23.46066,18.326479,seed97444.png
11.812895,24.119843,seed97445.png
-33.253277,24.988688,seed97446.png
3.2175934,-27.342232,seed97447.png
-33.635273,17.69745,seed97448.png
-17.21574,-21.450922,seed97449.png
9.350187,-34.707073,seed9745.png
6.820858,19.157167,seed97450.png
-31.194036,-12.268029,seed97451.png
21.87529,12.493553,seed97452.png
19.460821,-4.9482613,seed97453.png
25.45742,-1.5506166,seed97454.png
-20.378643,-8.570113,seed97455.png
-29.382858,6.727486,seed97456.png
39.257687,14.718539,seed97457.png
-11.537062,-2.6043036,seed97458.png
-4.130261,-12.0835085,seed97459.png
7.0438323,9.434162,seed9746.png
-15.062706,-17.293476,seed97460.png
-19.50865,-16.187695,seed97461.png
-33.507343,18.351097,seed97462.png
17.68719,15.419698,seed97463.png
-11.092222,-11.0556965,seed97464.png
-15.880694,-32.194714,seed97465.png
10.204957,-23.754393,seed97466.png
6.82078,-37.975132,seed97467.png
13.395705,-40.332058,seed97468.png
-13.975791,-0.48915946,seed97469.png
5.8032055,9.882862,seed9747.png
19.652506,2.3035543,seed97470.png
32.232903,5.3054132,seed97471.png
-25.02381,4.5732303,seed97472.png
19.000885,23.179638,seed97473.png
-11.247899,8.031036,seed97474.png
-32.284023,8.831862,seed97475.png
-1.7762852,-10.723356,seed97476.png
33.79356,13.028168,seed97477.png
4.025338,-36.23558,seed97478.png
6.0111394,-38.54139,seed97479.png
29.186626,11.612624,seed9748.png
-19.541574,-9.301591,seed97480.png
8.715574,23.124212,seed97481.png
-30.246456,18.64291,seed97482.png
28.662815,12.122383,seed97483.png
-20.21618,4.0173864,seed97484.png
4.315674,24.647034,seed97485.png
23.551147,6.128124,seed97486.png
36.35205,11.399413,seed97487.png
-1.5878308,24.273014,seed97488.png
-23.398392,8.750939,seed97489.png
-24.668554,-10.360823,seed9749.png
19.292723,27.058853,seed97490.png
33.677902,7.802034,seed97491.png
31.732746,13.223931,seed97492.png
18.99311,10.667179,seed97493.png
-21.164272,-10.5660515,seed97494.png
-18.275402,7.847067,seed97495.png
-13.470792,-21.804403,seed97496.png
-20.85136,0.42273298,seed97497.png
-26.574585,-14.710819,seed97498.png
10.623351,-27.769077,seed97499.png
30.659346,21.641148,seed9750.png
-7.5763917,1.7086024,seed97500.png
11.889291,13.111696,seed97501.png
-31.664684,19.941141,seed97502.png
34.843124,20.67453,seed97503.png
-3.6168964,11.584122,seed97504.png
33.759087,12.596181,seed97505.png
1.5405473,-33.985092,seed97506.png
30.24758,1.1966928,seed97507.png
29.613377,14.042159,seed97508.png
-20.948017,16.369944,seed97509.png
12.294143,27.929586,seed9751.png
-3.067242,-15.542109,seed97510.png
14.3672495,-34.10905,seed97511.png
1.7645576,-25.975739,seed97512.png
-12.326887,-18.678808,seed97513.png
15.396363,9.779103,seed97514.png
38.13873,23.048004,seed97515.png
-33.37373,1.2137171,seed97516.png
14.265756,-37.37219,seed97517.png
24.154493,22.996754,seed97518.png
36.71256,23.809065,seed97519.png
9.965108,29.544613,seed9752.png
9.719194,-37.435265,seed97520.png
10.314867,1.1537089,seed97521.png
31.61065,15.444892,seed97522.png
-27.859514,9.60063,seed97523.png
6.845154,-32.243015,seed97524.png
17.57311,28.000586,seed97525.png
-17.233767,-4.280408,seed97526.png
-12.26972,-27.202345,seed97527.png
-19.885172,1.1628786,seed97528.png
-15.855125,-17.114645,seed97529.png
7.3061104,-39.807327,seed9753.png
-27.35406,-12.91881,seed97530.png
34.212296,23.436522,seed97531.png
-18.289457,-11.2803755,seed97532.png
8.37348,29.508118,seed97533.png
16.958767,13.199983,seed97534.png
-33.059113,20.8316,seed97535.png
-25.59285,2.267916,seed97536.png
-20.564682,-17.641521,seed97537.png
1.8519539,-10.065932,seed97538.png
3.5951722,-3.3787754,seed97539.png
-31.636847,24.94822,seed9754.png
9.198001,29.20227,seed97540.png
-11.786239,-7.4920855,seed97541.png
-23.439018,-21.222721,seed97542.png
10.816163,-30.109444,seed97543.png
7.2198296,-7.5377016,seed97544.png
-18.635532,-6.0368223,seed97545.png
-17.586351,-17.39593,seed97546.png
-33.70734,-6.970211,seed97547.png
37.91534,21.100828,seed97548.png
-25.586882,1.0988678,seed97549.png
5.252277,-6.734396,seed9755.png
10.953166,-39.005836,seed97550.png
-8.137028,-1.7201618,seed97551.png
-0.5288525,-12.039594,seed97552.png
7.6409655,-29.243687,seed97553.png
-17.12536,-30.051485,seed97554.png
37.21099,14.025772,seed97555.png
16.765827,-6.1040287,seed97556.png
-16.263678,11.740372,seed97557.png
15.585364,-33.484325,seed97558.png
-8.778285,-10.879799,seed97559.png
10.248425,-36.504208,seed9756.png
12.342166,23.309422,seed97560.png
-14.032145,5.746452,seed97561.png
17.521189,6.780984,seed97562.png
13.947226,-32.56335,seed97563.png
31.559258,23.781548,seed97564.png
10.727657,-0.8206132,seed97565.png
39.408184,16.576853,seed97566.png
3.4458947,0.24099931,seed97567.png
-19.75871,-12.976611,seed97568.png
14.88172,-36.119568,seed97569.png
-14.369248,3.715812,seed9757.png
14.356617,14.415557,seed97570.png
-30.334406,5.3575625,seed97571.png
31.648792,5.0524507,seed97572.png
17.713192,23.86651,seed97573.png
7.967166,-3.7191765,seed97574.png
21.27346,22.430235,seed97575.png
-20.55655,7.755962,seed97576.png
-15.614759,-23.737333,seed97577.png
1.0068038,16.65516,seed97578.png
-12.211605,-8.098724,seed97579.png
-22.79342,13.319688,seed9758.png
7.41989,-30.658339,seed97580.png
12.261017,-38.98444,seed97581.png
34.69774,18.040085,seed97582.png
1.8507487,8.575335,seed97583.png
40.3773,15.892008,seed97584.png
-10.730837,-25.703096,seed97585.png
-10.1841545,-28.184946,seed97586.png
-14.93441,2.9381633,seed97587.png
-17.22675,-5.2836695,seed97588.png
28.993935,7.116293,seed97589.png
29.05343,2.5455315,seed9759.png
35.89051,10.970483,seed97590.png
-23.372559,-7.176638,seed97591.png
40.001637,22.186512,seed97592.png
-29.092308,5.0993185,seed97593.png
9.529574,5.7694116,seed97594.png
-20.988417,5.8611183,seed97595.png
21.886707,2.9452484,seed97596.png
-30.372612,3.1385458,seed97597.png
14.204622,25.451126,seed97598.png
20.179964,3.6992385,seed97599.png
-32.761944,4.9307814,seed9760.png
15.981237,-7.0941577,seed97600.png
-28.836723,-3.170169,seed97601.png
6.3969383,-0.56062126,seed97602.png
21.329151,3.7079358,seed97603.png
18.440979,12.113045,seed97604.png
12.41961,-38.569706,seed97605.png
35.970997,23.893303,seed97606.png
27.558735,6.3186197,seed97607.png
8.573203,-4.5567126,seed97608.png
-20.747995,-18.363754,seed97609.png
-0.9580414,24.543922,seed9761.png
6.877072,-41.144463,seed97610.png
39.692898,13.786065,seed97611.png
-18.083939,-22.64203,seed97612.png
-8.148033,-17.558802,seed97613.png
-0.48501527,-19.05078,seed97614.png
-22.235735,-23.412342,seed97615.png
13.091323,-37.464485,seed97616.png
-23.242039,-2.2250497,seed97617.png
-14.459601,-15.764749,seed97618.png
-19.001299,7.7564654,seed97619.png
-11.836494,-25.44639,seed9762.png
14.6448,5.4478154,seed97620.png
-24.695518,-8.801347,seed97621.png
34.647278,25.130798,seed97622.png
-14.127817,-27.622595,seed97623.png
-36.848488,10.5947895,seed97624.png
10.952322,7.070562,seed97625.png
-26.664366,-16.837734,seed97626.png
-4.0509057,-8.761364,seed97627.png
-27.276741,13.315438,seed97628.png
23.645353,18.189053,seed97629.png
-9.358057,-11.536324,seed9763.png
11.9866085,20.095327,seed97630.png
9.862948,-35.180405,seed97631.png
-7.260607,-23.1761,seed97632.png
16.159914,4.01248,seed97633.png
-22.779427,11.896977,seed97634.png
14.067189,-36.7901,seed97635.png
-15.419851,5.0091605,seed97636.png
41.557747,20.098299,seed97637.png
34.833023,21.634693,seed97638.png
6.845236,-37.5967,seed97639.png
-21.41564,4.5303373,seed9764.png
-13.298334,-11.981532,seed97640.png
8.087084,-28.39372,seed97641.png
-29.733198,-14.6852665,seed97642.png
7.956735,13.234951,seed97643.png
-14.366563,-12.680688,seed97644.png
27.815758,-0.4987409,seed97645.png
17.314903,15.107719,seed97646.png
3.883129,9.117695,seed97647.png
32.51645,12.676877,seed97648.png
16.769337,-34.81275,seed97649.png
-18.398409,-31.429802,seed9765.png
5.3539658,19.727058,seed97650.png
10.075138,-8.6240015,seed97651.png
27.173996,22.036133,seed97652.png
7.838845,-30.550735,seed97653.png
36.19901,18.27112,seed97654.png
-17.947233,-15.22669,seed97655.png
-19.674051,18.071339,seed97656.png
11.706502,-5.2322335,seed97657.png
16.538065,19.55386,seed97658.png
-3.6400259,-16.827917,seed97659.png
-21.951124,-14.423583,seed9766.png
-1.1732545,24.577505,seed97660.png
5.5261126,-37.753662,seed97661.png
12.123543,-4.0589747,seed97662.png
-15.330454,-4.0206904,seed97663.png
-24.775606,-11.501807,seed97664.png
-32.329777,-18.909367,seed97665.png
-20.036634,15.415065,seed97666.png
-12.642,7.5419483,seed97667.png
2.1768103,15.250186,seed97668.png
-23.498993,-11.376408,seed97669.png
18.411272,23.14427,seed9767.png
-16.912745,-12.501714,seed97670.png
7.078094,-35.908504,seed97671.png
8.586091,25.731396,seed97672.png
24.450262,9.629564,seed97673.png
-18.280273,-7.0014815,seed97674.png
-26.814333,-14.651927,seed97675.png
10.520877,-5.75182,seed97676.png
38.6575,20.084276,seed97677.png
27.772617,13.230895,seed97678.png
-33.135555,22.774378,seed97679.png
-19.88968,-17.464716,seed9768.png
-18.144386,-18.238348,seed97680.png
-2.9417202,1.8751208,seed97681.png
-23.122646,-3.1822126,seed97682.png
-24.159494,1.0155944,seed97683.png
18.145037,20.412971,seed97684.png
-27.974665,3.4427695,seed97685.png
-25.04329,19.507496,seed97686.png
-25.116587,16.205273,seed97687.png
15.23824,4.7793875,seed97688.png
-3.5101893,24.656292,seed97689.png
-32.75759,2.1854432,seed9769.png
-27.15072,6.534799,seed97690.png
-15.10527,-2.4359093,seed97691.png
32.404327,22.768208,seed97692.png
-26.331413,-8.847038,seed97693.png
-15.867992,-28.65963,seed97694.png
9.9129095,-34.036015,seed97695.png
-1.4588305,-16.595383,seed97696.png
7.334526,-37.097248,seed97697.png
-20.677748,-15.769954,seed97698.png
4.010511,16.210567,seed97699.png
14.656774,-4.3557415,seed9770.png
17.758848,28.680527,seed97700.png
-26.11281,9.321258,seed97701.png
-18.435797,-5.9007225,seed97702.png
35.606678,17.172148,seed97703.png
-0.28860223,-17.930067,seed97704.png
34.467342,17.968924,seed97705.png
6.904402,4.071662,seed97706.png
-35.816906,10.809437,seed97707.png
11.562319,23.076473,seed97708.png
1.9738617,25.484575,seed97709.png
-12.361677,-25.577448,seed9771.png
-9.486817,-10.87894,seed97710.png
-0.9068003,-13.072875,seed97711.png
-21.915304,-21.703123,seed97712.png
37.784615,10.716643,seed97713.png
22.415281,1.8441442,seed97714.png
-34.47957,16.995178,seed97715.png
-33.760773,14.480883,seed97716.png
34.16908,18.802895,seed97717.png
21.63482,7.945484,seed97718.png
-22.871023,14.823339,seed97719.png
9.657162,7.048346,seed9772.png
-16.482288,5.1684227,seed97720.png
-19.593493,-31.947304,seed97721.png
-2.1588416,11.132712,seed97722.png
8.947546,18.037663,seed97723.png
-7.5925965,-6.297168,seed97724.png
-20.643208,-4.709277,seed97725.png
7.1898537,-32.042423,seed97726.png
11.053488,4.1403933,seed97727.png
13.774055,21.10391,seed97728.png
-13.617456,-5.996165,seed97729.png
26.322756,8.998842,seed9773.png
26.275702,-0.12919076,seed97730.png
-14.874741,-18.408745,seed97731.png
-27.079445,-10.5993,seed97732.png
-20.197542,-11.431989,seed97733.png
19.185484,6.436015,seed97734.png
12.288532,14.032279,seed97735.png
-11.871253,-26.055279,seed97736.png
36.190483,10.568747,seed97737.png
-32.43556,-4.465493,seed97738.png
10.934687,-37.24923,seed97739.png
28.944689,17.405458,seed9774.png
26.823147,7.0565786,seed97740.png
-14.804169,-13.155902,seed97741.png
-10.772295,-27.027668,seed97742.png
-23.973013,-23.268684,seed97743.png
-3.4581378,0.38337448,seed97744.png
-19.945587,-11.818271,seed97745.png
26.14729,7.6162086,seed97746.png
35.270172,18.782997,seed97747.png
39.06216,24.333765,seed97748.png
-15.556792,-11.085151,seed97749.png
6.3180985,-37.25638,seed9775.png
33.69234,2.7278016,seed97750.png
-32.73527,24.175207,seed97751.png
-26.631168,16.079252,seed97752.png
-24.240065,12.891094,seed97753.png
6.7607536,-38.341698,seed97754.png
35.153725,14.6553545,seed97755.png
7.2947707,3.4942236,seed97756.png
9.26226,-34.01003,seed97757.png
17.878065,16.514566,seed97758.png
-23.205927,0.26058474,seed97759.png
-31.822119,-9.453708,seed9776.png
-25.632282,13.297313,seed97760.png
9.312046,0.13779071,seed97761.png
-33.670586,-7.6053805,seed97762.png
8.429031,-42.105587,seed97763.png
-6.9279394,-26.647861,seed97764.png
-34.727676,27.24944,seed97765.png
4.9133205,7.841875,seed97766.png
-5.021552,-6.411789,seed97767.png
1.234868,16.94258,seed97768.png
29.947044,28.37233,seed97769.png
-1.5582477,10.746866,seed9777.png
-14.649736,-22.336184,seed97770.png
-17.442822,-28.264063,seed97771.png
8.767923,-38.134045,seed97772.png
20.838242,13.634038,seed97773.png
-15.969683,13.559278,seed97774.png
-17.63446,-5.7417474,seed97775.png
-9.90446,-1.0639741,seed97776.png
-26.620527,-9.627945,seed97777.png
5.3885794,-12.872988,seed97778.png
-8.052036,-15.4820175,seed97779.png
17.14156,-1.7994812,seed9778.png
-37.08341,14.486855,seed97780.png
29.55847,12.79037,seed97781.png
17.194923,-7.8431697,seed97782.png
2.743173,-27.286867,seed97783.png
6.9249444,15.33829,seed97784.png
-20.367691,-3.5102148,seed97785.png
24.033287,2.4178333,seed97786.png
33.947594,21.06834,seed97787.png
-36.27025,17.565737,seed97788.png
11.702176,-42.478836,seed97789.png
8.584755,25.40674,seed9779.png
14.09873,12.517491,seed97790.png
-29.291243,-3.2714097,seed97791.png
-16.498188,-31.180079,seed97792.png
4.1714664,-30.9159,seed97793.png
16.97148,5.54288,seed97794.png
12.739685,-38.17943,seed97795.png
-30.176086,7.651251,seed97796.png
5.038966,2.6085382,seed97797.png
-16.80121,-9.508981,seed97798.png
30.655268,1.6893312,seed97799.png
-30.856058,-0.042480383,seed9780.png
18.99975,3.5829687,seed97800.png
15.0171385,1.9054509,seed97801.png
-20.056593,3.0123434,seed97802.png
30.94798,4.2217054,seed97803.png
10.76763,-31.064564,seed97804.png
27.983,25.774069,seed97805.png
11.509458,-40.001804,seed97806.png
-19.861544,-26.676006,seed97807.png
-24.59252,-7.45985,seed97808.png
2.8433974,12.676883,seed97809.png
4.1321187,24.046068,seed9781.png
-19.205723,17.411585,seed97810.png
39.946987,22.480818,seed97811.png
-14.62454,-24.993753,seed97812.png
12.43183,-37.72469,seed97813.png
15.628445,19.959566,seed97814.png
-9.533509,-15.217031,seed97815.png
-9.6788025,4.3951917,seed97816.png
-30.901361,-16.095509,seed97817.png
-14.293,-14.927698,seed97818.png
-29.944138,-9.761105,seed97819.png
-18.850615,-2.6404538,seed9782.png
-33.480686,3.2036748,seed97820.png
28.553377,-1.1050644,seed97821.png
7.6850452,6.810011,seed97822.png
-11.694532,-4.325233,seed97823.png
7.763411,13.299572,seed97824.png
13.056461,-2.813382,seed97825.png
-18.2246,-10.989884,seed97826.png
-3.2672145,-15.001756,seed97827.png
20.987316,26.452494,seed97828.png
20.703304,19.812746,seed97829.png
-11.317658,-24.869524,seed9783.png
12.9580345,7.0131545,seed97830.png
-22.451525,5.20587,seed97831.png
-25.501297,14.721841,seed97832.png
-17.932848,-22.959246,seed97833.png
-14.199653,-13.002289,seed97834.png
-29.443216,4.2597647,seed97835.png
-10.697139,-13.66691,seed97836.png
15.018933,20.494024,seed97837.png
3.4657521,-25.796858,seed97838.png
-8.252882,2.5865166,seed97839.png
-27.319935,17.023521,seed9784.png
14.310433,-31.61534,seed97840.png
36.607216,22.387342,seed97841.png
0.569343,1.9466941,seed97842.png
11.2510395,-38.159138,seed97843.png
16.032711,11.767825,seed97844.png
20.984318,11.182028,seed97845.png
21.956915,21.574524,seed97846.png
-29.814672,-11.116562,seed97847.png
-26.590307,-10.633819,seed97848.png
-4.716021,-18.676226,seed97849.png
29.007202,1.9104755,seed9785.png
20.730267,21.340704,seed97850.png
30.558361,9.304674,seed97851.png
6.5456347,17.939007,seed97852.png
31.535511,18.166708,seed97853.png
-21.89997,-16.088726,seed97854.png
15.677624,2.226915,seed97855.png
29.354853,10.321168,seed97856.png
36.733696,19.026608,seed97857.png
12.871189,-34.486794,seed97858.png
-26.077127,-10.943337,seed97859.png
-12.778176,-8.860141,seed9786.png
12.938877,-32.19838,seed97860.png
-7.6435475,1.3505208,seed97861.png
-22.77067,4.0352716,seed97862.png
13.91326,-29.09681,seed97863.png
-23.164629,-14.0421,seed97864.png
15.809482,24.285057,seed97865.png
-2.8555303,-13.453427,seed97866.png
7.3394685,-4.3177524,seed97867.png
39.188282,25.159193,seed97868.png
40.451553,17.141146,seed97869.png
-27.045294,-3.0318708,seed9787.png
-9.07689,-21.30392,seed97870.png
0.15626743,22.731947,seed97871.png
8.806269,-6.120452,seed97872.png
41.947716,19.435858,seed97873.png
-32.084057,21.212593,seed97874.png
6.89578,-35.620293,seed97875.png
-15.474618,-16.07246,seed97876.png
5.865941,-0.405079,seed97877.png
-35.87944,17.787302,seed97878.png
21.3245,24.087732,seed97879.png
11.499053,17.98668,seed9788.png
29.355402,20.66962,seed97880.png
-7.5848126,2.6179209,seed97881.png
24.47005,21.656597,seed97882.png
-13.704943,-22.253744,seed97883.png
30.642378,25.677816,seed97884.png
-30.42957,18.274609,seed97885.png
-14.322346,-18.438389,seed97886.png
-20.725037,-24.699335,seed97887.png
-16.406364,-28.894224,seed97888.png
-2.2126014,-13.975298,seed97889.png
-18.272757,-28.370428,seed9789.png
-19.34727,2.383023,seed97890.png
23.317123,4.417816,seed97891.png
9.221168,22.912933,seed97892.png
11.322386,-31.91795,seed97893.png
31.40488,14.311259,seed97894.png
11.46169,-37.923008,seed97895.png
-34.90126,19.667566,seed97896.png
12.316353,27.628717,seed97897.png
-16.818493,-1.636903,seed97898.png
8.573,-2.097899,seed97899.png
-16.547691,-31.421316,seed9790.png
17.219307,17.222605,seed97900.png
-2.409006,-17.15688,seed97901.png
32.47749,6.7986665,seed97902.png
17.743992,11.575343,seed97903.png
7.7543535,-39.22099,seed97904.png
26.357523,27.334747,seed97905.png
-13.375045,-21.020971,seed97906.png
4.7491794,21.151556,seed97907.png
12.503791,10.384565,seed97908.png
29.102657,18.2034,seed97909.png
16.25734,5.396204,seed9791.png
20.018665,-0.7135652,seed97910.png
18.194952,-11.026881,seed97911.png
37.49564,11.928087,seed97912.png
-12.221889,9.756696,seed97913.png
-21.664307,-13.483945,seed97914.png
18.244713,-7.610157,seed97915.png
-27.248953,9.34106,seed97916.png
13.448143,2.8751538,seed97917.png
-32.633324,9.976007,seed97918.png
-15.660116,-3.816235,seed97919.png
-10.413337,-10.950507,seed9792.png
21.908669,0.13864432,seed97920.png
-22.028095,-5.2852283,seed97921.png
7.733846,-33.379112,seed97922.png
-20.664183,-23.013052,seed97923.png
-12.694336,-0.8894629,seed97924.png
-32.968414,5.7078195,seed97925.png
7.6067667,22.218674,seed97926.png
2.522141,-1.3226501,seed97927.png
21.645792,2.464091,seed97928.png
3.214059,22.715904,seed97929.png
8.265616,-2.6138742,seed9793.png
35.02915,11.667762,seed97930.png
-18.823385,-0.30390838,seed97931.png
-0.22246492,24.731632,seed97932.png
-12.232821,10.909309,seed97933.png
-6.4113436,-18.213224,seed97934.png
17.84927,-1.3557594,seed97935.png
29.809172,6.5544615,seed97936.png
15.868671,-34.88053,seed97937.png
33.77014,4.7079353,seed97938.png
-27.342312,-3.1320205,seed97939.png
-19.304735,-3.9258533,seed9794.png
13.470275,-38.317173,seed97940.png
-30.988922,-14.8849125,seed97941.png
17.971655,19.210752,seed97942.png
10.01561,9.88392,seed97943.png
-32.070145,27.45109,seed97944.png
4.307489,24.214773,seed97945.png
-13.64939,-4.1433816,seed97946.png
27.37053,28.422132,seed97947.png
-34.21108,17.502499,seed97948.png
23.504562,15.6089,seed97949.png
5.8550644,13.83732,seed9795.png
-12.230913,8.663268,seed97950.png
-14.31852,-7.116447,seed97951.png
-19.780878,-8.29521,seed97952.png
-26.539309,-10.91857,seed97953.png
38.73808,17.236881,seed97954.png
12.702278,-40.659916,seed97955.png
-23.231266,13.563993,seed97956.png
27.617378,-0.14692171,seed97957.png
-14.127945,-12.363944,seed97958.png
-30.956602,17.665543,seed97959.png
7.690784,-38.788868,seed9796.png
-9.407032,-6.4100046,seed97960.png
4.7191677,8.796934,seed97961.png
21.720789,-7.254824,seed97962.png
-13.431512,-28.54327,seed97963.png
-6.651085,-18.109898,seed97964.png
23.537773,22.030357,seed97965.png
33.394054,26.564669,seed97966.png
26.916418,8.124791,seed97967.png
27.087852,3.4113882,seed97968.png
1.7923273,23.014225,seed97969.png
-2.4395099,-13.947754,seed9797.png
-22.099533,-25.596106,seed97970.png
-19.567802,6.2785645,seed97971.png
-12.245943,-3.668108,seed97972.png
39.550446,23.570383,seed97973.png
-25.010384,0.32441267,seed97974.png
-21.963566,4.1439567,seed97975.png
-32.56687,2.9978054,seed97976.png
16.921707,17.742876,seed97977.png
7.888083,-32.50413,seed97978.png
-14.335053,-7.825437,seed97979.png
-32.14479,-3.5448546,seed9798.png
1.4181651,20.065187,seed97980.png
20.747442,12.8523245,seed97981.png
7.7016788,-40.5425,seed97982.png
-31.935974,23.171207,seed97983.png
-2.5020366,-13.559856,seed97984.png
40.69385,23.25786,seed97985.png
14.830704,3.7656863,seed97986.png
3.95654,-23.894974,seed97987.png
3.5301106,0.67451686,seed97988.png
-35.13371,17.04556,seed97989.png
36.408222,25.7303,seed9799.png
-5.0295186,7.736092,seed97990.png
10.586373,-34.14533,seed97991.png
-18.80386,-10.325428,seed97992.png
3.0999372,-33.2375,seed97993.png
32.69483,10.321325,seed97994.png
17.799774,15.199897,seed97995.png
-25.822136,16.047579,seed97996.png
1.2273844,-5.044218,seed97997.png
-17.384293,-29.220642,seed97998.png
-13.687827,-26.58023,seed97999.png
15.89564,-36.14679,seed9800.png
-16.398026,-4.212993,seed98000.png
-17.610126,-19.126324,seed98001.png
-27.767418,-6.4093175,seed98002.png
-26.047813,16.394068,seed98003.png
5.555202,17.256325,seed98004.png
-24.843813,3.540249,seed98005.png
19.236382,17.569422,seed98006.png
26.338457,18.123156,seed98007.png
-31.635239,18.449404,seed98008.png
-21.994839,-30.40287,seed98009.png
-14.5767355,-2.4432452,seed9801.png
-18.535017,-21.968863,seed98010.png
9.950496,3.4715772,seed98011.png
6.746177,7.061379,seed98012.png
32.14057,5.1830673,seed98013.png
-23.146055,-27.942081,seed98014.png
16.490307,-3.0629869,seed98015.png
9.578043,-30.266724,seed98016.png
-18.127686,9.767533,seed98017.png
-24.033152,-13.489109,seed98018.png
-24.100054,4.3643494,seed98019.png
0.36509392,-18.26386,seed9802.png
34.420757,4.5140424,seed98020.png
28.898685,12.984709,seed98021.png
-30.316732,-3.2096264,seed98022.png
11.23937,4.265306,seed98023.png
8.135121,22.328028,seed98024.png
-19.006014,-12.986639,seed98025.png
-21.231623,-6.274793,seed98026.png
-0.5013857,-22.749733,seed98027.png
-23.838177,-25.417887,seed98028.png
-15.635326,-0.26958317,seed98029.png
-25.19097,-23.950102,seed9803.png
-6.5023584,-0.847195,seed98030.png
-0.31247246,2.3485532,seed98031.png
-22.597197,-20.777527,seed98032.png
7.3799963,-41.985535,seed98033.png
-4.750203,-2.1589787,seed98034.png
21.962059,7.276723,seed98035.png
-20.594795,-25.964039,seed98036.png
-24.779366,-20.543089,seed98037.png
-5.4960155,12.120771,seed98038.png
22.057007,6.1032968,seed98039.png
30.133108,10.632038,seed9804.png
40.500084,22.097914,seed98040.png
-1.0751084,-11.4717,seed98041.png
-34.850113,16.06897,seed98042.png
25.865578,1.2256188,seed98043.png
-2.1995683,5.4708247,seed98044.png
-13.143103,-30.221096,seed98045.png
5.3327203,-30.684443,seed98046.png
-36.24605,8.282138,seed98047.png
14.644868,-4.680716,seed98048.png
13.905651,-27.934345,seed98049.png
-10.444929,-11.329499,seed9805.png
-27.414309,10.410504,seed98050.png
8.176917,-30.520866,seed98051.png
-5.7441626,-22.580751,seed98052.png
31.559708,17.832455,seed98053.png
-28.033514,-4.357005,seed98054.png
-21.73997,-28.122765,seed98055.png
1.8950413,17.378075,seed98056.png
31.664566,27.627514,seed98057.png
31.113861,27.88957,seed98058.png
-19.106071,8.2237015,seed98059.png
-24.897114,2.2740173,seed9806.png
-15.452265,3.6337543,seed98060.png
-29.68626,14.649667,seed98061.png
12.962592,-33.405983,seed98062.png
-36.089184,26.611115,seed98063.png
19.41396,13.995752,seed98064.png
12.390279,-40.682514,seed98065.png
24.073635,-3.8295639,seed98066.png
-35.48643,19.839584,seed98067.png
9.162147,12.3846,seed98068.png
26.960936,8.5178385,seed98069.png
-13.982268,-4.343545,seed9807.png
4.3226376,9.194903,seed98070.png
-22.533995,13.650137,seed98071.png
4.6440234,20.20014,seed98072.png
-11.209182,-5.3553047,seed98073.png
27.508017,23.150934,seed98074.png
-31.776354,17.2716,seed98075.png
-20.15417,-11.770344,seed98076.png
11.788155,-2.623592,seed98077.png
11.819891,-33.345955,seed98078.png
21.280497,27.289248,seed98079.png
26.174582,27.482512,seed9808.png
-28.725561,3.1087055,seed98080.png
-3.9292228,-12.950873,seed98081.png
-11.452518,-16.598913,seed98082.png
5.414778,-32.39135,seed98083.png
-15.186117,-4.3743105,seed98084.png
-15.118457,-28.556746,seed98085.png
-37.877754,15.567133,seed98086.png
-22.938766,0.71414155,seed98087.png
-30.778238,15.958679,seed98088.png
-24.911633,14.528036,seed98089.png
13.880453,-34.47886,seed9809.png
-21.304642,3.1840317,seed98090.png
30.33537,24.991188,seed98091.png
21.166409,-0.66505754,seed98092.png
0.3200081,19.71728,seed98093.png
36.223633,8.627347,seed98094.png
15.366956,-38.096943,seed98095.png
11.478785,8.362755,seed98096.png
-11.91404,-20.22957,seed98097.png
-23.748735,13.752661,seed98098.png
35.88073,12.133875,seed98099.png
30.744846,19.650429,seed9810.png
25.731619,9.478366,seed98100.png
6.4378324,-5.933339,seed98101.png
19.19724,-7.3473654,seed98102.png
18.703482,24.030712,seed98103.png
28.29318,8.263347,seed98104.png
-5.258049,-13.674994,seed98105.png
30.94254,-0.9384041,seed98106.png
12.169977,-41.70974,seed98107.png
22.440928,1.1523696,seed98108.png
15.964712,-2.1167846,seed98109.png
3.4799278,-25.675789,seed9811.png
4.466115,-26.741184,seed98110.png
8.930648,-3.5790617,seed98111.png
-1.8722918,-20.760672,seed98112.png
-0.30122226,-18.38446,seed98113.png
-30.732748,19.929008,seed98114.png
18.796728,12.657739,seed98115.png
2.7216487,-23.637985,seed98116.png
-16.102903,4.9745064,seed98117.png
-31.087574,16.629473,seed98118.png
31.784117,25.825815,seed98119.png
24.694548,-2.7199178,seed9812.png
0.80869895,-11.294541,seed98120.png
-0.6026074,23.176685,seed98121.png
37.617676,16.429678,seed98122.png
11.676968,29.148563,seed98123.png
-22.831005,-1.1875141,seed98124.png
-20.332476,14.534472,seed98125.png
-18.080069,9.515165,seed98126.png
-30.301123,6.844287,seed98127.png
-17.42324,-20.061716,seed98128.png
-23.226137,-5.5901837,seed98129.png
-4.3679934,-22.970274,seed9813.png
-24.881613,-9.007856,seed98130.png
-31.919157,20.713621,seed98131.png
-32.241104,18.35844,seed98132.png
-35.075214,19.141287,seed98133.png
-12.744346,0.65772116,seed98134.png
36.02604,4.9198127,seed98135.png
13.731048,27.817345,seed98136.png
3.4696097,6.844182,seed98137.png
-34.982872,-2.7740684,seed98138.png
-19.14216,1.6351161,seed98139.png
5.437649,6.9227815,seed9814.png
20.08471,15.658107,seed98140.png
-17.321236,-0.041168142,seed98141.png
-19.418661,-9.699448,seed98142.png
-32.604744,-4.304345,seed98143.png
33.657684,10.097442,seed98144.png
-25.134373,5.5644784,seed98145.png
10.114437,-27.961298,seed98146.png
-11.934441,-12.674132,seed98147.png
-17.169706,-25.386164,seed98148.png
-29.742456,7.4215655,seed98149.png
1.2762691,-16.02931,seed9815.png
-0.4845947,-19.16393,seed98150.png
13.438231,15.302064,seed98151.png
-27.80664,17.238182,seed98152.png
2.6175106,-1.3006127,seed98153.png
15.338704,27.48858,seed98154.png
-2.859209,-12.664385,seed98155.png
-20.915289,17.653685,seed98156.png
-26.62071,-15.455805,seed98157.png
-28.768623,3.8502586,seed98158.png
15.237615,-2.6146877,seed98159.png
22.774189,3.2253308,seed9816.png
16.226284,15.681784,seed98160.png
4.13589,15.081176,seed98161.png
20.891438,28.336113,seed98162.png
-0.7409232,24.426916,seed98163.png
-5.8981347,-8.740437,seed98164.png
-14.23605,-7.1352544,seed98165.png
1.1032257,25.891516,seed98166.png
-24.041744,7.7190194,seed98167.png
-1.1814032,5.7995305,seed98168.png
25.547613,0.7860125,seed98169.png
32.4924,8.537409,seed9817.png
-16.235163,2.3316216,seed98170.png
-21.571812,-29.400915,seed98171.png
10.5961685,13.230604,seed98172.png
10.979663,0.9226145,seed98173.png
27.427538,4.7262254,seed98174.png
6.54959,12.652577,seed98175.png
-24.792065,-25.832483,seed98176.png
1.0361152,-6.862541,seed98177.png
-19.673609,-18.729982,seed98178.png
-28.0173,-4.0111666,seed98179.png
-8.15714,9.883292,seed9818.png
4.571946,23.838308,seed98180.png
-0.049314383,-17.035301,seed98181.png
2.740119,-12.086242,seed98182.png
-28.618858,19.519907,seed98183.png
38.843987,10.423271,seed98184.png
-12.974876,-21.164654,seed98185.png
-14.8313675,-20.318682,seed98186.png
35.38845,9.071856,seed98187.png
18.038923,-8.9887,seed98188.png
-13.520269,10.509026,seed98189.png
-25.60874,2.6043952,seed9819.png
-23.48176,-24.409718,seed98190.png
11.15957,13.175736,seed98191.png
11.046114,-42.289223,seed98192.png
4.202179,3.6025457,seed98193.png
-31.691618,-6.2622657,seed98194.png
40.092655,12.695631,seed98195.png
31.031725,17.851257,seed98196.png
-0.5015992,-16.135605,seed98197.png
-24.332792,-8.6842,seed98198.png
19.929522,4.8526416,seed98199.png
15.054819,16.154583,seed9820.png
12.92075,1.5153075,seed98200.png
21.109035,23.941154,seed98201.png
18.138262,11.905308,seed98202.png
31.495224,5.219236,seed98203.png
-31.409243,-10.648123,seed98204.png
23.464933,-1.0094662,seed98205.png
-13.902101,-28.062887,seed98206.png
-22.001694,9.840768,seed98207.png
8.612512,-28.764065,seed98208.png
31.005953,1.3931855,seed98209.png
-28.721031,-1.6234536,seed9821.png
37.053585,24.370523,seed98210.png
-6.1045465,-21.192608,seed98211.png
0.5744056,-22.045794,seed98212.png
-2.852791,18.469236,seed98213.png
-23.274504,-20.305614,seed98214.png
-15.015746,-18.38011,seed98215.png
-35.344593,18.940315,seed98216.png
10.934961,1.8168712,seed98217.png
28.442564,10.826721,seed98218.png
-19.805805,-9.590059,seed98219.png
18.635273,-0.0807765,seed9822.png
-23.353983,-29.2407,seed98220.png
-12.880637,2.2678027,seed98221.png
31.982302,18.4902,seed98222.png
-24.221508,-3.519144,seed98223.png
15.188474,-35.88298,seed98224.png
33.3683,26.840654,seed98225.png
38.897488,14.496702,seed98226.png
-34.328228,5.288911,seed98227.png
-25.813643,3.072046,seed98228.png
33.840393,12.903389,seed98229.png
20.939512,-5.8196845,seed9823.png
-14.421366,-17.025625,seed98230.png
13.956555,27.16429,seed98231.png
29.632835,-0.8940871,seed98232.png
-24.709726,-10.853928,seed98233.png
14.919005,-13.060628,seed98234.png
41.141373,16.79391,seed98235.png
19.095528,28.900816,seed98236.png
-34.00798,6.900753,seed98237.png
-21.287542,9.779205,seed98238.png
-32.165363,-0.31768674,seed98239.png
15.408572,-36.496616,seed9824.png
38.227947,22.751522,seed98240.png
-36.59196,24.111612,seed98241.png
9.514054,6.9173126,seed98242.png
-16.941162,-24.670738,seed98243.png
-21.829605,18.444807,seed98244.png
25.869825,27.22545,seed98245.png
35.176434,22.00927,seed98246.png
16.334213,15.922295,seed98247.png
17.347584,2.1811295,seed98248.png
-33.705456,23.161972,seed98249.png
-14.573632,-19.935177,seed9825.png
2.6876268,-1.8205715,seed98250.png
24.018589,22.927246,seed98251.png
-32.933743,3.1092021,seed98252.png
-34.32396,9.667802,seed98253.png
5.820955,-32.8084,seed98254.png
40.305733,14.020404,seed98255.png
20.59709,0.7330311,seed98256.png
4.1207795,-27.695993,seed98257.png
-13.069525,-6.8228426,seed98258.png
30.95257,11.83846,seed98259.png
8.814685,-38.778927,seed9826.png
25.259592,23.324991,seed98260.png
13.274389,-35.82847,seed98261.png
3.0551555,-24.55031,seed98262.png
28.104778,5.347924,seed98263.png
8.965462,4.6641135,seed98264.png
-29.224344,-16.204138,seed98265.png
12.572286,-40.79262,seed98266.png
12.129558,23.12363,seed98267.png
22.52928,16.729952,seed98268.png
-16.385925,-7.764553,seed98269.png
13.361355,-28.370697,seed9827.png
7.684278,-31.306131,seed98270.png
-12.335236,-22.04505,seed98271.png
39.707615,14.777126,seed98272.png
11.485501,9.291598,seed98273.png
15.827341,26.593409,seed98274.png
-21.067326,-13.7560425,seed98275.png
7.8765063,-28.222353,seed98276.png
-15.414632,-28.476374,seed98277.png
21.657198,-3.9133658,seed98278.png
10.422775,-30.486788,seed98279.png
29.848106,13.233418,seed9828.png
-22.383698,14.288769,seed98280.png
-19.154829,-2.8382087,seed98281.png
15.257642,27.538338,seed98282.png
-37.988182,13.245476,seed98283.png
-13.792244,-30.316212,seed98284.png
31.830217,22.195564,seed98285.png
-5.9212184,-24.836918,seed98286.png
11.382882,-21.80254,seed98287.png
-26.597523,10.592221,seed98288.png
12.640286,-42.06927,seed98289.png
20.605171,-3.0437255,seed9829.png
10.91343,17.412493,seed98290.png
-16.659779,-30.224154,seed98291.png
-29.52625,-14.208312,seed98292.png
-3.3405576,-0.6490434,seed98293.png
8.033195,-28.218786,seed98294.png
6.8232718,-5.0274863,seed98295.png
-22.236786,-3.3973372,seed98296.png
6.2088084,1.9387606,seed98297.png
8.786595,7.1564736,seed98298.png
24.790285,17.60641,seed98299.png
-27.456232,-4.5036917,seed9830.png
-25.549583,-1.0208297,seed98300.png
38.502945,24.379786,seed98301.png
8.374809,-40.949512,seed98302.png
32.702164,2.6594048,seed98303.png
39.56114,23.28863,seed98304.png
-11.956457,2.505303,seed98305.png
36.096657,20.675377,seed98306.png
7.772665,17.785095,seed98307.png
-0.5067123,22.082878,seed98308.png
-34.457092,0.0014661058,seed98309.png
-15.0564785,-14.048905,seed9831.png
39.127834,20.063986,seed98310.png
-1.0681127,16.534279,seed98311.png
33.740444,21.315634,seed98312.png
-2.0469143,-15.725513,seed98313.png
2.6345766,-14.976061,seed98314.png
-14.160383,-17.66617,seed98315.png
20.339504,22.23374,seed98316.png
-25.833452,4.9108458,seed98317.png
-25.749527,-19.925016,seed98318.png
9.789477,11.427148,seed98319.png
27.643541,6.6436934,seed9832.png
-28.86253,-15.091256,seed98320.png
-11.063347,-21.828009,seed98321.png
-27.86319,1.9711804,seed98322.png
17.405235,6.3963747,seed98323.png
25.799793,18.036867,seed98324.png
-24.218884,13.272717,seed98325.png
-27.13296,8.556358,seed98326.png
-26.2436,-5.3189964,seed98327.png
14.3399,4.5225058,seed98328.png
-25.38061,16.109259,seed98329.png
-15.002165,-29.726215,seed9833.png
35.79855,26.002745,seed98330.png
-27.562857,2.4568803,seed98331.png
23.899746,22.684942,seed98332.png
1.2834166,3.8853695,seed98333.png
40.07948,16.306614,seed98334.png
27.941238,1.1678406,seed98335.png
9.085399,8.370555,seed98336.png
-34.002792,-1.7030004,seed98337.png
-12.468293,-13.4983015,seed98338.png
31.796482,21.988836,seed98339.png
-18.05797,-25.926647,seed9834.png
-33.36463,-8.657383,seed98340.png
15.290696,-32.102795,seed98341.png
28.352621,13.158714,seed98342.png
18.10351,19.983427,seed98343.png
-14.981686,-31.83276,seed98344.png
-19.330898,-3.555395,seed98345.png
2.0385723,14.618966,seed98346.png
-16.06903,1.5882515,seed98347.png
-29.7135,9.720622,seed98348.png
25.882019,-0.49673662,seed98349.png
-16.203463,5.5936346,seed9835.png
-9.467199,1.1959379,seed98350.png
16.915592,22.990229,seed98351.png
-2.482616,-0.16274346,seed98352.png
5.963557,14.10627,seed98353.png
-34.707283,27.553017,seed98354.png
-8.487203,-14.207709,seed98355.png
2.1228752,15.643746,seed98356.png
-18.738106,-2.8522506,seed98357.png
36.192562,10.213791,seed98358.png
40.374687,21.728922,seed98359.png
23.220764,13.206816,seed9836.png
15.1639385,24.356506,seed98360.png
13.461253,-12.1233,seed98361.png
7.1118064,-24.031696,seed98362.png
22.859812,22.885489,seed98363.png
-0.68641305,15.595412,seed98364.png
-18.46705,-28.73192,seed98365.png
-11.732016,-19.27514,seed98366.png
1.2118983,23.07015,seed98367.png
9.685356,-23.400156,seed98368.png
-13.729991,1.5329611,seed98369.png
16.198574,0.27862146,seed9837.png
16.252499,-36.838463,seed98370.png
13.549513,19.99759,seed98371.png
34.76951,22.401968,seed98372.png
-3.1506398,-15.439767,seed98373.png
-28.416403,-2.3909996,seed98374.png
34.449665,13.156355,seed98375.png
38.938335,17.760492,seed98376.png
-17.38372,8.135888,seed98377.png
-5.812901,-23.018438,seed98378.png
-18.761047,-28.38625,seed98379.png
-35.930584,26.078653,seed9838.png
34.999496,21.825537,seed98380.png
-11.2099905,-7.9774256,seed98381.png
14.515993,-5.219356,seed98382.png
-33.725876,-3.9442885,seed98383.png
-23.196224,6.5969977,seed98384.png
11.396701,-26.327248,seed98385.png
-23.787888,-10.774898,seed98386.png
-13.19083,-30.887802,seed98387.png
10.8748865,-25.358103,seed98388.png
16.734924,22.303247,seed98389.png
-5.578222,-4.44264,seed9839.png
-11.654424,-12.989916,seed98390.png
29.343039,9.449431,seed98391.png
-2.75289,-12.39904,seed98392.png
-0.054245222,24.943115,seed98393.png
16.788902,24.63877,seed98394.png
-25.675728,3.440775,seed98395.png
-22.963755,-23.76716,seed98396.png
-32.178772,6.123681,seed98397.png
17.073439,16.439098,seed98398.png
-26.092072,-0.4141716,seed98399.png
41.90744,20.223724,seed9840.png
4.34639,20.663015,seed98400.png
8.791407,-28.574284,seed98401.png
11.090094,27.521261,seed98402.png
9.55389,21.35315,seed98403.png
-3.4955301,0.76041526,seed98404.png
-24.336967,-17.227978,seed98405.png
16.054237,-37.41692,seed98406.png
-0.35020268,23.710297,seed98407.png
-4.7881427,-17.305756,seed98408.png
30.767223,9.765486,seed98409.png
-29.976677,15.588439,seed9841.png
23.123413,25.011105,seed98410.png
31.928984,12.72839,seed98411.png
7.4212475,-6.560663,seed98412.png
-17.268347,-25.002182,seed98413.png
31.401743,27.751064,seed98414.png
3.591032,19.283281,seed98415.png
7.401558,-38.961094,seed98416.png
-15.099742,-2.8705544,seed98417.png
-26.370203,4.5703917,seed98418.png
-17.143406,-8.729583,seed98419.png
-21.350874,-28.400314,seed9842.png
-35.968594,20.32241,seed98420.png
0.7926842,21.688246,seed98421.png
13.399782,21.615734,seed98422.png
-26.895247,-19.960821,seed98423.png
-27.626276,-1.1853296,seed98424.png
-9.289989,-11.629342,seed98425.png
0.9493344,16.417873,seed98426.png
-25.777384,-19.109919,seed98427.png
-25.992008,2.80884,seed98428.png
5.5122814,7.638612,seed98429.png
-18.098513,16.697416,seed9843.png
-1.27443,-12.229727,seed98430.png
-5.4219956,-25.466866,seed98431.png
-21.2219,-16.122705,seed98432.png
-14.825613,-27.429249,seed98433.png
-4.3960524,15.048271,seed98434.png
26.969206,12.61944,seed98435.png
-22.392736,2.5202408,seed98436.png
22.45319,-5.0295463,seed98437.png
-23.962694,9.228435,seed98438.png
-13.805335,-16.114557,seed98439.png
26.795958,-2.6347187,seed9844.png
2.0394115,14.867064,seed98440.png
35.35243,23.013437,seed98441.png
21.100245,17.34282,seed98442.png
-15.427955,1.249095,seed98443.png
-13.566259,-28.865208,seed98444.png
16.08011,13.83652,seed98445.png
8.348863,5.327034,seed98446.png
9.055328,3.9825435,seed98447.png
-30.48582,-0.3333084,seed98448.png
35.79618,6.9150434,seed98449.png
3.603314,2.932573,seed9845.png
2.1322334,-12.26618,seed98450.png
1.3704041,11.566504,seed98451.png
9.629676,-1.8791046,seed98452.png
-15.984114,1.0030391,seed98453.png
10.102341,-36.16999,seed98454.png
6.771424,-37.45529,seed98455.png
-21.306374,16.34857,seed98456.png
13.596657,-39.134384,seed98457.png
-16.778929,-29.699257,seed98458.png
5.9510903,-28.228058,seed98459.png
17.011192,-0.9501289,seed9846.png
-22.31404,-21.948856,seed98460.png
-23.692259,-21.883314,seed98461.png
-22.979221,-2.9613123,seed98462.png
-5.077239,15.016701,seed98463.png
-14.552894,-10.29864,seed98464.png
-24.89792,14.560369,seed98465.png
10.664993,-34.356907,seed98466.png
-36.345272,1.4596859,seed98467.png
34.584763,13.443517,seed98468.png
-32.097496,4.7401814,seed98469.png
-0.57661736,3.2196047,seed9847.png
-38.195175,10.767547,seed98470.png
4.988609,0.87027407,seed98471.png
17.021667,-33.724056,seed98472.png
-6.4393697,-9.133977,seed98473.png
-24.82577,8.82745,seed98474.png
-9.296989,-20.942549,seed98475.png
38.211308,16.891216,seed98476.png
-24.290665,-24.408152,seed98477.png
-2.10327,12.175391,seed98478.png
11.423292,2.9662676,seed98479.png
-20.57862,17.458448,seed9848.png
12.379131,-23.33656,seed98480.png
-24.222275,4.038328,seed98481.png
-14.133598,-18.972486,seed98482.png
-9.915564,-19.095125,seed98483.png
-16.130035,-19.779419,seed98484.png
-28.356688,-5.2022285,seed98485.png
7.4552016,-38.975376,seed98486.png
13.498868,-0.7116761,seed98487.png
33.78665,6.016955,seed98488.png
-25.465683,1.8129163,seed98489.png
-35.065388,21.515917,seed9849.png
20.754295,8.632588,seed98490.png
3.8870265,24.96943,seed98491.png
4.573012,-34.42888,seed98492.png
4.9090333,16.635422,seed98493.png
13.937793,-34.90033,seed98494.png
29.62794,5.756149,seed98495.png
-28.615583,-1.8082682,seed98496.png
2.839499,19.2725,seed98497.png
-2.9728365,-17.331055,seed98498.png
8.361182,21.507963,seed98499.png
-23.508112,5.7312155,seed9850.png
9.19241,0.92124426,seed98500.png
36.378445,26.320524,seed98501.png
16.870396,3.900371,seed98502.png
7.153929,-3.3824112,seed98503.png
26.54065,28.372408,seed98504.png
10.993749,-28.317215,seed98505.png
-14.42373,-31.008543,seed98506.png
-25.234703,-0.9293459,seed98507.png
-34.137108,23.22117,seed98508.png
23.49892,9.578508,seed98509.png
-15.603362,-24.985462,seed9851.png
24.291643,0.10787423,seed98510.png
-29.720507,-1.363068,seed98511.png
14.5149145,-2.0937142,seed98512.png
-32.11554,25.792353,seed98513.png
-27.77059,-8.40846,seed98514.png
-10.957872,-11.187483,seed98515.png
1.2275184,-10.63979,seed98516.png
-23.404825,-6.7797904,seed98517.png
10.628086,12.157472,seed98518.png
17.1446,-35.11144,seed98519.png
8.923825,-29.04048,seed9852.png
-0.020585557,10.214479,seed98520.png
-15.172778,-5.7668242,seed98521.png
-18.68803,-8.713455,seed98522.png
-3.70346,3.1768649,seed98523.png
-16.60191,3.3971863,seed98524.png
-27.941149,-6.0614862,seed98525.png
-1.449049,-18.30001,seed98526.png
35.105045,10.716207,seed98527.png
9.656754,-32.856796,seed98528.png
-0.80083054,-10.306273,seed98529.png
27.244133,14.011846,seed9853.png
37.59701,9.994794,seed98530.png
-0.7093896,11.092787,seed98531.png
-28.370255,-10.770191,seed98532.png
-21.33815,14.207065,seed98533.png
9.815732,5.5905104,seed98534.png
10.353597,-34.23899,seed98535.png
13.016305,-5.4344563,seed98536.png
26.123568,3.4323773,seed98537.png
8.762875,-38.022514,seed98538.png
28.646395,22.162642,seed98539.png
-17.20087,-27.4882,seed9854.png
11.845131,12.048133,seed98540.png
-15.997569,-16.919634,seed98541.png
-15.178992,-17.246496,seed98542.png
15.955616,27.172344,seed98543.png
-30.485334,10.202803,seed98544.png
-12.713768,-0.90108895,seed98545.png
-27.9616,0.9533753,seed98546.png
8.536337,-37.60001,seed98547.png
-14.050196,-12.251425,seed98548.png
35.171413,23.986277,seed98549.png
-12.67951,-27.705074,seed9855.png
8.466562,9.634858,seed98550.png
7.1312184,8.624602,seed98551.png
10.326391,-36.06559,seed98552.png
-19.819105,-23.480175,seed98553.png
-22.152193,8.802449,seed98554.png
18.501196,13.812824,seed98555.png
16.850212,0.93368894,seed98556.png
13.374433,-1.4254827,seed98557.png
12.22764,14.020791,seed98558.png
10.5262165,8.823962,seed98559.png
34.085297,27.361134,seed9856.png
10.951789,0.44950885,seed98560.png
-27.586418,-12.968918,seed98561.png
-34.487724,26.644516,seed98562.png
-26.52816,-1.0735047,seed98563.png
-13.484966,-3.668468,seed98564.png
-31.522625,16.453972,seed98565.png
7.6546974,-30.163769,seed98566.png
-12.556616,6.027405,seed98567.png
5.854205,-2.507426,seed98568.png
27.222319,0.6745347,seed98569.png
-9.74257,-6.141902,seed9857.png
-6.4573,-18.667776,seed98570.png
-28.69773,15.849575,seed98571.png
20.3602,1.9805073,seed98572.png
8.383726,-34.735874,seed98573.png
-29.76038,1.2933285,seed98574.png
33.848698,22.795101,seed98575.png
-21.73358,-26.344725,seed98576.png
36.5557,15.4723835,seed98577.png
11.229428,-34.004147,seed98578.png
7.2456765,-10.225847,seed98579.png
26.765757,4.772409,seed9858.png
-27.13816,21.085716,seed98580.png
-30.450068,15.562928,seed98581.png
16.277514,12.508659,seed98582.png
-20.073557,-3.7281964,seed98583.png
-21.04662,12.297199,seed98584.png
38.63762,24.210407,seed98585.png
39.053047,15.049743,seed98586.png
-29.040821,9.604748,seed98587.png
13.696571,-30.597734,seed98588.png
27.895048,16.771437,seed98589.png
-30.513544,15.734558,seed9859.png
20.784885,17.345888,seed98590.png
7.424958,-30.34183,seed98591.png
1.4484786,21.884449,seed98592.png
-22.582863,-25.824917,seed98593.png
18.172901,6.9031696,seed98594.png
7.52484,-27.901623,seed98595.png
22.946508,18.651222,seed98596.png
-24.444674,4.78444,seed98597.png
37.48153,18.602627,seed98598.png
37.31699,8.419515,seed98599.png
5.4137177,-26.349094,seed9860.png
7.420901,-6.793599,seed98600.png
-12.0915,-11.34576,seed98601.png
-30.579657,1.9455545,seed98602.png
-29.743456,19.0118,seed98603.png
18.145971,22.194834,seed98604.png
-11.386364,-0.20660552,seed98605.png
-1.2072144,-16.355059,seed98606.png
-24.381447,3.891018,seed98607.png
3.7357407,-4.9661093,seed98608.png
12.874933,6.702916,seed98609.png
-35.03676,-7.8674393,seed9861.png
-15.034037,9.906491,seed98610.png
11.099269,1.4578322,seed98611.png
6.237749,-3.3660707,seed98612.png
-17.334604,-7.603459,seed98613.png
-10.520722,-1.2393103,seed98614.png
37.031513,7.8899636,seed98615.png
4.6044827,12.500231,seed98616.png
-16.10412,-12.72084,seed98617.png
17.289753,3.5353458,seed98618.png
12.744015,5.722489,seed98619.png
-2.9146397,14.268301,seed9862.png
3.456174,10.156503,seed98620.png
-15.724371,-2.9389274,seed98621.png
-11.545189,-16.773624,seed98622.png
-27.014114,5.937258,seed98623.png
-31.214973,10.747629,seed98624.png
25.056698,2.2548127,seed98625.png
20.193396,-10.330828,seed98626.png
-13.774506,-6.4984136,seed98627.png
20.455652,15.419975,seed98628.png
24.421326,12.582746,seed98629.png
-3.5948172,-4.765277,seed9863.png
30.606226,11.541695,seed98630.png
8.670157,2.1540086,seed98631.png
12.619128,2.1903617,seed98632.png
32.61883,8.491587,seed98633.png
32.067497,22.49295,seed98634.png
10.295135,-38.83045,seed98635.png
12.02921,-37.41663,seed98636.png
-37.218376,17.142176,seed98637.png
-14.395122,-10.486605,seed98638.png
-8.66401,-11.228839,seed98639.png
34.77001,23.861702,seed9864.png
-32.562675,18.162947,seed98640.png
4.543344,-33.26948,seed98641.png
19.083881,1.0298153,seed98642.png
-25.596653,-5.156491,seed98643.png
28.176678,6.994521,seed98644.png
-25.375607,16.420057,seed98645.png
26.814554,24.374846,seed98646.png
4.1163607,2.175512,seed98647.png
-20.30141,-18.033594,seed98648.png
33.324062,3.373199,seed98649.png
-22.381084,16.446396,seed9865.png
-19.39067,5.3719726,seed98650.png
-17.99188,-8.076193,seed98651.png
-28.13244,-3.4210863,seed98652.png
-18.987886,11.362687,seed98653.png
-19.86925,0.92849547,seed98654.png
-15.656421,9.143151,seed98655.png
-27.28015,-3.557145,seed98656.png
-19.88313,-16.316319,seed98657.png
-31.2713,26.539783,seed98658.png
-0.006202563,24.478706,seed98659.png
-22.962202,0.248422,seed9866.png
-20.48937,-16.37674,seed98660.png
22.32761,17.266981,seed98661.png
-5.1461816,-18.605797,seed98662.png
6.59164,-26.336275,seed98663.png
-29.104136,-18.831255,seed98664.png
12.111502,-28.042786,seed98665.png
-15.99158,-13.828965,seed98666.png
-13.549613,-19.40911,seed98667.png
-15.352053,-4.0587616,seed98668.png
7.974808,9.578413,seed98669.png
10.172102,-43.223442,seed9867.png
-25.47391,2.6112876,seed98670.png
-19.883398,7.859233,seed98671.png
9.4939,16.08236,seed98672.png
-29.991758,-1.3117914,seed98673.png
19.775202,27.098614,seed98674.png
-11.24941,-10.435141,seed98675.png
15.343365,-37.762638,seed98676.png
6.517677,-42.230076,seed98677.png
-19.588047,-2.8281205,seed98678.png
3.9964118,6.1307516,seed98679.png
14.549244,-5.140825,seed9868.png
15.925158,24.194956,seed98680.png
36.146034,13.119094,seed98681.png
-31.233881,-5.8788047,seed98682.png
37.678234,15.995279,seed98683.png
-22.628992,3.443879,seed98684.png
19.263083,8.4415045,seed98685.png
-7.6537495,-16.432259,seed98686.png
-20.558746,-16.896027,seed98687.png
1.654787,16.923254,seed98688.png
2.4543064,16.789152,seed98689.png
-0.29860634,-26.944027,seed9869.png
34.897137,6.744534,seed98690.png
13.433152,-41.66277,seed98691.png
8.386486,-13.001488,seed98692.png
21.34415,-9.112331,seed98693.png
6.0472946,-28.099333,seed98694.png
-14.643586,1.9427065,seed98695.png
-31.357119,8.325279,seed98696.png
-28.583721,1.6121575,seed98697.png
20.65977,6.602037,seed98698.png
-23.458464,-0.41450468,seed98699.png
-33.67245,-6.228351,seed9870.png
8.051581,-9.059213,seed98700.png
-19.942255,8.38339,seed98701.png
22.108343,-2.322767,seed98702.png
-11.255535,-11.089921,seed98703.png
-35.26645,-8.053209,seed98704.png
12.171641,-29.625616,seed98705.png
-21.869751,-8.701067,seed98706.png
34.679337,19.848364,seed98707.png
-0.92854005,-12.558912,seed98708.png
37.70109,17.88731,seed98709.png
0.4917139,-11.510871,seed9871.png
-22.80155,-13.724533,seed98710.png
21.877531,3.6642702,seed98711.png
5.504785,-9.219375,seed98712.png
-20.48409,-26.54217,seed98713.png
-31.72967,24.096514,seed98714.png
20.59573,-1.2665935,seed98715.png
13.883877,-36.315258,seed98716.png
9.7197275,-0.37529972,seed98717.png
-28.090172,-0.11759485,seed98718.png
-24.270302,-20.827368,seed98719.png
-19.582094,-27.795471,seed9872.png
19.099543,24.669558,seed98720.png
-3.0653746,-12.764526,seed98721.png
13.997482,18.132095,seed98722.png
-18.944033,15.337981,seed98723.png
24.740759,-2.184574,seed98724.png
-21.397627,11.598966,seed98725.png
34.317818,19.854733,seed98726.png
-14.650496,-1.3219674,seed98727.png
-19.175207,-12.393186,seed98728.png
17.15647,-34.616493,seed98729.png
10.9669695,-2.4079962,seed9873.png
-9.275961,-16.156229,seed98730.png
-15.696864,-21.52978,seed98731.png
20.509272,5.6272373,seed98732.png
20.963009,-4.4985,seed98733.png
18.402853,13.151856,seed98734.png
13.405954,-2.893731,seed98735.png
23.852413,18.765953,seed98736.png
-13.284029,3.2568202,seed98737.png
-14.084731,-17.822697,seed98738.png
1.6564037,18.54527,seed98739.png
-30.719078,16.662443,seed9874.png
13.657153,23.935383,seed98740.png
21.922483,-1.6821628,seed98741.png
15.549828,25.837523,seed98742.png
2.1912494,-11.859924,seed98743.png
-20.526543,-2.3356817,seed98744.png
-15.522065,-28.944195,seed98745.png
0.961697,22.67796,seed98746.png
32.467674,0.98818326,seed98747.png
0.062283624,11.756564,seed98748.png
18.82957,26.297913,seed98749.png
-10.138511,-14.9239435,seed9875.png
12.1876,23.655905,seed98750.png
-31.128616,3.2142558,seed98751.png
-26.384422,-5.971346,seed98752.png
8.080811,1.6235162,seed98753.png
6.767531,-38.5351,seed98754.png
29.799986,26.45848,seed98755.png
18.712778,-5.8837495,seed98756.png
-24.80276,-9.093396,seed98757.png
-2.0448802,22.77722,seed98758.png
-12.038089,-29.610289,seed98759.png
35.37747,13.846921,seed9876.png
-20.111134,3.1871703,seed98760.png
10.227962,10.948743,seed98761.png
0.46243685,13.765428,seed98762.png
-15.662519,-13.486197,seed98763.png
-36.695168,26.16141,seed98764.png
18.891563,18.553196,seed98765.png
10.849337,0.42393717,seed98766.png
26.724129,12.490786,seed98767.png
-14.28288,-8.699647,seed98768.png
-10.882118,-12.576848,seed98769.png
22.357128,9.527186,seed9877.png
-30.317709,16.93954,seed98770.png
11.84358,-14.940071,seed98771.png
-10.957908,-23.115402,seed98772.png
-14.883405,-17.516922,seed98773.png
-3.008845,-10.55567,seed98774.png
-28.489178,-5.19611,seed98775.png
18.545639,8.494497,seed98776.png
-34.21133,3.8213913,seed98777.png
27.086788,1.8635211,seed98778.png
-9.436981,-27.987745,seed98779.png
26.79673,3.282059,seed9878.png
-32.04084,19.92883,seed98780.png
-36.615993,25.561037,seed98781.png
-19.149996,-5.8956895,seed98782.png
-14.503081,-11.27383,seed98783.png
-35.58406,17.959442,seed98784.png
-33.173294,-11.2980585,seed98785.png
-30.213728,-6.8635654,seed98786.png
-11.43683,-27.485046,seed98787.png
7.583291,1.1674744,seed98788.png
-9.056582,12.088639,seed98789.png
-34.62035,10.114675,seed9879.png
-15.180154,-19.311375,seed98790.png
29.507399,26.860956,seed98791.png
38.27583,22.022154,seed98792.png
9.742226,-3.9124198,seed98793.png
-4.2847376,-11.955153,seed98794.png
-31.19027,5.6654325,seed98795.png
-24.30029,-11.127701,seed98796.png
-34.703514,16.754269,seed98797.png
11.540573,-2.6349216,seed98798.png
39.847874,13.074143,seed98799.png
3.2749634,-12.175918,seed9880.png
0.36082435,-16.16615,seed98800.png
2.0661173,-14.986002,seed98801.png
14.40072,-6.04209,seed98802.png
11.303806,17.49705,seed98803.png
-16.87519,-16.462307,seed98804.png
32.064354,17.36978,seed98805.png
-19.159504,13.027614,seed98806.png
2.301098,25.444035,seed98807.png
39.216736,19.22409,seed98808.png
6.8164406,19.924381,seed98809.png
8.693705,-1.0493711,seed9881.png
-22.608679,9.901083,seed98810.png
-23.681005,-6.8725734,seed98811.png
25.492262,19.402765,seed98812.png
-21.069447,8.2774315,seed98813.png
37.523983,7.18339,seed98814.png
22.634747,-6.0607038,seed98815.png
11.066229,-38.662792,seed98816.png
30.294827,12.311212,seed98817.png
-18.045837,-20.457176,seed98818.png
-24.932312,1.8015208,seed98819.png
-28.27827,17.674908,seed9882.png
-15.834224,0.022258671,seed98820.png
41.05597,22.858774,seed98821.png
-22.997673,17.868494,seed98822.png
-36.06705,10.753765,seed98823.png
20.840696,15.195436,seed98824.png
-18.32757,-4.2797084,seed98825.png
-33.514626,-7.256098,seed98826.png
-17.071535,10.584559,seed98827.png
39.13343,7.8766885,seed98828.png
-35.429985,12.979096,seed98829.png
-32.490173,13.347541,seed9883.png
0.7335249,-8.203392,seed98830.png
3.3225722,25.81571,seed98831.png
-27.290678,-11.016863,seed98832.png
-17.008768,-13.76132,seed98833.png
-35.53906,9.085375,seed98834.png
-22.872175,0.73523295,seed98835.png
-12.436402,-13.177413,seed98836.png
5.825918,-3.1130576,seed98837.png
8.700227,-31.54298,seed98838.png
33.899902,10.275793,seed98839.png
-17.076868,4.236072,seed9884.png
34.541542,9.746797,seed98840.png
-29.980927,-9.010201,seed98841.png
15.243852,20.652283,seed98842.png
-2.8729768,11.365218,seed98843.png
-11.485596,4.1382885,seed98844.png
16.493067,18.59186,seed98845.png
13.606956,5.645478,seed98846.png
16.504324,28.103466,seed98847.png
17.203465,-6.210887,seed98848.png
9.320068,-33.243782,seed98849.png
-14.271042,-11.89127,seed9885.png
11.496526,27.450706,seed98850.png
36.172146,21.102404,seed98851.png
-19.62143,-12.065416,seed98852.png
15.038406,12.969923,seed98853.png
32.630768,9.550168,seed98854.png
-24.442926,-13.267758,seed98855.png
32.409668,14.082848,seed98856.png
12.25481,18.336895,seed98857.png
-23.194906,-6.137449,seed98858.png
6.482658,22.413631,seed98859.png
12.695485,-4.0479136,seed9886.png
-20.483173,14.964758,seed98860.png
16.432444,-5.9588013,seed98861.png
22.075788,15.475233,seed98862.png
-20.793024,-21.389122,seed98863.png
-36.659767,-3.432166,seed98864.png
25.86342,17.50147,seed98865.png
29.949844,11.176003,seed98866.png
-25.652082,-7.590743,seed98867.png
16.502754,2.9495451,seed98868.png
14.774551,-31.665123,seed98869.png
-26.382383,10.896542,seed9887.png
12.388939,-30.103142,seed98870.png
-3.5394566,-7.7732263,seed98871.png
-7.7127023,-13.342601,seed98872.png
-19.16748,-4.771572,seed98873.png
16.234041,25.10293,seed98874.png
37.305817,12.57146,seed98875.png
20.516302,18.47868,seed98876.png
14.112391,-22.757069,seed98877.png
-23.842388,13.141303,seed98878.png
-30.202478,14.652089,seed98879.png
7.4336004,22.211464,seed9888.png
-6.8943243,-13.80942,seed98880.png
-18.18157,-2.8862405,seed98881.png
-16.274143,-24.594492,seed98882.png
-29.254818,15.424072,seed98883.png
-23.246208,-21.211447,seed98884.png
37.865063,8.668232,seed98885.png
6.62161,-26.335007,seed98886.png
-0.3922837,5.738381,seed98887.png
8.931576,-41.967102,seed98888.png
37.6236,7.868502,seed98889.png
-16.29088,-20.278927,seed9889.png
-11.996207,-29.277554,seed98890.png
-34.100834,0.53974915,seed98891.png
12.629654,13.326289,seed98892.png
2.4005127,-24.444887,seed98893.png
-21.730003,0.17437695,seed98894.png
14.152501,28.00204,seed98895.png
0.554399,-12.725769,seed98896.png
17.771725,-8.190916,seed98897.png
1.3182969,18.719883,seed98898.png
-11.270905,-28.821255,seed98899.png
33.281914,21.46596,seed9890.png
-11.604732,-15.221513,seed98900.png
9.5863085,-20.758974,seed98901.png
14.140628,19.021679,seed98902.png
6.0084004,23.57864,seed98903.png
-9.519008,-0.32355255,seed98904.png
7.401876,-35.675365,seed98905.png
-31.47714,-15.192384,seed98906.png
-26.046413,7.3102994,seed98907.png
-0.5201782,19.450705,seed98908.png
-31.58962,11.216868,seed98909.png
-32.03649,24.482746,seed9891.png
9.5885725,12.427134,seed98910.png
20.221914,23.475954,seed98911.png
15.062435,-6.7278037,seed98912.png
-31.950466,15.516877,seed98913.png
9.817111,7.886587,seed98914.png
-7.3248763,-8.383954,seed98915.png
35.61906,6.009713,seed98916.png
-22.13195,2.2960386,seed98917.png
7.635563,11.621408,seed98918.png
15.639631,-4.2080207,seed98919.png
19.74388,26.157658,seed9892.png
-38.79719,21.561552,seed98920.png
29.41206,22.908564,seed98921.png
17.753412,28.8303,seed98922.png
32.547707,26.21776,seed98923.png
30.820318,17.417427,seed98924.png
-35.565582,17.256989,seed98925.png
18.438557,11.595327,seed98926.png
-29.85275,14.329541,seed98927.png
15.853933,19.639013,seed98928.png
15.313146,-37.10271,seed98929.png
-0.4670337,24.016237,seed9893.png
-32.31105,12.948126,seed98930.png
1.7250506,15.203563,seed98931.png
-16.13908,-6.528698,seed98932.png
11.628725,-2.3022673,seed98933.png
16.434683,7.9753942,seed98934.png
-12.830316,-22.71247,seed98935.png
10.014375,-13.047048,seed98936.png
-30.876646,2.7411308,seed98937.png
-34.827427,27.524149,seed98938.png
-2.09141,24.07908,seed98939.png
40.15459,19.899311,seed9894.png
7.7188177,-4.0293503,seed98940.png
2.5489843,-16.239841,seed98941.png
22.014568,14.84183,seed98942.png
15.649927,-6.122009,seed98943.png
13.109437,-37.513874,seed98944.png
14.300227,-1.3515272,seed98945.png
3.0815685,10.486406,seed98946.png
4.939413,4.263869,seed98947.png
34.432697,26.434204,seed98948.png
10.17305,-42.051163,seed98949.png
-12.043705,-29.713867,seed9895.png
-8.478385,-11.353064,seed98950.png
-19.351557,-9.393756,seed98951.png
30.085096,9.843213,seed98952.png
-17.335339,2.3857386,seed98953.png
-31.175323,-14.674722,seed98954.png
18.449856,18.472689,seed98955.png
22.705538,12.259505,seed98956.png
10.22494,16.54583,seed98957.png
2.4492178,13.628043,seed98958.png
34.612156,17.519901,seed98959.png
11.492392,7.5054526,seed9896.png
-4.5452986,13.836486,seed98960.png
32.597424,18.81799,seed98961.png
17.14277,20.272606,seed98962.png
-18.550537,5.1753635,seed98963.png
-9.302678,-14.907668,seed98964.png
17.28369,-35.82588,seed98965.png
13.7368,-30.812315,seed98966.png
9.5346,-4.67553,seed98967.png
-19.10528,2.4299803,seed98968.png
25.656467,4.9895973,seed98969.png
-24.959665,11.926064,seed9897.png
15.639357,-29.206411,seed98970.png
-15.687011,-4.683617,seed98971.png
-0.89276475,22.525352,seed98972.png
-10.099315,-21.359587,seed98973.png
39.066467,12.006252,seed98974.png
-23.23404,6.6281347,seed98975.png
6.55341,9.244499,seed98976.png
16.12421,-7.6932616,seed98977.png
9.423744,-3.967579,seed98978.png
-11.032133,-21.006771,seed98979.png
-9.617681,1.7400662,seed9898.png
-20.723896,-21.773941,seed98980.png
-24.72249,8.16936,seed98981.png
-28.72426,13.901553,seed98982.png
3.7906692,15.002606,seed98983.png
29.23199,13.46967,seed98984.png
11.261892,-35.87426,seed98985.png
22.3437,8.159548,seed98986.png
26.923697,7.375762,seed98987.png
21.234154,12.97948,seed98988.png
8.988415,9.702562,seed98989.png
-36.67356,13.337418,seed9899.png
-23.742184,4.0575404,seed98990.png
14.844646,13.73802,seed98991.png
7.217807,-10.008097,seed98992.png
-37.70869,20.61835,seed98993.png
-19.611502,-1.5948744,seed98994.png
-8.5664215,-3.2663257,seed98995.png
-26.017092,11.8048725,seed98996.png
-15.617692,-12.143138,seed98997.png
-12.584699,6.076666,seed98998.png
-20.90311,-14.7288065,seed98999.png
34.37553,5.356951,seed9900.png
39.895096,7.1146927,seed99000.png
-33.307,19.278175,seed99001.png
30.058474,27.169662,seed99002.png
29.441395,12.123574,seed99003.png
-18.75153,-3.7538822,seed99004.png
-19.698835,-22.98309,seed99005.png
-18.828176,-17.02074,seed99006.png
-3.5656178,14.8962,seed99007.png
15.866663,-36.374153,seed99008.png
28.344461,27.977184,seed99009.png
15.170849,-32.08624,seed9901.png
-17.120796,-13.950264,seed99010.png
-0.8288852,16.107725,seed99011.png
10.056133,-39.794914,seed99012.png
28.275192,15.584093,seed99013.png
-14.518941,-9.098653,seed99014.png
18.845888,10.992688,seed99015.png
-29.40869,13.678191,seed99016.png
25.645111,23.885859,seed99017.png
-13.614878,-24.62334,seed99018.png
39.879543,17.244024,seed99019.png
24.2566,17.826975,seed9902.png
10.035172,23.609802,seed99020.png
-8.748977,-13.317838,seed99021.png
-14.300124,-19.404661,seed99022.png
11.079868,5.752988,seed99023.png
6.97801,-39.39944,seed99024.png
-7.0716043,-0.43103957,seed99025.png
-25.541826,19.451677,seed99026.png
1.0307614,16.000856,seed99027.png
-21.55306,-0.3116761,seed99028.png
-5.4823704,8.531633,seed99029.png
7.582964,14.607972,seed9903.png
24.246347,16.23506,seed99030.png
-16.0754,-21.715727,seed99031.png
-16.91662,-20.131052,seed99032.png
13.794275,-30.551685,seed99033.png
5.2238483,7.354397,seed99034.png
-32.335506,8.411162,seed99035.png
-22.791515,-9.699416,seed99036.png
10.985743,-28.270195,seed99037.png
-25.901453,-20.837236,seed99038.png
-15.53563,-27.552374,seed99039.png
-24.274841,-5.3341403,seed9904.png
-23.10589,14.378015,seed99040.png
4.896388,-30.98613,seed99041.png
28.056684,14.348518,seed99042.png
3.3049653,14.562504,seed99043.png
10.804311,28.085108,seed99044.png
-32.62975,19.053663,seed99045.png
-27.058443,16.735762,seed99046.png
-5.071279,-2.9228497,seed99047.png
12.228991,-40.876255,seed99048.png
-31.145887,11.446239,seed99049.png
0.28817475,-13.955479,seed9905.png
-9.202885,5.423984,seed99050.png
28.967627,12.077001,seed99051.png
0.17650384,-16.355007,seed99052.png
14.034995,-32.115322,seed99053.png
-23.370491,-21.628735,seed99054.png
10.948055,7.4326444,seed99055.png
-26.818213,11.973013,seed99056.png
33.976433,27.735619,seed99057.png
-3.1682158,23.541378,seed99058.png
11.7125225,-36.865654,seed99059.png
-31.751427,12.61227,seed9906.png
0.59507126,12.462534,seed99060.png
-14.448066,-29.254538,seed99061.png
-15.510559,-27.14078,seed99062.png
-29.708937,10.838628,seed99063.png
11.195828,28.251411,seed99064.png
-9.571848,-8.01954,seed99065.png
9.197421,-37.68168,seed99066.png
7.660426,-27.684593,seed99067.png
-15.1137085,4.8213205,seed99068.png
27.286503,11.265381,seed99069.png
-17.259031,-4.9495173,seed9907.png
-36.968708,25.301579,seed99070.png
36.42929,8.503352,seed99071.png
10.291623,23.293001,seed99072.png
-4.900101,-15.119899,seed99073.png
-28.291216,-7.4502215,seed99074.png
-16.271675,3.9789994,seed99075.png
-13.109943,4.338304,seed99076.png
4.3616085,18.25665,seed99077.png
2.1455123,20.775723,seed99078.png
-6.194596,-7.2957277,seed99079.png
10.454122,-1.2678857,seed9908.png
-34.061214,13.560042,seed99080.png
18.102793,19.850206,seed99081.png
5.196742,4.9182982,seed99082.png
-34.17132,-12.080231,seed99083.png
27.531841,12.670996,seed99084.png
-37.387836,14.331813,seed99085.png
12.62224,0.43399724,seed99086.png
-19.442831,-13.619531,seed99087.png
28.484177,21.274075,seed99088.png
-8.625364,-22.61699,seed99089.png
-8.824997,-13.928242,seed9909.png
36.433125,11.903523,seed99090.png
2.3536987,9.5402155,seed99091.png
16.988716,1.6888727,seed99092.png
-16.796808,-11.09729,seed99093.png
-2.3244672,10.029914,seed99094.png
-27.91841,14.062837,seed99095.png
-0.29022318,22.95251,seed99096.png
4.9940495,-27.804953,seed99097.png
6.756244,-32.473972,seed99098.png
-22.132439,18.151783,seed99099.png
-12.19752,2.4420183,seed9910.png
-20.889254,-18.128626,seed99100.png
35.29059,11.7990465,seed99101.png
13.365304,-30.017504,seed99102.png
7.146715,-21.599306,seed99103.png
15.632323,-36.163944,seed99104.png
-11.577239,6.192845,seed99105.png
-23.08681,12.008743,seed99106.png
0.8108421,21.297256,seed99107.png
20.994593,14.669224,seed99108.png
9.11996,3.8960547,seed99109.png
-12.67006,-5.6305866,seed9911.png
29.52859,8.146179,seed99110.png
7.6618166,-8.157144,seed99111.png
-31.61097,25.601896,seed99112.png
-0.7479118,24.324223,seed99113.png
-31.78214,9.508232,seed99114.png
8.402503,12.498207,seed99115.png
31.032139,18.339062,seed99116.png
-15.08417,-7.842942,seed99117.png
19.081007,6.3196445,seed99118.png
-33.20284,25.742094,seed99119.png
-22.506344,-3.607871,seed9912.png
9.799941,2.7977285,seed99120.png
-19.626265,8.901315,seed99121.png
15.323684,18.390427,seed99122.png
-25.728195,1.0529674,seed99123.png
37.07568,14.352961,seed99124.png
21.55231,14.461362,seed99125.png
-9.853043,-10.886976,seed99126.png
28.85831,17.9598,seed99127.png
-25.041407,2.4029977,seed99128.png
-30.926668,0.7510612,seed99129.png
15.789487,25.436375,seed9913.png
-20.330145,10.966386,seed99130.png
-17.00295,-18.49575,seed99131.png
13.848909,-34.19527,seed99132.png
5.2448263,-24.782755,seed99133.png
19.275616,24.374758,seed99134.png
-21.13387,-8.203824,seed99135.png
13.166137,-7.819187,seed99136.png
-22.354078,-0.0975862,seed99137.png
19.047834,0.6454571,seed99138.png
-16.052118,-4.4301677,seed99139.png
-27.448423,5.037945,seed9914.png
3.3771043,23.87684,seed99140.png
-16.910337,-18.550547,seed99141.png
25.769728,25.20577,seed99142.png
-18.21348,-3.7502804,seed99143.png
-32.065277,22.167494,seed99144.png
-18.833927,-8.528769,seed99145.png
11.15902,-34.503555,seed99146.png
27.40848,7.4240723,seed99147.png
-16.434378,-8.353855,seed99148.png
18.42673,20.045176,seed99149.png
-17.868261,13.098539,seed9915.png
7.120154,-40.05006,seed99150.png
-23.507387,6.322491,seed99151.png
-0.22681835,18.402748,seed99152.png
9.177078,-36.725605,seed99153.png
-21.475597,-5.8071303,seed99154.png
-23.633213,6.6018095,seed99155.png
-25.499708,-18.499342,seed99156.png
-26.29856,-16.133783,seed99157.png
-22.600555,15.2618475,seed99158.png
16.180925,-0.49213186,seed99159.png
-23.926834,3.6688292,seed9916.png
14.697796,24.909098,seed99160.png
-12.649128,-20.466318,seed99161.png
-24.735083,12.225221,seed99162.png
-34.223007,22.295094,seed99163.png
23.602095,6.8700395,seed99164.png
7.573718,-1.7417158,seed99165.png
-20.739143,-30.882956,seed99166.png
-26.338903,-19.523546,seed99167.png
-12.951315,-28.350082,seed99168.png
-26.864977,-18.694796,seed99169.png
-28.835356,-2.399961,seed9917.png
-3.831294,-6.683508,seed99170.png
19.771488,-5.3120546,seed99171.png
21.01444,4.6693983,seed99172.png
-27.323816,-9.070444,seed99173.png
-4.454587,-19.60143,seed99174.png
-23.468,-1.2093099,seed99175.png
5.609277,-3.3438928,seed99176.png
-10.350609,-28.461992,seed99177.png
25.250553,0.9879583,seed99178.png
20.666693,-7.364895,seed99179.png
6.6674385,5.1266613,seed9918.png
-15.184246,-8.192425,seed99180.png
-11.840034,-26.301098,seed99181.png
-17.094357,-12.263866,seed99182.png
-33.914642,17.277206,seed99183.png
-16.55189,-15.893635,seed99184.png
24.386024,5.1996293,seed99185.png
21.004791,16.325005,seed99186.png
-1.5484928,-16.096281,seed99187.png
-14.026593,-26.742346,seed99188.png
-0.42118475,-15.370535,seed99189.png
14.688658,27.555939,seed9919.png
15.118036,-36.27642,seed99190.png
32.66881,1.9916143,seed99191.png
-28.151314,1.3928517,seed99192.png
-30.917246,21.724794,seed99193.png
36.680977,6.5548344,seed99194.png
13.873075,11.010143,seed99195.png
-13.66541,-13.194386,seed99196.png
3.1171482,-28.299675,seed99197.png
13.903395,23.985249,seed99198.png
16.06147,-8.84686,seed99199.png
31.269663,16.849894,seed9920.png
29.307716,2.409095,seed99200.png
18.385845,25.697334,seed99201.png
26.907576,6.247098,seed99202.png
-24.983074,-5.529351,seed99203.png
-19.69317,-18.318766,seed99204.png
-32.379765,21.520664,seed99205.png
14.55225,-33.237354,seed99206.png
39.51956,16.050135,seed99207.png
28.025091,4.0150557,seed99208.png
34.586742,7.308191,seed99209.png
-13.560051,-21.87763,seed9921.png
20.356306,8.666534,seed99210.png
-17.82687,-26.752375,seed99211.png
20.484562,25.436665,seed99212.png
-33.737263,12.029523,seed99213.png
38.775894,18.332392,seed99214.png
1.3631626,23.320513,seed99215.png
4.527609,3.3542886,seed99216.png
37.133766,24.628456,seed99217.png
17.704786,-8.668642,seed99218.png
-14.304863,-0.6034585,seed99219.png
-22.034586,15.002085,seed9922.png
23.370962,13.707424,seed99220.png
14.806758,-33.124672,seed99221.png
22.135468,21.110506,seed99222.png
-24.412006,11.530335,seed99223.png
33.242092,19.588175,seed99224.png
14.7622795,-32.303463,seed99225.png
15.370705,21.67418,seed99226.png
36.39634,5.893301,seed99227.png
7.382363,-32.017258,seed99228.png
-31.98831,18.311136,seed99229.png
-2.6218107,23.778435,seed9923.png
31.547747,28.832298,seed99230.png
-32.63353,9.401812,seed99231.png
-29.076483,-7.9936075,seed99232.png
21.148355,24.151197,seed99233.png
6.6906085,4.2224565,seed99234.png
-22.082106,-26.932123,seed99235.png
31.662207,20.728682,seed99236.png
-26.602242,12.624205,seed99237.png
-22.414341,-6.5912757,seed99238.png
-22.793085,-12.934364,seed99239.png
10.368097,18.915577,seed9924.png
-31.79525,13.331138,seed99240.png
-32.91074,20.208643,seed99241.png
-18.369568,-10.198543,seed99242.png
0.91766196,11.325209,seed99243.png
6.05692,-26.31726,seed99244.png
-16.388674,-2.5444374,seed99245.png
20.40419,24.135422,seed99246.png
36.037025,8.400703,seed99247.png
-17.385008,1.1293203,seed99248.png
19.052073,-4.8271694,seed99249.png
37.528725,20.238325,seed9925.png
-10.205268,-2.5131903,seed99250.png
12.647245,1.0555692,seed99251.png
-17.403547,-15.155595,seed99252.png
31.10962,23.620302,seed99253.png
-21.731892,11.796125,seed99254.png
-16.634077,-20.639946,seed99255.png
9.877519,-40.82031,seed99256.png
-22.888968,-22.971478,seed99257.png
-27.571146,14.196441,seed99258.png
-18.997097,-20.834658,seed99259.png
41.109795,18.093212,seed9926.png
-3.7033603,23.313654,seed99260.png
8.629075,0.8878123,seed99261.png
30.565805,16.613829,seed99262.png
-21.10333,11.870416,seed99263.png
-20.27543,-29.303888,seed99264.png
-2.6039681,-16.702873,seed99265.png
-6.529623,-20.56812,seed99266.png
-11.507381,-9.233035,seed99267.png
-18.99379,-15.730039,seed99268.png
-27.902975,11.351161,seed99269.png
-15.009583,1.4086143,seed9927.png
-23.18622,2.3256648,seed99270.png
-14.427165,-21.025303,seed99271.png
-13.455257,-28.937403,seed99272.png
-10.571545,-16.634457,seed99273.png
6.1612372,-30.372103,seed99274.png
-26.15444,-5.0834417,seed99275.png
-22.56045,-28.704512,seed99276.png
32.95973,8.214662,seed99277.png
-27.688501,8.499691,seed99278.png
8.030576,3.180236,seed99279.png
-22.147835,17.315649,seed9928.png
27.005594,18.688194,seed99280.png
-16.953608,-9.691788,seed99281.png
-18.189531,-20.147102,seed99282.png
18.2865,-2.6378603,seed99283.png
39.166233,18.39083,seed99284.png
0.27867472,-18.82424,seed99285.png
9.966639,-11.464568,seed99286.png
-26.095125,15.944486,seed99287.png
-12.629817,-25.305092,seed99288.png
-32.327778,23.671854,seed99289.png
25.266392,2.2042806,seed9929.png
30.840485,17.476913,seed99290.png
31.879135,9.85764,seed99291.png
0.4431113,1.9781041,seed99292.png
-21.91261,-16.728544,seed99293.png
27.33987,13.253008,seed99294.png
22.69955,24.856752,seed99295.png
4.6921225,-31.575594,seed99296.png
8.742014,-8.658052,seed99297.png
9.603516,17.461992,seed99298.png
22.552265,9.378171,seed99299.png
15.075187,3.3243592,seed9930.png
10.442145,-1.1031293,seed99300.png
-9.844711,-20.482101,seed99301.png
-26.91782,-11.875772,seed99302.png
37.47962,21.23799,seed99303.png
25.299654,6.0784407,seed99304.png
-32.494045,4.26898,seed99305.png
15.053471,-38.752033,seed99306.png
3.6742146,-27.660524,seed99307.png
-17.492828,-17.508137,seed99308.png
2.5635772,-14.220967,seed99309.png
13.33419,20.405378,seed9931.png
3.0842173,2.8926194,seed99310.png
-20.676296,-28.020746,seed99311.png
12.367796,2.0360208,seed99312.png
-18.137846,-14.075384,seed99313.png
33.962456,5.773297,seed99314.png
-2.7073777,12.198524,seed99315.png
8.814649,17.591448,seed99316.png
-16.624384,-24.615267,seed99317.png
30.317577,25.616709,seed99318.png
18.10087,17.193417,seed99319.png
4.428235,-38.61809,seed9932.png
-9.90249,-0.8810548,seed99320.png
37.081158,9.190581,seed99321.png
-7.037724,10.948092,seed99322.png
31.78692,13.891405,seed99323.png
16.778873,22.351662,seed99324.png
-19.150843,0.021856187,seed99325.png
-19.263859,-7.099066,seed99326.png
-26.3391,-19.27815,seed99327.png
17.683496,15.999314,seed99328.png
12.824658,0.94857895,seed99329.png
-23.695168,-11.338706,seed9933.png
-20.759136,-8.301638,seed99330.png
14.848697,15.047426,seed99331.png
25.835342,17.756523,seed99332.png
23.523516,8.717942,seed99333.png
37.54124,18.281843,seed99334.png
1.6729877,22.30983,seed99335.png
8.578686,24.557936,seed99336.png
-1.4746814,10.672305,seed99337.png
-28.167866,-9.311993,seed99338.png
-17.352898,-29.731947,seed99339.png
18.21707,23.096197,seed9934.png
-10.377522,-9.472679,seed99340.png
-7.805592,-1.3988924,seed99341.png
-20.804346,17.33439,seed99342.png
-21.952694,-14.240609,seed99343.png
34.239838,10.680455,seed99344.png
4.8268013,13.457789,seed99345.png
-32.40047,24.518234,seed99346.png
-24.276545,12.388838,seed99347.png
18.537949,10.917273,seed99348.png
-33.656452,9.533816,seed99349.png
-17.912428,-15.366653,seed9935.png
-21.286947,-0.26119328,seed99350.png
-23.10016,-6.9384665,seed99351.png
-21.052002,-19.784063,seed99352.png
-16.745453,-28.069506,seed99353.png
-27.586054,-15.208989,seed99354.png
18.194744,-1.7984445,seed99355.png
-29.169495,14.705794,seed99356.png
33.634537,13.306551,seed99357.png
29.049223,29.032236,seed99358.png
-33.61649,0.9437675,seed99359.png
-25.106304,16.224098,seed9936.png
39.510124,13.414919,seed99360.png
-28.274132,-5.9341297,seed99361.png
28.527342,-3.41314,seed99362.png
23.96282,21.145666,seed99363.png
8.991939,-29.54061,seed99364.png
10.792346,19.85876,seed99365.png
10.497311,-4.2380295,seed99366.png
-11.761075,-15.756652,seed99367.png
12.088556,-31.769665,seed99368.png
-13.950791,-24.83296,seed99369.png
-24.633276,-18.353148,seed9937.png
-27.049778,-3.1160836,seed99370.png
-13.969124,-14.972162,seed99371.png
-30.510859,7.208366,seed99372.png
-3.4758873,-21.952831,seed99373.png
-2.0227249,-11.890371,seed99374.png
3.2926612,5.372733,seed99375.png
38.609535,5.948378,seed99376.png
-33.832436,12.52797,seed99377.png
-31.809978,18.419876,seed99378.png
-13.591859,-16.473978,seed99379.png
35.91109,16.072512,seed9938.png
39.960236,18.128942,seed99380.png
13.732613,1.8841676,seed99381.png
24.002068,23.658493,seed99382.png
-39.868748,11.931196,seed99383.png
34.28872,6.548412,seed99384.png
-26.785934,17.908047,seed99385.png
-4.601414,-15.8284235,seed99386.png
1.5518781,7.481643,seed99387.png
-13.458527,1.5970722,seed99388.png
-26.326351,-20.302095,seed99389.png
7.643697,6.631309,seed9939.png
-19.489843,18.221674,seed99390.png
16.33726,-5.1069674,seed99391.png
27.348295,0.9867753,seed99392.png
-10.029951,-20.314592,seed99393.png
-16.547823,-29.910482,seed99394.png
-27.459003,14.19731,seed99395.png
-22.169296,19.27799,seed99396.png
-26.779835,-3.8494875,seed99397.png
-17.09022,-30.468468,seed99398.png
5.1844263,14.585436,seed99399.png
16.332722,22.157572,seed9940.png
14.852558,-36.15168,seed99400.png
-17.373201,-19.896154,seed99401.png
-6.1774635,13.280388,seed99402.png
9.429259,23.430027,seed99403.png
0.51144296,10.966915,seed99404.png
7.997962,-42.156773,seed99405.png
15.5650625,0.72381467,seed99406.png
-30.098372,-5.609393,seed99407.png
13.036052,25.449993,seed99408.png
12.613444,-32.57389,seed99409.png
35.56468,20.248312,seed9941.png
15.472766,-39.57423,seed99410.png
-1.4974309,20.001278,seed99411.png
-21.68313,-0.51748866,seed99412.png
-0.90387756,-10.967345,seed99413.png
-15.068745,2.2516582,seed99414.png
-21.850128,-3.6844447,seed99415.png
24.268589,24.127218,seed99416.png
-7.935568,12.867653,seed99417.png
-22.12231,-16.365541,seed99418.png
21.058779,15.349516,seed99419.png
6.205837,3.4894254,seed9942.png
-8.376036,-11.47066,seed99420.png
-11.041718,-12.546123,seed99421.png
-17.53987,-6.9729958,seed99422.png
-12.743266,-4.9113684,seed99423.png
18.701174,20.777094,seed99424.png
7.5109153,7.632668,seed99425.png
13.037709,-11.22639,seed99426.png
36.59,24.061676,seed99427.png
-20.810244,8.000299,seed99428.png
33.439327,13.431657,seed99429.png
-21.63697,-15.310827,seed9943.png
-31.354164,20.249819,seed99430.png
-3.4528005,-12.4477,seed99431.png
-1.7930471,11.561655,seed99432.png
-12.539976,-24.682991,seed99433.png
-37.50063,17.148058,seed99434.png
-12.151378,12.10833,seed99435.png
-33.371845,-5.8725753,seed99436.png
-21.149157,-30.979414,seed99437.png
-12.22534,-27.214096,seed99438.png
-7.573053,-24.782915,seed99439.png
9.350756,1.516608,seed9944.png
-14.905649,-12.050853,seed99440.png
28.536701,25.04976,seed99441.png
12.681381,-37.430172,seed99442.png
9.210771,-36.75963,seed99443.png
-15.885673,-1.0616628,seed99444.png
13.709666,13.066313,seed99445.png
-27.435572,-12.350484,seed99446.png
31.831972,15.605573,seed99447.png
10.233077,9.660715,seed99448.png
-18.975687,-30.524458,seed99449.png
-3.9567394,17.352621,seed9945.png
36.317757,25.03675,seed99450.png
-30.276278,18.325994,seed99451.png
14.285474,-31.793203,seed99452.png
12.734149,26.717964,seed99453.png
-16.348675,-13.436379,seed99454.png
21.05146,2.7951596,seed99455.png
18.00114,-0.5011159,seed99456.png
-19.06097,5.5223503,seed99457.png
15.556204,10.3652725,seed99458.png
15.715453,-34.617367,seed99459.png
-33.76749,11.186376,seed9946.png
6.7210045,-31.987568,seed99460.png
-24.883102,-14.256237,seed99461.png
14.55537,-36.473602,seed99462.png
25.885645,2.4429429,seed99463.png
14.018787,3.4321713,seed99464.png
-11.921057,-15.554347,seed99465.png
-28.475462,-8.56654,seed99466.png
7.335751,24.862577,seed99467.png
7.0438104,-3.0112817,seed99468.png
-12.741595,-21.97839,seed99469.png
-16.090044,-25.795404,seed9947.png
20.67276,10.598946,seed99470.png
7.5800867,-8.294622,seed99471.png
-32.77049,10.295459,seed99472.png
0.9405802,3.1808772,seed99473.png
17.74575,5.8602705,seed99474.png
16.05026,0.6736335,seed99475.png
20.603561,5.0834417,seed99476.png
14.171429,-4.348958,seed99477.png
-17.910915,-20.999468,seed99478.png
9.645769,-40.78473,seed99479.png
-31.38839,15.782311,seed9948.png
5.741562,-30.939077,seed99480.png
4.44527,-28.427,seed99481.png
-30.362448,14.472843,seed99482.png
-13.836526,-26.14934,seed99483.png
-33.845448,-9.8609915,seed99484.png
-2.8228729,-27.433071,seed99485.png
10.492474,-3.5555708,seed99486.png
-19.006405,-4.018514,seed99487.png
16.227364,25.4689,seed99488.png
-26.517935,5.618928,seed99489.png
14.83337,-39.396156,seed9949.png
4.1146426,-8.434993,seed99490.png
24.00984,3.4798815,seed99491.png
-31.719828,26.774069,seed99492.png
8.491264,-29.57947,seed99493.png
1.1437546,24.888765,seed99494.png
9.454016,5.600504,seed99495.png
12.373285,-43.066326,seed99496.png
-8.603134,-25.98529,seed99497.png
14.608668,20.03258,seed99498.png
6.874528,-3.5310817,seed99499.png
4.802846,9.759033,seed9950.png
-20.644411,-20.596495,seed99500.png
28.153196,15.615623,seed99501.png
1.3894427,20.221413,seed99502.png
26.711359,23.247692,seed99503.png
26.102392,-4.85348,seed99504.png
26.487148,14.635319,seed99505.png
-16.820217,-31.884699,seed99506.png
24.837461,18.633661,seed99507.png
37.269444,10.73217,seed99508.png
-26.93027,5.360582,seed99509.png
-27.609226,12.846612,seed9951.png
-16.90201,-9.277025,seed99510.png
28.499142,8.792108,seed99511.png
7.1728826,-33.989105,seed99512.png
-19.442593,-20.320143,seed99513.png
5.811528,-31.560198,seed99514.png
28.73509,9.847541,seed99515.png
-12.007023,-17.542875,seed99516.png
8.489658,21.978533,seed99517.png
-22.373587,-22.32517,seed99518.png
-12.139564,-26.643066,seed99519.png
19.446272,3.2913465,seed9952.png
-20.656044,-19.76077,seed99520.png
-29.409409,-8.614006,seed99521.png
35.77371,22.142666,seed99522.png
-22.990763,15.04767,seed99523.png
-25.102625,-4.9352655,seed99524.png
3.2146266,5.8877525,seed99525.png
35.25928,22.323418,seed99526.png
-18.133032,-31.737888,seed99527.png
4.9271126,15.275927,seed99528.png
16.061846,22.947432,seed99529.png
9.36995,-37.15341,seed9953.png
-5.885691,-20.257954,seed99530.png
8.932472,-30.951654,seed99531.png
-13.7214775,-16.640823,seed99532.png
12.298448,16.737623,seed99533.png
-9.817853,10.7291,seed99534.png
-22.628414,-13.221055,seed99535.png
-1.5660883,-18.570396,seed99536.png
16.401817,-31.183844,seed99537.png
3.4834116,-11.433433,seed99538.png
10.700929,-35.395824,seed99539.png
-35.81457,14.712208,seed9954.png
-31.484406,12.424099,seed99540.png
8.027613,25.521938,seed99541.png
34.840443,8.62559,seed99542.png
30.9875,11.563879,seed99543.png
13.851886,-32.486595,seed99544.png
17.683887,12.436427,seed99545.png
18.001905,26.67402,seed99546.png
9.853723,27.296022,seed99547.png
18.005491,10.853354,seed99548.png
13.93638,-30.132488,seed99549.png
1.0000376,-0.7800494,seed9955.png
31.234303,29.3709,seed99550.png
6.863951,-33.01466,seed99551.png
-32.963547,19.50008,seed99552.png
36.63958,10.794818,seed99553.png
31.457441,27.105156,seed99554.png
-0.3599929,-12.298779,seed99555.png
26.788378,-1.9555156,seed99556.png
-25.459406,5.4693193,seed99557.png
6.7765193,20.122086,seed99558.png
-20.248655,9.72526,seed99559.png
17.108286,15.659459,seed9956.png
-22.726292,3.580835,seed99560.png
-26.240084,-7.8627996,seed99561.png
-35.24941,16.248716,seed99562.png
36.71661,11.615577,seed99563.png
-34.881943,8.764883,seed99564.png
33.049522,26.772057,seed99565.png
-30.147306,5.788583,seed99566.png
6.4776683,-9.293618,seed99567.png
15.121239,11.298498,seed99568.png
23.518972,20.471184,seed99569.png
-20.325306,13.874753,seed9957.png
9.443548,-26.395124,seed99570.png
8.397543,-27.580328,seed99571.png
24.630045,21.073606,seed99572.png
-25.922453,9.330405,seed99573.png
-19.489222,-13.805619,seed99574.png
-31.936941,-7.921404,seed99575.png
-16.33412,-17.592367,seed99576.png
39.062656,23.788025,seed99577.png
30.614273,15.89825,seed99578.png
-28.739075,-10.622674,seed99579.png
-32.413673,23.856842,seed9958.png
12.137711,-43.10181,seed99580.png
-17.998404,5.968775,seed99581.png
14.520191,-31.491596,seed99582.png
30.496332,20.286179,seed99583.png
-34.77462,10.034693,seed99584.png
2.191261,-28.81424,seed99585.png
-13.223007,-22.527582,seed99586.png
-27.73538,13.305991,seed99587.png
-15.462624,-25.90837,seed99588.png
-22.0008,-2.8488336,seed99589.png
8.051619,-37.228733,seed9959.png
12.191647,-35.547375,seed99590.png
16.602232,-34.09607,seed99591.png
-19.708273,13.5002775,seed99592.png
38.61653,17.12398,seed99593.png
-17.788225,-29.839588,seed99594.png
19.203764,-4.1082616,seed99595.png
20.270529,15.980947,seed99596.png
9.98095,2.4886274,seed99597.png
-24.666416,5.2831736,seed99598.png
28.60914,11.192831,seed99599.png
28.637163,5.199607,seed9960.png
24.314783,17.627714,seed99600.png
9.834748,-33.183514,seed99601.png
-11.742704,-19.270592,seed99602.png
5.726722,21.35519,seed99603.png
1.09387,1.4880924,seed99604.png
-15.275891,-28.892422,seed99605.png
12.978038,-39.92755,seed99606.png
-32.199356,8.09332,seed99607.png
-17.90355,3.458962,seed99608.png
12.686483,-4.7480373,seed99609.png
7.7002316,12.568626,seed9961.png
-32.029476,25.337166,seed99610.png
9.901429,20.690172,seed99611.png
-32.129898,17.690716,seed99612.png
2.920513,-34.20019,seed99613.png
4.959752,-34.134747,seed99614.png
-9.945192,3.503915,seed99615.png
-12.35218,-1.9687574,seed99616.png
-31.256573,3.1519153,seed99617.png
-19.940382,3.093358,seed99618.png
15.250686,-34.550976,seed99619.png
-33.647152,14.676845,seed9962.png
-24.074205,3.7521904,seed99620.png
-35.466324,18.64075,seed99621.png
10.18683,8.804106,seed99622.png
-22.776793,14.337208,seed99623.png
-30.221432,-12.818188,seed99624.png
9.055066,11.473908,seed99625.png
-31.983051,3.0983343,seed99626.png
-17.475094,-8.332022,seed99627.png
-14.045615,-6.4877906,seed99628.png
9.839197,20.020323,seed99629.png
-22.545458,-27.28037,seed9963.png
7.84591,-2.7889545,seed99630.png
-14.613342,2.7385252,seed99631.png
28.208447,25.503094,seed99632.png
-10.160912,-10.173219,seed99633.png
9.141551,-26.37119,seed99634.png
-0.40715486,-24.99679,seed99635.png
-27.87059,-6.950474,seed99636.png
-13.697546,-5.017835,seed99637.png
-33.24394,10.970231,seed99638.png
17.784979,5.31835,seed99639.png
-7.164512,11.2331,seed9964.png
40.031513,12.998053,seed99640.png
16.880386,6.621396,seed99641.png
-19.220383,0.79447603,seed99642.png
-38.90728,1.3123155,seed99643.png
-30.650352,17.972157,seed99644.png
-7.918996,-28.676144,seed99645.png
-25.575216,-8.732344,seed99646.png
16.293457,-6.1395736,seed99647.png
-23.150072,-27.572035,seed99648.png
21.479788,12.960166,seed99649.png
-11.568665,7.8475604,seed9965.png
-19.360485,-14.6704445,seed99650.png
36.91136,20.465448,seed99651.png
-21.086292,8.740412,seed99652.png
6.5993137,0.017943084,seed99653.png
-16.074749,-4.875665,seed99654.png
-25.408363,-10.452954,seed99655.png
15.766852,-7.0736666,seed99656.png
32.40526,25.336622,seed99657.png
-19.080778,-10.672703,seed99658.png
-18.368393,-15.710828,seed99659.png
7.652766,-1.4433712,seed9966.png
19.13081,25.130608,seed99660.png
0.501519,10.403329,seed99661.png
10.93704,-20.95596,seed99662.png
7.8879027,-0.88963133,seed99663.png
24.685892,17.900806,seed99664.png
14.220897,24.333456,seed99665.png
-13.567641,-25.16333,seed99666.png
8.399695,-37.27167,seed99667.png
-36.7646,-3.273214,seed99668.png
-20.16645,-8.963928,seed99669.png
-1.5135366,11.826252,seed9967.png
9.843696,4.152963,seed99670.png
3.133792,-12.723692,seed99671.png
-22.55244,9.06987,seed99672.png
-11.922267,-30.314146,seed99673.png
-19.6045,12.84207,seed99674.png
-12.600183,-28.503962,seed99675.png
6.5544605,-6.0175047,seed99676.png
3.9464552,-30.424202,seed99677.png
36.470505,15.022909,seed99678.png
21.582949,-2.0787776,seed99679.png
3.240044,19.019146,seed9968.png
-35.417557,6.0185976,seed99680.png
-21.040644,-10.986299,seed99681.png
-4.712072,-2.9236293,seed99682.png
36.714657,12.763065,seed99683.png
-0.81093574,-17.080008,seed99684.png
23.321667,11.190907,seed99685.png
-11.352847,-21.84327,seed99686.png
0.24189736,-6.4993906,seed99687.png
-33.693428,-9.866522,seed99688.png
-10.781172,-24.59546,seed99689.png
-13.924081,2.294685,seed9969.png
-34.989136,9.207907,seed99690.png
-15.234099,7.1247377,seed99691.png
24.554508,17.799034,seed99692.png
-29.02378,15.559464,seed99693.png
20.619816,21.045769,seed99694.png
-8.723017,-24.330647,seed99695.png
-1.6287378,24.361362,seed99696.png
-20.811255,-23.52708,seed99697.png
8.054668,10.499737,seed99698.png
-13.3223715,-2.6409812,seed99699.png
-17.948627,-20.30506,seed9970.png
31.259033,4.7380686,seed99700.png
-3.3845196,-17.059008,seed99701.png
12.584876,22.16194,seed99702.png
34.18581,18.340471,seed99703.png
-21.71051,-29.638493,seed99704.png
-27.92781,0.6179417,seed99705.png
11.073118,6.2905893,seed99706.png
-25.573862,-14.515002,seed99707.png
-19.930351,-16.939907,seed99708.png
3.87714,-3.769551,seed99709.png
-33.280075,19.27356,seed9971.png
-13.500002,7.1175847,seed99710.png
32.25257,5.157542,seed99711.png
-2.203853,-17.509735,seed99712.png
-34.66512,3.5136015,seed99713.png
-12.696637,4.5240245,seed99714.png
21.903244,26.155882,seed99715.png
8.439601,2.5997307,seed99716.png
16.918802,23.47611,seed99717.png
-23.511864,13.626493,seed99718.png
-11.211175,-7.641715,seed99719.png
14.338527,-28.657701,seed9972.png
-31.991879,15.900026,seed99720.png
30.86749,1.965878,seed99721.png
14.952964,-36.311596,seed99722.png
25.323421,22.853455,seed99723.png
3.3252568,-29.035517,seed99724.png
-5.850749,-5.0268025,seed99725.png
32.16397,8.670609,seed99726.png
11.798401,13.373917,seed99727.png
-4.821058,-17.760933,seed99728.png
-18.300947,3.5969555,seed99729.png
-21.605558,-1.4597844,seed9973.png
21.850016,-7.366674,seed99730.png
23.035313,4.6845636,seed99731.png
-16.89408,-32.75567,seed99732.png
-24.385368,-3.6935263,seed99733.png
9.546423,-31.049425,seed99734.png
8.281624,-35.877995,seed99735.png
38.478523,19.968271,seed99736.png
-15.128,5.03165,seed99737.png
-19.148022,-10.997592,seed99738.png
19.85536,-2.1662817,seed99739.png
-19.67867,9.219863,seed9974.png
-13.60148,-9.853612,seed99740.png
-11.497164,-17.413582,seed99741.png
-9.159285,-20.476511,seed99742.png
-25.463806,-10.453748,seed99743.png
6.900576,-6.954039,seed99744.png
-9.133064,-4.8063393,seed99745.png
10.614949,5.2157583,seed99746.png
18.675112,-6.8544226,seed99747.png
-38.587605,18.866913,seed99748.png
-24.016586,0.6903368,seed99749.png
-2.7612433,-10.922259,seed9975.png
2.7969074,21.946886,seed99750.png
34.83915,12.471809,seed99751.png
32.727474,15.973914,seed99752.png
-6.871153,-27.035381,seed99753.png
-18.045105,-16.532993,seed99754.png
0.5286419,23.46111,seed99755.png
14.94045,-34.520287,seed99756.png
2.3430004,23.287394,seed99757.png
-33.16248,11.82575,seed99758.png
-14.043044,-29.32609,seed99759.png
-34.916763,22.834513,seed9976.png
17.076742,-2.3846726,seed99760.png
13.008624,9.332068,seed99761.png
21.558556,12.321926,seed99762.png
-22.612076,-24.891068,seed99763.png
-8.60919,-5.9887056,seed99764.png
11.884017,-32.581684,seed99765.png
-34.18995,9.243135,seed99766.png
15.800791,-33.519905,seed99767.png
-22.353596,5.0162544,seed99768.png
-18.844845,-10.100804,seed99769.png
41.161842,21.971472,seed9977.png
-32.113182,2.1855776,seed99770.png
24.09851,6.8107457,seed99771.png
10.189069,-32.849503,seed99772.png
36.86205,23.657887,seed99773.png
16.264206,-4.051538,seed99774.png
18.657341,14.723666,seed99775.png
33.805244,6.9277415,seed99776.png
20.739887,18.683294,seed99777.png
-0.5077685,-17.363634,seed99778.png
10.739226,-22.065609,seed99779.png
14.296635,27.138226,seed9978.png
30.544888,21.025362,seed99780.png
-15.101568,-28.230944,seed99781.png
-4.924631,-3.9428556,seed99782.png
-20.388483,11.968983,seed99783.png
-17.69456,-11.626043,seed99784.png
-21.367851,8.391634,seed99785.png
25.927141,14.935544,seed99786.png
-15.404472,-25.662022,seed99787.png
29.998722,11.992593,seed99788.png
36.736736,10.727598,seed99789.png
1.7702571,-2.1519496,seed9979.png
21.040686,2.4714735,seed99790.png
-8.839831,-17.565578,seed99791.png
14.1914625,-32.05524,seed99792.png
-9.527087,0.42055565,seed99793.png
-12.270623,-7.6217766,seed99794.png
22.623354,-6.5085826,seed99795.png
24.634857,10.101617,seed99796.png
-23.912315,17.134796,seed99797.png
20.45037,22.700026,seed99798.png
-28.583044,18.18628,seed99799.png
-15.838154,-20.25076,seed9980.png
7.0677114,10.668446,seed99800.png
-1.2334671,-3.7419753,seed99801.png
21.112713,23.812231,seed99802.png
30.53027,5.1809406,seed99803.png
14.554193,27.150846,seed99804.png
9.802497,-30.96705,seed99805.png
14.791188,-1.4670764,seed99806.png
-12.729817,-7.6048107,seed99807.png
0.19782567,-15.936211,seed99808.png
-26.794544,-15.955687,seed99809.png
-17.849644,-7.0197196,seed9981.png
-22.379547,1.4341732,seed99810.png
3.9727955,2.4395437,seed99811.png
-21.543507,-10.471723,seed99812.png
38.94249,24.683613,seed99813.png
-15.546577,-3.5719132,seed99814.png
0.5002331,-32.447186,seed99815.png
6.210115,19.854408,seed99816.png
-16.625208,-0.68682784,seed99817.png
32.03034,20.906029,seed99818.png
-33.769943,21.924896,seed99819.png
-11.679455,-23.795525,seed9982.png
-5.0117617,-23.973988,seed99820.png
-8.639391,10.735912,seed99821.png
-34.066174,25.362783,seed99822.png
30.882877,25.961891,seed99823.png
-18.654915,8.7958,seed99824.png
22.689306,19.155458,seed99825.png
15.245898,-35.71856,seed99826.png
-8.638761,-8.495816,seed99827.png
24.22957,10.578932,seed99828.png
37.10462,15.0154705,seed99829.png
-7.2549343,-6.8296175,seed9983.png
-29.053905,-6.1943703,seed99830.png
7.7573385,-27.960152,seed99831.png
7.3113503,25.071102,seed99832.png
5.1438775,11.563242,seed99833.png
-16.313417,-26.419485,seed99834.png
-20.371847,-11.283051,seed99835.png
6.800481,10.554015,seed99836.png
-6.4085665,-27.064,seed99837.png
18.965487,-6.6478686,seed99838.png
23.0771,11.929739,seed99839.png
-18.211493,-28.133013,seed9984.png
-4.401716,15.618811,seed99840.png
-32.32038,25.616173,seed99841.png
27.30019,10.053286,seed99842.png
30.917843,16.324902,seed99843.png
-33.360207,10.386042,seed99844.png
-28.96421,-3.7938557,seed99845.png
-17.435705,-10.374262,seed99846.png
9.16513,-8.960399,seed99847.png
-30.564266,-3.5806258,seed99848.png
-16.39857,-2.6154144,seed99849.png
12.624706,8.874181,seed9985.png
-27.388226,-15.640624,seed99850.png
-2.134317,0.6557084,seed99851.png
13.550905,30.32653,seed99852.png
-16.116716,-31.707731,seed99853.png
-3.1816914,10.9866295,seed99854.png
-18.474667,-0.25506315,seed99855.png
-21.165325,-26.18422,seed99856.png
30.929625,17.026098,seed99857.png
13.287495,-35.113808,seed99858.png
10.851644,-40.850746,seed99859.png
-2.6810467,12.298324,seed9986.png
-33.027016,22.931087,seed99860.png
13.939375,-35.18845,seed99861.png
-10.310832,-24.90936,seed99862.png
34.26804,8.992674,seed99863.png
3.8244574,-6.035627,seed99864.png
0.16706827,-12.898967,seed99865.png
-34.721474,27.973988,seed99866.png
-27.907938,-2.5269573,seed99867.png
-11.863717,-26.165413,seed99868.png
-25.81512,-20.386168,seed99869.png
-0.18664123,25.450134,seed9987.png
-26.130276,0.84512657,seed99870.png
30.3783,14.006227,seed99871.png
6.79195,-2.2014945,seed99872.png
15.317989,9.337705,seed99873.png
32.92315,12.853785,seed99874.png
16.917313,3.095725,seed99875.png
-28.43908,-10.999782,seed99876.png
-20.731524,-11.0727825,seed99877.png
22.789103,1.0270109,seed99878.png
-33.778187,21.451933,seed99879.png
-24.4077,-12.852746,seed9988.png
-13.110896,8.71781,seed99880.png
14.518854,-11.67749,seed99881.png
-28.565067,-13.577471,seed99882.png
-21.777918,5.434377,seed99883.png
26.602686,31.381,seed99884.png
21.542269,11.58504,seed99885.png
-15.915293,-22.50836,seed99886.png
20.121122,1.9080596,seed99887.png
-0.17655988,-10.401269,seed99888.png
-25.32115,5.204941,seed99889.png
-17.721144,-14.725618,seed9989.png
-14.139138,4.810222,seed99890.png
6.0903783,7.6447153,seed99891.png
-29.468334,11.484672,seed99892.png
20.831854,2.2924697,seed99893.png
-32.913837,21.866241,seed99894.png
-20.148926,-7.988008,seed99895.png
38.744884,17.12278,seed99896.png
-19.363708,-21.668318,seed99897.png
-19.9589,-16.092073,seed99898.png
-18.324772,8.939469,seed99899.png
26.157133,9.168793,seed9990.png
20.721113,-2.274449,seed99900.png
-32.478718,14.211774,seed99901.png
38.93477,16.7789,seed99902.png
8.770632,5.0612874,seed99903.png
-30.739569,4.5596023,seed99904.png
-32.002865,23.030544,seed99905.png
2.425583,-4.121163,seed99906.png
12.356057,18.885187,seed99907.png
24.50617,20.448847,seed99908.png
-24.636106,-17.693928,seed99909.png
10.608781,27.83316,seed9991.png
-21.411219,-20.26239,seed99910.png
9.46514,25.44888,seed99911.png
21.487999,20.307852,seed99912.png
-30.183708,1.9862809,seed99913.png
31.825417,10.204421,seed99914.png
4.943745,10.230957,seed99915.png
-18.63771,-4.144546,seed99916.png
-31.156483,25.169292,seed99917.png
-22.132711,-15.109796,seed99918.png
7.828284,12.063736,seed99919.png
-16.370722,-3.031757,seed9992.png
8.662606,-0.8527379,seed99920.png
31.480625,26.974373,seed99921.png
20.232388,-3.7857063,seed99922.png
-32.021034,12.337598,seed99923.png
-12.972216,-30.96272,seed99924.png
-24.102093,-18.154692,seed99925.png
-12.222641,-26.59987,seed99926.png
18.123865,-2.1116343,seed99927.png
13.671811,-23.223629,seed99928.png
9.8596325,-3.4919388,seed99929.png
17.122417,24.45981,seed9993.png
20.250448,5.8666205,seed99930.png
-7.5004067,-17.249582,seed99931.png
0.6616167,24.264822,seed99932.png
6.2594438,10.869695,seed99933.png
-24.37625,-1.6453453,seed99934.png
-25.763418,18.836824,seed99935.png
4.539412,9.284387,seed99936.png
-5.014762,18.963652,seed99937.png
13.156817,27.585957,seed99938.png
-17.521818,-31.375904,seed99939.png
33.858067,3.5260782,seed9994.png
18.951689,12.726851,seed99940.png
-14.404673,-30.44593,seed99941.png
-32.870678,22.980268,seed99942.png
-19.300594,-26.76544,seed99943.png
4.0314097,11.288131,seed99944.png
-27.772238,-5.228718,seed99945.png
7.658365,0.9947195,seed99946.png
-20.465,-16.711155,seed99947.png
-15.670613,0.5403141,seed99948.png
23.0348,14.159387,seed99949.png
7.900938,-28.75648,seed9995.png
2.140942,24.355127,seed99950.png
-29.133144,-2.1606817,seed99951.png
-18.684853,-20.412846,seed99952.png
-15.294119,-25.123459,seed99953.png
12.596641,26.67981,seed99954.png
-30.430452,22.572178,seed99955.png
-2.5965009,-5.1482925,seed99956.png
19.483637,17.707785,seed99957.png
-27.203203,16.044912,seed99958.png
4.149163,15.121124,seed99959.png
7.90326,8.529086,seed9996.png
-12.467282,-7.8386874,seed99960.png
7.8105993,-24.218767,seed99961.png
24.246132,13.540817,seed99962.png
-34.581024,26.859419,seed99963.png
-3.5746808,5.5902886,seed99964.png
17.24077,-0.96192753,seed99965.png
-9.5168705,-1.6944187,seed99966.png
-18.335318,-26.414135,seed99967.png
14.961689,-30.492414,seed99968.png
10.208053,3.0068772,seed99969.png
-27.420744,-13.7338505,seed9997.png
9.464128,-42.720722,seed99970.png
13.725578,-12.070235,seed99971.png
-35.435955,10.876858,seed99972.png
-22.257843,-19.407333,seed99973.png
-33.977837,-2.1201067,seed99974.png
-14.336641,-27.191345,seed99975.png
26.576674,22.380196,seed99976.png
9.565974,0.026237406,seed99977.png
22.74369,-4.7805905,seed99978.png
9.781158,29.247248,seed99979.png
-29.95901,13.592057,seed9998.png
4.643834,-6.398295,seed99980.png
14.584394,-13.114399,seed99981.png
12.479993,1.497354,seed99982.png
16.224306,23.207497,seed99983.png
-35.293606,16.212889,seed99984.png
18.929308,-4.7897887,seed99985.png
-21.425966,12.776769,seed99986.png
28.628708,10.365273,seed99987.png
-6.344749,-22.430609,seed99988.png
-23.657234,-16.587305,seed99989.png
-34.0092,20.283554,seed9999.png
27.837051,-1.8920128,seed99990.png
-10.320334,5.998175,seed99991.png
-38.13014,15.258715,seed99992.png
13.575334,-27.851961,seed99993.png
-26.054262,-9.635065,seed99994.png
-21.002218,-4.240045,seed99995.png
17.707212,10.521774,seed99996.png
-25.052095,-15.431437,seed99997.png
21.979187,21.57907,seed99998.png
17.893314,-3.1250749,seed99999.png
